3.178756833076477051e-01
1.689130663871765137e-01
0.000000000000000000e+00
5.868366956710815430e-01
3.637259006500244141e-01
0.000000000000000000e+00
2.254207246005535126e-02
0.000000000000000000e+00
1.177672147750854492e+00
2.056995391845703125e+00
0.000000000000000000e+00
8.875083923339843750e-02
4.001113772392272949e-02
0.000000000000000000e+00
5.288903117179870605e-01
1.055591702461242676e-01
0.000000000000000000e+00
1.501113921403884888e-01
4.085510671138763428e-01
2.833347618579864502e-01
4.227431491017341614e-02
8.337935805320739746e-02
1.911968886852264404e-01
6.921216100454330444e-02
2.212917357683181763e-01
4.952299967408180237e-02
1.994215650483965874e-03
1.605168916285037994e-02
2.268527075648307800e-02
6.041570901870727539e-01
3.960460424423217773e-02
5.159534811973571777e-01
4.764503985643386841e-02
5.464433431625366211e-01
4.463221132755279541e-02
6.304933875799179077e-02
2.204822599887847900e-01
1.702508777379989624e-01
4.649854265153408051e-03
1.846630871295928955e-01
1.038879379630088806e-01
1.086342215538024902e+00
3.854506835341453552e-02
1.446500658988952637e+00
2.494197897613048553e-02
3.718955814838409424e-01
2.874858677387237549e-01
1.619122624397277832e-01
2.231932282447814941e-01
6.612238883972167969e-01
6.102729588747024536e-03
9.583960473537445068e-02
1.876186393201351166e-02
0.000000000000000000e+00
4.025263190269470215e-01
7.730605453252792358e-02
4.384881630539894104e-02
5.410595238208770752e-02
0.000000000000000000e+00
1.847557544708251953e+00
1.465401172637939453e+00
1.269763708114624023e-01
7.260974496603012085e-02
0.000000000000000000e+00
4.071587562561035156e+00
1.157594084739685059e+00
8.310425281524658203e-01
6.340357065200805664e-01
2.891677245497703552e-02
1.078383531421422958e-02
9.602355957031250000e-02
1.032531380653381348e+00
5.722310766577720642e-02
5.009998679161071777e-01
0.000000000000000000e+00
2.277023077011108398e+00
3.096055984497070312e-01
0.000000000000000000e+00
1.285134315490722656e+00
1.643141877138987184e-05
7.793223857879638672e-01
5.999537929892539978e-02
8.999693091027438641e-05
5.443159490823745728e-02
8.454273939132690430e-01
6.303560733795166016e-02
1.174390092492103577e-01
1.481662038713693619e-03
3.719928208738565445e-03
0.000000000000000000e+00
3.255273401737213135e-01
0.000000000000000000e+00
3.400068357586860657e-02
2.402301877737045288e-03
4.114542528986930847e-02
2.122169360518455505e-02
5.225930809974670410e-01
4.359273612499237061e-01
2.830092012882232666e-01
7.775737047195434570e-01
9.552492201328277588e-02
7.625380754470825195e-01
5.074637889862060547e+00
6.928582675755023956e-03
1.765740849077701569e-02
3.885212168097496033e-02
1.909264922142028809e-01
5.066326633095741272e-02
0.000000000000000000e+00
2.191555500030517578e+00
7.593198865652084351e-02
4.261340573430061340e-02
7.735057473182678223e-01
4.852999687194824219e+00
1.014695644378662109e+00
1.895453035831451416e-02
2.011355161666870117e-01
4.080243036150932312e-02
1.123537868261337280e-02
1.055851727724075317e-01
1.111528873443603516e+00
8.230336904525756836e-01
2.058603048324584961e+00
0.000000000000000000e+00
1.408731579780578613e+00
5.276127159595489502e-02
5.608783289790153503e-02
0.000000000000000000e+00
4.574737325310707092e-02
3.695224598050117493e-02
4.665685119107365608e-04
4.014730751514434814e-01
3.967898488044738770e-01
3.170991539955139160e-01
2.839096784591674805e-01
6.289748102426528931e-02
4.076701104640960693e-01
2.569037377834320068e-01
2.689420223236083984e+00
4.478162527084350586e-01
1.029699444770812988e+00
1.128790713846683502e-02
1.807622611522674561e-02
5.659549683332443237e-02
0.000000000000000000e+00
1.002796515822410583e-01
4.722470641136169434e-01
2.052594721317291260e-01
6.152844429016113281e-01
1.835715770721435547e-01
5.338612478226423264e-03
1.913119405508041382e-01
1.080091074109077454e-01
1.477646827697753906e-01
8.845341205596923828e-02
0.000000000000000000e+00
2.875991165637969971e-01
1.175853610038757324e+00
2.054159939289093018e-01
4.080299735069274902e-01
3.656718134880065918e-01
0.000000000000000000e+00
4.835777580738067627e-01
0.000000000000000000e+00
5.545895695686340332e-01
1.468152046203613281e+00
1.173604875802993774e-01
0.000000000000000000e+00
7.218778729438781738e-01
3.424907684326171875e+00
3.198004886507987976e-02
4.820295423269271851e-02
5.002560019493103027e-01
7.115246653556823730e-01
1.005987897515296936e-01
3.105371296405792236e-01
0.000000000000000000e+00
9.084071218967437744e-02
9.661677479743957520e-02
5.396515727043151855e-01
1.809882968664169312e-01
1.147684678435325623e-01
0.000000000000000000e+00
3.677084743976593018e-01
7.132695913314819336e-01
2.597358226776123047e-01
1.877056717872619629e+00
7.710042595863342285e-01
8.730882406234741211e-02
1.390414386987686157e-01
4.623731132596731186e-03
7.264743745326995850e-02
4.333585500717163086e-01
4.920007288455963135e-01
0.000000000000000000e+00
1.587683707475662231e-01
1.736312545835971832e-02
4.354958608746528625e-02
3.389989137649536133e-01
5.170996785163879395e-01
7.104920595884323120e-02
5.279291421175003052e-02
0.000000000000000000e+00
1.223573312163352966e-01
7.945037633180618286e-02
2.330222576856613159e-01
2.958044409751892090e-01
2.056137621402740479e-01
0.000000000000000000e+00
1.232604458928108215e-01
5.997831001877784729e-03
0.000000000000000000e+00
0.000000000000000000e+00
0.000000000000000000e+00
0.000000000000000000e+00
4.826474189758300781e-01
7.654782384634017944e-02
1.159452915191650391e+00
1.103794500231742859e-01
7.760196179151535034e-02
2.160547971725463867e-01
2.905731499195098877e-01
1.619039922952651978e-01
0.000000000000000000e+00
1.731344759464263916e-01
4.721893463283777237e-03
2.995632588863372803e-02
2.680443227291107178e-01
5.791400074958801270e-01
0.000000000000000000e+00
1.691882684826850891e-02
1.218011304736137390e-01
3.680955469608306885e-01
5.123587697744369507e-02
4.127268493175506592e-01
2.546362020075321198e-02
9.322835132479667664e-03
1.551360934972763062e-01
8.717790246009826660e-03
0.000000000000000000e+00
1.378216315060853958e-02
7.044492289423942566e-03
7.388472557067871094e-01
1.872728943824768066e+00
5.246941372752189636e-02
2.962123751640319824e-01
7.511848211288452148e-02
1.121852174401283264e-01
9.819538891315460205e-02
7.775145769119262695e-02
1.451058834791183472e-01
6.128396838903427124e-02
2.044036686420440674e-01
2.133092880249023438e-01
1.080312058329582214e-01
3.814468160271644592e-02
2.544023692607879639e-01
1.433056872338056564e-02
6.090247537940740585e-03
8.221556246280670166e-02
3.685133159160614014e-01
2.215857654809951782e-01
5.437517166137695312e-01
3.227792382240295410e-01
7.175266742706298828e-01
5.218780636787414551e-01
5.306446179747581482e-02
1.242228150367736816e+00
2.658716216683387756e-02
4.291630685329437256e-01
9.236357361078262329e-02
1.451936960220336914e+00
2.393331974744796753e-01
1.162230893969535828e-01
2.973505854606628418e-01
2.693337917327880859e+00
6.078989710658788681e-03
1.743400990962982178e-01
9.463244676589965820e-01
7.210425287485122681e-02
1.332355756312608719e-02
2.082538604736328125e-02
7.204770296812057495e-02
1.657948642969131470e-02
0.000000000000000000e+00
1.201241135597229004e+00
3.303499817848205566e-01
7.570002079010009766e-01
3.253377676010131836e-01
2.762877009809017181e-02
1.685114502906799316e-01
1.537204384803771973e+00
3.359867930412292480e-01
2.034840434789657593e-01
2.028749883174896240e-02
1.546904742717742920e-01
2.575555630028247833e-02
0.000000000000000000e+00
8.549503237009048462e-02
2.947255596518516541e-02
1.054733991622924805e-02
3.052846342325210571e-02
1.649748161435127258e-02
5.599607229232788086e-01
4.758836701512336731e-02
2.913506627082824707e-01
2.604734599590301514e-01
1.514076441526412964e-01
6.239747628569602966e-02
0.000000000000000000e+00
2.005396038293838501e-02
1.330845355987548828e-01
2.145212292671203613e-01
2.293155789375305176e-01
0.000000000000000000e+00
1.551917102187871933e-02
1.763665199279785156e+00
3.852031528949737549e-01
0.000000000000000000e+00
8.267945051193237305e-02
7.196625322103500366e-02
4.337050020694732666e-02
1.248971223831176758e-01
2.389279752969741821e-02
1.270591020584106445e-01
1.215066015720367432e-01
2.809192053973674774e-02
1.857136003673076630e-02
8.285051584243774414e-02
3.920316398143768311e-01
1.317215710878372192e-01
2.183186769485473633e+00
8.116891235113143921e-02
7.179232835769653320e-01
2.431704998016357422e+00
4.729643464088439941e-02
0.000000000000000000e+00
2.260075360536575317e-01
2.144698947668075562e-01
1.856311857700347900e-01
2.437659054994583130e-01
1.457883417606353760e-01
2.026017606258392334e-01
8.229215443134307861e-02
7.905641570687294006e-03
1.769943684339523315e-01
0.000000000000000000e+00
2.696152925491333008e-01
3.936706185340881348e-01
3.650794625282287598e-01
8.566623181104660034e-02
2.216181904077529907e-02
2.850726842880249023e-01
7.524894922971725464e-02
1.141346246004104614e-01
0.000000000000000000e+00
3.521770983934402466e-02
0.000000000000000000e+00
2.517658710479736328e+00
1.600686907768249512e-01
1.352516817860305309e-03
1.762523651123046875e-01
0.000000000000000000e+00
0.000000000000000000e+00
0.000000000000000000e+00
6.476394832134246826e-02
7.076289653778076172e-01
2.639979822561144829e-03
0.000000000000000000e+00
6.900846362113952637e-01
2.948197536170482635e-02
1.874540746212005615e-01
3.233437985181808472e-02
4.359160363674163818e-01
7.143939137458801270e-01
1.608442515134811401e-02
0.000000000000000000e+00
1.997207663953304291e-02
2.026828765869140625e+00
1.702018529176712036e-01
1.786663234233856201e-01
8.435369133949279785e-01
2.271769791841506958e-01
4.657866060733795166e-02
2.277729213237762451e-01
1.535203903913497925e-01
0.000000000000000000e+00
0.000000000000000000e+00
5.566277727484703064e-02
2.044594287872314453e-01
1.922927610576152802e-02
3.138087317347526550e-02
3.410279517993330956e-03
2.127826064825057983e-01
4.154501855373382568e-01
3.392432034015655518e-01
8.412635922431945801e-01
4.198909178376197815e-02
4.699699208140373230e-02
1.967075765132904053e-01
1.225104406476020813e-01
4.384472593665122986e-02
6.253120303153991699e-01
3.131169974803924561e-01
1.248286888003349304e-01
1.610763669013977051e-01
2.142521552741527557e-02
1.196856141090393066e+00
4.124842584133148193e-01
3.541398420929908752e-02
2.749391794204711914e-01
2.485847659409046173e-02
3.510093688964843750e-01
0.000000000000000000e+00
8.380165696144104004e-01
0.000000000000000000e+00
0.000000000000000000e+00
4.449525177478790283e-01
0.000000000000000000e+00
1.025615707039833069e-01
1.881258795037865639e-03
7.814108580350875854e-02
0.000000000000000000e+00
2.039187252521514893e-01
8.068934082984924316e-02
9.028317332267761230e-01
4.441188871860504150e-01
2.075760252773761749e-02
4.901385679841041565e-02
1.884513050317764282e-01
3.253961324691772461e+00
0.000000000000000000e+00
1.337184309959411621e+00
2.607453800737857819e-02
2.040638588368892670e-02
0.000000000000000000e+00
2.102454006671905518e-01
1.884469762444496155e-02
0.000000000000000000e+00
8.444594591856002808e-02
3.362429141998291016e-01
7.166492938995361328e-02
7.425041403621435165e-03
1.421589553356170654e-01
2.290918380022048950e-01
1.304483115673065186e-01
3.887789323925971985e-02
1.607303917407989502e-01
1.070634573698043823e-01
1.419088244438171387e-01
4.246924221515655518e-01
3.896989226341247559e-01
5.487684011459350586e-01
1.580514907836914062e+00
1.302177011966705322e-01
1.327117800712585449e+00
2.367278337478637695e-01
2.084048464894294739e-02
3.900155127048492432e-01
9.021786972880363464e-03
0.000000000000000000e+00
7.986816763877868652e-01
1.616902202367782593e-01
0.000000000000000000e+00
7.262499928474426270e-01
3.517217040061950684e-01
2.671545445919036865e-01
1.640957966446876526e-02
1.687803119421005249e-02
3.088178336620330811e-01
3.573121130466461182e-01
7.024824023246765137e-01
6.920079141855239868e-02
1.082445383071899414e+00
2.204591035842895508e-01
1.072248935699462891e+00
9.369375556707382202e-02
9.901446700096130371e-01
1.081062674522399902e+00
1.132352501153945923e-01
6.239083409309387207e-02
3.128907456994056702e-02
2.497620284557342529e-01
4.334950745105743408e-01
3.841922879219055176e-01
8.877267688512802124e-02
4.122870508581399918e-03
4.405031800270080566e-01
1.804967075586318970e-01
1.685303151607513428e-01
2.927563786506652832e-01
1.406101137399673462e-01
0.000000000000000000e+00
5.622153282165527344e-01
8.090307116508483887e-01
2.239504903554916382e-01
9.593253023922443390e-03
1.479578495025634766e+00
5.071865916252136230e-01
6.884778290987014771e-02
0.000000000000000000e+00
2.261140942573547363e-02
1.672625988721847534e-01
8.251440711319446564e-03
5.141757726669311523e-01
1.851385645568370819e-02
5.519968271255493164e-01
8.461799472570419312e-02
1.381476759910583496e+00
6.208901293575763702e-03
1.346833705902099609e+00
0.000000000000000000e+00
6.918638348579406738e-01
2.113594561815261841e-01
1.121712327003479004e+00
0.000000000000000000e+00
4.002171456813812256e-01
4.560036063194274902e-01
0.000000000000000000e+00
0.000000000000000000e+00
0.000000000000000000e+00
7.222916483879089355e-01
7.024810910224914551e-01
1.394436001777648926e+00
1.483236788772046566e-03
3.463448286056518555e+00
8.978141844272613525e-02
3.953923285007476807e-02
1.321053057909011841e-01
5.402063950896263123e-02
1.801015883684158325e-01
1.433035254478454590e+00
1.626150369644165039e+00
8.623489737510681152e-02
1.404537558555603027e+00
5.079944431781768799e-02
0.000000000000000000e+00
1.126170828938484192e-01
8.753264695405960083e-02
6.993002891540527344e-01
1.117765996605157852e-02
0.000000000000000000e+00
5.452048778533935547e-01
0.000000000000000000e+00
2.739039249718189240e-02
1.305207014083862305e-01
1.367133736610412598e+00
0.000000000000000000e+00
5.278877913951873779e-02
6.222595572471618652e-01
2.505481056869029999e-02
3.284582868218421936e-02
8.693644404411315918e-02
0.000000000000000000e+00
3.132141530513763428e-01
2.376460880041122437e-01
4.082688987255096436e-01
7.896430045366287231e-02
1.878704726696014404e-01
0.000000000000000000e+00
1.619659900665283203e+00
1.881724745035171509e-01
5.783764719963073730e-01
1.074993610382080078e+00
0.000000000000000000e+00
1.574655435979366302e-02
2.743564732372760773e-02
2.269542403519153595e-02
7.441812008619308472e-02
1.536985635757446289e-01
2.754784524440765381e-01
2.577573657035827637e-01
1.437157690525054932e-01
1.128199249505996704e-01
1.405498623847961426e+00
5.815980955958366394e-02
0.000000000000000000e+00
4.980060830712318420e-02
1.475319731980562210e-02
7.833383232355117798e-02
1.308974176645278931e-01
1.135197952389717102e-01
1.657948084175586700e-02
3.995314985513687134e-02
2.366394922137260437e-02
9.935304522514343262e-01
3.195287659764289856e-02
3.199778497219085693e-01
3.067423701286315918e-01
2.345683798193931580e-02
1.027867645025253296e-01
1.105822920799255371e+00
0.000000000000000000e+00
7.912806868553161621e-01
2.768289297819137573e-02
0.000000000000000000e+00
1.105649694800376892e-01
1.552284717559814453e+00
1.741191744804382324e-01
3.482364490628242493e-02
1.975349336862564087e-02
0.000000000000000000e+00
4.338288307189941406e-02
2.273175716400146484e+00
3.479886651039123535e-01
1.895988881587982178e-01
0.000000000000000000e+00
1.527997016906738281e+00
7.600727677345275879e-02
2.477169185876846313e-01
1.927704364061355591e-01
1.346038728952407837e-01
2.760251238942146301e-02
8.107897825539112091e-03
7.340647578239440918e-01
1.430876255035400391e+00
1.797071397304534912e-01
0.000000000000000000e+00
8.655124157667160034e-02
3.209710866212844849e-02
2.321409434080123901e-02
1.453702747821807861e-01
2.047459129244089127e-03
9.829030605033040047e-04
4.542471095919609070e-02
2.320780977606773376e-02
9.488727897405624390e-02
1.827302575111389160e+00
5.916325747966766357e-02
0.000000000000000000e+00
2.452410524711012840e-03
3.611206412315368652e-01
2.432048022747039795e-01
1.068809926509857178e-01
1.768599599599838257e-01
0.000000000000000000e+00
5.901907756924629211e-02
1.008011460304260254e+00
4.908998310565948486e-01
0.000000000000000000e+00
6.193842887878417969e-01
2.238308429718017578e+00
1.493266820907592773e+00
7.919577956199645996e-01
2.809769868850708008e+00
3.797489404678344727e-01
6.416219472885131836e-02
8.513462543487548828e-02
2.785436995327472687e-02
7.718282938003540039e-01
4.775435030460357666e-01
1.423902660608291626e-01
4.386815130710601807e-01
5.358130455017089844e+00
4.835996031761169434e-01
1.982103109359741211e+00
1.251067072153091431e-01
0.000000000000000000e+00
0.000000000000000000e+00
1.548069596290588379e+00
2.021407604217529297e+00
4.841049201786518097e-03
8.069381713867187500e-01
0.000000000000000000e+00
1.096025574952363968e-02
0.000000000000000000e+00
3.995770812034606934e-01
0.000000000000000000e+00
1.448198501020669937e-02
5.073681008070707321e-03
2.929056994616985321e-02
1.788498163223266602e-01
1.406768560409545898e-01
1.117316037416458130e-01
8.251758664846420288e-02
5.630816146731376648e-02
2.069505900144577026e-01
0.000000000000000000e+00
8.844104409217834473e-01
8.146251738071441650e-02
0.000000000000000000e+00
2.274928539991378784e-01
1.298980563879013062e-01
0.000000000000000000e+00
6.489009261131286621e-01
0.000000000000000000e+00
2.384062856435775757e-01
0.000000000000000000e+00
5.789426341652870178e-02
1.665202975273132324e-01
8.030137419700622559e-02
1.759141236543655396e-01
1.289805918931961060e-01
3.244531527161598206e-02
4.701847955584526062e-02
2.183017507195472717e-02
3.003708645701408386e-02
0.000000000000000000e+00
4.175497591495513916e-01
1.530293673276901245e-01
3.606761455535888672e+00
9.256355464458465576e-02
0.000000000000000000e+00
4.171138405799865723e-01
0.000000000000000000e+00
3.414827957749366760e-02
0.000000000000000000e+00
3.132896125316619873e-02
2.141530215740203857e-01
6.597810983657836914e-02
6.032565981149673462e-02
1.714443415403366089e-01
0.000000000000000000e+00
2.592024505138397217e-01
3.174061328172683716e-02
1.268889605998992920e-01
1.017623320221900940e-01
2.494286447763442993e-01
0.000000000000000000e+00
0.000000000000000000e+00
7.795151323080062866e-02
3.503926564007997513e-03
2.960411831736564636e-03
5.241726636886596680e-01
1.220967531204223633e+00
6.914522647857666016e-01
3.580354154109954834e-01
1.533330976963043213e-02
1.977038234472274780e-01
1.742706894874572754e-01
1.939890086650848389e-01
2.125683799386024475e-02
3.348905742168426514e-01
3.064540922641754150e-01
1.451641172170639038e-01
5.355654358863830566e-01
7.328011840581893921e-02
5.177283659577369690e-02
5.151069909334182739e-02
2.401333600282669067e-01
2.497242450714111328e+00
7.550705075263977051e-01
0.000000000000000000e+00
0.000000000000000000e+00
2.057872712612152100e-01
5.192642211914062500e-01
3.714488148689270020e-01
4.962883889675140381e-01
1.261279731988906860e-01
3.109655082225799561e-01
4.839919805526733398e-01
1.380030989646911621e+00
5.824114009737968445e-02
1.547651365399360657e-02
4.954994469881057739e-02
3.328466787934303284e-03
1.098205968737602234e-01
6.302648782730102539e-02
1.475684046745300293e+00
8.358955979347229004e-01
8.437976241111755371e-03
4.952311515808105469e-01
1.423791646957397461e-01
6.445632129907608032e-02
7.248882651329040527e-01
3.040006756782531738e-02
5.805061757564544678e-02
2.588384377304464579e-04
1.081247404217720032e-01
4.820402339100837708e-02
6.668917834758758545e-03
1.857720762491226196e-01
8.377072960138320923e-02
2.001842111349105835e-02
4.906737804412841797e-01
1.616593956947326660e+00
3.792759180068969727e-01
2.403571307659149170e-01
1.769666075706481934e+00
4.715002477169036865e-01
3.304271399974822998e-01
0.000000000000000000e+00
4.820750281214714050e-02
0.000000000000000000e+00
9.260365366935729980e-01
5.405688658356666565e-02
2.593250945210456848e-02
1.392848193645477295e-01
1.118549585342407227e+00
1.151729345321655273e+00
2.776314914226531982e-01
2.293331027030944824e-01
8.196268230676651001e-02
5.654827952384948730e-01
3.389157652854919434e-01
8.240594863891601562e-01
3.386596441268920898e-01
1.177563667297363281e+00
1.607109159231185913e-01
6.160382032394409180e-01
3.162157833576202393e-01
3.445994108915328979e-02
1.411030530929565430e+00
0.000000000000000000e+00
2.239094525575637817e-01
7.722468376159667969e-01
1.497379839420318604e-01
1.607596725225448608e-01
1.617904663085937500e+00
1.148415088653564453e+00
7.215691357851028442e-02
7.349405288696289062e-01
6.246916949748992920e-02
4.746636748313903809e-02
3.309220448136329651e-02
2.545519731938838959e-03
0.000000000000000000e+00
1.987446844577789307e-02
0.000000000000000000e+00
2.942012548446655273e-01
2.490383945405483246e-02
5.199689269065856934e-01
1.829004148021340370e-03
3.645493052317760885e-05
4.439191520214080811e-02
2.071239054203033447e-02
5.395634844899177551e-02
0.000000000000000000e+00
2.276333719491958618e-01
3.334720134735107422e-01
2.252493612468242645e-02
4.778283089399337769e-02
2.273448407649993896e-01
7.791972905397415161e-02
7.112782448530197144e-02
2.796367555856704712e-02
6.928713917732238770e-01
0.000000000000000000e+00
0.000000000000000000e+00
1.364190816879272461e+00
3.633498027920722961e-02
4.815476894378662109e+00
3.713215291500091553e-01
7.793925236910581589e-03
4.042471349239349365e-01
7.574874162673950195e-01
1.015080139040946960e-01
3.034801408648490906e-02
1.158859506249427795e-01
1.035079266875982285e-02
4.234910011291503906e-01
2.523283660411834717e-01
0.000000000000000000e+00
4.232189357280731201e-01
5.780336633324623108e-02
3.976777568459510803e-02
6.250197291374206543e-01
7.366877794265747070e-02
3.146235346794128418e-01
1.924847513437271118e-01
1.921371668577194214e-01
5.774616822600364685e-02
6.910040974617004395e-01
3.884984552860260010e-02
3.203394711017608643e-01
5.081864595413208008e-01
1.676509622484445572e-03
2.277586981654167175e-02
5.399875342845916748e-02
5.211362838745117188e-01
0.000000000000000000e+00
1.620940119028091431e-01
7.086191773414611816e-01
6.552313454449176788e-03
0.000000000000000000e+00
2.903693728148937225e-02
4.287498444318771362e-02
3.252361118793487549e-01
9.059389233589172363e-01
1.656193882226943970e-01
1.618566513061523438e-01
0.000000000000000000e+00
1.820933632552623749e-02
2.313651517033576965e-02
2.427591197192668915e-02
3.434799313545227051e-01
1.714354902505874634e-01
2.884870581328868866e-02
7.927875220775604248e-02
1.471963226795196533e-01
5.679394602775573730e-01
3.206722810864448547e-02
3.542585670948028564e-02
3.822967410087585449e-02
8.629614859819412231e-02
0.000000000000000000e+00
1.106301784515380859e+00
0.000000000000000000e+00
4.778865575790405273e-01
1.157818436622619629e-01
1.381866812705993652e+00
5.106852650642395020e-01
5.370218753814697266e-01
2.075348980724811554e-02
3.442288935184478760e-02
1.901482224464416504e+00
2.302767753601074219e+00
5.326473712921142578e-01
0.000000000000000000e+00
2.807293552905321121e-03
1.341199725866317749e-01
1.225371845066547394e-02
2.420476913452148438e+00
4.207792878150939941e-01
6.488937139511108398e-02
5.211003869771957397e-02
1.053211838006973267e-01
1.558707188814878464e-02
0.000000000000000000e+00
1.006792113184928894e-02
3.215939700603485107e-01
7.922977805137634277e-01
6.550136208534240723e-02
1.128701686859130859e+00
2.056261152029037476e-01
6.757454276084899902e-01
4.981768608093261719e+00
7.212458550930023193e-02
3.352488204836845398e-02
1.407426893711090088e-01
1.056297421455383301e-01
1.762618869543075562e-01
2.723031677305698395e-02
7.746827602386474609e-02
3.052148520946502686e-01
1.139328032732009888e-01
0.000000000000000000e+00
1.777710206806659698e-02
2.676673531532287598e-01
3.411551564931869507e-02
0.000000000000000000e+00
6.627874374389648438e-01
2.174238301813602448e-02
0.000000000000000000e+00
1.032632589340209961e+00
0.000000000000000000e+00
2.178694456815719604e-01
4.158251285552978516e-01
2.060149237513542175e-02
4.072740301489830017e-02
1.552360877394676208e-02
0.000000000000000000e+00
0.000000000000000000e+00
6.882578134536743164e-02
2.116970270872116089e-01
2.940236926078796387e-01
2.238676548004150391e-01
1.090065240859985352e-01
6.358312368392944336e-01
4.581916332244873047e-01
2.486069947481155396e-01
2.830294370651245117e-01
1.126488447189331055e-01
1.058815047144889832e-03
7.105843722820281982e-02
4.380575567483901978e-02
5.448196455836296082e-02
2.138960838317871094e+00
2.759015858173370361e-01
2.549924887716770172e-02
4.220040738582611084e-01
1.826323509216308594e+00
2.282150387763977051e-01
3.857976198196411133e-01
9.927086532115936279e-03
1.540644764900207520e-01
0.000000000000000000e+00
4.885109066963195801e-01
2.972795395180583000e-03
2.416406571865081787e-02
7.908709645271301270e-01
1.261173784732818604e-01
2.511654794216156006e-01
6.078214645385742188e-01
3.774579167366027832e-01
1.111397743225097656e+00
6.252817809581756592e-02
1.381979703903198242e+00
4.650521576404571533e-01
0.000000000000000000e+00
2.246389627456665039e+00
0.000000000000000000e+00
3.836833834648132324e-01
3.685866296291351318e-02
2.593877017498016357e-01
0.000000000000000000e+00
4.283631742000579834e-01
2.114929258823394775e-01
6.197114288806915283e-02
3.814396381378173828e+00
1.498506963253021240e-01
0.000000000000000000e+00
1.999613828957080841e-03
1.402751952409744263e-01
1.100865483283996582e+00
1.123935580253601074e-01
0.000000000000000000e+00
2.055523544549942017e-01
0.000000000000000000e+00
8.892521858215332031e-01
0.000000000000000000e+00
8.507904410362243652e-02
8.476702868938446045e-02
2.548382245004177094e-02
4.969449043273925781e+00
3.093260824680328369e-01
5.159487575292587280e-02
7.984513044357299805e-01
1.755295991897583008e+00
3.768767416477203369e-01
4.863869398832321167e-03
4.430546164512634277e-01
0.000000000000000000e+00
1.704100072383880615e-01
6.137751340866088867e-01
2.574416100978851318e-01
8.005015850067138672e-01
0.000000000000000000e+00
8.456792682409286499e-02
1.709993958473205566e+00
1.359685659408569336e-01
2.487570941448211670e-01
2.241587638854980469e+00
1.127135530114173889e-01
1.458421908318996429e-02
1.699160814285278320e+00
2.344694361090660095e-02
2.667913138866424561e-01
1.371527463197708130e-02
1.899363845586776733e-01
6.793911452405154705e-04
0.000000000000000000e+00
6.564660072326660156e-01
9.184985160827636719e-01
9.222291409969329834e-02
3.503739535808563232e-01
1.101837277412414551e+00
6.652610301971435547e-01
1.412168610841035843e-02
2.486243486404418945e+00
2.245495021343231201e-01
5.445439815521240234e-01
8.742159605026245117e-02
8.466900885105133057e-02
0.000000000000000000e+00
8.097855746746063232e-02
3.929664194583892822e-02
7.130081653594970703e-01
1.327337473630905151e-01
0.000000000000000000e+00
4.410114139318466187e-02
1.754809737205505371e+00
1.649030745029449463e-01
2.655950188636779785e-01
1.496574580669403076e-01
1.733737140893936157e-01
3.011875040829181671e-02
1.343028843402862549e-01
0.000000000000000000e+00
8.735706657171249390e-02
4.022850096225738525e-01
0.000000000000000000e+00
3.085678339004516602e+00
1.364881277084350586e+00
1.057290077209472656e+00
0.000000000000000000e+00
2.793262004852294922e-01
0.000000000000000000e+00
4.801124930381774902e-01
9.537608027458190918e-01
2.342871017754077911e-02
1.924566179513931274e-01
1.231492608785629272e-01
2.780458927154541016e-01
1.612701267004013062e-01
2.511887550354003906e-01
0.000000000000000000e+00
0.000000000000000000e+00
2.646945118904113770e-01
3.323600813746452332e-02
3.640567511320114136e-02
1.422813832759857178e-01
4.939549788832664490e-02
0.000000000000000000e+00
4.409394264221191406e-01
1.220307648181915283e-01
1.208205744624137878e-01
2.302808046340942383e+00
9.023607373237609863e-01
2.360654622316360474e-01
3.888559713959693909e-02
0.000000000000000000e+00
0.000000000000000000e+00
0.000000000000000000e+00
3.204913139343261719e-01
8.891465514898300171e-02
0.000000000000000000e+00
0.000000000000000000e+00
8.200629800558090210e-02
7.494772970676422119e-02
9.413369745016098022e-02
8.308420330286026001e-02
8.074996620416641235e-02
5.897600203752517700e-02
4.665502011775970459e-01
2.936455234885215759e-02
5.004077553749084473e-01
2.429982572793960571e-01
2.095417231321334839e-01
1.057572364807128906e-01
5.048899650573730469e-01
0.000000000000000000e+00
8.584221825003623962e-03
3.635537624359130859e-01
1.989465504884719849e-01
2.574955858290195465e-02
3.757987618446350098e-01
1.155694723129272461e+00
0.000000000000000000e+00
0.000000000000000000e+00
6.127156019210815430e-01
1.604123972356319427e-02
4.955828487873077393e-01
0.000000000000000000e+00
1.976967453956604004e+00
2.010713666677474976e-01
0.000000000000000000e+00
5.334937572479248047e-01
1.533489376306533813e-01
4.094706103205680847e-02
1.659843325614929199e-02
2.737953066825866699e-01
1.473019830882549286e-02
0.000000000000000000e+00
3.722900152206420898e-01
3.136703744530677795e-02
2.420538365840911865e-01
0.000000000000000000e+00
2.198863029479980469e+00
1.534159779548645020e-01
0.000000000000000000e+00
1.172148585319519043e-01
1.594108529388904572e-02
1.068160161375999451e-01
1.440087556838989258e-01
0.000000000000000000e+00
2.977172434329986572e-01
1.615258604288101196e-01
1.270717829465866089e-01
2.147980481386184692e-01
1.446564674377441406e+00
1.826857775449752808e-01
4.267657995223999023e-01
0.000000000000000000e+00
1.215218752622604370e-01
5.105409622192382812e-01
5.926969274878501892e-02
0.000000000000000000e+00
6.837906241416931152e-01
6.700553745031356812e-02
1.768264025449752808e-01
3.568090796470642090e-01
8.750090003013610840e-02
8.757749944925308228e-02
8.175827562808990479e-03
0.000000000000000000e+00
6.063980981707572937e-02
4.533303976058959961e-01
3.536425232887268066e-01
5.766594782471656799e-02
1.853541016578674316e+00
8.678700327873229980e-01
8.477528393268585205e-02
1.031967997550964355e+00
1.190030574798583984e+00
0.000000000000000000e+00
5.210590362548828125e-01
7.610236853361129761e-02
1.313094049692153931e-01
0.000000000000000000e+00
8.215281367301940918e-01
7.141736894845962524e-02
8.540759682655334473e-01
2.771348459646105766e-03
2.110748738050460815e-01
0.000000000000000000e+00
2.402168884873390198e-02
0.000000000000000000e+00
0.000000000000000000e+00
1.787319220602512360e-02
0.000000000000000000e+00
1.195031180977821350e-01
5.281770601868629456e-02
1.048378050327301025e-01
8.157990872859954834e-03
3.497432470321655273e-01
8.917313069105148315e-02
8.682156354188919067e-02
0.000000000000000000e+00
0.000000000000000000e+00
1.143336966633796692e-01
0.000000000000000000e+00
1.176889836788177490e-01
1.418279111385345459e-01
7.128582596778869629e-01
4.705798923969268799e-01
0.000000000000000000e+00
6.502219289541244507e-02
2.573888301849365234e-01
8.491386473178863525e-02
2.514143586158752441e-01
3.216068446636199951e-01
8.274168968200683594e-01
3.775871694087982178e-01
0.000000000000000000e+00
3.431446254253387451e-01
9.920506924390792847e-02
4.304626584053039551e-01
3.521418944001197815e-02
7.695283740758895874e-02
7.384572625160217285e-01
1.100805997848510742e-01
2.244350433349609375e+00
5.852035433053970337e-02
8.773443847894668579e-02
5.218224599957466125e-02
1.885798573493957520e-02
1.403745263814926147e-01
1.295210421085357666e-01
6.022034287452697754e-01
1.502507030963897705e-01
2.842689752578735352e-01
0.000000000000000000e+00
9.880813956260681152e-02
7.839132100343704224e-03
4.722865670919418335e-02
1.250709593296051025e-01
9.163361042737960815e-02
1.600506067276000977e+00
3.239335119724273682e-01
1.643824338912963867e+00
4.671331048011779785e-01
7.430547475814819336e-01
3.159728050231933594e-01
3.479557037353515625e-01
1.977000981569290161e-01
7.602053135633468628e-02
2.656765460968017578e+00
1.533957384526729584e-02
7.847511172294616699e-01
0.000000000000000000e+00
5.114229861646890640e-03
8.312604576349258423e-02
1.469594538211822510e-01
0.000000000000000000e+00
0.000000000000000000e+00
0.000000000000000000e+00
4.328339993953704834e-01
8.544438481330871582e-01
1.822258904576301575e-02
9.786982089281082153e-03
7.969235628843307495e-02
1.055544167757034302e-01
1.588722690939903259e-02
1.744925081729888916e-01
1.602516174316406250e+00
1.258691251277923584e-01
3.862168192863464355e-01
1.590574979782104492e+00
7.285959720611572266e-01
2.863293588161468506e-01
0.000000000000000000e+00
1.923432052135467529e-01
8.707198500633239746e-02
0.000000000000000000e+00
0.000000000000000000e+00
2.111965864896774292e-01
8.207944035530090332e-02
1.129142194986343384e-01
8.917698264122009277e-02
1.165826544165611267e-01
4.423024058341979980e-01
0.000000000000000000e+00
6.567542441189289093e-03
1.220768332481384277e+00
2.250479906797409058e-01
3.585940226912498474e-02
1.375561356544494629e-01
4.025456905364990234e-01
3.193809092044830322e-01
3.127706795930862427e-02
2.462189197540283203e-01
9.752903580665588379e-01
2.532247006893157959e-01
0.000000000000000000e+00
1.054806634783744812e-01
4.874064400792121887e-02
2.765612304210662842e-01
3.239236474037170410e-01
5.897186324000358582e-02
2.783518470823764801e-02
3.471931815147399902e-02
8.591829240322113037e-02
9.712531417608261108e-02
3.989462181925773621e-02
1.413515955209732056e-02
4.998644813895225525e-03
4.743285477161407471e-02
7.238573394715785980e-03
7.486743330955505371e-01
2.712035179138183594e-02
4.205682575702667236e-01
3.325197994709014893e-01
0.000000000000000000e+00
1.312044739723205566e+00
1.829952478408813477e+00
1.519207715988159180e+00
1.442599594593048096e-01
2.845713794231414795e-01
6.060903891921043396e-02
0.000000000000000000e+00
7.338687777519226074e-02
2.192398011684417725e-01
8.217819035053253174e-02
4.741051197052001953e-01
2.794009208679199219e+00
0.000000000000000000e+00
1.323313564062118530e-01
1.066614240407943726e-01
1.492984443902969360e-01
1.336468160152435303e-01
4.204657375812530518e-01
2.788640558719635010e-01
1.937658786773681641e+00
5.886177420616149902e-01
1.612109243869781494e-01
8.023080229759216309e-02
3.761389553546905518e-01
7.238551229238510132e-02
2.489385753870010376e-02
4.427612423896789551e-01
1.685999333858489990e-02
2.987570464611053467e-01
4.533464014530181885e-01
5.432339310646057129e-01
1.921649836003780365e-02
1.281449317932128906e+00
1.658883094787597656e+00
7.187531888484954834e-02
1.786725223064422607e-01
2.981802523136138916e-01
7.956868410110473633e-02
3.092555701732635498e-01
6.149674952030181885e-02
3.813982903957366943e-01
0.000000000000000000e+00
0.000000000000000000e+00
3.214095115661621094e+00
3.518629968166351318e-01
2.510100044310092926e-02
1.175538450479507446e-01
4.652198404073715210e-02
1.141836166381835938e+00
8.395271301269531250e-01
4.208137094974517822e-01
2.126889526844024658e-01
7.538266777992248535e-01
1.018771622329950333e-02
5.378456711769104004e-01
2.763589322566986084e-01
0.000000000000000000e+00
4.737567901611328125e-02
4.051119089126586914e-01
2.123353183269500732e-01
1.312824198976159096e-03
0.000000000000000000e+00
2.174151130020618439e-02
4.405592679977416992e-01
1.252653449773788452e-01
2.047472819685935974e-02
5.677593350410461426e-01
2.977133356034755707e-02
6.556215137243270874e-02
1.474056690931320190e-01
1.134798049926757812e+00
3.201343351975083351e-03
4.520573467016220093e-02
1.076830644160509109e-02
2.296969294548034668e-01
2.088647894561290741e-02
4.648970067501068115e-02
1.954424679279327393e-01
3.041356801986694336e-01
1.486778259277343750e-02
8.743660449981689453e-01
4.254862666130065918e-01
5.090997815132141113e-01
7.391992956399917603e-03
3.930462002754211426e-01
4.727000892162322998e-01
1.056173294782638550e-01
0.000000000000000000e+00
5.211084485054016113e-01
4.966704547405242920e-02
0.000000000000000000e+00
3.614160418510437012e-02
5.054247751832008362e-02
1.495813727378845215e-01
1.422800183296203613e+00
2.068800181150436401e-01
0.000000000000000000e+00
1.907031238079071045e-01
6.345716714859008789e-01
9.830377250909805298e-02
1.207762479782104492e+00
6.736465692520141602e-01
2.364218980073928833e-01
8.474723994731903076e-02
3.172377496957778931e-02
8.325669169425964355e-02
0.000000000000000000e+00
0.000000000000000000e+00
8.640664815902709961e-01
3.215781748294830322e-01
2.536122500896453857e-01
3.348058223724365234e+00
1.036705747246742249e-01
3.912106275558471680e+00
2.605230093002319336e+00
4.788376986980438232e-01
7.366465777158737183e-02
1.372495740652084351e-01
0.000000000000000000e+00
5.707314983010292053e-02
1.829990893602371216e-01
0.000000000000000000e+00
5.623702406883239746e-01
5.673398822546005249e-02
4.965858161449432373e-02
0.000000000000000000e+00
5.078305006027221680e-01
3.081382624804973602e-02
0.000000000000000000e+00
1.680864393711090088e-02
2.834299802780151367e+00
3.384518027305603027e-01
3.869887888431549072e-01
1.385613083839416504e-01
2.912488698959350586e+00
0.000000000000000000e+00
0.000000000000000000e+00
1.121499948203563690e-02
5.511152744293212891e-01
6.991447806358337402e-01
1.337987929582595825e-02
1.370011083781719208e-02
1.162877321243286133e+00
2.259987741708755493e-01
5.990057066082954407e-02
2.070169448852539062e+00
2.339845001697540283e-01
4.287430085241794586e-03
2.176370769739151001e-01
2.294485867023468018e-01
2.408301644027233124e-02
1.063213825225830078e+00
2.490584552288055420e-01
0.000000000000000000e+00
4.233800992369651794e-02
1.468867421150207520e+00
4.217224195599555969e-03
1.236057877540588379e-01
5.838756263256072998e-02
2.681272290647029877e-02
0.000000000000000000e+00
4.375890731811523438e+00
0.000000000000000000e+00
2.088318318128585815e-01
1.408812999725341797e-01
2.732352912425994873e-01
5.271847248077392578e-01
4.263199493288993835e-02
0.000000000000000000e+00
1.635414123535156250e+00
0.000000000000000000e+00
2.094875127077102661e-01
3.323355615139007568e-01
5.663393810391426086e-02
2.099942602217197418e-02
2.607721090316772461e-01
6.834729313850402832e-01
2.264669537544250488e-02
2.018820643424987793e-01
3.326069831848144531e+00
0.000000000000000000e+00
2.547516822814941406e-01
0.000000000000000000e+00
6.030065417289733887e-01
1.198864877223968506e-01
7.685597985982894897e-02
2.620195448398590088e-01
1.195272430777549744e-01
1.105642557144165039e+00
3.970930576324462891e-01
1.910161525011062622e-01
2.059202045202255249e-01
3.612587973475456238e-02
7.129524350166320801e-01
1.575437337160110474e-01
4.280943423509597778e-02
3.203715756535530090e-02
9.510748982429504395e-01
4.552210867404937744e-01
1.109119951725006104e-01
2.270939573645591736e-02
3.501608610153198242e+00
1.391687631607055664e+00
1.011254787445068359e+00
6.741142272949218750e-02
2.852433361113071442e-02
2.037886381149291992e-01
4.217484593391418457e-01
3.787586092948913574e-02
3.587551116943359375e+00
7.855477333068847656e-01
9.103430807590484619e-02
0.000000000000000000e+00
4.828839898109436035e-01
6.070396630093455315e-04
1.960691362619400024e-01
1.211078763008117676e-01
4.094785153865814209e-01
2.208245545625686646e-02
1.825993359088897705e-01
9.390950947999954224e-02
0.000000000000000000e+00
1.015304252505302429e-01
5.345844849944114685e-02
3.137855976819992065e-02
4.122000634670257568e-01
7.328149676322937012e-01
1.121523305773735046e-01
1.412089616060256958e-01
9.473250061273574829e-02
1.654678722843527794e-03
1.209325790405273438e+00
7.408892735838890076e-03
2.729668617248535156e-01
0.000000000000000000e+00
7.622472941875457764e-02
0.000000000000000000e+00
5.057801008224487305e-01
9.164769649505615234e-01
1.030417203903198242e+00
2.305829823017120361e-01
1.463139951229095459e-01
2.337796147912740707e-03
8.535877227783203125e+00
1.077153459191322327e-01
9.697574377059936523e-02
2.291128635406494141e-01
0.000000000000000000e+00
7.483057677745819092e-02
1.021705567836761475e-01
1.303437282331287861e-03
7.537293434143066406e-02
0.000000000000000000e+00
2.029428482055664062e-01
1.016338393092155457e-01
1.676235049962997437e-01
7.078517973423004150e-02
1.284666776657104492e+00
6.795056164264678955e-02
5.022538900375366211e-01
2.149375155568122864e-02
1.203804984688758850e-01
0.000000000000000000e+00
2.048382908105850220e-02
2.716682255268096924e-01
1.114148974418640137e+00
6.906836628913879395e-01
3.716833591461181641e-01
4.277011752128601074e-01
1.903189420700073242e-01
9.514524787664413452e-02
2.156378701329231262e-02
8.276490122079849243e-02
4.450619220733642578e-01
6.454268936067819595e-03
3.777901828289031982e-02
4.248467683792114258e-01
6.969822943210601807e-02
9.706131815910339355e-01
0.000000000000000000e+00
0.000000000000000000e+00
8.938591182231903076e-02
7.725549489259719849e-02
1.513004064559936523e+00
3.390105441212654114e-02
6.972082257270812988e-01
3.538437783718109131e-01
4.421548545360565186e-02
3.558104336261749268e-01
4.364949166774749756e-01
2.839140594005584717e-02
1.910223007202148438e+00
3.915694057941436768e-01
1.977548003196716309e-01
8.589061908423900604e-03
0.000000000000000000e+00
1.008287817239761353e-01
7.596633583307266235e-02
4.964179545640945435e-02
2.925354838371276855e-01
1.583207398653030396e-01
0.000000000000000000e+00
4.786087945103645325e-02
6.762965321540832520e-01
2.289132833480834961e+00
4.956472292542457581e-02
0.000000000000000000e+00
3.427774459123611450e-02
2.170017808675765991e-01
2.498662173748016357e-01
1.451100587844848633e+00
5.339717864990234375e-02
6.395501550287008286e-03
0.000000000000000000e+00
3.501091152429580688e-02
6.646618247032165527e-02
9.716945886611938477e-02
4.795991480350494385e-01
0.000000000000000000e+00
2.165293693542480469e+00
1.815804600715637207e+00
9.954480528831481934e-01
1.613101512193679810e-01
5.183345079421997070e-02
4.048475623130798340e-02
2.133501768112182617e-01
2.618598043918609619e-01
4.185817837715148926e-01
0.000000000000000000e+00
1.405292097479104996e-02
2.686847560107707977e-02
6.939596682786941528e-02
0.000000000000000000e+00
3.706184029579162598e-01
0.000000000000000000e+00
1.885949522256851196e-01
5.253276228904724121e-01
4.668692126870155334e-02
0.000000000000000000e+00
7.411027699708938599e-02
9.974493086338043213e-02
7.905181646347045898e-01
6.969079375267028809e-02
7.262758165597915649e-02
7.389434576034545898e-01
3.924460411071777344e-01
1.190893128514289856e-01
1.653299783356487751e-03
1.207863092422485352e-01
9.818596392869949341e-02
4.726644158363342285e-01
5.727933347225189209e-02
1.055116429924964905e-01
2.270729094743728638e-01
0.000000000000000000e+00
1.079267188906669617e-01
1.307666599750518799e-01
0.000000000000000000e+00
1.254016518592834473e+00
1.751808449625968933e-02
2.985634207725524902e-01
8.330833911895751953e-02
0.000000000000000000e+00
1.977104321122169495e-02
6.168512105941772461e-01
1.525485515594482422e-01
5.448030233383178711e-01
8.258801698684692383e-01
2.552344799041748047e-01
1.197969764471054077e-01
4.788205623626708984e-01
6.210943311452865601e-02
2.447799593210220337e-01
1.255228757858276367e+00
1.788913160562515259e-01
4.359803721308708191e-02
3.504709005355834961e-01
1.617157459259033203e-01
1.250553369522094727e+00
3.791062161326408386e-02
4.694761708378791809e-02
0.000000000000000000e+00
7.729566656053066254e-03
8.346036821603775024e-02
1.002746517769992352e-03
1.496574841439723969e-03
3.094117343425750732e-01
5.606455802917480469e-01
9.728656709194183350e-02
0.000000000000000000e+00
3.885059384629130363e-03
7.125969976186752319e-03
5.609276294708251953e-01
7.938596606254577637e-01
1.293443739414215088e-01
9.421377629041671753e-02
0.000000000000000000e+00
8.350137472152709961e-01
1.685514673590660095e-02
5.534764379262924194e-02
1.061058163642883301e+00
1.191772744059562683e-01
2.332676053047180176e-01
1.201435998082160950e-01
2.635328657925128937e-02
1.588825508952140808e-02
4.878498613834381104e-02
0.000000000000000000e+00
4.249437153339385986e-01
0.000000000000000000e+00
2.782224118709564209e-02
1.172402501106262207e-01
3.622840046882629395e-01
0.000000000000000000e+00
2.967311441898345947e-02
4.082368314266204834e-02
0.000000000000000000e+00
1.993353292346000671e-02
8.546033501625061035e-02
5.560415983200073242e-02
3.720357120037078857e-01
3.013944327831268311e-01
1.358487922698259354e-02
4.554038168862462044e-04
2.735660076141357422e-01
1.207317709922790527e+00
8.836911618709564209e-02
2.814822196960449219e-01
2.961246073246002197e-01
2.395536005496978760e-01
0.000000000000000000e+00
1.209392677992582321e-02
1.108256101608276367e+00
3.267592564225196838e-02
8.412959426641464233e-02
8.139356225728988647e-02
1.515627056360244751e-01
7.714428007602691650e-02
1.049041152000427246e+00
1.663230210542678833e-01
0.000000000000000000e+00
6.103839874267578125e-01
4.150235035922378302e-04
6.713405996561050415e-02
1.207848787307739258e+00
4.317395389080047607e-02
1.058553159236907959e-01
0.000000000000000000e+00
5.203221440315246582e-01
0.000000000000000000e+00
9.307619929313659668e-02
2.272544056177139282e-01
1.106366515159606934e-01
5.291843414306640625e-01
5.060356855392456055e-01
3.325862586498260498e-01
8.945731520652770996e-01
1.209022849798202515e-01
2.875457108020782471e-01
2.938376963138580322e-01
2.265992909669876099e-01
2.626750767230987549e-01
1.072007060050964355e+00
1.807612776756286621e+00
0.000000000000000000e+00
1.939270645380020142e-02
0.000000000000000000e+00
8.991124480962753296e-02
2.305321395397186279e-02
7.489189971238374710e-03
5.820056423544883728e-02
2.183716595172882080e-01
2.639630436897277832e-01
3.665655851364135742e-02
0.000000000000000000e+00
4.296308159828186035e-01
6.144421920180320740e-02
0.000000000000000000e+00
1.173245310783386230e+00
7.711158990859985352e-01
1.137098995968699455e-03
0.000000000000000000e+00
2.776304259896278381e-02
1.435538474470376968e-02
1.832554340362548828e-01
4.978443086147308350e-01
6.173985311761498451e-04
2.666345238685607910e-01
3.137551844120025635e-01
7.503458857536315918e-02
7.372069358825683594e-02
3.594559133052825928e-01
2.586866496130824089e-03
9.820277802646160126e-03
8.681930303573608398e-01
4.404643550515174866e-02
4.072440322488546371e-03
1.458491105586290359e-02
1.215395033359527588e-01
2.054002601653337479e-03
3.995690122246742249e-02
1.427589774131774902e+00
2.499053627252578735e-02
1.642266055569052696e-03
8.918303847312927246e-01
6.097706556320190430e-01
2.174602001905441284e-01
1.057341992855072021e-01
0.000000000000000000e+00
5.933992862701416016e-01
0.000000000000000000e+00
2.486884444952011108e-01
4.158221930265426636e-02
4.409568849951028824e-03
2.557183802127838135e-01
4.175884425640106201e-01
0.000000000000000000e+00
4.488415271043777466e-02
3.293040275573730469e+00
6.302073597908020020e-01
4.829566180706024170e-02
2.287561893463134766e-01
1.652998685836791992e+00
7.413721084594726562e-01
3.570083975791931152e-01
2.380241453647613525e-01
2.175498567521572113e-02
0.000000000000000000e+00
9.197178483009338379e-02
1.063760161399841309e+00
8.031974434852600098e-01
6.338269710540771484e-01
0.000000000000000000e+00
7.856005430221557617e-02
1.942114681005477905e-01
1.399010568857192993e-01
1.706229329109191895e+00
1.056010007858276367e+00
5.379565805196762085e-02
1.655124425888061523e-01
5.919929742813110352e-01
3.879784941673278809e-01
2.407908625900745392e-02
2.363992296159267426e-02
1.518275290727615356e-01
1.122528672218322754e+00
0.000000000000000000e+00
1.639689207077026367e-01
7.794930785894393921e-02
1.394701004028320312e+00
4.617487192153930664e-01
4.473328888416290283e-01
7.236162200570106506e-04
6.541771292686462402e-01
1.905536651611328125e-01
4.983938634395599365e-01
0.000000000000000000e+00
4.893235266208648682e-01
1.451769769191741943e-01
8.781862258911132812e-02
6.516778469085693359e-02
0.000000000000000000e+00
1.974059641361236572e-01
1.354961246252059937e-01
6.763207316398620605e-01
1.201958134770393372e-01
0.000000000000000000e+00
5.001913756132125854e-02
3.049563616514205933e-02
1.106882095336914062e+00
1.257085204124450684e-01
2.086093276739120483e-01
2.061930447816848755e-01
0.000000000000000000e+00
2.018146216869354248e-02
7.741070538759231567e-02
1.137055680155754089e-01
1.641195714473724365e-01
1.168381944298744202e-01
0.000000000000000000e+00
1.239515691995620728e-01
3.877491056919097900e-01
0.000000000000000000e+00
2.831934690475463867e+00
9.892807900905609131e-02
0.000000000000000000e+00
3.757801279425621033e-02
4.639016091823577881e-01
1.718747615814208984e+00
9.276163578033447266e-02
1.062714904546737671e-01
0.000000000000000000e+00
4.402448609471321106e-02
3.118995763361454010e-02
1.687696427106857300e-01
2.037533968687057495e-01
1.794490814208984375e-01
2.699326574802398682e-01
1.571853011846542358e-01
5.019171908497810364e-02
6.819867491722106934e-01
5.668525695800781250e-01
1.516862660646438599e-01
9.564407169818878174e-02
6.727770566940307617e-01
1.273007690906524658e-01
3.632375001907348633e-01
9.755971431732177734e-01
1.136533766984939575e-01
8.050363659858703613e-01
6.729675829410552979e-02
1.157865047454833984e+00
1.289780855178833008e+00
3.170526027679443359e-01
1.210743784904479980e+00
1.356827467679977417e-02
0.000000000000000000e+00
0.000000000000000000e+00
2.057355046272277832e-01
2.493116557598114014e-01
6.713550090789794922e-01
3.832895017694681883e-04
1.933855712413787842e-01
2.209436707198619843e-02
9.167743325233459473e-01
6.677627563476562500e-01
1.955130100250244141e-01
0.000000000000000000e+00
2.318030595779418945e-01
3.316191136837005615e-01
0.000000000000000000e+00
2.095895558595657349e-01
2.281501740217208862e-01
1.298318617045879364e-02
0.000000000000000000e+00
1.793335080146789551e-01
2.533091418445110321e-02
1.760566681623458862e-01
1.914754360914230347e-01
1.209021806716918945e+00
1.821539700031280518e-01
7.091285288333892822e-02
0.000000000000000000e+00
4.817971289157867432e-01
8.683967590332031250e-02
1.202002614736557007e-01
2.642203867435455322e-01
1.320137269794940948e-02
2.963413298130035400e-01
1.667758375406265259e-01
0.000000000000000000e+00
1.323179006576538086e+00
2.066198363900184631e-02
3.435535430908203125e-01
2.447428405284881592e-01
4.083195030689239502e-01
8.434429019689559937e-02
5.352258682250976562e-02
0.000000000000000000e+00
9.206905961036682129e-02
0.000000000000000000e+00
3.459374904632568359e-01
3.265660703182220459e-01
3.481194144114851952e-03
2.096412420272827148e+00
2.925794397015124559e-04
3.395114839076995850e-01
0.000000000000000000e+00
1.688685715198516846e-01
1.053723812103271484e+00
2.236821949481964111e-01
2.580125629901885986e-01
0.000000000000000000e+00
3.499796986579895020e-02
1.611174792051315308e-01
0.000000000000000000e+00
4.179281890392303467e-01
1.082635000348091125e-01
7.739628851413726807e-02
6.812351942062377930e-02
5.670207738876342773e-02
1.773183345794677734e-01
4.779399186372756958e-02
0.000000000000000000e+00
1.112571507692337036e-01
1.362981740385293961e-02
1.461782492697238922e-02
3.393619060516357422e-01
5.097365975379943848e-01
5.246339365839958191e-02
0.000000000000000000e+00
1.060727052390575409e-02
2.423195540904998779e-02
1.613894850015640259e-01
1.156485974788665771e-01
7.907120138406753540e-02
1.012709066271781921e-01
1.073143910616636276e-02
0.000000000000000000e+00
0.000000000000000000e+00
0.000000000000000000e+00
2.847610712051391602e-01
7.632112503051757812e-02
1.559125166386365891e-02
0.000000000000000000e+00
0.000000000000000000e+00
3.977664709091186523e-01
0.000000000000000000e+00
5.998216196894645691e-02
5.974879488348960876e-02
5.616136640310287476e-02
1.897146403789520264e-01
4.306364059448242188e-02
2.095231413841247559e-01
5.041174124926328659e-03
3.708371520042419434e-01
3.777126073837280273e-01
0.000000000000000000e+00
2.460504136979579926e-02
1.127853058278560638e-02
2.675223827362060547e+00
1.871159911155700684e+00
4.315395653247833252e-02
1.411931663751602173e-01
