1.844184398651123047e-01
5.278979539871215820e-01
1.613636501133441925e-02
4.352232068777084351e-02
1.963907107710838318e-02
0.000000000000000000e+00
2.514373958110809326e-01
0.000000000000000000e+00
1.232909321784973145e+00
2.207931756973266602e+00
6.265666484832763672e-01
9.298350214958190918e-01
3.259315490722656250e-01
3.723587393760681152e-01
4.502886533737182617e-01
1.289966851472854614e-01
5.926518440246582031e-01
0.000000000000000000e+00
6.655203104019165039e-01
2.198842316865921021e-01
2.025195658206939697e-01
7.133705019950866699e-01
1.869887113571166992e-01
1.358274668455123901e-01
1.533664166927337646e-01
1.984453387558460236e-02
1.130572408437728882e-01
7.603617757558822632e-02
0.000000000000000000e+00
1.789288409054279327e-02
1.935159921646118164e+00
2.561322450637817383e-01
2.892665565013885498e-01
7.935405708849430084e-03
0.000000000000000000e+00
4.465885460376739502e-01
1.516167726367712021e-02
4.133895039558410645e-01
0.000000000000000000e+00
1.740110367536544800e-01
1.080811768770217896e-01
2.252706093713641167e-03
2.944495901465415955e-02
2.536767959594726562e+00
2.185923419892787933e-02
1.065137097612023354e-03
4.774950742721557617e-01
2.833999134600162506e-02
2.035661786794662476e-02
1.762018203735351562e-01
2.202380001544952393e-01
1.490681711584329605e-02
0.000000000000000000e+00
1.906935870647430420e-01
9.319749474525451660e-02
2.664870955049991608e-02
4.356895014643669128e-02
5.692688375711441040e-02
4.579412639141082764e-01
0.000000000000000000e+00
4.658883094787597656e+00
6.948921084403991699e-01
4.474473297595977783e-01
1.147636026144027710e-01
1.318841576576232910e+00
4.101765751838684082e-01
2.930233180522918701e-01
2.742828607559204102e+00
1.449405550956726074e-01
1.868405193090438843e-01
1.558431625366210938e+00
5.330650210380554199e-01
6.155658885836601257e-02
1.390783145325258374e-04
1.043181940913200378e-01
5.484961867332458496e-01
2.192261815071105957e-01
2.210924327373504639e-01
4.500995948910713196e-02
4.628038033843040466e-03
1.257175803184509277e+00
2.832784175872802734e+00
0.000000000000000000e+00
0.000000000000000000e+00
7.060477882623672485e-02
5.243030190467834473e-01
4.585683345794677734e-01
0.000000000000000000e+00
7.321206927299499512e-01
3.391291573643684387e-02
7.750871777534484863e-01
8.639413714408874512e-01
0.000000000000000000e+00
2.776618301868438721e-01
8.172862529754638672e-01
0.000000000000000000e+00
1.158403992652893066e+00
3.274945616722106934e-01
1.552321463823318481e-01
1.668871164321899414e+00
2.616926729679107666e-01
4.495775699615478516e-01
1.311997026205062866e-01
1.301489353179931641e+00
0.000000000000000000e+00
8.952833712100982666e-03
0.000000000000000000e+00
0.000000000000000000e+00
6.111843045800924301e-03
1.170812606811523438e+01
1.146721560508012772e-02
1.037601113319396973e+00
7.557723522186279297e-01
2.059835672378540039e+00
4.021749794483184814e-01
1.694048754870891571e-02
5.885415524244308472e-02
1.752366423606872559e-01
2.091786116361618042e-01
3.363003209233283997e-02
4.919216036796569824e-01
3.229292109608650208e-03
2.156824618577957153e-01
3.231672644615173340e-01
0.000000000000000000e+00
3.631595522165298462e-02
3.677788674831390381e-01
2.256637573242187500e+00
7.314784526824951172e-01
3.668647632002830505e-02
5.418415069580078125e+00
1.118727684020996094e+00
0.000000000000000000e+00
0.000000000000000000e+00
1.868359446525573730e+00
0.000000000000000000e+00
2.039285749197006226e-01
1.787498444318771362e-01
2.977722406387329102e+00
4.379015266895294189e-01
0.000000000000000000e+00
7.385991811752319336e-01
1.438280045986175537e-01
1.989053249359130859e+00
0.000000000000000000e+00
2.563490159809589386e-02
1.972924470901489258e-01
0.000000000000000000e+00
1.133690103888511658e-01
0.000000000000000000e+00
2.232077419757843018e-01
0.000000000000000000e+00
2.896012365818023682e-01
1.538011617958545685e-02
3.067341148853302002e-01
0.000000000000000000e+00
1.187751173973083496e+00
5.405545607209205627e-02
1.003708541393280029e-01
2.710970118641853333e-02
3.508941829204559326e-01
2.520247362554073334e-02
6.886302232742309570e-01
0.000000000000000000e+00
2.178834378719329834e-01
2.566783428192138672e+00
3.343631699681282043e-02
2.407220657914876938e-03
3.471879065036773682e-01
6.209527969360351562e+00
2.673301100730895996e-01
0.000000000000000000e+00
5.565144419670104980e-01
0.000000000000000000e+00
0.000000000000000000e+00
5.524528399109840393e-02
2.833081781864166260e-01
7.930010557174682617e-02
1.072096526622772217e-01
6.564473509788513184e-01
1.949914842844009399e-01
2.297363042831420898e+00
1.145052984356880188e-01
0.000000000000000000e+00
0.000000000000000000e+00
2.365316301584243774e-01
4.819708168506622314e-01
1.654997467994689941e-01
0.000000000000000000e+00
2.335968971252441406e+00
9.504760056734085083e-02
2.900505661964416504e-01
5.855119228363037109e-01
2.971305139362812042e-02
0.000000000000000000e+00
3.536694496870040894e-02
5.054743289947509766e-01
1.808410137891769409e-01
3.022235035896301270e-01
9.236467480659484863e-01
1.035543531179428101e-01
4.343411326408386230e-01
3.280707867816090584e-03
0.000000000000000000e+00
1.775173842906951904e-01
0.000000000000000000e+00
1.798584312200546265e-02
2.067988395690917969e+00
0.000000000000000000e+00
2.052980363368988037e-01
2.531371712684631348e-01
5.124969780445098877e-02
6.093360781669616699e-01
6.400542259216308594e-01
2.464711964130401611e-01
2.898876965045928955e-01
9.821169823408126831e-02
2.604245662689208984e+00
7.028660178184509277e-01
2.395326737314462662e-04
1.788918226957321167e-01
2.677089348435401917e-02
6.871293485164642334e-02
0.000000000000000000e+00
2.276739180088043213e-01
2.472983114421367645e-02
6.968449354171752930e-01
3.375667929649353027e-01
0.000000000000000000e+00
3.627616465091705322e-01
0.000000000000000000e+00
2.815935760736465454e-02
6.187185645103454590e-01
0.000000000000000000e+00
4.635923542082309723e-03
9.807434082031250000e-01
1.832012683153152466e-01
1.113073900341987610e-01
0.000000000000000000e+00
2.229409106075763702e-02
2.575598657131195068e-01
3.597759604454040527e-01
3.747109472751617432e-01
1.417359471321105957e+00
0.000000000000000000e+00
1.652372628450393677e-02
4.302909597754478455e-03
5.509280562400817871e-01
2.355571538209915161e-01
1.097437143325805664e-01
2.379510253667831421e-01
3.705205917358398438e+00
3.281576186418533325e-02
1.577302962541580200e-01
5.564882978796958923e-02
0.000000000000000000e+00
2.238954007625579834e-01
1.217711716890335083e-02
3.158950507640838623e-01
1.915117353200912476e-01
3.198548406362533569e-02
1.679881453514099121e+00
3.814714193344116211e+00
1.201007049530744553e-02
3.648330569267272949e-01
0.000000000000000000e+00
8.896478265523910522e-02
8.215695023536682129e-01
1.500964164733886719e+00
0.000000000000000000e+00
9.163594841957092285e-01
6.800544261932373047e-01
1.015666723251342773e-01
8.539903163909912109e-02
3.251028954982757568e-01
9.228441119194030762e-01
5.071825981140136719e-01
4.381544888019561768e-01
5.627106189727783203e+00
2.710721790790557861e-01
2.562846057116985321e-02
0.000000000000000000e+00
1.713502407073974609e-01
1.466000080108642578e-01
3.596200346946716309e-01
1.570476412773132324e+00
0.000000000000000000e+00
9.958531856536865234e-01
6.628632545471191406e-01
1.591632515192031860e-01
2.755815386772155762e-01
0.000000000000000000e+00
4.568968899548053741e-03
1.262909054756164551e+00
9.505135938525199890e-03
4.401100799441337585e-02
0.000000000000000000e+00
6.504824757575988770e-01
2.562828660011291504e-01
9.608169202692806721e-04
0.000000000000000000e+00
2.839098218828439713e-03
7.239847183227539062e-01
0.000000000000000000e+00
5.023540258407592773e-01
0.000000000000000000e+00
1.678415387868881226e-01
0.000000000000000000e+00
1.844095252454280853e-02
1.151432991027832031e+00
1.291612386703491211e-01
1.438926219940185547e+00
0.000000000000000000e+00
2.661527156829833984e+00
0.000000000000000000e+00
8.000185489654541016e-01
6.311922669410705566e-01
2.453232556581497192e-02
4.176416993141174316e-01
4.450813233852386475e-01
0.000000000000000000e+00
2.440744545310735703e-03
5.144695285707712173e-03
1.112081170082092285e+00
3.048516213893890381e-01
0.000000000000000000e+00
2.559068426489830017e-02
8.102448284626007080e-02
6.884931772947311401e-02
6.235225200653076172e-01
1.414305269718170166e-01
4.936447441577911377e-01
1.943550944328308105e+00
3.763437569141387939e-01
2.924559405073523521e-03
7.208225876092910767e-02
7.382296770811080933e-02
1.477244589477777481e-02
1.244780700653791428e-02
8.479602634906768799e-02
4.715985804796218872e-02
1.393137425184249878e-01
1.902113556861877441e-01
2.486623078584671021e-01
0.000000000000000000e+00
0.000000000000000000e+00
2.524163201451301575e-02
2.221031300723552704e-02
1.922735571861267090e-02
0.000000000000000000e+00
1.586271047592163086e+00
0.000000000000000000e+00
3.186066448688507080e-02
0.000000000000000000e+00
6.834582239389419556e-02
8.509043455123901367e-01
3.135319650173187256e-01
3.162474870681762695e+00
4.026703536510467529e-02
2.235828638076782227e-01
6.222153827548027039e-02
1.047806859016418457e+00
0.000000000000000000e+00
0.000000000000000000e+00
5.339452624320983887e-02
6.732987165451049805e-01
7.920773029327392578e-01
4.498552799224853516e+00
2.406906895339488983e-02
3.230516612529754639e-01
6.783596873283386230e-01
1.457931548357009888e-01
1.215171162039041519e-02
4.434683024883270264e-01
1.869572997093200684e-01
3.751024901866912842e-01
2.316469103097915649e-01
0.000000000000000000e+00
4.468458652496337891e+00
2.407193481922149658e-01
1.825494050979614258e+00
6.284072399139404297e+00
2.580195963382720947e-01
0.000000000000000000e+00
4.902780055999755859e-01
1.091733225621283054e-03
0.000000000000000000e+00
4.893269017338752747e-02
3.886945247650146484e-01
1.416712552309036255e-01
7.085789442062377930e-01
0.000000000000000000e+00
3.725922852754592896e-02
0.000000000000000000e+00
1.403738856315612793e-01
1.356957674026489258e+00
1.591832637786865234e-01
1.028850674629211426e-01
6.230722665786743164e-01
0.000000000000000000e+00
2.314934581518173218e-01
0.000000000000000000e+00
1.005967736244201660e+00
5.338913798332214355e-01
7.437072694301605225e-02
3.334230929613113403e-02
3.349641263484954834e-01
3.852278470993041992e+00
2.946443855762481689e-01
2.239362001419067383e-01
2.852157056331634521e-01
8.186713457107543945e-01
1.404457926750183105e+00
0.000000000000000000e+00
2.242840290069580078e+00
0.000000000000000000e+00
2.530387639999389648e-01
1.003577709197998047e+00
2.796140015125274658e-01
0.000000000000000000e+00
3.825964871793985367e-03
4.302551746368408203e-01
8.907347917556762695e-01
1.784661412239074707e+00
0.000000000000000000e+00
1.048284411430358887e+00
2.741323709487915039e+00
8.856563270092010498e-02
4.866963326930999756e-01
4.432127997279167175e-02
6.943224072456359863e-01
2.691886126995086670e-01
2.003494799137115479e-01
5.389613509178161621e-01
0.000000000000000000e+00
8.322691917419433594e-01
1.976823091506958008e+00
3.652681782841682434e-02
2.350309491157531738e-02
0.000000000000000000e+00
2.069441527128219604e-01
3.744804114103317261e-02
1.021448746323585510e-01
2.333167344331741333e-01
9.904605150222778320e-02
3.361886739730834961e+00
1.960780471563339233e-01
1.899158716201782227e+00
1.530702114105224609e-01
1.819771677255630493e-01
1.888279989361763000e-02
0.000000000000000000e+00
4.866598844528198242e-01
7.251850962638854980e-01
1.711364835500717163e-02
3.014489412307739258e+00
1.059364676475524902e+00
0.000000000000000000e+00
4.120920181274414062e+00
4.375634249299764633e-03
4.430097993463277817e-03
1.131854057312011719e-01
3.983971104025840759e-02
2.765374779701232910e-01
2.214209735393524170e-01
0.000000000000000000e+00
2.470612525939941406e-02
3.485003411769866943e-01
2.360402233898639679e-02
1.395123362541198730e+00
3.624436259269714355e-02
5.322491645812988281e+00
5.643930435180664062e-01
3.526511788368225098e-01
1.799302846193313599e-01
1.756481289863586426e+00
9.410896897315979004e-02
5.151994228363037109e+00
6.479145288467407227e-01
2.514576017856597900e-01
0.000000000000000000e+00
7.602440714836120605e-01
1.080177053809165955e-01
2.692297399044036865e-01
1.286251187324523926e+00
0.000000000000000000e+00
2.248591277748346329e-03
2.183299139142036438e-02
6.941930055618286133e-01
2.160601913928985596e-01
2.794498205184936523e-01
3.283332884311676025e-01
6.178981661796569824e-01
1.925022006034851074e-01
2.116203546524047852e+00
0.000000000000000000e+00
7.779090404510498047e-01
1.713866233825683594e+00
2.708048582077026367e+00
2.458221614360809326e-01
4.690375328063964844e-01
0.000000000000000000e+00
8.265863358974456787e-02
0.000000000000000000e+00
5.777091503143310547e+00
5.769683718681335449e-01
0.000000000000000000e+00
8.199010789394378662e-02
4.162041544914245605e-01
1.534420251846313477e-02
1.680513978004455566e+00
7.231431007385253906e-01
4.120788574218750000e-01
3.005267120897769928e-02
3.815308511257171631e-01
1.079756766557693481e-01
2.506895363330841064e-01
4.235196590423583984e+00
1.604818105697631836e-01
0.000000000000000000e+00
5.704201698303222656e+00
1.207497239112854004e+00
0.000000000000000000e+00
3.263044357299804688e-02
2.898398414254188538e-02
6.289711475372314453e+00
0.000000000000000000e+00
2.128869295120239258e-01
3.934119939804077148e-01
1.491404324769973755e-01
5.621358379721641541e-02
1.007233262062072754e-01
7.593814134597778320e-01
8.454236388206481934e-01
1.392794847488403320e-01
2.771906256675720215e-01
3.132483363151550293e-01
0.000000000000000000e+00
1.151642724871635437e-01
1.460933923721313477e+00
3.611155152320861816e-01
0.000000000000000000e+00
1.374303340911865234e+00
7.777832448482513428e-02
6.120009813457727432e-03
1.301414668560028076e-01
1.831111073493957520e+00
8.544749617576599121e-01
5.878255963325500488e-01
1.440484225749969482e-01
0.000000000000000000e+00
3.687844797968864441e-02
6.120888590812683105e-01
0.000000000000000000e+00
1.222954317927360535e-01
1.036983430385589600e-01
4.547548770904541016e+00
0.000000000000000000e+00
5.326549708843231201e-02
8.680073916912078857e-02
7.449371814727783203e-01
0.000000000000000000e+00
4.393148720264434814e-01
8.085143566131591797e-01
5.293988622725009918e-03
2.651005387306213379e-01
9.316059201955795288e-02
7.996203005313873291e-02
0.000000000000000000e+00
0.000000000000000000e+00
1.284845352172851562e+00
2.897188067436218262e-01
7.450049370527267456e-02
0.000000000000000000e+00
1.617206484079360962e-01
0.000000000000000000e+00
0.000000000000000000e+00
6.612975597381591797e-01
4.105338752269744873e-01
5.370486378669738770e-01
2.894177436828613281e-01
1.148657560348510742e+00
9.663692116737365723e-02
1.088398337364196777e+00
5.790848657488822937e-02
1.074908971786499023e-01
0.000000000000000000e+00
1.516979783773422241e-01
7.773348093032836914e-01
0.000000000000000000e+00
1.520238071680068970e-01
5.333845019340515137e-01
1.871568849310278893e-03
0.000000000000000000e+00
3.201372921466827393e-02
1.326040774583816528e-01
7.442659139633178711e-01
1.212958455085754395e+00
1.280357316136360168e-02
4.675439000129699707e-01
3.380167186260223389e-01
1.754288747906684875e-02
3.813071874901652336e-03
2.384776592254638672e+00
6.933608055114746094e-01
3.657533228397369385e-01
1.790734082460403442e-01
1.595959439873695374e-02
7.425588369369506836e-02
3.032516241073608398e-01
1.983521878719329834e-02
7.829722762107849121e-02
2.364194393157958984e-01
0.000000000000000000e+00
6.346037238836288452e-02
3.011189699172973633e+00
3.698948323726654053e-01
0.000000000000000000e+00
1.383211374282836914e+00
7.098039984703063965e-01
3.146356437355279922e-03
8.223515748977661133e-02
4.764264225959777832e-01
4.763401299715042114e-02
7.430654764175415039e-01
4.741278011351823807e-03
4.421532154083251953e-01
3.258487582206726074e-01
2.833582758903503418e-01
3.857486182823777199e-03
2.242098450660705566e-01
1.543209910392761230e+00
8.587705902755260468e-03
5.438102483749389648e-01
3.987715840339660645e-01
0.000000000000000000e+00
1.059169229120016098e-02
2.200820207595825195e+00
2.013048648834228516e+00
0.000000000000000000e+00
0.000000000000000000e+00
4.424815773963928223e-01
3.601572215557098389e-01
8.215724229812622070e-01
1.330404891632497311e-03
6.993408799171447754e-01
1.498797908425331116e-03
4.097491502761840820e-02
3.133957833051681519e-02
7.994916290044784546e-02
5.331022739410400391e-01
3.721929192543029785e-01
1.269811298698186874e-03
8.525118231773376465e-01
3.559123352169990540e-02
8.097055554389953613e-01
5.835729837417602539e-01
1.358917057514190674e-01
2.145136147737503052e-02
1.256771206855773926e+00
3.396377801895141602e+00
1.461393013596534729e-02
7.259452939033508301e-01
1.691216789186000824e-02
3.026314079761505127e-01
4.151943698525428772e-02
1.043229341506958008e+00
8.954966813325881958e-02
1.304428339004516602e+00
1.085245981812477112e-01
1.699789464473724365e-01
3.131449460983276367e+00
4.700309634208679199e-01
5.657913684844970703e-01
6.231709718704223633e-01
1.439816057682037354e-01
2.458605051040649414e+00
0.000000000000000000e+00
1.965604543685913086e+00
2.128818988800048828e+00
0.000000000000000000e+00
3.317039906978607178e-01
8.569024503231048584e-02
2.626566775143146515e-02
5.805398803204298019e-03
3.827642798423767090e-01
2.446429967880249023e+00
2.870410121977329254e-02
6.301642209291458130e-02
1.387403905391693115e-01
1.036984324455261230e+00
3.713326156139373779e-02
1.341381818056106567e-01
0.000000000000000000e+00
2.904288843274116516e-02
1.565440744161605835e-02
1.045388430356979370e-01
2.192681841552257538e-02
2.873473763465881348e-01
2.596785426139831543e-01
3.144055366516113281e+00
1.120044440031051636e-01
1.581070125102996826e-01
1.122491583228111267e-01
2.042502641677856445e+00
1.807575970888137817e-01
6.167826056480407715e-01
3.461204096674919128e-02
7.435184121131896973e-01
4.675926268100738525e-01
6.809458732604980469e-01
7.155947089195251465e-01
0.000000000000000000e+00
4.814309775829315186e-01
3.637306094169616699e-01
3.803493380546569824e-01
1.059465631842613220e-01
0.000000000000000000e+00
1.940236091613769531e+00
2.041902691125869751e-01
1.490425020456314087e-01
4.102407693862915039e-01
0.000000000000000000e+00
1.037858426570892334e-02
5.205492377281188965e-01
7.473713904619216919e-02
2.782016806304454803e-02
5.241244435310363770e-01
3.435878455638885498e-01
4.561854898929595947e-02
1.347623299807310104e-02
0.000000000000000000e+00
1.592525601387023926e+00
8.693705797195434570e-01
3.623049706220626831e-03
1.464573144912719727e+00
4.624145030975341797e+00
0.000000000000000000e+00
0.000000000000000000e+00
0.000000000000000000e+00
0.000000000000000000e+00
2.458682358264923096e-01
3.024961948394775391e-01
9.142249077558517456e-02
5.406752228736877441e-01
0.000000000000000000e+00
9.174561500549316406e-01
9.650167077779769897e-02
2.955814301967620850e-01
1.927786916494369507e-01
6.136431694030761719e-01
2.205231338739395142e-01
0.000000000000000000e+00
8.328742980957031250e-01
3.649681508541107178e-01
9.992080740630626678e-03
3.407519310712814331e-02
0.000000000000000000e+00
2.953956723213195801e-01
1.794451713562011719e+00
2.435814589262008667e-01
2.614261865615844727e+00
8.697266578674316406e-01
1.321102380752563477e-01
4.827095985412597656e+00
5.802494883537292480e-01
0.000000000000000000e+00
4.385740458965301514e-01
1.375091820955276489e-01
5.059654116630554199e-01
7.482492923736572266e-02
5.825792625546455383e-02
7.814804911613464355e-01
1.113988459110260010e-01
0.000000000000000000e+00
6.091633439064025879e-02
1.688310205936431885e-01
6.598539352416992188e-01
7.684396505355834961e-01
8.445702493190765381e-02
4.313001036643981934e-02
9.273960441350936890e-02
3.507434576749801636e-02
5.952864140272140503e-02
1.761946201324462891e+00
0.000000000000000000e+00
4.163032174110412598e-01
0.000000000000000000e+00
4.492500424385070801e-01
1.345860838890075684e+00
1.382395438849925995e-02
2.455853670835494995e-01
1.719670593738555908e-01
1.415953636169433594e-01
1.576577901840209961e+00
4.039087295532226562e+00
7.641065716743469238e-01
0.000000000000000000e+00
9.101868420839309692e-02
4.325888454914093018e-01
1.633450865745544434e+00
0.000000000000000000e+00
1.404193162918090820e+00
1.152660608291625977e+00
3.450078666210174561e-01
1.860605359077453613e+00
1.128199219703674316e+00
9.946087747812271118e-02
3.671520352363586426e-01
3.727211356163024902e-01
0.000000000000000000e+00
1.311729788780212402e+00
1.858974061906337738e-02
5.558044910430908203e-01
0.000000000000000000e+00
0.000000000000000000e+00
0.000000000000000000e+00
6.653992533683776855e-01
7.117789983749389648e-02
1.351906776428222656e+00
1.818380504846572876e-02
0.000000000000000000e+00
0.000000000000000000e+00
1.377227809280157089e-02
5.732471942901611328e-01
0.000000000000000000e+00
5.582472085952758789e-01
4.855305305682122707e-04
1.603372991085052490e-01
2.908181905746459961e+00
6.171838566660881042e-02
1.297449320554733276e-02
0.000000000000000000e+00
1.632924228906631470e-01
0.000000000000000000e+00
0.000000000000000000e+00
2.201144099235534668e-01
6.028165575116872787e-03
1.022330164909362793e+00
1.521276712417602539e+00
9.536340087652206421e-02
4.797450542449951172e+00
3.011096417903900146e-01
0.000000000000000000e+00
2.882860898971557617e-01
5.813431739807128906e+00
1.419093310832977295e-01
1.046306937932968140e-01
1.709603428840637207e+00
1.639147102832794189e-02
2.715133829042315483e-03
3.270384389907121658e-03
1.283636838197708130e-01
0.000000000000000000e+00
1.732878535985946655e-01
1.657527983188629150e-01
1.110974401235580444e-01
3.192446231842041016e-01
2.823185920715332031e-01
1.052487716078758240e-01
1.434470899403095245e-02
1.016979962587356567e-01
1.918974071741104126e-01
4.743454456329345703e-01
7.042412161827087402e-01
2.439551800489425659e-01
9.009885787963867188e-02
2.303909808397293091e-01
0.000000000000000000e+00
3.761023759841918945e+00
0.000000000000000000e+00
2.148764431476593018e-01
1.528365164995193481e-01
1.885964512825012207e+00
0.000000000000000000e+00
3.021626770496368408e-01
1.350894890492781997e-04
1.174878180027008057e-01
0.000000000000000000e+00
6.723198294639587402e-02
9.796993434429168701e-02
1.430527567863464355e-01
8.088724613189697266e-01
3.635164499282836914e-01
0.000000000000000000e+00
4.688806459307670593e-02
9.967709332704544067e-02
5.047485604882240295e-02
0.000000000000000000e+00
0.000000000000000000e+00
8.339773416519165039e-01
3.437964245676994324e-02
3.362380981445312500e+00
3.879509493708610535e-02
2.074439227581024170e-01
0.000000000000000000e+00
1.578809499740600586e+00
2.219614088535308838e-01
1.241289496421813965e+00
1.669541954994201660e+00
5.298244357109069824e-01
2.121170759201049805e+00
4.699936509132385254e-02
1.637006551027297974e-02
2.088753134012222290e-02
3.862943127751350403e-02
1.495527774095535278e-01
2.892692804336547852e+00
0.000000000000000000e+00
7.758053485304117203e-03
1.915244907140731812e-01
2.494685500860214233e-01
2.097643464803695679e-01
3.093099296092987061e-01
5.613023638725280762e-01
8.499833941459655762e-01
2.212410718202590942e-01
1.806041002273559570e-01
0.000000000000000000e+00
7.141250371932983398e-01
1.458648443222045898e-01
1.873971223831176758e+00
4.549092650413513184e-01
3.890447914600372314e-01
3.208396732807159424e-01
1.440449953079223633e+00
7.705204486846923828e-01
1.361430525779724121e+00
4.459796547889709473e-01
0.000000000000000000e+00
4.662461578845977783e-03
1.661352366209030151e-01
4.039186984300613403e-03
0.000000000000000000e+00
1.237130284309387207e+00
3.459218144416809082e-01
4.832207784056663513e-02
0.000000000000000000e+00
6.504454016685485840e-01
4.624212086200714111e-01
1.432029306888580322e-01
1.308826804161071777e+00
1.287465810775756836e+00
6.057564541697502136e-02
2.882932186126708984e+00
0.000000000000000000e+00
5.982265472412109375e-01
3.364852815866470337e-02
5.892618298530578613e-01
3.088602721691131592e-01
8.839457035064697266e-01
0.000000000000000000e+00
2.906033992767333984e-01
5.382937937974929810e-02
4.327885508537292480e-01
4.634309113025665283e-01
1.545284390449523926e-01
9.354856796562671661e-03
1.669161081314086914e+00
1.498705625534057617e+00
1.347926855087280273e+00
3.154416084289550781e-01
1.472450606524944305e-02
1.024536564946174622e-01
9.918374568223953247e-02
4.730555415153503418e-01
2.278341352939605713e-02
4.226941764354705811e-01
2.107782840728759766e+00
2.631029859185218811e-02
0.000000000000000000e+00
2.873127162456512451e-01
6.468403935432434082e-01
1.006011962890625000e+00
0.000000000000000000e+00
0.000000000000000000e+00
8.601365089416503906e-01
5.954903364181518555e-01
1.414051502943038940e-01
4.003329202532768250e-02
2.792684733867645264e-01
9.066464006900787354e-02
0.000000000000000000e+00
0.000000000000000000e+00
0.000000000000000000e+00
1.919986754655838013e-01
3.279777169227600098e-01
4.865975677967071533e-01
2.756699919700622559e-03
0.000000000000000000e+00
5.803855419158935547e+00
7.796328067779541016e-01
1.244884610176086426e+00
6.934928148984909058e-02
4.228107035160064697e-01
3.043379075825214386e-02
0.000000000000000000e+00
8.629537373781204224e-02
6.078442931175231934e-02
2.255541801452636719e+00
1.338472843170166016e+00
1.748316921293735504e-02
0.000000000000000000e+00
7.961983792483806610e-03
3.889624357223510742e+00
1.786873489618301392e-01
5.786383748054504395e-01
2.399665117263793945e-01
2.307468950748443604e-01
1.843272000551223755e-01
0.000000000000000000e+00
0.000000000000000000e+00
1.831683963537216187e-01
1.032847817987203598e-02
1.030834102630615234e+01
3.160045146942138672e-01
7.380687445402145386e-02
0.000000000000000000e+00
2.398852854967117310e-01
0.000000000000000000e+00
2.187596401199698448e-03
1.550087183713912964e-01
3.982293978333473206e-02
1.211165171116590500e-02
3.142255172133445740e-02
2.354882471263408661e-02
6.042736768722534180e-01
0.000000000000000000e+00
2.152294635772705078e+00
1.060088514350354671e-03
3.886269032955169678e-01
7.243143916130065918e-01
7.099673151969909668e-01
1.131757423281669617e-01
5.385370552539825439e-02
8.261305093765258789e-01
1.382445693016052246e+00
7.744394987821578979e-02
0.000000000000000000e+00
3.765493631362915039e-02
4.839856028556823730e-01
9.046580642461776733e-02
9.473454207181930542e-03
6.172236800193786621e-01
6.712356209754943848e-01
1.404795497655868530e-01
1.679538488388061523e-01
1.892412826418876648e-02
0.000000000000000000e+00
1.035209558904170990e-02
1.068454384803771973e+00
4.214826226234436035e-01
4.660858958959579468e-02
7.610018253326416016e-01
0.000000000000000000e+00
1.163114048540592194e-02
2.674148045480251312e-02
1.930103540420532227e+00
1.393786221742630005e-01
1.385114192962646484e-01
0.000000000000000000e+00
3.972316384315490723e-01
1.126284897327423096e-01
1.369698196649551392e-01
1.769269257783889771e-02
7.452888041734695435e-02
4.706293344497680664e-02
0.000000000000000000e+00
3.800688087940216064e-01
2.102490216493606567e-01
6.201319396495819092e-02
0.000000000000000000e+00
4.217831134796142578e+00
4.695376157760620117e-01
1.717564463615417480e+00
2.116726338863372803e-02
1.105845347046852112e-01
0.000000000000000000e+00
7.138597965240478516e-01
1.369285225868225098e+00
5.638953298330307007e-02
0.000000000000000000e+00
5.604075267910957336e-02
4.692943096160888672e-01
0.000000000000000000e+00
2.435394227504730225e-01
7.559913210570812225e-03
3.953072056174278259e-02
9.436160326004028320e-02
5.198361277580261230e-01
5.553564801812171936e-02
8.911621570587158203e-02
6.770849227905273438e-01
0.000000000000000000e+00
5.207010358572006226e-02
2.642164528369903564e-01
5.255455374717712402e-01
1.994055323302745819e-02
1.458374381065368652e+00
1.228588461875915527e+00
4.309903085231781006e-01
3.625864386558532715e-01
3.430845439434051514e-01
1.867476478219032288e-02
0.000000000000000000e+00
2.482312440872192383e+00
2.903502620756626129e-02
4.480987787246704102e-02
3.746254444122314453e-01
2.535001933574676514e-02
1.433521956205368042e-01
3.425009315833449364e-03
1.905751079320907593e-01
0.000000000000000000e+00
9.206081032752990723e-01
4.203486442565917969e-01
0.000000000000000000e+00
8.976535201072692871e-01
0.000000000000000000e+00
0.000000000000000000e+00
5.312551259994506836e-01
4.391413629055023193e-01
5.619866400957107544e-02
2.388731539249420166e-01
3.384506106376647949e-01
3.663871049880981445e+00
4.172634184360504150e-01
5.074843019247055054e-02
0.000000000000000000e+00
4.058806896209716797e-01
4.810560047626495361e-01
0.000000000000000000e+00
0.000000000000000000e+00
0.000000000000000000e+00
3.766917288303375244e-01
1.473658829927444458e-01
7.669000327587127686e-02
3.762911558151245117e-01
4.098388254642486572e-01
0.000000000000000000e+00
1.098826751112937927e-01
1.928315758705139160e+00
1.926280111074447632e-01
1.619213521480560303e-01
5.720295310020446777e-01
4.929675906896591187e-02
3.710477054119110107e-01
5.705765448510646820e-03
2.970472574234008789e-01
1.759200572967529297e+00
1.054525971412658691e+00
5.616213753819465637e-02
4.511910974979400635e-01
1.425616860389709473e+00
6.355676054954528809e-02
6.760723772458732128e-04
5.603405833244323730e-01
4.641385674476623535e-01
4.101427555084228516e+00
5.616818089038133621e-03
5.115000158548355103e-02
2.610725462436676025e-01
3.820250749588012695e+00
4.862133413553237915e-03
5.735633373260498047e-01
6.216911673545837402e-01
5.787619948387145996e-01
2.013058587908744812e-02
3.022632747888565063e-02
0.000000000000000000e+00
5.120341479778289795e-02
0.000000000000000000e+00
5.652096867561340332e-01
1.257053911685943604e-01
2.080071866512298584e-01
2.962468564510345459e-02
3.340523838996887207e-01
3.981800377368927002e-02
1.401649266481399536e-01
6.225792169570922852e-01
4.992236793041229248e-01
1.287104487419128418e-01
4.308725833892822266e+00
5.246511697769165039e-01
5.915474519133567810e-02
0.000000000000000000e+00
3.207688331604003906e-01
3.291600644588470459e-01
1.490211963653564453e+00
0.000000000000000000e+00
5.583266168832778931e-02
0.000000000000000000e+00
3.230097889900207520e-02
9.270966798067092896e-02
9.398316144943237305e-01
8.487128652632236481e-03
6.664339900016784668e-01
1.733491539955139160e+00
3.211226165294647217e-01
1.602884754538536072e-02
0.000000000000000000e+00
1.897152513265609741e-01
3.572241216897964478e-02
2.400692105293273926e-01
8.949349820613861084e-02
5.198071002960205078e-01
5.241749882698059082e-01
2.666133455932140350e-03
3.834868967533111572e-01
2.137547284364700317e-01
8.004717826843261719e-01
2.304237484931945801e-01
4.766406957060098648e-03
5.889279302209615707e-03
9.563974738121032715e-01
1.169640183448791504e+00
0.000000000000000000e+00
8.650342002511024475e-03
1.507775392383337021e-02
1.846001297235488892e-01
5.134912580251693726e-02
6.510856747627258301e-01
4.079796314239501953e+00
2.458712160587310791e-01
0.000000000000000000e+00
4.767023921012878418e-01
1.906737238168716431e-01
3.379110693931579590e-01
1.742290616035461426e+00
3.860664367675781250e-01
3.395068943500518799e-01
2.310432493686676025e-01
1.038156270980834961e+00
1.775234788656234741e-01
3.525469064712524414e+00
7.602779865264892578e-01
0.000000000000000000e+00
0.000000000000000000e+00
7.348737120628356934e-02
1.462363362312316895e+00
5.515579134225845337e-02
1.142506837844848633e+00
6.386309117078781128e-02
0.000000000000000000e+00
3.933101296424865723e-01
2.581575885415077209e-02
2.630411386489868164e-01
0.000000000000000000e+00
1.351557493209838867e+00
2.313536852598190308e-01
1.647251695394515991e-01
9.572511911392211914e-01
3.292218148708343506e-01
1.009979844093322754e+00
1.780958026647567749e-01
8.978083133697509766e-01
2.118343301117420197e-02
1.296630740165710449e+00
6.884176135063171387e-01
4.400448799133300781e-01
1.386859714984893799e-01
0.000000000000000000e+00
6.226576864719390869e-03
2.920247554779052734e+00
1.159031167626380920e-01
0.000000000000000000e+00
0.000000000000000000e+00
5.860468000173568726e-02
5.131967067718505859e-01
8.403392881155014038e-02
7.851098198443651199e-04
3.591912984848022461e-01
6.666854768991470337e-02
1.474668085575103760e-01
1.317880954593420029e-02
1.261134266853332520e+00
2.315654903650283813e-01
3.012180626392364502e-01
8.796033263206481934e-01
1.172040030360221863e-02
1.128194332122802734e+00
6.225599721074104309e-02
0.000000000000000000e+00
1.861918449401855469e+00
5.182548165321350098e-01
9.910690784454345703e-02
9.946717321872711182e-02
0.000000000000000000e+00
2.352519929409027100e-01
7.564558088779449463e-02
7.521365582942962646e-02
2.658735811710357666e-01
2.466736920177936554e-02
0.000000000000000000e+00
3.799298405647277832e-01
1.173309206962585449e+00
8.354359865188598633e-01
1.243412867188453674e-01
1.103382185101509094e-01
7.044409960508346558e-02
7.209328562021255493e-02
4.233363866806030273e-01
1.577278971672058105e-01
1.317709833383560181e-01
4.843623638153076172e-01
0.000000000000000000e+00
0.000000000000000000e+00
0.000000000000000000e+00
8.252230286598205566e-02
2.563049551099538803e-03
1.210623979568481445e-01
4.655589163303375244e-01
8.195207715034484863e-01
1.115247249603271484e+00
0.000000000000000000e+00
0.000000000000000000e+00
1.019765377044677734e+00
3.732850402593612671e-02
4.519343078136444092e-01
1.204621642827987671e-01
0.000000000000000000e+00
3.614870607852935791e-01
1.625391840934753418e-01
0.000000000000000000e+00
2.325793802738189697e-01
5.836255550384521484e-01
9.122890830039978027e-01
5.811010003089904785e-01
8.034266531467437744e-02
1.932699815370142460e-03
2.840810827910900116e-02
3.553532809019088745e-02
1.119463518261909485e-01
0.000000000000000000e+00
2.426771819591522217e-01
1.536801695823669434e+00
0.000000000000000000e+00
1.638573765754699707e+00
1.015999168157577515e-02
7.390498518943786621e-01
0.000000000000000000e+00
1.107419654726982117e-01
1.837416172027587891e+00
2.517913103103637695e+00
4.566864073276519775e-01
4.703167825937271118e-03
3.382582366466522217e-01
1.325844883918762207e+00
9.665016531944274902e-01
0.000000000000000000e+00
5.750965476036071777e-01
4.463661462068557739e-03
2.597529813647270203e-02
4.538158178329467773e-01
5.103240013122558594e-01
9.411804080009460449e-01
2.614158987998962402e-01
4.429211094975471497e-02
8.638162165880203247e-02
3.716385126113891602e+00
9.991984367370605469e-01
1.338473111391067505e-01
1.493250846862792969e+00
3.826253116130828857e-01
1.605163931846618652e+00
1.850825938163325191e-04
4.917911887168884277e-01
9.949755668640136719e-01
2.674206793308258057e-01
6.076519489288330078e-01
5.309217572212219238e-01
0.000000000000000000e+00
1.140051126480102539e+00
2.564375996589660645e-01
1.565361581742763519e-02
2.746127080172300339e-03
1.940323472023010254e+00
0.000000000000000000e+00
2.650955438613891602e+00
5.117236375808715820e-01
0.000000000000000000e+00
0.000000000000000000e+00
1.296675298362970352e-02
4.153139889240264893e-01
2.824034169316291809e-02
1.104465778917074203e-02
5.352961421012878418e-01
2.000019252300262451e-01
9.673938155174255371e-02
1.865613311529159546e-01
1.254179000854492188e+00
0.000000000000000000e+00
2.834168374538421631e-01
6.383944302797317505e-03
1.113632678985595703e+00
0.000000000000000000e+00
4.104114696383476257e-02
5.246170163154602051e-01
0.000000000000000000e+00
0.000000000000000000e+00
5.235076546669006348e-01
1.825064420700073242e-01
9.172512888908386230e-01
0.000000000000000000e+00
1.611516714096069336e+00
1.479710042476654053e-01
1.644897937774658203e+00
1.048923805356025696e-01
9.663363546133041382e-02
1.939967513084411621e+00
9.497647732496261597e-02
0.000000000000000000e+00
0.000000000000000000e+00
0.000000000000000000e+00
4.582213237881660461e-03
0.000000000000000000e+00
5.444014072418212891e-01
8.128344267606735229e-02
0.000000000000000000e+00
1.735161185264587402e+00
1.466683484613895416e-02
0.000000000000000000e+00
1.007753014564514160e+00
2.172674052417278290e-02
6.771547198295593262e-01
4.637283831834793091e-02
3.739691153168678284e-02
2.190156221389770508e+00
3.019636310636997223e-02
0.000000000000000000e+00
9.061464108526706696e-03
0.000000000000000000e+00
1.481676101684570312e+00
6.144186854362487793e-01
3.005143105983734131e-01
7.499286174774169922e+00
3.497957587242126465e-01
1.702472329139709473e+00
9.721572995185852051e-01
0.000000000000000000e+00
1.155923008918762207e-01
1.156768426299095154e-01
2.723916769027709961e-01
0.000000000000000000e+00
1.338354349136352539e-01
7.827513664960861206e-02
3.636578023433685303e-01
0.000000000000000000e+00
4.537091124802827835e-03
6.754176616668701172e-01
1.484795451164245605e+00
1.032614931464195251e-01
1.478191316127777100e-01
0.000000000000000000e+00
3.589156866073608398e-01
8.169456571340560913e-02
0.000000000000000000e+00
2.126625299453735352e+00
5.421975627541542053e-02
1.133376955986022949e-01
3.953245654702186584e-02
0.000000000000000000e+00
8.934360146522521973e-01
2.160146832466125488e-01
1.871954798698425293e-01
5.597639828920364380e-03
1.333989053964614868e-01
6.415500640869140625e-01
1.150087833404541016e+00
2.936933517456054688e+00
4.346142113208770752e-01
0.000000000000000000e+00
7.965163141489028931e-02
0.000000000000000000e+00
5.575071088969707489e-03
6.392369270324707031e-01
6.630638241767883301e-01
1.497471928596496582e-01
2.001792751252651215e-02
2.567461967468261719e+00
0.000000000000000000e+00
2.843273337930440903e-03
4.845990915782749653e-04
0.000000000000000000e+00
0.000000000000000000e+00
6.296127438545227051e-01
1.688078641891479492e-01
2.409637672826647758e-03
4.713973402976989746e-02
2.517376244068145752e-01
9.385807812213897705e-02
5.420995354652404785e-01
1.214292943477630615e-01
1.406342148780822754e+00
0.000000000000000000e+00
0.000000000000000000e+00
4.821471869945526123e-02
0.000000000000000000e+00
4.551002010703086853e-02
3.194464445114135742e-01
5.863626956939697266e+00
1.320814490318298340e-01
2.933353781700134277e-01
3.438803434371948242e+00
8.284710347652435303e-03
2.025303989648818970e-01
4.521724879741668701e-01
5.374925732612609863e-01
0.000000000000000000e+00
2.566203773021697998e-01
3.379760384559631348e-01
1.245055198669433594e+00
2.427403926849365234e+00
8.208207041025161743e-02
7.017590999603271484e-01
9.406753778457641602e-01
4.318080842494964600e-01
1.089133620262145996e+00
1.847287893295288086e+00
1.731131076812744141e+00
1.590698599815368652e+00
7.966021299362182617e-01
5.743154883384704590e-01
1.900188475847244263e-01
3.064217865467071533e-01
4.737618446350097656e+00
6.456056237220764160e-01
1.387548208236694336e+00
7.290837168693542480e-02
9.608023613691329956e-02
0.000000000000000000e+00
4.265183508396148682e-01
0.000000000000000000e+00
5.704387664794921875e+00
2.577079646289348602e-02
1.162804067134857178e-01
1.776457205414772034e-02
1.431761980056762695e-01
4.940253198146820068e-01
0.000000000000000000e+00
3.243919610977172852e-01
3.100056434050202370e-03
2.233887091279029846e-03
3.907237201929092407e-03
9.901571087539196014e-03
1.275763474404811859e-02
9.811716154217720032e-03
0.000000000000000000e+00
0.000000000000000000e+00
1.144156605005264282e-02
2.694344222545623779e-01
0.000000000000000000e+00
5.691749230027198792e-02
0.000000000000000000e+00
0.000000000000000000e+00
1.074472904205322266e+00
8.341616392135620117e-02
1.650900542736053467e-01
1.542363967746496201e-02
5.000970959663391113e-01
1.470912337303161621e+00
2.988648712635040283e-01
0.000000000000000000e+00
0.000000000000000000e+00
1.080824255943298340e+00
1.806575179100036621e+00
4.938813745975494385e-01
3.286921977996826172e+00
4.913081228733062744e-01
5.478359699249267578e+00
1.193058909848332405e-03
1.940171420574188232e-01
5.140571594238281250e-01
1.468904167413711548e-01
0.000000000000000000e+00
3.452346846461296082e-02
3.125747442245483398e-01
3.721836581826210022e-02
3.079232871532440186e-01
1.105479836463928223e+00
3.610858321189880371e-02
1.985967755317687988e-01
1.118508577346801758e+00
1.327893882989883423e-01
1.325098983943462372e-02
4.855541586875915527e-01
2.281978428363800049e-01
0.000000000000000000e+00
3.771976232528686523e-01
8.919607400894165039e-01
6.910201162099838257e-03
3.344176530838012695e+00
0.000000000000000000e+00
0.000000000000000000e+00
1.435230851173400879e+00
0.000000000000000000e+00
1.157985627651214600e-02
2.986385822296142578e-01
4.900755584239959717e-01
0.000000000000000000e+00
0.000000000000000000e+00
3.831964451819658279e-03
2.705859839916229248e-01
0.000000000000000000e+00
0.000000000000000000e+00
0.000000000000000000e+00
1.368145793676376343e-01
2.561716735363006592e-02
4.781149625778198242e-01
2.482178211212158203e+00
0.000000000000000000e+00
8.759680204093456268e-03
4.444704651832580566e-01
5.934764817357063293e-02
2.109671197831630707e-02
2.701208591461181641e+00
1.859069347381591797e+00
4.987961053848266602e-02
1.240909546613693237e-01
4.767791628837585449e-01
6.940162777900695801e-01
3.217534422874450684e-01
1.597516983747482300e-01
1.748095750808715820e-01
2.188498735427856445e+00
1.363137513399124146e-01
1.474023312330245972e-01
1.167481422424316406e+00
1.550769805908203125e-01
9.895490109920501709e-02
1.028237640857696533e-01
1.967031061649322510e-01
6.081270799040794373e-02
5.480557680130004883e-01
6.389075517654418945e-01
0.000000000000000000e+00
0.000000000000000000e+00
2.338162958621978760e-01
6.148868054151535034e-02
4.154540598392486572e-02
2.073004543781280518e-01
2.954952716827392578e-01
0.000000000000000000e+00
6.914377212524414062e-01
4.153036773204803467e-01
3.404572606086730957e-01
0.000000000000000000e+00
9.261311888694763184e-01
0.000000000000000000e+00
1.243509531021118164e+00
1.046012341976165771e-01
5.968579292297363281e+00
0.000000000000000000e+00
8.866184949874877930e-02
0.000000000000000000e+00
3.261689841747283936e-01
5.990428850054740906e-02
8.292083740234375000e-01
1.732761599123477936e-02
2.867640554904937744e-01
0.000000000000000000e+00
8.267233148217201233e-03
1.388330608606338501e-01
0.000000000000000000e+00
1.553176902234554291e-02
1.344789624214172363e+00
9.996491074562072754e-01
2.882180269807577133e-03
1.179968357086181641e+00
0.000000000000000000e+00
5.141691863536834717e-02
0.000000000000000000e+00
0.000000000000000000e+00
3.811466507613658905e-03
1.733815371990203857e-01
8.385299891233444214e-02
5.978416278958320618e-02
5.110181570053100586e-01
0.000000000000000000e+00
4.359489083290100098e-01
3.263915181159973145e-01
2.370673697441816330e-03
2.976038455963134766e+00
1.283076554536819458e-01
0.000000000000000000e+00
1.486393273808062077e-03
1.783600300550460815e-01
2.865417003631591797e-01
3.660889863967895508e-01
5.205471515655517578e-01
9.374055862426757812e-01
1.779105067253112793e-01
4.437922239303588867e-01
2.035915851593017578e-01
9.736913442611694336e-02
1.525132358074188232e-01
1.256612539291381836e-01
0.000000000000000000e+00
8.435948751866817474e-03
5.698058288544416428e-03
5.835799574851989746e-01
1.986080221831798553e-02
8.196564316749572754e-01
9.196268022060394287e-02
2.163449674844741821e-02
2.098583877086639404e-01
1.695656478404998779e-01
2.552428096532821655e-02
2.141622602939605713e-01
1.994546037167310715e-03
8.733816146850585938e-01
0.000000000000000000e+00
5.926810950040817261e-02
0.000000000000000000e+00
3.210568726062774658e-01
1.047617346048355103e-01
2.751277983188629150e-01
8.062772154808044434e-01
1.695434153079986572e-01
4.877849423792213202e-04
0.000000000000000000e+00
1.188074588775634766e+00
0.000000000000000000e+00
0.000000000000000000e+00
1.528873294591903687e-01
4.295664429664611816e-01
3.598408699035644531e-01
4.624498188495635986e-01
1.710574328899383545e-02
0.000000000000000000e+00
1.643641829490661621e+00
0.000000000000000000e+00
9.190005809068679810e-02
2.566386200487613678e-02
2.729889377951622009e-02
1.338743418455123901e-01
2.527216434478759766e+00
9.787640534341335297e-03
0.000000000000000000e+00
3.162299990653991699e-01
1.912509836256504059e-02
4.972526133060455322e-01
9.358955919742584229e-02
1.118007767945528030e-02
1.011435911059379578e-01
8.108903765678405762e-01
0.000000000000000000e+00
5.002237483859062195e-02
0.000000000000000000e+00
3.982788324356079102e-01
0.000000000000000000e+00
6.715646982192993164e-01
2.728102505207061768e-01
9.599179774522781372e-02
0.000000000000000000e+00
5.369728803634643555e-01
6.202549457550048828e+00
0.000000000000000000e+00
2.154582366347312927e-02
1.247117742896080017e-01
3.742913305759429932e-01
1.486300379037857056e-01
2.517224311828613281e+00
0.000000000000000000e+00
8.623437881469726562e-01
7.356375455856323242e-02
2.249539196491241455e-01
2.220255732536315918e-01
5.142214894294738770e-02
1.082691103219985962e-01
9.102922677993774414e-01
2.338794767856597900e-01
5.735048055648803711e-01
3.659468293190002441e-01
7.274956703186035156e-01
1.072955727577209473e+00
5.295467376708984375e-02
0.000000000000000000e+00
9.588701128959655762e-01
5.702710747718811035e-01
3.748218774795532227e+00
2.753439545631408691e-02
0.000000000000000000e+00
3.376475870609283447e-01
4.233459383249282837e-02
1.149467349052429199e+00
2.990005314350128174e-01
4.103855133056640625e+00
0.000000000000000000e+00
5.437979698181152344e-01
7.695647329092025757e-02
5.634004622697830200e-02
2.536357194185256958e-02
4.018880128860473633e-01
5.115771889686584473e-01
6.631636619567871094e-01
1.238358765840530396e-01
6.833996176719665527e-01
1.899044066667556763e-01
2.059089899063110352e+00
4.382321238517761230e-01
2.636185586452484131e-01
1.235978491604328156e-02
4.651578664779663086e-01
2.320137619972229004e-01
1.209468245506286621e-01
6.677121669054031372e-02
6.671245209872722626e-03
7.089689373970031738e-01
3.264996707439422607e-01
1.735519431531429291e-02
2.101356163620948792e-02
3.626562654972076416e-02
2.108581781387329102e+00
4.073840007185935974e-02
1.523857414722442627e-01
1.845501810312271118e-01
0.000000000000000000e+00
1.592529416084289551e-01
0.000000000000000000e+00
1.406468171626329422e-02
1.204270571470260620e-01
5.121738314628601074e-01
1.160658746957778931e-01
4.076876044273376465e-01
3.099699318408966064e-01
4.237685799598693848e-01
2.189425565302371979e-02
1.006739139556884766e+00
4.358670115470886230e-01
1.184869110584259033e-01
9.599530696868896484e-02
6.815969198942184448e-02
7.675663381814956665e-02
2.173498272895812988e-01
4.492361545562744141e-01
2.636630833148956299e-02
3.553349673748016357e-01
0.000000000000000000e+00
2.042182534933090210e-02
1.001329421997070312e-01
3.196619683876633644e-03
2.099211454391479492e+00
3.065085649490356445e+00
9.736908599734306335e-03
0.000000000000000000e+00
4.299367070198059082e-01
7.170568704605102539e-01
1.162385661154985428e-02
6.146687269210815430e-01
2.700220942497253418e-01
0.000000000000000000e+00
6.776997447013854980e-01
0.000000000000000000e+00
1.433094218373298645e-02
1.007756404578685760e-02
2.609143257141113281e-01
1.435295939445495605e+00
6.898638606071472168e-02
5.890994668006896973e-01
5.731173753738403320e-01
7.187003493309020996e-01
2.109864726662635803e-02
4.197728633880615234e-01
1.122862339019775391e+00
8.725804090499877930e-02
2.914305031299591064e-01
3.091032430529594421e-02
7.065464496612548828e+00
5.735320597887039185e-02
2.352169342339038849e-02
8.588129281997680664e-02
7.740758657455444336e-01
4.731306806206703186e-02
3.449776172637939453e-01
0.000000000000000000e+00
1.205907389521598816e-01
9.961357573047280312e-04
3.953999519348144531e+00
1.362225294113159180e+00
1.185094118118286133e-01
0.000000000000000000e+00
2.459969967603683472e-01
1.135573387145996094e-01
1.504963785409927368e-01
2.102684676647186279e-01
0.000000000000000000e+00
1.715089321136474609e+00
1.802221775054931641e+00
8.490888476371765137e-01
6.757134199142456055e-01
1.665562274865806103e-03
2.641240507364273071e-02
3.397824466228485107e-01
1.356850743293762207e+00
1.820635050535202026e-01
2.853352129459381104e-01
2.777628041803836823e-02
0.000000000000000000e+00
1.157131697982549667e-02
1.477734446525573730e-01
1.608989238739013672e-01
1.151912212371826172e+00
2.110636996803805232e-04
0.000000000000000000e+00
1.508863084018230438e-02
1.019775047898292542e-01
1.339867830276489258e+00
1.147114276885986328e+00
5.866546034812927246e-01
1.197947561740875244e-01
1.501677334308624268e-01
7.734788954257965088e-02
2.785828113555908203e-01
7.295476794242858887e-01
3.683525919914245605e-01
4.318215325474739075e-02
0.000000000000000000e+00
1.487456262111663818e-01
7.688517570495605469e-01
5.991139635443687439e-02
1.333932429552078247e-01
6.349654197692871094e+00
3.888334929943084717e-01
2.712644815444946289e+00
2.073688665404915810e-03
2.104386538267135620e-01
1.130779832601547241e-01
0.000000000000000000e+00
1.700087785720825195e-01
2.932586669921875000e-01
3.819170951843261719e+00
2.242105081677436829e-02
3.038064479827880859e+00
0.000000000000000000e+00
5.792149901390075684e-01
2.230805754661560059e-01
2.735416650772094727e+00
2.034080214798450470e-02
1.206007003784179688e+00
0.000000000000000000e+00
5.233680009841918945e-01
1.112306118011474609e+00
7.317859213799238205e-03
0.000000000000000000e+00
3.035680294036865234e+00
0.000000000000000000e+00
5.605121701955795288e-02
1.092409044504165649e-01
2.950087189674377441e-01
3.975142538547515869e-01
1.171421110630035400e-01
4.677594453096389771e-02
1.062955498695373535e+00
1.823091745376586914e+00
5.446316599845886230e-01
0.000000000000000000e+00
1.425561904907226562e+00
4.969676025211811066e-03
7.528401017189025879e-01
3.861173391342163086e-01
2.787877917289733887e-01
0.000000000000000000e+00
3.623973846435546875e+00
3.166670799255371094e+00
1.070052504539489746e+00
5.474352464079856873e-02
2.454687654972076416e-01
2.765476107597351074e-01
1.932723224163055420e-01
1.019928574562072754e+00
3.053896725177764893e-01
8.519316911697387695e-01
1.067256212234497070e+00
6.425708532333374023e-02
6.808130145072937012e-01
3.463194370269775391e-01
0.000000000000000000e+00
1.154041886329650879e+00
3.670632466673851013e-02
3.141032755374908447e-01
3.614083305001258850e-02
1.451812863349914551e+00
8.614429831504821777e-01
3.466777130961418152e-02
1.246918886899948120e-01
3.025037050247192383e-01
1.921002566814422607e-01
4.891265630722045898e-01
0.000000000000000000e+00
3.197782337665557861e-01
8.199805766344070435e-02
2.756571769714355469e-01
9.103997945785522461e-01
8.958531022071838379e-01
6.769067049026489258e-02
5.768467783927917480e-01
2.810148000717163086e-01
1.841835677623748779e-01
8.890959620475769043e-02
0.000000000000000000e+00
3.319321840535849333e-04
0.000000000000000000e+00
1.456496585160493851e-02
7.866340875625610352e-02
0.000000000000000000e+00
4.502913951873779297e-01
0.000000000000000000e+00
2.573187230154871941e-03
2.907034754753112793e-02
3.509227419272065163e-03
0.000000000000000000e+00
2.040371671319007874e-02
4.695353209972381592e-01
7.473699748516082764e-02
1.175756379961967468e-02
9.818445146083831787e-02
3.821220621466636658e-02
2.035887479782104492e+00
6.025194004178047180e-02
9.543759375810623169e-02
0.000000000000000000e+00
4.382561519742012024e-02
5.189778283238410950e-03
2.519001960754394531e-01
9.570496156811714172e-03
8.650416880846023560e-02
0.000000000000000000e+00
1.719140648841857910e+00
1.939782053232192993e-01
5.286092162132263184e-01
1.661763153970241547e-02
2.380948811769485474e-01
1.337593078613281250e+00
2.850214838981628418e-01
0.000000000000000000e+00
6.573525071144104004e-01
1.020817160606384277e+00
5.675265192985534668e-02
7.339826822280883789e-01
1.400151699781417847e-01
0.000000000000000000e+00
0.000000000000000000e+00
1.815831184387207031e+00
1.097162008285522461e+00
0.000000000000000000e+00
1.854721340350806713e-03
8.194808959960937500e-01
