6.210242584347724915e-02
1.034404188394546509e-01
9.915934503078460693e-02
3.719859197735786438e-02
3.218889236450195312e-01
9.523032605648040771e-02
1.397719085216522217e-01
3.298012018203735352e-01
1.383886784315109253e-01
3.710378170013427734e+00
2.057476341724395752e-02
5.489387512207031250e-01
4.884026944637298584e-02
6.711555719375610352e-01
8.126198500394821167e-02
0.000000000000000000e+00
3.256497979164123535e-01
0.000000000000000000e+00
1.969501137733459473e+00
3.482851982116699219e-01
8.631985187530517578e-01
1.338031589984893799e-01
0.000000000000000000e+00
7.420982420444488525e-02
1.364017021842300892e-03
5.537769198417663574e-02
0.000000000000000000e+00
2.612076103687286377e-01
2.152324169874191284e-01
1.783558577299118042e-01
3.601827323436737061e-01
8.810198307037353516e-01
5.478713512420654297e-01
3.530142828822135925e-02
5.620368570089340210e-02
1.304906979203224182e-02
0.000000000000000000e+00
6.127477064728736877e-02
4.884059727191925049e-02
4.247327446937561035e-01
5.739992856979370117e-01
8.324801176786422729e-02
0.000000000000000000e+00
2.946235179901123047e+00
0.000000000000000000e+00
1.165041998028755188e-01
1.272612065076828003e-01
2.024930477142333984e+00
1.347631216049194336e+00
4.827392399311065674e-01
2.332714051008224487e-01
8.414316177368164062e-01
1.487850069999694824e+00
4.870965182781219482e-01
2.273308336734771729e-01
4.581716060638427734e-01
2.351695904508233070e-03
7.030248045921325684e-01
8.632033318281173706e-02
1.338561326265335083e-01
9.436483494937419891e-03
3.189938142895698547e-02
1.011215895414352417e-02
6.837704032659530640e-02
8.855088055133819580e-02
2.085508555173873901e-01
2.724123895168304443e-01
2.247550487518310547e-01
1.513547152280807495e-01
2.905895113945007324e-01
2.275321781635284424e-01
4.295602142810821533e-01
6.349295377731323242e-02
4.897905886173248291e-02
4.130722284317016602e-01
1.077611222863197327e-01
7.503610849380493164e-01
0.000000000000000000e+00
1.276178508996963501e-01
2.097109891474246979e-02
3.754294216632843018e-01
2.300124615430831909e-01
0.000000000000000000e+00
7.158572226762771606e-02
1.305034607648849487e-01
2.648091502487659454e-02
2.038482725620269775e-01
1.351946312934160233e-02
0.000000000000000000e+00
8.648906648159027100e-02
1.110227331519126892e-01
6.411354243755340576e-02
4.791128933429718018e-01
4.287640005350112915e-02
3.602160885930061340e-02
2.888988470658659935e-03
1.701828837394714355e+00
1.003204941749572754e+00
4.721792638301849365e-01
1.297459602355957031e-01
5.788956955075263977e-02
4.962939321994781494e-01
8.529734611511230469e-01
2.650328278541564941e-01
2.076509892940521240e-01
3.624269962310791016e+00
3.291278332471847534e-02
1.799344569444656372e-01
1.898299008607864380e-01
3.162131547927856445e+00
3.869743347167968750e-01
2.452212572097778320e-01
1.606490090489387512e-02
3.679759979248046875e+00
0.000000000000000000e+00
2.888296172022819519e-02
2.310982346534729004e-02
1.446369767189025879e+00
3.435630798339843750e-01
1.073052361607551575e-01
5.561386793851852417e-02
1.921738266944885254e+00
1.372642517089843750e+00
1.239775344729423523e-01
7.856814861297607422e-01
2.301875948905944824e-01
2.336202621459960938e+00
8.716925978660583496e-01
0.000000000000000000e+00
2.235422842204570770e-02
8.243299126625061035e-01
0.000000000000000000e+00
0.000000000000000000e+00
1.348320484161376953e+00
8.426939249038696289e-01
3.248526016250252724e-03
5.206045508384704590e-02
7.313764095306396484e-01
4.922294139862060547e+00
4.768070280551910400e-01
3.135157227516174316e-01
4.100055992603302002e-02
1.407302737236022949e+00
3.203131258487701416e-02
4.275397211313247681e-02
1.252951920032501221e-01
3.672954142093658447e-01
4.376093149185180664e-01
1.045994460582733154e-01
2.954499423503875732e-02
2.710777893662452698e-02
8.839236572384834290e-03
2.202354930341243744e-02
6.064372062683105469e-01
7.729763388633728027e-01
1.118778511881828308e-01
5.413531884551048279e-02
1.587906926870346069e-01
5.460527166724205017e-02
0.000000000000000000e+00
2.673725485801696777e-01
3.830582499504089355e-01
1.520444750785827637e+00
3.541805446147918701e-01
1.175117492675781250e-02
1.460777640342712402e+00
2.623059041798114777e-02
1.343881130218505859e+00
1.145453974604606628e-01
3.213787376880645752e-01
1.974436640739440918e-02
7.286838442087173462e-02
3.492917418479919434e-01
1.373094022274017334e-01
2.395934239029884338e-02
2.483169138431549072e-01
4.226606804877519608e-03
0.000000000000000000e+00
2.125758647918701172e+00
5.675203353166580200e-02
0.000000000000000000e+00
6.421236991882324219e-01
0.000000000000000000e+00
5.140424370765686035e-01
9.605559706687927246e-02
8.664945513010025024e-02
2.365939021110534668e-01
0.000000000000000000e+00
3.269827067852020264e-01
2.194228395819664001e-02
1.096436381340026855e+00
0.000000000000000000e+00
1.035104971379041672e-02
3.843916952610015869e-01
0.000000000000000000e+00
2.476972490549087524e-01
0.000000000000000000e+00
3.387401998043060303e-01
7.548113465309143066e-01
5.912587046623229980e-02
8.339499682188034058e-02
8.122838735580444336e-01
9.501066058874130249e-02
3.214720189571380615e-01
0.000000000000000000e+00
4.291782677173614502e-01
0.000000000000000000e+00
9.353533387184143066e-01
1.837766915559768677e-02
3.496349751949310303e-01
4.029744118452072144e-02
5.213570222258567810e-02
3.866333067417144775e-01
6.864046736154705286e-05
5.606354236602783203e+00
1.950214803218841553e-02
1.094238877296447754e+00
4.268359839916229248e-01
8.990054950118064880e-03
9.992023110389709473e-01
5.565996170043945312e-01
2.049863338470458984e-03
2.102792739868164062e+00
2.680133841931819916e-02
1.130929123610258102e-02
1.393023729324340820e+00
2.884617745876312256e-01
1.894854158163070679e-01
1.719387248158454895e-03
1.602100133895874023e-01
1.199999928474426270e+00
0.000000000000000000e+00
2.938777580857276917e-02
1.567156054079532623e-02
1.404136046767234802e-02
5.104677081108093262e-01
0.000000000000000000e+00
7.072540372610092163e-02
0.000000000000000000e+00
7.743057329207658768e-03
0.000000000000000000e+00
2.907264791429042816e-02
0.000000000000000000e+00
0.000000000000000000e+00
2.757710933685302734e+00
6.216717138886451721e-02
5.335437059402465820e-01
8.603209257125854492e-02
3.503127098083496094e-01
8.439279347658157349e-02
3.732006251811981201e-01
4.016890525817871094e-01
5.750730633735656738e-01
6.075208187103271484e-01
3.010728657245635986e-01
0.000000000000000000e+00
2.230098247528076172e-01
0.000000000000000000e+00
0.000000000000000000e+00
4.389078617095947266e+00
1.108594704419374466e-02
3.435662388801574707e-02
1.787880539894104004e+00
2.475859522819519043e-01
1.382791996002197266e+00
0.000000000000000000e+00
9.340390563011169434e-02
1.238623380661010742e+00
1.387434840202331543e+00
8.517474532127380371e-01
3.050529956817626953e-02
5.896095037460327148e-01
1.254409458488225937e-02
2.165219187736511230e-01
4.041855037212371826e-02
9.841939210891723633e-01
5.101740732789039612e-02
2.603159844875335693e-01
0.000000000000000000e+00
1.427632570266723633e-01
1.269667223095893860e-02
1.581472158432006836e-01
3.891072273254394531e-01
7.361757569015026093e-03
7.259732484817504883e-01
1.001856923103332520e+00
0.000000000000000000e+00
2.791586816310882568e-01
5.198648199439048767e-02
1.152527689933776855e+00
0.000000000000000000e+00
0.000000000000000000e+00
1.351881027221679688e-01
2.272455692291259766e-01
2.615872304886579514e-03
1.235836744308471680e-01
1.508178710937500000e-01
4.580108076333999634e-02
2.760380692780017853e-02
5.057476460933685303e-02
5.477825999259948730e-01
8.628118038177490234e-01
2.051532566547393799e-01
4.655429720878601074e-02
9.675788879394531250e-02
5.302912369370460510e-02
0.000000000000000000e+00
8.267635712400078773e-04
4.099887013435363770e-01
7.558743655681610107e-02
3.075879514217376709e-01
9.644953161478042603e-02
9.874009341001510620e-02
5.215957388281822205e-02
6.332193613052368164e-01
1.097617447376251221e-01
1.188203334808349609e+00
9.901149570941925049e-02
1.523541927337646484e+00
1.149859786033630371e+00
5.512279868125915527e-01
2.934760749340057373e-01
1.788998246192932129e+00
1.413369923830032349e-01
2.026424258947372437e-01
5.315330028533935547e-01
0.000000000000000000e+00
7.076210379600524902e-01
0.000000000000000000e+00
1.236463114619255066e-01
5.098366364836692810e-02
7.573708295822143555e-01
1.105454470962285995e-02
0.000000000000000000e+00
3.658738136291503906e-01
1.054005697369575500e-01
1.510147657245397568e-02
7.503288984298706055e-01
2.220958620309829712e-01
3.120019100606441498e-03
2.045326083898544312e-01
2.171776141040027142e-04
0.000000000000000000e+00
3.258071541786193848e-01
9.551378898322582245e-03
2.178021073341369629e-01
4.536203294992446899e-02
1.103099346160888672e+00
1.367618888616561890e-02
8.520983457565307617e-01
2.614871859550476074e-01
2.581419236958026886e-02
1.299881100654602051e+00
9.372489154338836670e-02
2.400291413068771362e-01
0.000000000000000000e+00
6.783842574805021286e-03
1.624669730663299561e-01
1.622518420219421387e+00
1.508296746760606766e-02
0.000000000000000000e+00
3.166230320930480957e-01
1.222958490252494812e-01
1.141252145171165466e-01
1.115792896598577499e-02
4.521527886390686035e-01
7.457803487777709961e-01
3.330046236515045166e-01
2.163399457931518555e-01
4.648184403777122498e-02
1.678989171981811523e+00
3.807365894317626953e-01
2.714093625545501709e-01
1.838109374046325684e+00
0.000000000000000000e+00
5.447993278503417969e-01
2.337265461683273315e-01
5.420766472816467285e-01
2.265651464462280273e+00
5.057149007916450500e-02
0.000000000000000000e+00
2.260466963052749634e-01
5.708321183919906616e-02
1.205411672592163086e+00
6.231951117515563965e-01
5.721184238791465759e-02
3.675154969096183777e-02
5.144769698381423950e-02
1.711747407913208008e+00
5.523636005818843842e-03
3.533644080162048340e-01
3.487059846520423889e-02
0.000000000000000000e+00
3.510508537292480469e+00
3.355489373207092285e-01
3.527714729309082031e+00
5.653002262115478516e-01
0.000000000000000000e+00
5.256195366382598877e-02
3.479412496089935303e-01
0.000000000000000000e+00
0.000000000000000000e+00
0.000000000000000000e+00
5.483016967773437500e-01
1.382620781660079956e-01
7.453674077987670898e-02
0.000000000000000000e+00
3.763275146484375000e-01
1.006203666329383850e-01
9.177558124065399170e-02
4.583346247673034668e-01
5.219685435295104980e-01
4.131959676742553711e-01
1.924086213111877441e-01
1.730966687202453613e+00
0.000000000000000000e+00
0.000000000000000000e+00
0.000000000000000000e+00
5.320689082145690918e-01
4.689655601978302002e-01
5.994679033756256104e-02
4.175496697425842285e-01
4.533315896987915039e-01
4.555245935916900635e-01
5.943796634674072266e-01
2.686737477779388428e-01
6.140273571014404297e+00
2.140650525689125061e-02
1.648406237363815308e-01
4.205250367522239685e-02
1.207846760749816895e+00
7.007477339357137680e-03
1.905003041028976440e-01
1.194440722465515137e-01
0.000000000000000000e+00
8.643592596054077148e-01
3.514726459980010986e-01
6.393462419509887695e-01
5.669401884078979492e-01
2.382792681455612183e-01
2.028630813583731651e-03
4.412245154380798340e-01
2.275304496288299561e-02
2.217108458280563354e-01
2.053267806768417358e-01
6.704676151275634766e-01
3.978799656033515930e-02
7.091838400810956955e-03
0.000000000000000000e+00
0.000000000000000000e+00
5.484145283699035645e-01
4.210984110832214355e-01
4.851553738117218018e-01
1.341559171676635742e+00
1.488927938044071198e-02
4.222816228866577148e-01
5.398993492126464844e-01
8.571884781122207642e-02
9.053782373666763306e-02
0.000000000000000000e+00
2.515994757413864136e-02
9.399700164794921875e-02
7.564395070075988770e-01
1.210827752947807312e-01
4.782104492187500000e-02
1.238494962453842163e-01
9.207926690578460693e-03
1.898466944694519043e-01
0.000000000000000000e+00
2.658707857131958008e+00
0.000000000000000000e+00
3.178431093692779541e-01
7.913252115249633789e-01
3.424954414367675781e-01
1.679142117500305176e+00
2.511256933212280273e-01
0.000000000000000000e+00
6.342400312423706055e-01
3.328604400157928467e-01
0.000000000000000000e+00
0.000000000000000000e+00
5.016933754086494446e-02
4.895841181278228760e-01
3.276176929473876953e+00
6.967914104461669922e-01
1.696275353431701660e+00
0.000000000000000000e+00
2.644830644130706787e-01
9.678497314453125000e-01
2.663580477237701416e-01
2.195780575275421143e-01
1.305193603038787842e-01
6.718347668647766113e-01
0.000000000000000000e+00
0.000000000000000000e+00
2.546337842941284180e-01
7.117381095886230469e-01
9.521366953849792480e-01
5.237042903900146484e-01
3.307755887508392334e-01
1.150481519289314747e-03
6.985486745834350586e-01
0.000000000000000000e+00
0.000000000000000000e+00
2.226644277572631836e+00
1.747615188360214233e-01
7.658874243497848511e-02
3.344901204109191895e-01
8.660498261451721191e-02
3.838610649108886719e-01
2.241454869508743286e-01
2.703018784523010254e-01
1.902914047241210938e+00
6.682884693145751953e-01
7.506853342056274414e-02
2.047460898756980896e-02
6.911332011222839355e-01
1.291472315788269043e-01
4.258467257022857666e-01
4.983347952365875244e-01
1.003707051277160645e+00
7.456980347633361816e-01
1.988947018980979919e-02
5.627652645111083984e+00
1.442664489150047302e-02
3.449462056159973145e-01
1.265876367688179016e-02
1.260512471199035645e+00
0.000000000000000000e+00
2.138046920299530029e-01
7.213760614395141602e-01
8.686970919370651245e-02
1.744591444730758667e-01
1.814268529415130615e-02
1.324131846427917480e+00
1.887520909309387207e+00
1.316183805465698242e-01
1.817860305309295654e-01
8.186613768339157104e-02
0.000000000000000000e+00
0.000000000000000000e+00
1.428665220737457275e-01
2.977328896522521973e-01
3.528857138007879257e-03
4.198824167251586914e-01
1.708353757858276367e-01
0.000000000000000000e+00
3.345270752906799316e-01
2.011195756494998932e-02
1.571832746267318726e-01
1.739007532596588135e-01
5.474611185491085052e-03
0.000000000000000000e+00
6.637463811784982681e-03
1.370928585529327393e-01
7.375761866569519043e-02
1.090523004531860352e-01
1.073134168982505798e-01
4.796530306339263916e-01
5.700491019524633884e-04
0.000000000000000000e+00
3.086691722273826599e-02
2.734655328094959259e-02
1.357806324958801270e-01
1.751181185245513916e-01
6.681321561336517334e-02
0.000000000000000000e+00
1.498827487230300903e-01
7.864776253700256348e-02
4.623107612133026123e-01
5.488533973693847656e-01
0.000000000000000000e+00
5.837658420205116272e-02
4.371729120612144470e-02
3.147774338722229004e-01
1.844172552227973938e-02
2.701153159141540527e-01
4.855319112539291382e-02
0.000000000000000000e+00
5.259615182876586914e-01
3.547139763832092285e-01
2.328331619501113892e-01
2.104042023420333862e-01
2.059439271688461304e-01
9.731204807758331299e-02
6.913731694221496582e-01
8.483155071735382080e-02
1.089747190475463867e+00
6.398469805717468262e-01
8.918604254722595215e-02
3.211181759834289551e-01
1.361079961061477661e-01
3.067754507064819336e-01
3.831777870655059814e-01
0.000000000000000000e+00
1.702021807432174683e-01
2.282399125397205353e-02
3.593947365880012512e-02
4.801042079925537109e-01
3.764271140098571777e-01
7.978792786598205566e-01
3.417137265205383301e-02
0.000000000000000000e+00
2.337430000305175781e+00
2.128536701202392578e-01
0.000000000000000000e+00
9.148143231868743896e-02
0.000000000000000000e+00
1.861437261104583740e-01
1.818862706422805786e-01
8.057204484939575195e-01
6.696774363517761230e-01
1.536245942115783691e-01
0.000000000000000000e+00
2.744376659393310547e-01
1.127859726548194885e-01
1.779943346977233887e+00
3.835675865411758423e-02
1.623865842819213867e+00
2.762837335467338562e-02
3.148366451263427734e+00
1.219859123229980469e-01
3.770945072174072266e-01
2.252777516841888428e-01
9.561565704643726349e-03
2.292893826961517334e-01
7.612848281860351562e-02
1.064733266830444336e-01
4.544541537761688232e-01
1.295946478843688965e+00
6.789065003395080566e-01
1.176746934652328491e-01
9.645944833755493164e-01
3.009056299924850464e-02
2.137024104595184326e-01
4.915072023868560791e-02
1.294731348752975464e-01
5.375182032585144043e-01
4.139535129070281982e-01
6.833566427230834961e-01
1.128987297415733337e-01
4.353619098663330078e+00
3.123463094234466553e-01
2.541453242301940918e-01
1.235197409987449646e-01
7.230429649353027344e-01
1.923919282853603363e-02
1.171305682510137558e-02
1.183943271636962891e+00
3.207214772701263428e-01
1.125004068017005920e-01
2.164577506482601166e-02
3.787785768508911133e+00
2.884433232247829437e-02
7.270453572273254395e-01
1.365287601947784424e-01
4.384194687008857727e-02
1.176479179412126541e-02
3.660981655120849609e-01
8.814203739166259766e-01
3.977033197879791260e-01
9.312899708747863770e-01
7.823761105537414551e-01
1.022443652153015137e+00
2.134131640195846558e-01
1.465531945228576660e+00
2.107323408126831055e-01
3.108578622341156006e-01
5.349693447351455688e-02
4.655095562338829041e-02
1.214490737766027451e-02
8.028941154479980469e-01
6.519434601068496704e-02
1.055123209953308105e+00
3.621841967105865479e-02
1.289859056472778320e+00
3.401543796062469482e-01
9.496421553194522858e-03
1.882145404815673828e-01
7.129957433789968491e-03
2.280122041702270508e-01
3.495580255985260010e-01
1.651851087808609009e-01
5.996101349592208862e-02
1.985780661925673485e-03
2.126283943653106689e-02
0.000000000000000000e+00
2.577863037586212158e-01
4.525524079799652100e-01
1.268662363290786743e-01
4.392936825752258301e-01
2.474836349487304688e+00
9.421254508197307587e-03
7.379852533340454102e-01
5.740620195865631104e-02
2.421564102172851562e+00
4.389647021889686584e-02
3.828133270144462585e-02
1.698523610830307007e-01
1.867395080626010895e-02
9.775835275650024414e-01
2.506545512005686760e-03
0.000000000000000000e+00
2.345503270626068115e-01
3.000528514385223389e-01
1.943365782499313354e-01
0.000000000000000000e+00
3.515287637710571289e-01
1.246982291340827942e-01
2.438180685043334961e+00
2.680914476513862610e-03
1.381115466356277466e-01
2.201730906963348389e-01
4.764637351036071777e-02
4.648478627204895020e-01
1.074524968862533569e-02
1.529569551348686218e-02
5.295495390892028809e-01
4.979012608528137207e-01
2.641152739524841309e-01
2.336661815643310547e-01
0.000000000000000000e+00
5.206669494509696960e-02
5.737538263201713562e-02
2.524610161781311035e-01
9.968067705631256104e-02
7.229996323585510254e-01
9.375996589660644531e-01
2.240769863128662109e-01
0.000000000000000000e+00
1.849029362201690674e-01
4.299152791500091553e-01
3.818212449550628662e-02
4.621877372264862061e-01
0.000000000000000000e+00
7.341758906841278076e-02
1.587332189083099365e-01
1.956204771995544434e+00
0.000000000000000000e+00
4.182043373584747314e-01
3.084165155887603760e-01
0.000000000000000000e+00
2.589614689350128174e-01
4.144100844860076904e-02
1.189345121383666992e+00
1.621722579002380371e-01
5.216783881187438965e-01
1.418207883834838867e+00
1.481822133064270020e-01
1.175548434257507324e+00
0.000000000000000000e+00
3.558182001113891602e+00
0.000000000000000000e+00
1.810323715209960938e+00
6.576512008905410767e-02
3.605968058109283447e-01
1.973445266485214233e-01
6.714342627674341202e-03
1.971434116363525391e+00
3.862965703010559082e-01
2.357040196657180786e-01
1.408560514450073242e+00
2.008555531501770020e-01
1.351159363985061646e-01
3.780448809266090393e-02
6.603688746690750122e-02
1.261314034461975098e+00
1.300066858530044556e-01
7.191914319992065430e-01
5.571144819259643555e-01
0.000000000000000000e+00
1.542104333639144897e-01
5.382258296012878418e-01
4.966304600238800049e-01
6.190055608749389648e-01
1.580683887004852295e-01
4.571069180965423584e-01
1.003966569900512695e+00
7.392846941947937012e-01
0.000000000000000000e+00
1.011731863021850586e+00
1.938995346426963806e-02
0.000000000000000000e+00
1.073740601539611816e+00
6.283573508262634277e-01
3.011463284492492676e-01
7.097487896680831909e-02
7.340878248214721680e-01
7.662044465541839600e-02
1.663670241832733154e-01
2.260157912969589233e-01
1.798267006874084473e+00
1.155905127525329590e-01
1.751185059547424316e-01
1.270219590514898300e-02
8.249744027853012085e-02
3.659379854798316956e-02
2.639761194586753845e-02
1.261682212352752686e-01
6.129723191261291504e-01
5.121504783630371094e+00
0.000000000000000000e+00
9.337304532527923584e-02
1.992835551500320435e-01
0.000000000000000000e+00
0.000000000000000000e+00
0.000000000000000000e+00
1.445249795913696289e+00
3.070091605186462402e-01
1.539497077465057373e-02
1.614825725555419922e-01
1.936618238687515259e-02
0.000000000000000000e+00
2.975386977195739746e-01
0.000000000000000000e+00
3.171104192733764648e-01
8.607544004917144775e-02
1.507116109132766724e-01
2.995689809322357178e-01
0.000000000000000000e+00
1.580792903900146484e+00
1.679259091615676880e-01
3.494564294815063477e-01
1.115728467702865601e-01
2.364098787307739258e+00
1.847912520170211792e-01
1.883824765682220459e-01
1.158774048089981079e-01
5.705260857939720154e-02
1.153893113136291504e+00
3.555761873722076416e-01
0.000000000000000000e+00
4.015401303768157959e-01
1.574996709823608398e-01
7.611023783683776855e-01
0.000000000000000000e+00
7.033316791057586670e-02
2.517798840999603271e-01
5.449150130152702332e-02
7.535211443901062012e-01
0.000000000000000000e+00
3.050236031413078308e-02
7.148300111293792725e-02
2.523911744356155396e-02
0.000000000000000000e+00
5.804300904273986816e-01
4.600043874233961105e-03
1.166854977607727051e+00
6.523516774177551270e-01
1.409534085541963577e-02
3.799486756324768066e-01
5.993694067001342773e-02
8.095044642686843872e-02
7.316376566886901855e-01
2.950592339038848877e-01
7.971534132957458496e-02
1.324805468320846558e-01
0.000000000000000000e+00
9.970753639936447144e-02
0.000000000000000000e+00
7.615534961223602295e-02
5.384382605552673340e-01
5.676873028278350830e-02
1.343412280082702637e+00
2.293776124715805054e-01
1.920388817787170410e+00
2.092233747243881226e-01
2.613310515880584717e-01
4.632503092288970947e-01
6.448968648910522461e-01
7.353912293910980225e-02
5.268444418907165527e-01
9.563896059989929199e-01
7.892359793186187744e-02
0.000000000000000000e+00
5.655491258949041367e-03
4.110684394836425781e-01
1.192430406808853149e-02
3.960062749683856964e-03
1.686308681964874268e-01
2.622761130332946777e-01
4.248094744980335236e-03
7.192919254302978516e-01
8.165574073791503906e-01
0.000000000000000000e+00
1.911959886550903320e+00
1.028207466006278992e-01
3.220270574092864990e-01
1.035112664103507996e-01
2.496231079101562500e+00
1.422182798385620117e+00
3.454218804836273193e-02
2.802292108535766602e+00
6.114786490797996521e-02
5.192103981971740723e-01
1.022410988807678223e+00
1.014529585838317871e+00
0.000000000000000000e+00
4.241076111793518066e-02
4.075827449560165405e-02
8.570314943790435791e-02
7.507573366165161133e-01
5.365041494369506836e-01
1.371634304523468018e-01
2.417788654565811157e-01
3.377777934074401855e-01
2.055100202560424805e+00
2.097748279571533203e+00
0.000000000000000000e+00
1.396689265966415405e-01
5.595294642262160778e-04
2.244498766958713531e-02
2.269182354211807251e-02
7.298348098993301392e-02
8.937941789627075195e-01
1.793550014495849609e+00
2.894269526004791260e-01
2.926732040941715240e-02
2.891756892204284668e-01
3.643464744091033936e-01
1.506030410528182983e-01
6.997036337852478027e-01
2.953212559223175049e-01
8.138722777366638184e-01
1.087850332260131836e-01
0.000000000000000000e+00
2.104019165039062500e+00
1.745321042835712433e-02
5.435954406857490540e-02
3.901265561580657959e-02
2.675198018550872803e-02
4.335174262523651123e-01
0.000000000000000000e+00
3.320729732513427734e+00
1.039878010749816895e+00
6.637437939643859863e-01
3.093108162283897400e-02
5.112853050231933594e-01
7.279780507087707520e-01
1.515749562531709671e-02
3.630995377898216248e-02
2.594912350177764893e-01
1.052390709519386292e-01
2.003106832504272461e+00
1.372806131839752197e-01
3.834503889083862305e+00
8.212635666131973267e-02
0.000000000000000000e+00
1.046746253967285156e+00
7.739406824111938477e-02
5.574410408735275269e-02
2.236978150904178619e-02
2.265470623970031738e-01
1.144910156726837158e-01
1.084878206253051758e+00
9.545654058456420898e-02
1.275608241558074951e-01
4.662907719612121582e-01
9.691715985536575317e-02
4.493358135223388672e-01
4.014263629913330078e+00
7.458621263504028320e-01
1.215233877301216125e-01
3.171074092388153076e-01
0.000000000000000000e+00
1.125170588493347168e+00
0.000000000000000000e+00
3.053468652069568634e-03
8.416684865951538086e-01
2.389043010771274567e-02
0.000000000000000000e+00
1.737157404422760010e-01
2.036871947348117828e-02
1.265208721160888672e-01
4.568388685584068298e-03
4.376692473888397217e-01
9.392712116241455078e-01
7.376496195793151855e-01
1.628360301256179810e-01
1.636724919080734253e-02
6.740833073854446411e-02
8.020126074552536011e-02
0.000000000000000000e+00
5.684759020805358887e-01
7.638073712587356567e-02
0.000000000000000000e+00
5.536559224128723145e-02
4.687442481517791748e-01
1.433221846818923950e-01
1.205979138612747192e-01
4.651872217655181885e-01
2.337216585874557495e-01
4.110966995358467102e-02
0.000000000000000000e+00
1.682846188545227051e+00
2.425883710384368896e-01
0.000000000000000000e+00
0.000000000000000000e+00
5.765465646982192993e-02
4.070236384868621826e-01
2.609982013702392578e+00
6.930130720138549805e-02
4.074515402317047119e-01
2.988026142120361328e-01
1.905790157616138458e-02
1.311720609664916992e-01
1.015294622629880905e-02
6.210455894470214844e-01
1.378407776355743408e-01
1.006104469299316406e+00
4.168503880500793457e-01
3.708994388580322266e-01
1.553880929946899414e+00
6.519202608615159988e-03
2.693290233612060547e+00
5.747714638710021973e-01
2.583505213260650635e-01
1.455943703651428223e+00
7.692083120346069336e-01
3.283241391181945801e-01
2.551145792007446289e+00
2.290463447570800781e+00
0.000000000000000000e+00
1.272088646888732910e+00
7.942489385604858398e-01
7.709900736808776855e-01
7.323560118675231934e-02
3.377170562744140625e-01
1.140742823481559753e-01
4.116301536560058594e-01
1.145937964320182800e-01
2.830019295215606689e-01
1.489630937576293945e-01
8.183529716916382313e-04
4.031546413898468018e-03
3.239864856004714966e-02
4.484459161758422852e-01
2.941781580448150635e-01
5.949065685272216797e-01
1.342567708343267441e-02
1.102018519304692745e-03
2.001486532390117645e-02
1.557679325342178345e-01
7.132967710494995117e-01
1.888008862733840942e-01
2.381289005279541016e-01
6.527655124664306641e-01
6.199932098388671875e-02
6.153476238250732422e-01
1.503750681877136230e-01
5.178932547569274902e-01
8.057331666350364685e-03
8.707830682396888733e-03
0.000000000000000000e+00
4.967207908630371094e-01
4.226701706647872925e-02
1.574951410293579102e-01
2.680194377899169922e-01
1.341586261987686157e-01
4.074027836322784424e-01
4.495195746421813965e-01
2.349263802170753479e-02
1.404461357742547989e-02
1.466066017746925354e-02
2.312307432293891907e-02
0.000000000000000000e+00
2.802268862724304199e-01
4.125742614269256592e-01
1.071484237909317017e-01
8.359546773135662079e-03
4.623256623744964600e-01
0.000000000000000000e+00
6.518617868423461914e-01
1.421082299202680588e-02
4.149329066276550293e-01
2.716336399316787720e-02
1.568850725889205933e-01
1.625567555427551270e+00
5.736259460449218750e+00
7.313666343688964844e-01
2.033006772398948669e-02
1.040128991007804871e-01
0.000000000000000000e+00
0.000000000000000000e+00
1.335665024816989899e-02
1.608452647924423218e-01
1.333271980285644531e+00
3.833381459116935730e-03
5.012964829802513123e-02
0.000000000000000000e+00
5.624711140990257263e-02
1.163844108581542969e+00
9.335575997829437256e-02
3.374053835868835449e-01
5.140657303854823112e-04
0.000000000000000000e+00
9.308582544326782227e-02
2.958443462848663330e-01
1.139811158180236816e+00
8.597090840339660645e-01
3.965791165828704834e-01
2.443052977323532104e-01
8.440443873405456543e-02
3.203940093517303467e-01
2.928954176604747772e-02
1.257842183113098145e-01
0.000000000000000000e+00
1.241556275635957718e-02
4.438360221683979034e-03
5.802350118756294250e-02
4.648790657520294189e-01
1.199691817164421082e-01
6.447010636329650879e-01
3.217890486121177673e-02
1.402710080146789551e+00
1.772981435060501099e-01
7.860875874757766724e-02
3.028408810496330261e-02
2.706914544105529785e-01
1.702360510826110840e+00
6.793510317802429199e-01
0.000000000000000000e+00
1.523465961217880249e-01
1.024170815944671631e-01
0.000000000000000000e+00
1.051482558250427246e+00
4.902192577719688416e-02
4.315437674522399902e-01
1.891876012086868286e-02
7.881359010934829712e-02
2.542428076267242432e-01
6.773988604545593262e-01
0.000000000000000000e+00
0.000000000000000000e+00
4.245792329311370850e-01
1.885458827018737793e-02
1.985157877206802368e-01
0.000000000000000000e+00
4.826216101646423340e-01
2.098855823278427124e-01
1.421467512845993042e-01
1.117034316062927246e+00
8.933855220675468445e-03
2.493011057376861572e-01
1.645974040031433105e+00
1.258946657180786133e-01
1.917852610349655151e-01
1.797842532396316528e-01
3.872007727622985840e-01
5.175665020942687988e-01
1.772769987583160400e-01
8.791860342025756836e-01
8.430002927780151367e-01
4.430265724658966064e-02
3.768016695976257324e-01
1.290596425533294678e-01
1.065572202205657959e-01
0.000000000000000000e+00
2.446729242801666260e-01
0.000000000000000000e+00
4.102424383163452148e-01
2.789802253246307373e-01
3.748997747898101807e-01
3.265808895230293274e-02
0.000000000000000000e+00
1.103962540626525879e+00
1.379900518804788589e-02
9.369112253189086914e-01
0.000000000000000000e+00
3.366961702704429626e-02
4.807953722774982452e-03
1.496707946062088013e-01
1.221529483795166016e+00
3.438130617141723633e-01
1.312061667442321777e+00
4.030548334121704102e-01
1.402995944023132324e+00
1.833140701055526733e-01
1.038122177124023438e-01
2.753452062606811523e-01
1.272086352109909058e-01
9.269231557846069336e-01
0.000000000000000000e+00
3.204997181892395020e-01
5.290212482213973999e-02
2.536642253398895264e-01
2.415764033794403076e-01
1.258281022310256958e-01
1.652557730674743652e+00
8.818717598915100098e-01
0.000000000000000000e+00
2.232820689678192139e-01
2.449634112417697906e-02
0.000000000000000000e+00
1.162840947508811951e-01
3.605423867702484131e-01
0.000000000000000000e+00
1.557808369398117065e-01
9.044701457023620605e-01
1.117455720901489258e+00
3.200513869524002075e-02
3.226610720157623291e-01
9.627183675765991211e-01
4.503965005278587341e-02
0.000000000000000000e+00
2.633113227784633636e-02
0.000000000000000000e+00
9.430961012840270996e-01
6.482940167188644409e-02
0.000000000000000000e+00
3.497408926486968994e-01
8.140778541564941406e-02
8.168008923530578613e-01
1.964407414197921753e-01
4.093596339225769043e-02
0.000000000000000000e+00
5.397757887840270996e-01
2.900554053485393524e-02
2.709152698516845703e-01
1.470472693443298340e+00
0.000000000000000000e+00
1.333114743232727051e+00
3.404400870203971863e-02
1.424891948699951172e-01
0.000000000000000000e+00
5.607418417930603027e-01
1.018850579857826233e-01
5.795983076095581055e-01
3.710876703262329102e-01
3.148044925183057785e-03
7.837895154953002930e-01
4.149812459945678711e-01
1.142723202705383301e+00
0.000000000000000000e+00
4.036596715450286865e-01
1.752110272645950317e-01
3.120905458927154541e-01
5.770516023039817810e-02
1.813487291336059570e+00
4.130389094352722168e-01
1.343218922615051270e+00
5.606446266174316406e-01
4.085371792316436768e-01
1.137823104858398438e+00
2.060720473527908325e-01
0.000000000000000000e+00
0.000000000000000000e+00
3.662905097007751465e-02
6.728366017341613770e-02
1.003570437431335449e+00
5.695499420166015625e+00
0.000000000000000000e+00
1.224944218993186951e-01
1.024785637855529785e+00
2.987441420555114746e-01
7.389223575592041016e-01
1.615662942640483379e-03
6.662403106689453125e+00
0.000000000000000000e+00
1.237469464540481567e-01
2.949703671038150787e-02
1.747753173112869263e-01
3.776021599769592285e-01
2.861807942390441895e-01
2.468688879162073135e-03
1.414619199931621552e-02
0.000000000000000000e+00
1.531389653682708740e-01
3.909778892993927002e-01
0.000000000000000000e+00
9.366416931152343750e-02
2.753362059593200684e-01
1.039424300193786621e+00
1.589996218681335449e-01
0.000000000000000000e+00
5.028269886970520020e-01
1.343619078397750854e-02
1.570234894752502441e-01
8.067998290061950684e-02
4.650569856166839600e-01
0.000000000000000000e+00
6.046617403626441956e-02
9.901154041290283203e-02
1.540377855300903320e+00
4.261279106140136719e-01
1.929184794425964355e-02
0.000000000000000000e+00
5.436589717864990234e-01
4.716871678829193115e-01
5.093318223953247070e-01
1.445867586880922318e-02
2.905884683132171631e-01
4.372477158904075623e-02
1.377204954624176025e-01
0.000000000000000000e+00
0.000000000000000000e+00
3.037933707237243652e-01
1.120132505893707275e-01
2.440793365240097046e-01
2.063633918762207031e+00
2.340292325243353844e-03
2.812821567058563232e-01
3.784469664096832275e-01
1.767777800559997559e-01
1.278210878372192383e-01
3.420085413381457329e-03
4.282558560371398926e-01
1.162574626505374908e-02
1.492363810539245605e+00
0.000000000000000000e+00
2.595780417323112488e-02
2.087067514657974243e-01
6.126580387353897095e-02
2.243728190660476685e-01
9.290572255849838257e-02
9.208333492279052734e-01
9.893166422843933105e-01
7.434827685356140137e-01
8.781801164150238037e-02
2.704454064369201660e-01
1.805862486362457275e-01
0.000000000000000000e+00
1.249422907829284668e+00
1.195784285664558411e-01
1.619861647486686707e-02
2.871893167495727539e+00
3.126225769519805908e-01
1.724438555538654327e-02
1.087749153375625610e-01
1.058706268668174744e-01
0.000000000000000000e+00
1.146011170931160450e-03
6.541931629180908203e-02
3.104048967361450195e-01
2.967912554740905762e-01
8.348960280418395996e-01
0.000000000000000000e+00
1.207096934318542480e+00
6.186439990997314453e-01
7.064548134803771973e-02
8.378415703773498535e-01
1.326693177223205566e+00
8.706191778182983398e-01
6.541333794593811035e-01
0.000000000000000000e+00
1.377604842185974121e+00
1.443672537803649902e+00
4.063248261809349060e-02
1.246827006340026855e+00
7.491093873977661133e-02
5.111470818519592285e-01
6.773057579994201660e-02
2.942350506782531738e-01
3.443593382835388184e-01
0.000000000000000000e+00
2.831479310989379883e-01
3.452059030532836914e-01
7.253484725952148438e-01
4.544183984398841858e-02
3.510758653283119202e-02
4.629077613353729248e-01
1.657807528972625732e-01
1.429583191871643066e+00
1.593514084815979004e-01
9.463351368904113770e-01
0.000000000000000000e+00
3.271197080612182617e-01
2.375962436199188232e-01
6.944364309310913086e-01
2.860611379146575928e-01
2.679889798164367676e-01
3.740068525075912476e-02
4.420054256916046143e-01
4.430029094219207764e-01
4.197492003440856934e-01
0.000000000000000000e+00
4.682803750038146973e-01
6.579041481018066406e-01
1.867370158433914185e-01
1.057255625724792480e+00
1.490874737501144409e-01
2.521732151508331299e-01
2.347294613718986511e-02
1.553390622138977051e-01
4.647588729858398438e-02
2.003899365663528442e-01
3.459968790411949158e-02
0.000000000000000000e+00
3.974329233169555664e-01
5.322226136922836304e-02
8.824963569641113281e-01
2.857927978038787842e-01
2.397905886173248291e-01
3.878117725253105164e-02
4.519790410995483398e-01
1.402124613523483276e-01
5.143475160002708435e-02
2.366518042981624603e-02
2.667489647865295410e-01
1.840423345565795898e-01
9.244714677333831787e-02
1.184746146202087402e+00
4.828186240047216415e-03
1.732501536607742310e-01
1.142848849296569824e+00
2.297239303588867188e+00
2.720228195190429688e+00
2.071856260299682617e-01
7.368388772010803223e-02
4.780670106410980225e-01
3.907894715666770935e-02
0.000000000000000000e+00
9.959504008293151855e-01
0.000000000000000000e+00
2.861642241477966309e-01
1.602887990884482861e-03
4.607256412506103516e+00
0.000000000000000000e+00
2.485132962465286255e-01
1.170516014099121094e+00
1.448273360729217529e-01
3.569927066564559937e-02
2.281858921051025391e-01
7.438586652278900146e-02
1.253744602203369141e+00
1.373503088951110840e+00
1.621275663375854492e+00
1.561777740716934204e-01
7.982188463211059570e-02
0.000000000000000000e+00
4.369380772113800049e-01
5.826139450073242188e-02
9.005950689315795898e-01
2.654743790626525879e-01
5.574129172600805759e-04
1.137410402297973633e-01
6.812752783298492432e-02
1.522817760705947876e-01
8.374476432800292969e-01
5.657319724559783936e-02
3.304186090826988220e-02
3.857963532209396362e-02
1.592215150594711304e-01
1.353931427001953125e-01
2.131088823080062866e-01
7.539434432983398438e-01
1.131034970283508301e+00
1.226386785507202148e+00
1.133712660521268845e-02
1.598275154829025269e-01
1.082261726260185242e-01
1.000855024904012680e-02
5.062423944473266602e-01
1.163253307342529297e+00
5.668874979019165039e-01
1.026649251580238342e-01
6.664061546325683594e-01
9.378365278244018555e-01
8.275094032287597656e-01
3.108183667063713074e-02
2.192358225584030151e-01
7.369861006736755371e-02
0.000000000000000000e+00
6.309767961502075195e-01
0.000000000000000000e+00
3.999889194965362549e-01
1.835908144712448120e-01
1.697973310947418213e-01
0.000000000000000000e+00
1.008254408836364746e+00
2.393308728933334351e-01
6.230586171150207520e-01
1.522099852561950684e+00
5.823451653122901917e-02
1.478640176355838776e-02
7.328551411628723145e-01
4.277089983224868774e-02
0.000000000000000000e+00
8.341779559850692749e-02
1.121387958526611328e+00
1.964391581714153290e-02
1.150583010166883469e-02
8.901827037334442139e-02
1.064499467611312866e-01
9.723462909460067749e-02
4.956624805927276611e-01
2.861992418766021729e-01
3.732762858271598816e-02
1.192028075456619263e-01
1.135814040899276733e-01
2.169059589505195618e-03
1.811040043830871582e-01
1.264366269111633301e+00
0.000000000000000000e+00
3.818228840827941895e-01
1.471576392650604248e-01
0.000000000000000000e+00
1.425139605998992920e-01
2.785057425498962402e-01
6.061646342277526855e-02
4.285989999771118164e-01
1.893315613269805908e-01
3.595457971096038818e-02
8.151423186063766479e-02
0.000000000000000000e+00
0.000000000000000000e+00
1.869213134050369263e-01
4.951761662960052490e-01
3.244543215259909630e-03
7.475627064704895020e-01
1.557578295469284058e-01
1.126389503479003906e-01
3.896465525031089783e-02
2.493840642273426056e-02
7.645530998706817627e-02
0.000000000000000000e+00
2.222290076315402985e-02
1.255614906549453735e-01
5.587691068649291992e-02
3.573868274688720703e-01
1.889977306127548218e-01
9.981129765510559082e-01
2.897391319274902344e-01
2.072955965995788574e-01
6.232666969299316406e-02
3.099190473556518555e+00
9.348945021629333496e-01
8.807106614112854004e-01
1.433395594358444214e-01
0.000000000000000000e+00
5.597658753395080566e-01
1.126030087471008301e+00
1.941152065992355347e-01
5.004227161407470703e-01
1.454186588525772095e-01
1.368825696408748627e-02
8.007898926734924316e-02
7.521128654479980469e-01
3.075222074985504150e-01
3.476025760173797607e-01
3.491760231554508209e-03
1.035752221941947937e-01
1.717824786901473999e-01
2.339721284806728363e-02
2.216053754091262817e-01
2.175765857100486755e-02
0.000000000000000000e+00
5.196194648742675781e-01
3.746366128325462341e-03
1.137491166591644287e-01
8.896335959434509277e-03
2.095834538340568542e-02
2.492088377475738525e-01
3.324176967144012451e-01
4.831852316856384277e-01
1.148086428642272949e+00
1.917202353477478027e+00
0.000000000000000000e+00
6.411808729171752930e-02
4.283003509044647217e-01
8.584564924240112305e-01
4.403418302536010742e-01
0.000000000000000000e+00
5.890787392854690552e-02
9.466244578361511230e-01
6.358106434345245361e-02
1.781901903450489044e-02
1.064896702766418457e+00
2.093911729753017426e-02
6.700676083564758301e-01
3.245139718055725098e-01
4.059883952140808105e-01
9.677890688180923462e-02
2.144996076822280884e-02
3.079575002193450928e-01
1.419588625431060791e-01
4.259661138057708740e-01
6.410822737962007523e-03
5.668877437710762024e-02
0.000000000000000000e+00
6.676852703094482422e-01
4.259700298309326172e+00
4.406730532646179199e-01
2.351876795291900635e-01
7.729124277830123901e-02
1.898725032806396484e-01
1.139197424054145813e-01
3.018415160477161407e-02
5.239437147974967957e-02
3.790282011032104492e-01
1.443010926246643066e+00
1.536971181631088257e-01
8.123397827148437500e-02
4.950927793979644775e-01
3.344557583332061768e-01
1.208314020186662674e-02
1.128525853157043457e+00
1.078754782676696777e+00
0.000000000000000000e+00
6.826676130294799805e-01
1.806125193834304810e-01
7.575632929801940918e-01
0.000000000000000000e+00
0.000000000000000000e+00
3.103042580187320709e-02
0.000000000000000000e+00
9.969413280487060547e-03
1.873496770858764648e-01
1.131487544625997543e-02
7.166376113891601562e-01
5.127646923065185547e-01
1.238565309904515743e-03
1.033248305320739746e-01
4.189599156379699707e-01
4.010025411844253540e-02
6.078981399536132812e+00
1.270213961601257324e+00
5.533015821129083633e-03
0.000000000000000000e+00
5.312224030494689941e-01
8.458316326141357422e-01
2.154459711164236069e-03
5.326864123344421387e-01
0.000000000000000000e+00
1.318671405315399170e-01
0.000000000000000000e+00
1.518064290285110474e-01
2.475502043962478638e-01
1.778878927230834961e+00
1.127663180232048035e-01
0.000000000000000000e+00
8.789329528808593750e-01
1.203883588314056396e-01
7.450135946273803711e-01
3.337299346923828125e+00
6.751895546913146973e-01
9.778331965208053589e-02
7.713115774095058441e-03
3.608451783657073975e-01
1.044028177857398987e-01
3.301772177219390869e-01
9.436044842004776001e-02
3.062060475349426270e-01
3.615359961986541748e-01
1.278831362724304199e-01
4.930386692285537720e-02
7.211555838584899902e-01
3.121619522571563721e-01
2.165021840482950211e-03
1.622606068849563599e-01
0.000000000000000000e+00
2.638397812843322754e-01
4.139702022075653076e-02
7.719992846250534058e-02
1.728187352418899536e-01
3.587707132101058960e-02
5.303438901901245117e-01
1.259473618119955063e-02
1.151168942451477051e-01
8.483444452285766602e-01
1.382895946502685547e+00
3.830897621810436249e-03
8.991330862045288086e-02
1.725375466048717499e-02
0.000000000000000000e+00
6.648956537246704102e-01
2.112001329660415649e-01
1.906966976821422577e-02
2.271959930658340454e-01
5.367118716239929199e-01
3.995593171566724777e-03
1.060783118009567261e-02
3.765841126441955566e-01
3.156304657459259033e-01
2.774227969348430634e-02
3.863533437252044678e-01
3.223351389169692993e-02
3.228176832199096680e-01
1.762233227491378784e-01
6.197150945663452148e-01
0.000000000000000000e+00
6.436770558357238770e-01
1.343485593795776367e+00
1.960206963121891022e-02
1.075391750782728195e-02
0.000000000000000000e+00
2.034195326268672943e-02
1.214332461357116699e+00
1.147523760795593262e+00
0.000000000000000000e+00
6.614881753921508789e-02
2.762971520423889160e-01
1.703049987554550171e-01
1.542427837848663330e-01
9.252351522445678711e-02
3.985199928283691406e-01
2.907515503466129303e-02
5.210653543472290039e-01
1.642922759056091309e-01
0.000000000000000000e+00
6.091153994202613831e-02
2.093926519155502319e-01
3.532039001584053040e-02
1.135815083980560303e-01
1.293601840734481812e-01
0.000000000000000000e+00
0.000000000000000000e+00
3.892629444599151611e-01
0.000000000000000000e+00
1.525742411613464355e-01
1.111039519309997559e+00
4.346372783184051514e-01
1.411914359778165817e-03
0.000000000000000000e+00
4.558158516883850098e-01
1.366261988878250122e-01
1.985759735107421875e-01
1.254379153251647949e+00
4.706418514251708984e-01
1.616325527429580688e-01
1.052088662981987000e-01
2.625363878905773163e-02
1.449542641639709473e-01
7.743879221379756927e-03
1.689453125000000000e-01
3.355149924755096436e-01
1.036572754383087158e-01
1.395350843667984009e-01
0.000000000000000000e+00
2.139451503753662109e-01
8.461580872535705566e-01
1.754087358713150024e-01
1.987306028604507446e-02
5.878300666809082031e-01
3.564065694808959961e-01
4.083836972713470459e-01
6.110852360725402832e-01
2.784152887761592865e-02
8.055377751588821411e-03
1.007748320698738098e-01
7.869725115597248077e-03
3.854404902085661888e-03
0.000000000000000000e+00
1.355770081281661987e-01
5.168220400810241699e-01
7.527399063110351562e-01
2.232503704726696014e-02
3.652362823486328125e-01
0.000000000000000000e+00
8.072150349617004395e-01
0.000000000000000000e+00
2.878876030445098877e-01
4.633852541446685791e-01
3.186502754688262939e-01
0.000000000000000000e+00
4.071553349494934082e-01
6.510986387729644775e-02
1.423471421003341675e-01
0.000000000000000000e+00
6.205900311470031738e-01
0.000000000000000000e+00
1.675458699464797974e-01
2.147930264472961426e-01
0.000000000000000000e+00
4.051710963249206543e-01
4.551555588841438293e-02
3.974576294422149658e-01
1.186434738337993622e-02
8.153246045112609863e-01
3.427495360374450684e-01
1.624632030725479126e-01
1.509769260883331299e-01
1.542546510696411133e+00
2.247271686792373657e-02
5.159665942192077637e-01
1.607517004013061523e-01
8.341035246849060059e-02
3.973487913608551025e-01
2.437284216284751892e-02
1.952121555805206299e-01
1.165707230567932129e+00
9.177724123001098633e-01
7.422289997339248657e-02
1.702945530414581299e-01
8.515083231031894684e-03
1.228660047054290771e-01
5.064260363578796387e-01
7.202963829040527344e-01
0.000000000000000000e+00
5.672329664230346680e-01
4.854056052863597870e-03
1.987623274326324463e-01
0.000000000000000000e+00
4.257334861904382706e-03
9.585765190422534943e-03
1.745529174804687500e+00
5.742489174008369446e-02
2.278320789337158203e-01
3.303154185414314270e-02
4.874698221683502197e-01
8.791685104370117188e-02
0.000000000000000000e+00
6.889170408248901367e-02
0.000000000000000000e+00
6.995300054550170898e-01
8.157618045806884766e-01
1.283199191093444824e-01
1.075069084763526917e-01
0.000000000000000000e+00
1.003273278474807739e-01
3.636792674660682678e-02
1.281175613403320312e-01
0.000000000000000000e+00
6.467316150665283203e-01
3.215527907013893127e-02
5.154006481170654297e-01
2.502629458904266357e-01
0.000000000000000000e+00
0.000000000000000000e+00
9.463829547166824341e-02
0.000000000000000000e+00
3.793375194072723389e-02
6.967517137527465820e-01
5.106152221560478210e-02
2.462853305041790009e-02
1.440875887870788574e+00
2.820077538490295410e-01
8.671987652778625488e-01
3.824249282479286194e-02
8.532629907131195068e-02
7.361760735511779785e-02
1.092933297157287598e+00
0.000000000000000000e+00
1.857396364212036133e+00
0.000000000000000000e+00
3.271917700767517090e-01
2.097527235746383667e-01
4.332121089100837708e-02
9.388590231537818909e-03
2.418061494827270508e-01
1.832930088043212891e+00
0.000000000000000000e+00
9.260087013244628906e-01
1.482834517955780029e-01
1.311671733856201172e-01
9.765096753835678101e-02
7.004974484443664551e-01
6.053263321518898010e-03
4.044058024883270264e-01
0.000000000000000000e+00
5.472582578659057617e-02
0.000000000000000000e+00
1.637387573719024658e-01
8.497425168752670288e-02
2.199140638113021851e-01
2.067969143390655518e-01
3.715974837541580200e-02
1.068982034921646118e-01
2.056723684072494507e-01
1.186570059508085251e-02
5.863554775714874268e-02
3.065793514251708984e-01
1.231106400489807129e+00
6.339484453201293945e-01
1.032329276204109192e-01
4.185505956411361694e-02
8.074563811533153057e-04
4.356410726904869080e-02
2.436219304800033569e-01
1.221891772001981735e-02
6.425022333860397339e-02
2.768957138061523438e+00
1.779788434505462646e-01
3.922306001186370850e-02
5.329602584242820740e-02
4.530468583106994629e-02
2.396576479077339172e-02
1.145545244216918945e+00
5.538382101804018021e-03
2.347903728485107422e+00
4.273350536823272705e-02
5.830173194408416748e-02
1.082221046090126038e-01
5.546819418668746948e-02
1.195777058601379395e+00
1.654759943485260010e-01
1.222468987107276917e-01
1.223366037011146545e-01
1.697877347469329834e-01
1.502841264009475708e-01
0.000000000000000000e+00
1.722920127213001251e-02
1.626715213060379028e-01
2.824637340381741524e-03
4.760245792567729950e-03
1.549298502504825592e-02
1.932018101215362549e-01
2.751778997480869293e-02
0.000000000000000000e+00
7.928448170423507690e-02
2.174376277253031731e-03
5.486701801419258118e-02
0.000000000000000000e+00
1.304469187743961811e-03
6.122842058539390564e-02
2.169980406761169434e-01
4.531331658363342285e-01
2.335009574890136719e+00
5.834505334496498108e-02
0.000000000000000000e+00
2.092541456222534180e-01
2.898937761783599854e-01
4.673971831798553467e-01
3.516417443752288818e-01
0.000000000000000000e+00
2.536498904228210449e-01
6.183023750782012939e-02
0.000000000000000000e+00
2.745916545391082764e-01
3.750721216201782227e-01
1.198351290076971054e-02
1.042990162968635559e-01
4.689909517765045166e-01
6.459141522645950317e-02
1.928142756223678589e-01
9.074697736650705338e-04
0.000000000000000000e+00
3.070346713066101074e-01
0.000000000000000000e+00
8.554598689079284668e-01
3.052672445774078369e-01
2.086706876754760742e+00
1.030113361775875092e-02
8.350186347961425781e-01
1.054664492607116699e+00
9.491927623748779297e-01
4.955304861068725586e-01
1.555234566330909729e-02
1.999816894531250000e-01
4.804369211196899414e-01
1.000883653759956360e-01
8.777364492416381836e-01
5.823615789413452148e-01
1.775730587542057037e-02
0.000000000000000000e+00
4.829976260662078857e-01
0.000000000000000000e+00
8.793138898909091949e-03
5.502061843872070312e-01
1.806979253888130188e-02
9.967780709266662598e-01
0.000000000000000000e+00
2.355051599442958832e-02
1.391054153442382812e+00
8.652152419090270996e-01
4.632482826709747314e-01
2.465801954269409180e+00
3.316565155982971191e-01
1.220094272866845131e-03
3.533505499362945557e-01
0.000000000000000000e+00
2.317174337804317474e-02
2.547287344932556152e-01
3.135772347450256348e-01
3.672948107123374939e-03
2.019341289997100830e-01
2.104369550943374634e-01
1.730741262435913086e+00
5.826466679573059082e-01
2.039322406053543091e-01
9.273000359535217285e-01
1.390287578105926514e-01
1.743954300880432129e+00
7.452350109815597534e-03
8.170854449272155762e-01
2.076440863311290741e-02
6.971782073378562927e-03
2.692324519157409668e-01
2.687007784843444824e-01
3.858421444892883301e-01
2.400555163621902466e-01
1.958739198744297028e-02
6.580075621604919434e-01
1.530536115169525146e-01
1.291068941354751587e-01
2.494087815284729004e-02
1.345519870519638062e-01
3.620952740311622620e-02
2.625305019319057465e-02
0.000000000000000000e+00
2.982810735702514648e-01
4.366317987442016602e-01
8.284478634595870972e-02
4.765789508819580078e+00
1.501472443342208862e-01
9.318099021911621094e-01
1.259789615869522095e-01
0.000000000000000000e+00
1.478317379951477051e-01
3.632343187928199768e-02
1.152039527893066406e+00
6.915487349033355713e-02
3.068881928920745850e-01
4.812205210328102112e-03
3.671887516975402832e-01
1.883292496204376221e-01
0.000000000000000000e+00
7.170699536800384521e-02
1.152454018592834473e+00
6.470746397972106934e-01
0.000000000000000000e+00
1.977687031030654907e-01
3.051981031894683838e-01
2.234376370906829834e-01
1.142063271254301071e-02
1.165768057107925415e-01
3.763094842433929443e-01
4.464435204863548279e-02
4.475393518805503845e-02
4.226320981979370117e-01
1.503931879997253418e-01
0.000000000000000000e+00
0.000000000000000000e+00
0.000000000000000000e+00
1.738095641136169434e+00
0.000000000000000000e+00
9.985447525978088379e-01
7.356158643960952759e-02
1.844269633293151855e-01
3.217113018035888672e-01
1.164908766746520996e+00
1.509433031082153320e+00
2.381229400634765625e-01
3.398944810032844543e-02
2.462591826915740967e-01
8.616586215794086456e-03
0.000000000000000000e+00
3.295813202857971191e-01
5.338397342711687088e-03
8.655317127704620361e-02
1.609369367361068726e-01
0.000000000000000000e+00
2.279962301254272461e+00
5.712178349494934082e-02
5.356022715568542480e-01
6.709514558315277100e-02
3.012047708034515381e-02
2.132494598627090454e-01
