4.175164923071861267e-02
1.918681561946868896e-01
0.000000000000000000e+00
1.702864646911621094e+00
5.134731531143188477e-02
0.000000000000000000e+00
3.423509895801544189e-01
0.000000000000000000e+00
2.237793445587158203e+00
2.418609619140625000e+00
0.000000000000000000e+00
1.202534586191177368e-01
7.997819036245346069e-02
0.000000000000000000e+00
3.609500825405120850e-01
8.910992741584777832e-01
1.651426851749420166e-01
3.895055949687957764e-01
2.054411470890045166e-01
8.681967854499816895e-02
6.246832013130187988e-02
5.639003217220306396e-02
5.084051489830017090e-01
2.644486725330352783e-02
2.171968370676040649e-01
8.524767756462097168e-01
2.221576273441314697e-01
1.561106294393539429e-01
5.212337523698806763e-02
1.193240433931350708e-01
1.967479102313518524e-02
5.457105636596679688e-01
1.121688261628150940e-01
4.387403726577758789e-01
0.000000000000000000e+00
7.521103322505950928e-02
1.077833399176597595e-01
1.512797027826309204e-01
0.000000000000000000e+00
2.735046148300170898e-01
0.000000000000000000e+00
8.825865983963012695e-01
4.760677814483642578e-01
4.786722362041473389e-01
1.201849877834320068e-01
2.511460781097412109e-01
2.205301076173782349e-01
1.520626842975616455e-01
7.270050048828125000e-02
4.103582203388214111e-01
0.000000000000000000e+00
1.233201503753662109e+00
1.792500913143157959e-01
1.847960203886032104e-01
2.690287530422210693e-01
7.974559068679809570e-02
0.000000000000000000e+00
0.000000000000000000e+00
3.469708561897277832e-02
4.171749055385589600e-01
3.467507123947143555e+00
0.000000000000000000e+00
2.774350903928279877e-02
1.818839646875858307e-02
3.184174001216888428e-01
4.706012830138206482e-02
2.019785344600677490e-01
3.897039592266082764e-01
0.000000000000000000e+00
8.149961940944194794e-03
1.017773747444152832e-01
1.304553031921386719e+00
3.015829324722290039e-01
1.088107451796531677e-01
0.000000000000000000e+00
5.552639365196228027e-01
3.486419618129730225e-01
0.000000000000000000e+00
9.307327270507812500e-01
3.513496518135070801e-01
1.023641109466552734e+00
1.111304108053445816e-02
3.216614946722984314e-02
2.144983783364295959e-02
1.516914486885070801e+00
4.140920937061309814e-02
7.343413773924112320e-03
3.070031702518463135e-01
2.491874843835830688e-01
2.330393046140670776e-01
2.652736902236938477e-01
1.257686465978622437e-01
8.609956502914428711e-02
0.000000000000000000e+00
1.816215924918651581e-03
0.000000000000000000e+00
3.237886130809783936e-01
5.295811295509338379e-01
6.068672537803649902e-01
3.713759481906890869e-01
0.000000000000000000e+00
3.087880611419677734e-01
9.794759154319763184e-01
8.782746195793151855e-01
6.372358184307813644e-03
3.474021852016448975e-01
1.972822695970535278e-01
0.000000000000000000e+00
2.245531678199768066e-01
6.584511399269104004e-01
2.668103277683258057e-01
2.937722802162170410e-01
1.331636961549520493e-02
1.608855843544006348e+00
2.233074903488159180e-01
4.927119016647338867e-01
1.753810942173004150e-01
1.481691747903823853e-01
5.743687152862548828e-01
2.877422273159027100e-01
7.002309560775756836e-01
2.039650201797485352e+00
2.361233830451965332e-01
1.009443700313568115e-01
2.506594181060791016e+00
3.849986568093299866e-02
9.726641774177551270e-01
0.000000000000000000e+00
1.051382049918174744e-01
1.144438013434410095e-01
3.085882961750030518e-02
5.126881003379821777e-01
7.343465834856033325e-02
4.902240261435508728e-02
5.070124939084053040e-02
3.493455052375793457e-02
1.786077916622161865e-01
3.810990750789642334e-01
3.446604728698730469e+00
1.132828742265701294e-01
1.324166178703308105e+00
3.504570573568344116e-03
0.000000000000000000e+00
0.000000000000000000e+00
9.181395173072814941e-02
2.132909297943115234e-01
9.722260385751724243e-02
0.000000000000000000e+00
9.170262515544891357e-02
0.000000000000000000e+00
0.000000000000000000e+00
2.601395547389984131e-02
6.716990470886230469e-02
7.906659506261348724e-03
2.495109289884567261e-02
6.217808648943901062e-02
7.670245319604873657e-02
8.369565606117248535e-01
3.334651142358779907e-02
1.133007407188415527e+00
1.246378347277641296e-01
1.944774389266967773e-01
8.161177635192871094e-01
0.000000000000000000e+00
5.770357847213745117e-01
1.933329939842224121e+00
5.864420160651206970e-02
0.000000000000000000e+00
4.533307552337646484e-01
2.304286003112792969e+00
0.000000000000000000e+00
2.353000827133655548e-02
1.041243314743041992e+00
4.289396703243255615e-01
3.885373845696449280e-02
5.287431180477142334e-02
1.342228497378528118e-03
1.305680871009826660e-01
1.406024396419525146e-01
0.000000000000000000e+00
2.209782302379608154e-01
6.308946013450622559e-02
3.946688398718833923e-02
1.107101321220397949e+00
9.943608641624450684e-01
3.091328144073486328e-01
8.401218056678771973e-01
2.628905177116394043e-01
2.649866342544555664e-01
6.989935785531997681e-02
0.000000000000000000e+00
7.499787956476211548e-03
0.000000000000000000e+00
1.063348818570375443e-02
0.000000000000000000e+00
2.100961506366729736e-01
0.000000000000000000e+00
4.736629780381917953e-03
1.066647768020629883e+00
5.573564767837524414e-02
5.521617457270622253e-02
5.124362111091613770e-01
2.257826030254364014e-01
0.000000000000000000e+00
0.000000000000000000e+00
1.198794603347778320e+00
6.159822270274162292e-02
2.793938852846622467e-02
2.233259566128253937e-02
7.462146878242492676e-02
1.334464550018310547e-01
6.363694071769714355e-01
1.512152850627899170e-01
0.000000000000000000e+00
9.630172252655029297e-01
0.000000000000000000e+00
8.927866071462631226e-02
1.778260231018066406e+00
4.653800278902053833e-03
1.358407020568847656e+00
1.706422269344329834e-01
3.868737444281578064e-02
2.543590545654296875e+00
1.891064792871475220e-01
0.000000000000000000e+00
7.687207311391830444e-02
3.836396336555480957e-01
6.012115627527236938e-02
1.796079240739345551e-02
6.192531064152717590e-02
0.000000000000000000e+00
4.808046817779541016e-01
2.780415415763854980e-01
1.119774300605058670e-03
3.865291774272918701e-01
1.687031537294387817e-01
9.998241811990737915e-02
4.291218221187591553e-01
5.412133410573005676e-03
0.000000000000000000e+00
0.000000000000000000e+00
0.000000000000000000e+00
3.509919717907905579e-02
1.690559506416320801e+00
4.182661697268486023e-02
8.475441485643386841e-02
2.061276929453015327e-03
1.330955028533935547e-01
6.378979235887527466e-02
1.736309751868247986e-02
3.529585599899291992e-01
2.425390332937240601e-01
6.963317841291427612e-02
1.967719793319702148e-01
1.729435175657272339e-01
3.324445337057113647e-02
1.177410557866096497e-01
1.376019907183945179e-03
0.000000000000000000e+00
1.373542904853820801e+00
4.838921725749969482e-01
1.819484084844589233e-01
2.745563089847564697e-01
7.847730815410614014e-02
3.144845664501190186e-01
1.915915124118328094e-02
5.872559919953346252e-02
6.410061717033386230e-01
3.143320977687835693e-01
1.044370532035827637e+00
1.734080910682678223e-02
1.109362691640853882e-01
1.574927568435668945e-01
9.077583551406860352e-01
3.630830049514770508e-01
1.784026265144348145e+00
1.248148381710052490e-01
4.226115066558122635e-03
3.982544243335723877e-01
3.901668488979339600e-01
1.079328507184982300e-01
8.308893442153930664e-02
3.146380931138992310e-02
1.842256606323644519e-04
2.956165745854377747e-02
7.942939996719360352e-01
8.298504352569580078e-02
1.814749538898468018e-01
8.811312317848205566e-01
1.471595913171768188e-01
7.286614179611206055e-02
7.545801401138305664e-01
1.422985736280679703e-02
2.098457962274551392e-01
1.057648193091154099e-02
4.986428916454315186e-01
8.184368722140789032e-03
5.528723075985908508e-02
7.419396191835403442e-03
1.863501220941543579e-02
2.448528409004211426e-01
3.570731878280639648e-01
2.146171964704990387e-02
0.000000000000000000e+00
0.000000000000000000e+00
8.133429288864135742e-02
8.829317688941955566e-01
4.266680479049682617e-01
1.943238079547882080e-01
4.456314817070960999e-02
5.518609881401062012e-01
1.801358461380004883e-01
3.369921445846557617e-01
0.000000000000000000e+00
1.140625834465026855e+00
6.807531118392944336e-01
1.344894409179687500e+00
5.155288428068161011e-02
1.158571243286132812e-01
5.050821229815483093e-03
6.695459038019180298e-02
0.000000000000000000e+00
1.247461289167404175e-01
4.711058437824249268e-01
6.942558884620666504e-01
3.858430683612823486e-02
2.696518003940582275e-01
4.634499847888946533e-01
0.000000000000000000e+00
7.931104302406311035e-01
1.675566285848617554e-01
6.935529708862304688e-01
1.212700232863426208e-01
2.078017964959144592e-02
3.483447313308715820e+00
2.230597846210002899e-02
6.125338375568389893e-02
8.828799426555633545e-02
9.776109457015991211e-02
8.060285449028015137e-02
0.000000000000000000e+00
4.271382987499237061e-01
2.278505563735961914e-01
3.284480869770050049e-01
5.134603008627891541e-02
3.104891628026962280e-02
2.810176312923431396e-01
1.941835403442382812e+00
4.771938025951385498e-01
0.000000000000000000e+00
4.820747300982475281e-02
7.252175360918045044e-02
6.868084520101547241e-02
1.372583955526351929e-01
7.571377754211425781e-01
0.000000000000000000e+00
2.959626913070678711e-01
2.041119523346424103e-02
1.093369841575622559e+00
5.588164925575256348e-01
6.509610451757907867e-03
1.608087099157273769e-03
0.000000000000000000e+00
9.891807101666927338e-03
0.000000000000000000e+00
0.000000000000000000e+00
1.009050309658050537e-01
0.000000000000000000e+00
1.205147430300712585e-02
5.750007033348083496e-01
5.754080414772033691e-02
8.397215008735656738e-01
8.243204653263092041e-02
6.840036511421203613e-01
7.106595486402511597e-02
4.842113330960273743e-02
1.716430112719535828e-02
0.000000000000000000e+00
3.892557144165039062e+00
1.913496255874633789e-01
8.985397219657897949e-01
8.766711354255676270e-01
2.187868356704711914e-01
7.397379875183105469e-01
2.733722627162933350e-01
3.764232695102691650e-01
7.866957038640975952e-02
2.251373836770653725e-03
1.110273227095603943e-02
3.193898499011993408e-02
1.133947849273681641e+00
2.523968219757080078e-01
1.844149976968765259e-01
9.548734128475189209e-02
4.701597988605499268e-02
5.695889592170715332e-01
2.660519778728485107e-01
3.158666426315903664e-03
4.208450391888618469e-02
0.000000000000000000e+00
9.473176002502441406e-01
6.418739259243011475e-02
9.912652522325515747e-02
4.851955771446228027e-01
2.078362181782722473e-02
2.385260164737701416e-01
1.223632544279098511e-01
6.640594005584716797e-01
3.930132091045379639e-01
1.876869425177574158e-02
5.364575386047363281e-01
5.422401428222656250e-02
3.903761208057403564e-01
3.587087988853454590e-02
1.230407476425170898e+00
3.134643733501434326e-01
2.798155248165130615e-01
3.645338714122772217e-01
2.377969399094581604e-02
5.398805737495422363e-01
0.000000000000000000e+00
6.549180746078491211e-01
1.833029463887214661e-02
0.000000000000000000e+00
0.000000000000000000e+00
6.654744744300842285e-01
2.171297311782836914e+00
0.000000000000000000e+00
0.000000000000000000e+00
4.684285521507263184e-01
1.066236734390258789e+00
1.172350496053695679e-01
2.626676321029663086e+00
1.402072608470916748e-02
1.093798279762268066e-01
2.264128923416137695e-01
2.074476927518844604e-01
0.000000000000000000e+00
0.000000000000000000e+00
9.190598130226135254e-02
1.435461342334747314e-01
2.835465362295508385e-03
0.000000000000000000e+00
7.180996704846620560e-03
8.523793220520019531e-01
0.000000000000000000e+00
1.634915769100189209e-01
0.000000000000000000e+00
2.208850160241127014e-02
0.000000000000000000e+00
6.628596782684326172e-01
3.023186028003692627e-01
3.461632877588272095e-02
3.881592750549316406e-01
6.507867574691772461e-02
7.467476725578308105e-01
1.902643740177154541e-01
2.263884097337722778e-01
1.395853161811828613e-01
4.051758721470832825e-02
2.488558292388916016e-01
7.626818865537643433e-02
1.256390810012817383e-01
5.452437326312065125e-02
2.774125039577484131e-01
4.126899689435958862e-02
1.617713719606399536e-01
0.000000000000000000e+00
0.000000000000000000e+00
2.721295356750488281e-01
3.750219568610191345e-02
1.494886875152587891e+00
1.651693135499954224e-01
3.960241079330444336e-01
9.549167156219482422e-01
1.456190943717956543e+00
9.371950477361679077e-02
2.717862129211425781e-01
8.600896596908569336e-01
0.000000000000000000e+00
3.802264574915170670e-03
0.000000000000000000e+00
2.871829643845558167e-02
4.210888147354125977e-01
1.033593297004699707e+00
9.383796900510787964e-02
1.693055592477321625e-02
1.090301945805549622e-01
2.014878988265991211e-01
0.000000000000000000e+00
1.017127156257629395e+00
2.383049726486206055e-01
1.408476978540420532e-01
7.517761085182428360e-03
2.162510007619857788e-01
4.311767816543579102e-01
1.867997646331787109e-01
8.038957715034484863e-01
9.979418665170669556e-02
1.964918971061706543e-01
0.000000000000000000e+00
2.722627855837345123e-02
1.580788195133209229e-01
0.000000000000000000e+00
3.935949504375457764e-02
7.723093032836914062e-01
1.006817519664764404e-01
4.986955318599939346e-03
1.466102957725524902e+00
2.099278196692466736e-02
2.552350163459777832e-01
1.820170283317565918e-01
3.778001368045806885e-01
2.744848430156707764e-01
1.151017099618911743e-01
1.985518261790275574e-02
1.750973701477050781e+00
5.843652486801147461e-01
0.000000000000000000e+00
2.575929090380668640e-02
4.551018588244915009e-03
4.978652894496917725e-01
1.891760110855102539e+00
2.399656057357788086e+00
0.000000000000000000e+00
1.534715294837951660e+00
0.000000000000000000e+00
3.190656006336212158e-01
3.426579385995864868e-02
8.373250812292098999e-02
2.588015794754028320e-01
2.894260287284851074e-01
3.140839815139770508e+00
3.574978113174438477e-01
3.522756993770599365e-01
3.636626005172729492e-01
3.326652105897665024e-03
3.132572397589683533e-02
1.475844811648130417e-02
3.174062967300415039e+00
6.726499646902084351e-02
2.438148260116577148e-01
8.684266358613967896e-02
9.117197245359420776e-02
1.121987029910087585e-01
4.107655212283134460e-02
1.123747110366821289e+00
0.000000000000000000e+00
2.420737408101558685e-03
0.000000000000000000e+00
5.197766423225402832e-01
1.303725689649581909e-01
2.703509032726287842e-01
2.276527285575866699e-01
5.943256020545959473e-01
4.983811452984809875e-02
1.376325041055679321e-01
4.241678863763809204e-03
3.016882240772247314e-01
0.000000000000000000e+00
2.269763685762882233e-02
7.391394674777984619e-02
6.662943959236145020e-02
7.792902588844299316e-01
0.000000000000000000e+00
0.000000000000000000e+00
2.765706367790699005e-02
6.261654198169708252e-02
0.000000000000000000e+00
8.501007556915283203e-01
0.000000000000000000e+00
1.104157865047454834e-01
2.278503179550170898e-01
5.047437548637390137e-01
1.343976020812988281e+00
4.583078622817993164e-02
0.000000000000000000e+00
0.000000000000000000e+00
0.000000000000000000e+00
0.000000000000000000e+00
4.249684810638427734e-01
8.511903136968612671e-02
6.456544250249862671e-02
3.002035059034824371e-02
2.848871517926454544e-03
1.435581088066101074e+00
0.000000000000000000e+00
6.431823968887329102e-01
9.338126778602600098e-01
3.227319419384002686e-01
7.141474485397338867e-01
4.703576564788818359e-01
4.989865794777870178e-02
0.000000000000000000e+00
4.909327626228332520e-02
8.141429722309112549e-02
3.704687952995300293e-01
6.737037301063537598e-01
1.447933614253997803e-01
3.629123270511627197e-01
2.637858986854553223e-01
4.959907382726669312e-03
1.176824606955051422e-02
5.584029197692871094e+00
1.759788095951080322e-01
1.144985556602478027e+00
6.916552037000656128e-02
2.322342097759246826e-01
3.307663202285766602e-01
8.081497550010681152e-01
2.126737385988235474e-01
4.665343761444091797e-01
8.877547979354858398e-01
1.233267068862915039e+00
8.422557115554809570e-01
6.734484434127807617e-02
3.340911567211151123e-01
4.569301381707191467e-03
1.428723692893981934e+00
0.000000000000000000e+00
2.874965369701385498e-01
4.797540903091430664e-01
8.363599330186843872e-02
3.550806641578674316e-01
0.000000000000000000e+00
3.768450766801834106e-02
5.253352969884872437e-02
1.633483916521072388e-01
3.176449239253997803e-02
0.000000000000000000e+00
2.183946520090103149e-01
1.027126684784889221e-01
2.224937677383422852e+00
5.470769107341766357e-02
1.581685543060302734e-01
0.000000000000000000e+00
4.061126336455345154e-02
1.056588441133499146e-01
8.651791810989379883e-01
0.000000000000000000e+00
1.232389267534017563e-02
1.490779638290405273e+00
2.182379245758056641e+00
0.000000000000000000e+00
4.860927164554595947e-01
3.567728027701377869e-02
1.103185266256332397e-01
0.000000000000000000e+00
1.133201956748962402e+00
1.077208876609802246e+00
4.000205546617507935e-03
2.482889145612716675e-01
5.446039438247680664e-01
3.671655058860778809e-01
4.034714773297309875e-02
1.020490288734436035e+00
1.113249734044075012e-02
2.476222254335880280e-02
0.000000000000000000e+00
1.855725198984146118e-01
4.598567962646484375e+00
4.283725917339324951e-01
1.057293415069580078e+00
5.491700768470764160e-01
1.368491202592849731e-01
1.204321905970573425e-01
1.263577222824096680e+00
6.518465466797351837e-03
0.000000000000000000e+00
3.839819133281707764e-02
1.056281030178070068e-01
4.905786737799644470e-02
0.000000000000000000e+00
1.383112549781799316e+00
0.000000000000000000e+00
0.000000000000000000e+00
9.309918880462646484e-01
3.377574961632490158e-03
2.134388536214828491e-01
1.420949399471282959e-01
3.854170143604278564e-01
0.000000000000000000e+00
1.502371765673160553e-02
6.582430005073547363e-02
4.177768230438232422e-01
2.817748486995697021e-02
1.302796509116888046e-02
0.000000000000000000e+00
5.659042671322822571e-02
1.003439575433731079e-01
1.348980188369750977e+00
0.000000000000000000e+00
2.233980782330036163e-02
7.136411219835281372e-02
7.486373651772737503e-03
8.807751536369323730e-02
0.000000000000000000e+00
4.052181541919708252e-02
3.961756825447082520e-03
2.256856113672256470e-02
1.529021263122558594e+00
6.777763366699218750e-03
0.000000000000000000e+00
5.943967029452323914e-02
3.105287253856658936e-01
1.053526252508163452e-02
0.000000000000000000e+00
5.907460302114486694e-02
1.590231060981750488e-01
1.031147718429565430e+00
0.000000000000000000e+00
5.432265251874923706e-02
1.463230047374963760e-02
2.271156907081604004e-01
1.244488134980201721e-01
0.000000000000000000e+00
0.000000000000000000e+00
8.052356541156768799e-02
6.137896701693534851e-02
1.133035272359848022e-01
6.374105811119079590e-02
4.132844507694244385e-02
2.405469864606857300e-01
1.982572674751281738e-01
2.669100284576416016e+00
7.791511416435241699e-01
1.654584854841232300e-01
7.432471960783004761e-02
0.000000000000000000e+00
3.220354020595550537e-02
3.018570505082607269e-02
6.463469862937927246e-01
0.000000000000000000e+00
2.197932749986648560e-01
4.917836561799049377e-02
0.000000000000000000e+00
0.000000000000000000e+00
1.839076131582260132e-01
0.000000000000000000e+00
4.606476053595542908e-03
3.186386346817016602e+00
1.214791834354400635e-01
0.000000000000000000e+00
2.890345752239227295e-01
6.205431222915649414e-01
3.990719914436340332e-01
2.452695131301879883e+00
3.085727214813232422e+00
3.322763741016387939e-02
3.142822980880737305e+00
5.489568412303924561e-02
1.512303113937377930e+00
1.694867014884948730e-01
2.214792221784591675e-01
0.000000000000000000e+00
3.171359375119209290e-02
0.000000000000000000e+00
0.000000000000000000e+00
3.802912473678588867e+00
1.212616562843322754e+00
2.334081195294857025e-02
1.427695006132125854e-01
0.000000000000000000e+00
1.252186298370361328e-01
1.104658246040344238e+00
2.631169185042381287e-02
2.014291137456893921e-01
2.542734146118164062e-04
2.190733999013900757e-01
4.389391243457794189e-01
0.000000000000000000e+00
2.243254929780960083e-01
1.446494579315185547e+00
2.391106128692626953e+00
4.186975657939910889e-01
6.881171464920043945e-01
1.435799598693847656e+00
1.348098814487457275e-01
1.208381056785583496e+00
2.438092604279518127e-03
5.354217253625392914e-03
8.782597780227661133e-01
4.003597795963287354e-02
1.881310194730758667e-01
5.547491461038589478e-02
0.000000000000000000e+00
1.580205261707305908e-01
1.142367050051689148e-01
3.050821125507354736e-01
7.877146005630493164e-01
5.160740017890930176e-01
7.536596059799194336e-02
7.430413961410522461e-01
1.402241438627243042e-01
0.000000000000000000e+00
1.982766389846801758e-01
0.000000000000000000e+00
0.000000000000000000e+00
9.194491058588027954e-02
3.305334746837615967e-01
3.260770440101623535e-02
1.415627151727676392e-01
1.316390186548233032e-01
0.000000000000000000e+00
6.302671134471893311e-02
8.292529582977294922e-01
8.791773766279220581e-02
4.654641151428222656e-01
4.920958578586578369e-01
4.362826049327850342e-02
1.695197373628616333e-01
4.505736827850341797e-01
0.000000000000000000e+00
3.058322072029113770e-01
0.000000000000000000e+00
1.903111189603805542e-01
4.182979092001914978e-02
4.594022408127784729e-02
6.337524205446243286e-02
1.919176280498504639e-01
6.527639180421829224e-02
2.027027755975723267e-01
4.754495993256568909e-02
6.295078899711370468e-03
2.099360525608062744e-02
3.898520022630691528e-02
0.000000000000000000e+00
2.440620213747024536e-01
3.475756570696830750e-02
2.835991382598876953e-01
4.788967967033386230e-02
5.674030259251594543e-02
6.663738191127777100e-02
5.408703908324241638e-02
8.594943284988403320e-01
2.474513836205005646e-02
3.601225838065147400e-02
8.423782885074615479e-02
0.000000000000000000e+00
3.839504420757293701e-01
4.376336559653282166e-02
1.593444466590881348e+00
1.670179218053817749e-01
2.826790884137153625e-02
7.638159394264221191e-02
2.302321940660476685e-01
3.444071114063262939e-02
3.580618882551789284e-03
1.665133118629455566e+00
0.000000000000000000e+00
5.213161110877990723e-01
2.093481272459030151e-01
9.247191250324249268e-02
4.410618245601654053e-01
2.330353297293186188e-02
2.204271852970123291e-01
1.012505441904067993e-01
2.646635985001921654e-03
0.000000000000000000e+00
4.049413371831178665e-03
3.077173046767711639e-02
8.756110817193984985e-02
9.282310009002685547e-01
4.914842247962951660e-01
8.490148186683654785e-01
3.859662711620330811e-01
2.918870560824871063e-02
2.185945659875869751e-01
6.048545707017183304e-03
6.968316435813903809e-02
5.220879241824150085e-02
3.965195715427398682e-01
5.539879202842712402e-01
4.372150003910064697e-01
2.947844937443733215e-02
1.152598410844802856e-01
1.885855495929718018e-01
2.562062740325927734e-01
2.866461277008056641e-01
7.699955701828002930e-01
1.494461204856634140e-02
0.000000000000000000e+00
6.997064501047134399e-02
3.014571033418178558e-02
6.156325712800025940e-02
3.031953275203704834e-01
1.533597707748413086e-01
2.452901005744934082e-02
3.697276115417480469e-02
7.633495926856994629e-01
6.593114137649536133e-01
1.591941416263580322e-01
3.043889999389648438e-03
0.000000000000000000e+00
1.406022254377603531e-02
4.179825186729431152e-01
2.469363689422607422e+00
1.767447963356971741e-02
2.717671096324920654e-01
2.217688262462615967e-01
4.300196170806884766e-01
3.130536973476409912e-01
1.064068526029586792e-01
4.964320361614227295e-02
2.213670611381530762e-01
1.108392477035522461e+00
2.122712373733520508e+00
1.817627906799316406e+00
2.581400610506534576e-02
2.269381470978260040e-02
3.029820621013641357e-01
2.147508114576339722e-01
3.333678841590881348e-01
2.796256542205810547e-01
1.702931523323059082e-01
0.000000000000000000e+00
0.000000000000000000e+00
0.000000000000000000e+00
0.000000000000000000e+00
2.740557193756103516e-01
2.407945133745670319e-02
1.716817259788513184e+00
3.554304689168930054e-02
8.547756671905517578e-01
2.508572041988372803e-01
8.271392583847045898e-01
3.586678743362426758e+00
2.788691520690917969e-01
8.600346627645194530e-04
0.000000000000000000e+00
1.460401341319084167e-02
0.000000000000000000e+00
1.232322864234447479e-02
1.170242875814437866e-01
2.321506738662719727e+00
9.550689905881881714e-02
0.000000000000000000e+00
0.000000000000000000e+00
0.000000000000000000e+00
0.000000000000000000e+00
1.249767839908599854e-01
7.093114852905273438e-01
1.273049116134643555e-01
0.000000000000000000e+00
3.239557743072509766e-01
1.272972077131271362e-01
1.497946232557296753e-01
4.300893545150756836e-01
1.489421427249908447e-01
1.745491474866867065e-01
0.000000000000000000e+00
2.111237943172454834e-01
1.249411031603813171e-01
4.733938258141279221e-03
6.847401708364486694e-02
7.554179430007934570e-01
1.025011017918586731e-01
0.000000000000000000e+00
2.358409762382507324e-02
8.579990863800048828e-01
1.386471152305603027e+00
3.213148415088653564e-01
1.574588119983673096e-01
0.000000000000000000e+00
1.315750330686569214e-01
2.268110513687133789e+00
0.000000000000000000e+00
7.985115796327590942e-02
2.803260684013366699e-01
1.915228515863418579e-01
3.158692598342895508e+00
3.070456981658935547e-01
4.534779787063598633e-01
1.416974961757659912e-01
1.913217455148696899e-01
4.275700822472572327e-02
1.180906176567077637e+00
1.098424673080444336e+00
0.000000000000000000e+00
4.429097287356853485e-03
9.580510258674621582e-01
5.896453559398651123e-02
1.205051410943269730e-02
9.513816237449645996e-01
2.443744838237762451e-01
6.262560933828353882e-02
8.779318886809051037e-04
3.861838281154632568e-01
0.000000000000000000e+00
0.000000000000000000e+00
9.843820929527282715e-01
1.482459753751754761e-01
1.132203221321105957e+00
1.706666797399520874e-01
7.783948779106140137e-01
3.298852220177650452e-02
2.023203764110803604e-03
0.000000000000000000e+00
2.016279287636280060e-02
8.786068558692932129e-01
9.388974308967590332e-02
9.460265934467315674e-02
0.000000000000000000e+00
1.280407309532165527e-01
0.000000000000000000e+00
1.438362896442413330e-01
5.327273905277252197e-02
8.547461591660976410e-03
6.943422555923461914e-02
1.085551381111145020e+00
2.784471213817596436e-02
1.700767725706100464e-01
3.479611873626708984e-02
2.210886031389236450e-01
2.806207180023193359e+00
0.000000000000000000e+00
3.548066616058349609e-01
6.457890272140502930e-01
3.753257989883422852e-01
6.501473188400268555e-01
6.480594873428344727e-01
1.122577071189880371e+00
3.590399771928787231e-02
6.286993026733398438e-01
4.589658230543136597e-02
8.103553056716918945e-01
1.975463777780532837e-01
0.000000000000000000e+00
5.336586385965347290e-03
6.724119931459426880e-02
1.049896553158760071e-01
0.000000000000000000e+00
1.883433938026428223e+00
7.793209701776504517e-02
0.000000000000000000e+00
1.468966808170080185e-02
0.000000000000000000e+00
7.454314827919006348e-02
1.175783872604370117e-01
5.282799527049064636e-02
0.000000000000000000e+00
2.341640554368495941e-02
3.509767949581146240e-01
5.511170625686645508e-01
9.043101966381072998e-02
1.048100143671035767e-01
5.542370676994323730e-01
1.707998104393482208e-02
6.893240213394165039e-01
4.848924279212951660e-01
2.300297915935516357e-01
2.727799713611602783e-01
7.972785234451293945e-01
6.860467046499252319e-02
0.000000000000000000e+00
6.622304022312164307e-02
2.226471662521362305e+00
4.923618137836456299e-01
1.003827825188636780e-01
2.064364552497863770e-01
0.000000000000000000e+00
8.141418695449829102e-01
2.190811336040496826e-01
3.791240602731704712e-02
5.391259193420410156e-01
4.308286011219024658e-01
0.000000000000000000e+00
0.000000000000000000e+00
0.000000000000000000e+00
1.766206622123718262e-01
2.925364375114440918e-01
8.497431874275207520e-02
4.243040561676025391e+00
1.194861754775047302e-01
2.292518615722656250e-01
7.100150734186172485e-02
2.821326255798339844e-02
0.000000000000000000e+00
1.652542591094970703e+00
1.035948872566223145e+00
6.290485858917236328e-01
5.749648809432983398e-01
0.000000000000000000e+00
6.993802785873413086e-01
2.898817136883735657e-02
2.824215888977050781e-01
0.000000000000000000e+00
0.000000000000000000e+00
1.220886856317520142e-01
0.000000000000000000e+00
8.607351183891296387e-01
7.568138837814331055e-02
8.130368590354919434e-02
4.073976874351501465e-01
1.155961632728576660e+00
6.065995991230010986e-02
1.460300236940383911e-01
2.004066467285156250e+00
5.020516458898782730e-03
3.755891323089599609e-01
1.881029605865478516e-01
1.486684381961822510e-01
0.000000000000000000e+00
3.538278341293334961e-01
1.476653516292572021e-01
8.519511669874191284e-02
1.530306190252304077e-01
1.222006902098655701e-01
6.712806224822998047e-02
3.807854279875755310e-02
6.648323535919189453e-01
2.839980088174343109e-02
0.000000000000000000e+00
1.574431300163269043e+00
7.815650105476379395e-01
0.000000000000000000e+00
2.150975018739700317e-01
1.826634883880615234e+00
2.908742129802703857e-01
2.471271276473999023e+00
3.224449753761291504e-01
0.000000000000000000e+00
6.067886352539062500e-01
3.633263707160949707e-01
3.398713171482086182e-01
1.589671708643436432e-02
2.406095415353775024e-01
2.325285375118255615e-01
0.000000000000000000e+00
0.000000000000000000e+00
1.565134644508361816e+00
5.291962027549743652e-01
2.004078477621078491e-01
0.000000000000000000e+00
6.400972604751586914e-01
2.949644625186920166e-02
2.143056988716125488e-01
1.013954997062683105e+00
0.000000000000000000e+00
1.653091460466384888e-01
7.851576805114746094e-02
1.250782251358032227e+00
1.537460237741470337e-01
1.013396307826042175e-01
1.130333691835403442e-01
0.000000000000000000e+00
2.271023392677307129e-01
0.000000000000000000e+00
4.008295834064483643e-01
0.000000000000000000e+00
7.801835983991622925e-02
1.522153913974761963e-01
5.104609951376914978e-02
7.684944570064544678e-02
0.000000000000000000e+00
0.000000000000000000e+00
3.367680311203002930e-02
1.819945126771926880e-01
5.687941238284111023e-02
2.074604779481887817e-01
2.677672542631626129e-02
7.480520755052566528e-02
3.697547018527984619e-01
2.072862833738327026e-01
1.030019856989383698e-02
2.297987639904022217e-01
2.295649843290448189e-03
1.064005866646766663e-01
2.266241759061813354e-01
7.662812247872352600e-03
6.688825488090515137e-01
2.500855922698974609e-01
0.000000000000000000e+00
0.000000000000000000e+00
0.000000000000000000e+00
0.000000000000000000e+00
3.873111605644226074e-01
8.790639638900756836e-01
0.000000000000000000e+00
1.094461083412170410e-01
3.558316826820373535e-01
5.800905227661132812e-01
5.445777997374534607e-02
1.094042062759399414e-01
9.669623970985412598e-01
2.104710936546325684e-01
1.268822103738784790e-01
0.000000000000000000e+00
2.094531953334808350e-01
1.426606178283691406e-01
4.422120749950408936e-02
1.271722018718719482e-01
4.076123237609863281e-01
0.000000000000000000e+00
4.005246609449386597e-02
9.274955838918685913e-02
0.000000000000000000e+00
1.265361346304416656e-02
3.051484469324350357e-03
3.931648656725883484e-02
5.399334058165550232e-02
0.000000000000000000e+00
2.638150181155651808e-04
4.589612782001495361e-01
4.241994023323059082e-01
1.521374106407165527e+00
4.090085253119468689e-02
2.882491052150726318e-01
0.000000000000000000e+00
1.688511110842227936e-02
3.593152016401290894e-02
0.000000000000000000e+00
6.900381296873092651e-02
0.000000000000000000e+00
1.152388453483581543e+00
0.000000000000000000e+00
2.465724945068359375e-01
9.084056317806243896e-02
8.179177045822143555e-01
3.681188583374023438e+00
8.215039372444152832e-01
5.737127065658569336e-01
4.341529011726379395e-01
2.705330848693847656e-01
9.310347586870193481e-02
2.504768073558807373e-01
0.000000000000000000e+00
0.000000000000000000e+00
0.000000000000000000e+00
6.302463356405496597e-03
1.967080309987068176e-02
4.511408507823944092e-02
3.181927800178527832e-01
2.006897004321217537e-03
1.145493388175964355e+00
9.344446659088134766e-02
1.833675801753997803e-01
5.646954290568828583e-03
1.095286488533020020e+00
5.658419132232666016e-01
1.097187995910644531e-01
1.217647433280944824e+00
0.000000000000000000e+00
2.014840953052043915e-02
3.239038586616516113e-02
5.241031050682067871e-01
0.000000000000000000e+00
0.000000000000000000e+00
5.546149611473083496e-01
8.929542899131774902e-01
5.015477180480957031e+00
1.118347793817520142e-01
1.195415556430816650e-01
8.113811016082763672e-01
1.679623872041702271e-01
3.312431043013930321e-03
7.043602527119219303e-04
1.170266032218933105e+00
0.000000000000000000e+00
9.368642419576644897e-02
4.610376060009002686e-02
1.034650564193725586e+00
8.888414129614830017e-03
5.830408260226249695e-02
1.647544652223587036e-01
5.351983755826950073e-02
0.000000000000000000e+00
8.313809037208557129e-01
7.306182384490966797e-02
0.000000000000000000e+00
6.458900123834609985e-02
2.385549712926149368e-03
5.178383551537990570e-03
0.000000000000000000e+00
1.495038419961929321e-01
1.399486780166625977e+00
1.623794436454772949e-01
2.505379542708396912e-02
8.142264485359191895e-01
2.686041891574859619e-01
0.000000000000000000e+00
0.000000000000000000e+00
1.426645666360855103e-01
9.940647482872009277e-01
1.312543451786041260e-02
3.344307839870452881e-01
0.000000000000000000e+00
1.993809342384338379e+00
1.426648497581481934e+00
1.724885590374469757e-02
1.133604794740676880e-01
3.593597561120986938e-02
4.901535511016845703e-01
0.000000000000000000e+00
1.518010497093200684e-01
6.622225046157836914e-02
1.955094933509826660e-02
5.461606383323669434e-01
3.787374198436737061e-01
0.000000000000000000e+00
0.000000000000000000e+00
2.299666166305541992e+00
9.402946829795837402e-01
1.844796910881996155e-02
0.000000000000000000e+00
3.728435635566711426e-01
0.000000000000000000e+00
4.479150474071502686e-02
1.152254045009613037e-01
1.503916829824447632e-01
6.130378693342208862e-03
2.299070954322814941e-01
6.960186362266540527e-01
4.223569333553314209e-01
0.000000000000000000e+00
8.085276931524276733e-03
5.325972437858581543e-01
3.011690080165863037e-02
0.000000000000000000e+00
6.924789547920227051e-01
4.286962095648050308e-03
1.451436519622802734e+00
6.093675494194030762e-01
5.068381503224372864e-02
1.273269206285476685e-01
1.611912965774536133e+00
9.969692826271057129e-01
3.142307698726654053e-02
1.446489244699478149e-01
8.698392659425735474e-02
7.891222834587097168e-02
0.000000000000000000e+00
0.000000000000000000e+00
1.248644106090068817e-02
8.139795064926147461e-02
2.008257150650024414e+00
2.518533170223236084e-02
2.186574339866638184e-01
5.117602646350860596e-02
4.705940186977386475e-01
0.000000000000000000e+00
1.150409460067749023e+00
1.506298482418060303e-01
4.086251258850097656e-01
4.752936363220214844e-01
1.457632064819335938e+00
4.370502382516860962e-02
7.750487327575683594e-01
2.688496932387351990e-02
0.000000000000000000e+00
7.658385634422302246e-01
5.150698125362396240e-03
5.979789420962333679e-02
3.188628256320953369e-01
1.546618044376373291e-01
2.980201505124568939e-03
4.471144676208496094e-01
1.009341716766357422e+00
0.000000000000000000e+00
1.339779049158096313e-02
0.000000000000000000e+00
1.019119471311569214e-01
2.847271598875522614e-02
3.581503033638000488e-02
5.263559222221374512e-01
1.010112371295690536e-02
8.460833877325057983e-02
2.104302167892456055e+00
2.540688991546630859e+00
0.000000000000000000e+00
3.422206966206431389e-03
8.474817499518394470e-03
5.108969807624816895e-01
2.311125755310058594e+00
0.000000000000000000e+00
4.155251681804656982e-01
1.148496627807617188e+00
1.235316172242164612e-01
3.164329826831817627e-01
8.199627995491027832e-01
2.539371848106384277e-01
1.193296387791633606e-01
1.206854462623596191e+00
3.493688106536865234e-01
2.158136665821075439e-02
1.024785280227661133e+00
5.775464698672294617e-02
8.842868357896804810e-02
4.180864489171653986e-04
4.531380534172058105e-02
1.019145548343658447e-01
6.602796912193298340e-02
1.214234232902526855e-01
9.473574347794055939e-03
3.623462915420532227e-01
1.721416600048542023e-02
1.229828223586082458e-01
1.736225932836532593e-01
5.257647037506103516e-01
1.903766691684722900e-01
1.074214726686477661e-01
0.000000000000000000e+00
2.595588564872741699e-01
1.843598484992980957e-01
1.383094787597656250e+00
5.003670454025268555e-01
1.347143173217773438e+00
9.576694667339324951e-02
3.511560261249542236e-01
2.668164372444152832e-01
2.360786944627761841e-01
0.000000000000000000e+00
6.936203837394714355e-01
9.031054563820362091e-03
1.972664147615432739e-02
0.000000000000000000e+00
3.491803631186485291e-02
0.000000000000000000e+00
6.959815621376037598e-01
1.001862734556198120e-01
0.000000000000000000e+00
3.956594765186309814e-01
3.197366371750831604e-02
0.000000000000000000e+00
2.599060833454132080e-01
9.022379517555236816e-01
0.000000000000000000e+00
6.951416283845901489e-02
2.146093174815177917e-02
0.000000000000000000e+00
0.000000000000000000e+00
0.000000000000000000e+00
0.000000000000000000e+00
0.000000000000000000e+00
4.163366854190826416e-01
2.575847625732421875e+00
7.435382902622222900e-02
5.064425945281982422e+00
9.983260929584503174e-02
1.904049664735794067e-01
0.000000000000000000e+00
1.546878069639205933e-01
1.057057678699493408e-01
3.794150659814476967e-03
3.206422030925750732e-01
8.604619652032852173e-03
2.288145869970321655e-01
0.000000000000000000e+00
3.922212421894073486e-01
0.000000000000000000e+00
2.956132590770721436e-02
2.771643698215484619e-01
3.103206306695938110e-02
0.000000000000000000e+00
3.728683233261108398e+00
3.852147161960601807e-01
0.000000000000000000e+00
0.000000000000000000e+00
1.880363225936889648e-01
2.226430736482143402e-02
1.347275227308273315e-01
1.167634576559066772e-01
5.784890055656433105e-01
0.000000000000000000e+00
3.931808844208717346e-02
5.851626396179199219e-01
1.686143130064010620e-01
0.000000000000000000e+00
2.503048814833164215e-02
7.196075320243835449e-01
6.334561705589294434e-01
8.777223825454711914e-01
0.000000000000000000e+00
1.302548963576555252e-02
6.807581335306167603e-02
1.178422689437866211e+00
2.393139153718948364e-02
0.000000000000000000e+00
2.795491516590118408e-01
1.870181411504745483e-01
0.000000000000000000e+00
6.694972980767488480e-03
1.155600257334299386e-04
5.852212384343147278e-02
8.214978873729705811e-02
2.048298120498657227e+00
8.246766030788421631e-02
1.244807988405227661e-02
3.529975414276123047e-01
2.601044178009033203e-01
2.934223413467407227e-01
4.539977386593818665e-02
1.400597989559173584e-01
1.428917348384857178e-01
4.687254875898361206e-02
1.617957115173339844e+00
1.580515950918197632e-01
1.572043001651763916e-01
0.000000000000000000e+00
1.240925714373588562e-01
6.091212630271911621e-01
4.273269772529602051e-01
9.769754856824874878e-02
9.026275873184204102e-01
6.462050974369049072e-02
1.490928232669830322e-01
1.183521468192338943e-02
8.715729713439941406e-01
2.813904285430908203e-01
3.277595341205596924e-02
9.544881177134811878e-04
0.000000000000000000e+00
1.033741116523742676e+00
9.513909369707107544e-02
1.810269244015216827e-02
1.241947188973426819e-01
6.688257455825805664e-01
2.425502300262451172e+00
0.000000000000000000e+00
1.267216205596923828e-01
3.060051798820495605e-02
4.668611884117126465e-01
6.086398363113403320e-01
0.000000000000000000e+00
0.000000000000000000e+00
4.639972209930419922e+00
2.555528640747070312e+00
0.000000000000000000e+00
3.159095048904418945e-01
1.357353180646896362e-01
3.939940035343170166e-01
3.913655281066894531e-01
0.000000000000000000e+00
1.127906441688537598e+00
7.667054887861013412e-04
2.214589342474937439e-02
1.178243197500705719e-02
2.692402303218841553e-01
2.013820037245750427e-02
3.129898905754089355e-01
5.177673697471618652e-02
6.136894226074218750e-03
1.067217811942100525e-01
2.207721956074237823e-02
8.098429441452026367e-01
0.000000000000000000e+00
4.238285869359970093e-02
1.739205233752727509e-02
1.509644389152526855e-01
4.826252907514572144e-02
4.994982108473777771e-02
1.506513508502393961e-04
5.048785358667373657e-02
3.558335825800895691e-02
2.289253324270248413e-01
1.153323054313659668e-01
0.000000000000000000e+00
1.599361598491668701e-01
2.394323935732245445e-03
4.562112092971801758e-01
1.233482360839843750e-01
1.060248613357543945e+00
1.873372197151184082e-01
1.060106158256530762e-01
3.097837604582309723e-02
2.135203778743743896e-01
1.329440772533416748e-01
2.291554689407348633e+00
1.266196966171264648e-01
1.837140619754791260e-01
3.413571715354919434e-01
4.989958368241786957e-03
1.646942049264907837e-01
3.617868125438690186e-01
6.855857968330383301e-01
2.006844729185104370e-01
1.075215563178062439e-01
1.919088363647460938e-01
4.953595343977212906e-03
3.649333259090781212e-03
4.097250401973724365e-01
1.394465565681457520e+00
3.169367313385009766e-01
2.183617204427719116e-01
4.411885142326354980e-02
5.366744007915258408e-03
1.069167745299637318e-03
1.145021319389343262e-01
8.099148869514465332e-01
0.000000000000000000e+00
1.014212846755981445e+00
2.903680875897407532e-02
6.827564793638885021e-04
4.607812464237213135e-01
4.635250270366668701e-01
3.550987243652343750e-01
0.000000000000000000e+00
1.070169091224670410e+00
1.847555190324783325e-01
1.265003383159637451e-01
1.178894877433776855e+00
0.000000000000000000e+00
2.507199943065643311e-01
0.000000000000000000e+00
2.796165831387042999e-02
4.219953343272209167e-02
1.945048123598098755e-01
2.667239308357238770e-01
6.408659741282463074e-03
1.262941509485244751e-01
0.000000000000000000e+00
3.858651593327522278e-02
1.167830154299736023e-01
3.321238160133361816e-01
1.090574502944946289e+00
2.072647333145141602e+00
1.029890030622482300e-01
0.000000000000000000e+00
4.756406545639038086e-01
3.176110982894897461e-01
9.973984211683273315e-02
1.492855787277221680e+00
3.077908158302307129e-01
6.155840680003166199e-02
1.609959453344345093e-01
8.399859070777893066e-03
0.000000000000000000e+00
6.079978495836257935e-02
1.647535204887390137e+00
4.652419686317443848e-02
2.241246961057186127e-02
1.435347557067871094e+00
1.666836887598037720e-01
9.725828655064105988e-03
5.979920625686645508e-01
3.860602900385856628e-02
0.000000000000000000e+00
4.815693199634552002e-01
0.000000000000000000e+00
4.128197729587554932e-01
2.158951312303543091e-01
0.000000000000000000e+00
3.348572412505745888e-03
1.342821959406137466e-02
6.300557404756546021e-02
5.674461126327514648e-01
1.041197255253791809e-01
2.923114299774169922e-01
8.881968446075916290e-03
9.974057078361511230e-01
1.020951867103576660e-01
1.161569654941558838e-01
0.000000000000000000e+00
2.580724470317363739e-02
0.000000000000000000e+00
6.155610457062721252e-02
0.000000000000000000e+00
1.685728132724761963e-02
0.000000000000000000e+00
5.887194871902465820e-01
4.144849181175231934e-01
3.672045096755027771e-02
1.790091022849082947e-02
2.026248425245285034e-01
5.945094227790832520e-01
4.352067783474922180e-02
1.949434727430343628e-01
1.216181460767984390e-02
1.670155376195907593e-01
1.892618656158447266e+00
0.000000000000000000e+00
8.936733938753604889e-03
5.404759198427200317e-03
2.974838614463806152e-01
4.238553345203399658e-01
3.587801009416580200e-02
0.000000000000000000e+00
7.012541592121124268e-02
4.425736963748931885e-01
5.996199324727058411e-03
6.185517832636833191e-02
3.423712849617004395e-01
1.483697056770324707e+00
4.386462271213531494e-01
1.133228242397308350e-01
0.000000000000000000e+00
0.000000000000000000e+00
3.302065432071685791e-01
9.822493791580200195e-02
1.910929828882217407e-01
2.096412032842636108e-01
7.613016963005065918e-01
2.497017197310924530e-02
3.019630610942840576e-01
1.088282838463783264e-01
7.560048718005418777e-03
1.538250893354415894e-01
9.926155209541320801e-01
8.906821608543395996e-01
0.000000000000000000e+00
2.603037059307098389e-01
2.216452807188034058e-01
8.751155138015747070e-01
0.000000000000000000e+00
7.976165041327476501e-03
9.392947889864444733e-03
5.643192678689956665e-02
3.396284952759742737e-02
7.563453912734985352e-02
2.442324459552764893e-01
3.380319848656654358e-02
5.226587876677513123e-02
2.817518711090087891e-01
1.730055063962936401e-01
0.000000000000000000e+00
0.000000000000000000e+00
2.014003753662109375e+00
2.398771047592163086e+00
6.449563801288604736e-02
2.168563008308410645e-02
0.000000000000000000e+00
6.890274286270141602e-01
0.000000000000000000e+00
2.913989126682281494e-02
1.642551422119140625e-01
1.200971007347106934e+00
3.340916708111763000e-02
1.030448600649833679e-01
7.667688280344009399e-02
8.701396733522415161e-02
2.716263234615325928e-01
0.000000000000000000e+00
3.506967127323150635e-01
6.925241351127624512e-01
2.810925431549549103e-02
7.122521847486495972e-02
2.659321308135986328e+00
0.000000000000000000e+00
0.000000000000000000e+00
8.138676173985004425e-03
8.825957775115966797e-02
3.826420009136199951e-02
5.617135670036077499e-03
0.000000000000000000e+00
1.611525425687432289e-03
6.911872625350952148e-01
7.971005886793136597e-02
0.000000000000000000e+00
7.428254187107086182e-02
1.273710966110229492e+00
1.202596165239810944e-02
5.990025401115417480e-01
2.862507477402687073e-02
9.644972742535173893e-04
1.778955608606338501e-01
1.755931973457336426e-01
1.803202182054519653e-01
5.317279696464538574e-02
1.615785993635654449e-02
2.229728847742080688e-01
2.559307403862476349e-02
7.867563515901565552e-02
5.784571766853332520e-01
3.908955678343772888e-02
1.731301099061965942e-01
3.261353373527526855e-01
1.825070232152938843e-01
4.229587316513061523e-02
5.782253742218017578e-01
0.000000000000000000e+00
3.015641123056411743e-02
4.631064832210540771e-02
1.052500978112220764e-01
1.460119336843490601e-01
1.476745754480361938e-01
9.001465141773223877e-02
2.578234374523162842e-01
1.276583224534988403e-01
1.122748255729675293e+00
1.598832130432128906e+00
1.798334360122680664e+00
1.472901105880737305e-01
1.543485075235366821e-01
0.000000000000000000e+00
8.242512494325637817e-02
5.229426026344299316e-01
2.277199476957321167e-01
7.071220874786376953e-01
4.310660436749458313e-02
3.837946429848670959e-02
1.451886165887117386e-02
2.702803118154406548e-03
3.129594326019287109e-01
0.000000000000000000e+00
9.317738586105406284e-04
5.787454172968864441e-02
1.262720346450805664e+00
1.627236232161521912e-02
1.655409298837184906e-02
4.699172824621200562e-02
0.000000000000000000e+00
1.411201506853103638e-01
4.980516135692596436e-01
1.879869461059570312e+00
0.000000000000000000e+00
0.000000000000000000e+00
1.272326335310935974e-02
6.653386633843183517e-03
0.000000000000000000e+00
1.068417131900787354e-01
8.414496481418609619e-02
3.946934044361114502e-01
8.049537539482116699e-01
3.120272755622863770e-01
1.202270612120628357e-01
2.785980403423309326e-01
1.361324191093444824e-01
1.440695822238922119e-01
1.720273733139038086e+00
2.628354728221893311e-01
1.486763008870184422e-03
4.632998257875442505e-03
1.909673660993576050e-01
1.211559399962425232e-01
4.784012213349342346e-02
1.328995585441589355e+00
0.000000000000000000e+00
1.127664327621459961e+00
3.187103569507598877e-02
1.392843127250671387e-01
1.740201711654663086e+00
9.829120337963104248e-02
9.315587580204010010e-03
4.294803738594055176e-01
0.000000000000000000e+00
3.231941461563110352e-01
1.784933544695377350e-02
6.591154336929321289e-01
6.712087392807006836e-01
4.761802032589912415e-02
9.357005357742309570e-01
1.589305698871612549e-01
1.362498402595520020e+00
1.102525740861892700e-01
7.741176337003707886e-02
7.689359188079833984e-01
1.670262515544891357e-01
3.510862961411476135e-02
2.694132626056671143e-01
5.135810002684593201e-02
2.231305539608001709e-01
0.000000000000000000e+00
1.360898911952972412e-01
1.905644237995147705e-01
2.247795835137367249e-02
4.057374298572540283e-01
5.668324232101440430e-02
6.380364298820495605e-02
7.136199623346328735e-02
2.029922306537628174e-01
3.029271662235260010e-01
1.243300199508666992e+00
2.625668942928314209e-01
8.501150012016296387e-01
5.555573105812072754e-01
3.726319670677185059e-01
3.023898415267467499e-02
7.361343130469322205e-03
2.747235447168350220e-02
6.420104503631591797e-01
0.000000000000000000e+00
1.860869079828262329e-01
1.094753384590148926e+00
7.994359731674194336e-01
1.364437490701675415e-01
5.669134259223937988e-01
6.866372190415859222e-03
1.003963828086853027e+00
2.332029864192008972e-02
1.807955205440521240e-01
5.089491009712219238e-01
3.740958869457244873e-01
5.135507136583328247e-02
5.746413469314575195e-01
5.415661633014678955e-02
0.000000000000000000e+00
1.211779657751321793e-03
2.593675851821899414e-01
5.803473293781280518e-02
1.046895742416381836e+00
2.970381639897823334e-02
0.000000000000000000e+00
1.266757398843765259e-01
2.517054378986358643e-01
1.357355620712041855e-02
8.152820519171655178e-04
3.825491666793823242e-01
0.000000000000000000e+00
2.866924703121185303e-01
0.000000000000000000e+00
5.231911689043045044e-02
2.603009641170501709e-01
9.204636514186859131e-02
7.033044472336769104e-03
3.170733572915196419e-03
3.486100137233734131e-01
6.366585493087768555e-01
6.981811523437500000e+00
0.000000000000000000e+00
0.000000000000000000e+00
1.829457096755504608e-02
5.273611098527908325e-02
8.875153064727783203e-01
1.375157684087753296e-01
2.266314812004566193e-02
1.436857938766479492e+00
1.571141332387924194e-01
1.010534316301345825e-01
4.510070011019706726e-02
5.458645224571228027e-01
2.191379070281982422e-01
6.989099550992250443e-03
0.000000000000000000e+00
0.000000000000000000e+00
0.000000000000000000e+00
5.465744733810424805e-01
4.172323048114776611e-01
0.000000000000000000e+00
2.917072176933288574e-02
2.800517976284027100e-01
3.385586291551589966e-02
1.531956344842910767e-01
5.536209791898727417e-02
2.495726346969604492e-01
4.233753681182861328e-01
6.767367720603942871e-01
1.156812667846679688e+00
4.087645411491394043e-01
3.954823017120361328e-01
6.743838638067245483e-02
2.205303311347961426e-02
0.000000000000000000e+00
1.576140522956848145e+00
1.775151491165161133e-01
1.379818916320800781e+00
1.151086539030075073e-01
1.564478039741516113e+00
1.957795321941375732e-01
2.926291525363922119e-01
2.774347551167011261e-02
1.698222994804382324e+00
2.764086127281188965e-01
5.698767025023698807e-03
9.907689690589904785e-02
1.568076908588409424e-01
5.027566105127334595e-02
4.009308815002441406e-01
6.964153051376342773e-02
1.142539456486701965e-01
4.828293994069099426e-02
2.005801051855087280e-01
7.358729094266891479e-02
5.098110437393188477e-01
1.519162654876708984e-01
1.538762599229812622e-01
6.022043526172637939e-02
0.000000000000000000e+00
3.365567326545715332e-01
6.360404938459396362e-02
2.096863389015197754e-01
2.698620259761810303e-01
0.000000000000000000e+00
3.695565164089202881e-01
0.000000000000000000e+00
9.987776726484298706e-02
3.428564965724945068e-01
1.468943082727491856e-03
3.002411723136901855e-01
0.000000000000000000e+00
6.051661446690559387e-02
3.463604021817445755e-03
0.000000000000000000e+00
8.340075612068176270e-02
4.469057172536849976e-02
2.531654899939894676e-03
1.124971956014633179e-01
7.256011962890625000e-01
7.626957260072231293e-03
3.284530341625213623e-01
0.000000000000000000e+00
1.041893661022186279e-02
0.000000000000000000e+00
1.702128909528255463e-02
1.808829903602600098e+00
6.544435024261474609e-02
4.336863160133361816e-01
4.779461324214935303e-01
9.338431805372238159e-02
2.136956751346588135e-01
7.260497659444808960e-03
2.250717878341674805e+00
4.450797140598297119e-01
1.010788306593894958e-01
5.482279695570468903e-03
1.608899235725402832e-01
4.338859319686889648e-01
8.845307677984237671e-02
4.275968074798583984e-01
3.617903292179107666e-01
3.101108036935329437e-02
0.000000000000000000e+00
1.544514438137412071e-03
5.528139695525169373e-02
1.340596526861190796e-01
3.156765131279826164e-03
4.840518906712532043e-02
4.312157258391380310e-02
5.533077716827392578e-01
4.360884428024291992e-02
2.371010929346084595e-02
0.000000000000000000e+00
1.878396570682525635e-01
1.126607805490493774e-01
0.000000000000000000e+00
1.335805747658014297e-03
4.994614124298095703e-01
1.343349367380142212e-02
3.486298620700836182e-01
0.000000000000000000e+00
5.691321566700935364e-02
2.146314680576324463e-01
3.999759629368782043e-02
7.278591394424438477e-02
0.000000000000000000e+00
0.000000000000000000e+00
3.026918566320091486e-04
3.324795663356781006e-01
4.547418951988220215e-01
1.754400134086608887e-01
3.158547878265380859e-01
2.632851123809814453e+00
0.000000000000000000e+00
0.000000000000000000e+00
0.000000000000000000e+00
1.280187010765075684e+00
3.084872663021087646e-01
0.000000000000000000e+00
3.556131124496459961e-01
