1.367030590772628784e-01
2.610407471656799316e-01
9.468029020354151726e-04
2.325768947601318359e+00
4.805116727948188782e-02
1.334368944168090820e+00
2.663986682891845703e-01
1.716598719358444214e-01
1.832413911819458008e+00
2.606514215469360352e+00
2.994507923722267151e-02
1.012307554483413696e-01
1.249784529209136963e-01
0.000000000000000000e+00
1.821835935115814209e-01
1.797860145568847656e+00
2.232045531272888184e-01
9.890990257263183594e-01
1.306372135877609253e-01
1.064943075180053711e+00
6.191161274909973145e-02
1.327841281890869141e-01
8.162241429090499878e-02
0.000000000000000000e+00
4.479594230651855469e-01
1.809525191783905029e-01
1.064312234520912170e-01
2.975018620491027832e-01
2.017515897750854492e-02
7.104842364788055420e-02
3.690875172615051270e-01
3.085207343101501465e-01
2.275553718209266663e-02
1.149767488241195679e-01
0.000000000000000000e+00
4.522740244865417480e-01
0.000000000000000000e+00
2.671078443527221680e-01
9.100877679884433746e-03
6.558486819267272949e-01
0.000000000000000000e+00
6.948001384735107422e-01
1.485033780336380005e-01
1.406187057495117188e+00
8.098848909139633179e-02
5.246674418449401855e-01
5.185242295265197754e-01
1.371677219867706299e-01
1.316843509674072266e+00
1.729414761066436768e-01
4.096168279647827148e-02
7.557166367769241333e-02
4.083622395992279053e-01
1.238694429397583008e+00
3.148459130898118019e-03
3.827235698699951172e-01
1.007539391517639160e+00
1.649254746735095978e-02
3.640483021736145020e-01
1.966677606105804443e-02
2.662553787231445312e+00
6.323504447937011719e-02
6.163477897644042969e-01
1.521149883046746254e-03
2.680974483489990234e+00
6.078627705574035645e-01
8.840003609657287598e-01
3.507737219333648682e-01
6.468393206596374512e-01
0.000000000000000000e+00
9.449140429496765137e-01
2.179894208908081055e+00
0.000000000000000000e+00
3.971705138683319092e-01
4.092472791671752930e-02
9.203544259071350098e-01
9.535537362098693848e-01
3.269372582435607910e-01
2.240227937698364258e+00
9.098711609840393066e-02
2.474101066589355469e+00
0.000000000000000000e+00
4.249358773231506348e-01
6.282562017440795898e-02
2.647278547286987305e+00
3.463990092277526855e-01
1.805976629257202148e-01
9.492437541484832764e-02
7.533584833145141602e-01
5.040832757949829102e-01
0.000000000000000000e+00
9.495715051889419556e-02
4.396893456578254700e-02
0.000000000000000000e+00
1.892627030611038208e-01
3.541456758975982666e-01
2.383147478103637695e+00
1.983631491661071777e+00
1.881704181432723999e-01
6.878618597984313965e-01
1.167613863945007324e-01
1.159085392951965332e+00
3.078101396560668945e+00
1.257603466510772705e-01
3.453122377395629883e-01
4.240635931491851807e-01
0.000000000000000000e+00
4.663894176483154297e-01
0.000000000000000000e+00
1.350771665573120117e+00
1.218764632940292358e-01
5.175932049751281738e-01
4.530512094497680664e-01
1.954104781150817871e+00
8.594006896018981934e-01
5.948495492339134216e-02
5.598971620202064514e-02
1.493387110531330109e-02
0.000000000000000000e+00
3.406064510345458984e-01
6.976784467697143555e-01
2.551501512527465820e+00
2.559437751770019531e+00
1.070673018693923950e-01
8.261640667915344238e-01
2.289893627166748047e-01
1.783932298421859741e-01
1.027415171265602112e-01
6.504602730274200439e-02
1.126070767641067505e-01
3.189542293548583984e-01
2.811396121978759766e-01
3.150269761681556702e-02
8.235847353935241699e-01
3.883854746818542480e-01
1.411920666694641113e+00
8.781871199607849121e-01
2.435632944107055664e-01
2.654610872268676758e+00
1.371697057038545609e-02
5.899288654327392578e-01
1.239169955253601074e+00
1.817831844091415405e-01
9.483049511909484863e-01
3.853833973407745361e-01
5.664634108543395996e-01
1.015544012188911438e-01
4.946886096149682999e-03
5.028367042541503906e-01
1.217767596244812012e-01
1.217038109898567200e-01
1.602126359939575195e-01
0.000000000000000000e+00
1.672397553920745850e-01
0.000000000000000000e+00
1.302549242973327637e-01
6.273319944739341736e-03
1.117866635322570801e-01
0.000000000000000000e+00
2.101556062698364258e-01
2.948194146156311035e-01
3.435318171977996826e-01
1.439604312181472778e-01
1.607578992843627930e-01
5.867823958396911621e-01
1.820565104484558105e+00
1.379259955137968063e-02
0.000000000000000000e+00
5.138383507728576660e-01
3.629875183105468750e-01
2.236373424530029297e-01
7.271343376487493515e-03
8.873850107192993164e-01
3.388928771018981934e-01
1.301143616437911987e-01
5.722875595092773438e-01
4.073898196220397949e-01
7.313706725835800171e-02
6.848639249801635742e-02
2.587246894836425781e-01
5.033317804336547852e-01
1.279249340295791626e-01
2.935650348663330078e-01
1.417259424924850464e-01
4.280506819486618042e-02
2.257199138402938843e-01
1.772818416357040405e-01
3.220805823802947998e-01
1.088991537690162659e-01
4.981220662593841553e-01
0.000000000000000000e+00
7.528584003448486328e-01
5.672138333320617676e-01
3.015151023864746094e-01
3.337277844548225403e-02
7.137703150510787964e-02
1.358688473701477051e-01
5.039348602294921875e-01
5.217892527580261230e-01
3.329741954803466797e-01
1.628540083765983582e-02
2.888716571033000946e-02
0.000000000000000000e+00
5.101245641708374023e-01
0.000000000000000000e+00
1.824659258127212524e-01
7.336445450782775879e-01
0.000000000000000000e+00
0.000000000000000000e+00
1.663260906934738159e-01
2.078205049037933350e-01
2.965641915798187256e-01
4.362330213189125061e-02
4.930836558341979980e-01
1.965866610407829285e-02
1.218418955802917480e+00
1.800215989351272583e-01
1.724983900785446167e-01
3.072655946016311646e-02
3.151225090026855469e+00
4.370986297726631165e-02
2.231946736574172974e-01
4.547118842601776123e-01
1.551653146743774414e-01
4.886704683303833008e-02
2.799916863441467285e-01
3.559966683387756348e-01
2.020870298147201538e-01
7.727945446968078613e-01
3.596517741680145264e-01
0.000000000000000000e+00
3.063808381557464600e-01
2.282190084457397461e+00
5.483480542898178101e-02
7.833195477724075317e-02
0.000000000000000000e+00
3.505562245845794678e-02
6.206678971648216248e-02
4.750590771436691284e-02
5.476784706115722656e-02
1.165795996785163879e-01
1.183275699615478516e+00
1.667580381035804749e-02
1.207278966903686523e+00
5.764679908752441406e-01
2.319377213716506958e-01
0.000000000000000000e+00
4.406064748764038086e-01
5.615617334842681885e-02
3.117408195976167917e-04
1.147625967860221863e-01
4.656387865543365479e-02
4.885281622409820557e-01
5.989044159650802612e-02
5.840035080909729004e-01
3.407790092751383781e-03
4.409408271312713623e-01
1.230232231318950653e-02
2.373495250940322876e-01
4.521017372608184814e-01
1.353449001908302307e-02
2.534271478652954102e+00
1.142150163650512695e+00
3.406820893287658691e-01
6.412245035171508789e-01
2.126763761043548584e-01
1.274762153625488281e-01
9.020191431045532227e-02
2.477028667926788330e-01
1.679286360740661621e+00
2.649621665477752686e-02
1.750980734825134277e+00
9.977681934833526611e-02
3.972106575965881348e-01
2.374603450298309326e-01
2.217481851577758789e+00
1.950754225254058838e-01
1.097137689590454102e+00
1.457808911800384521e-01
1.952612400054931641e-01
1.078546941280364990e-01
1.226218119263648987e-01
4.742449522018432617e-02
4.351563453674316406e-01
6.571146249771118164e-01
6.791752576828002930e-01
1.457105726003646851e-01
8.169518113136291504e-01
3.446735441684722900e-01
4.014321267604827881e-01
5.836872756481170654e-02
1.066332340240478516e+00
2.016107738018035889e-01
8.238262683153152466e-02
1.523356325924396515e-02
1.181940659880638123e-01
2.953428626060485840e-01
8.873686194419860840e-03
8.529714345932006836e-01
8.341766148805618286e-02
6.441084295511245728e-02
6.581626534461975098e-01
1.525337547063827515e-01
7.303578853607177734e-01
1.131640553474426270e+00
1.288362443447113037e-01
1.855247318744659424e-01
7.032580971717834473e-01
1.477466374635696411e-01
1.905641108751296997e-01
3.507300317287445068e-01
2.268670499324798584e-01
3.838250339031219482e-01
4.311902523040771484e-01
4.584822058677673340e-01
5.512357354164123535e-01
9.697990417480468750e-01
3.975962698459625244e-01
3.242586553096771240e-01
6.773228198289871216e-02
2.915089018642902374e-02
3.641448542475700378e-02
6.036357879638671875e-01
1.607224345207214355e-02
8.107603192329406738e-01
9.954305887222290039e-01
3.247155547142028809e-01
4.235115945339202881e-01
3.444423675537109375e-01
6.876555681228637695e-01
8.872635662555694580e-02
4.129600822925567627e-01
4.511270299553871155e-02
2.587097324430942535e-02
3.657633781433105469e+00
3.119577839970588684e-02
1.004950180649757385e-01
2.800320982933044434e-01
1.816375553607940674e-01
7.727012038230895996e-01
4.788072407245635986e-01
3.784642219543457031e-01
2.217189669609069824e-01
3.922538459300994873e-01
2.026417292654514313e-02
5.970785394310951233e-02
0.000000000000000000e+00
7.355303168296813965e-01
3.795805275440216064e-01
2.902669310569763184e-01
5.260821804404258728e-02
4.542228206992149353e-02
6.169731616973876953e-01
4.180275648832321167e-02
3.322525024414062500e-01
2.418111823499202728e-02
6.039038300514221191e-02
4.223569631576538086e-01
1.692614704370498657e-01
9.146189093589782715e-01
1.366844959557056427e-02
5.560084581375122070e-01
1.153994500637054443e-01
0.000000000000000000e+00
2.302636951208114624e-01
5.819191932678222656e-01
2.255290031433105469e+00
1.122114807367324829e-01
4.930431246757507324e-01
1.450688485056161880e-02
1.669160462915897369e-02
2.437808990478515625e+00
9.146696887910366058e-03
4.567830264568328857e-01
2.713540792465209961e-01
1.427038013935089111e-01
7.074023038148880005e-02
3.363822028040885925e-02
2.861263275146484375e+00
8.873999118804931641e-02
1.098421216011047363e+00
1.276262760162353516e+00
7.735986709594726562e-01
3.326415121555328369e-01
3.790300190448760986e-01
6.305316090583801270e-01
0.000000000000000000e+00
3.766164183616638184e-01
4.987563937902450562e-02
7.169225066900253296e-02
3.550320863723754883e-01
1.602558940649032593e-01
0.000000000000000000e+00
2.342470139265060425e-01
2.139351665973663330e-01
7.665519714355468750e-01
1.510776281356811523e+00
4.646082222461700439e-02
1.512497663497924805e-02
7.059200108051300049e-02
1.889554858207702637e-01
7.253476977348327637e-02
3.143863379955291748e-01
6.078464984893798828e-01
2.898914217948913574e-01
1.405275315046310425e-01
4.293911159038543701e-01
1.222793579101562500e+00
1.598136067390441895e+00
0.000000000000000000e+00
3.485121130943298340e-01
3.902590274810791016e-01
5.548010468482971191e-01
6.463426165282726288e-03
5.211917161941528320e-01
8.550709113478660583e-03
2.332653254270553589e-01
6.572708487510681152e-02
4.311245307326316833e-02
8.352029323577880859e-02
1.025627180933952332e-01
2.193792343139648438e+00
6.059573218226432800e-02
4.208597540855407715e-02
2.065999619662761688e-02
1.087880969047546387e+00
2.043039321899414062e+00
3.071165382862091064e-01
2.058660537004470825e-01
5.035711526870727539e-01
3.576786518096923828e+00
2.239793986082077026e-01
2.479332685470581055e+00
9.145460128784179688e-01
0.000000000000000000e+00
1.313481688499450684e+00
6.117662191390991211e-01
1.410219818353652954e-01
2.930771708488464355e-01
6.845448911190032959e-02
3.119205534458160400e-01
0.000000000000000000e+00
0.000000000000000000e+00
1.432928293943405151e-01
1.013785675168037415e-01
8.158730715513229370e-02
6.606481075286865234e-01
3.473063409328460693e-01
5.292589068412780762e-01
3.611034452915191650e-01
1.026212096214294434e+00
8.690045475959777832e-01
9.812398552894592285e-01
1.809570908546447754e+00
3.780524730682373047e-01
7.059513926506042480e-01
2.660419344902038574e-01
4.711377322673797607e-01
7.838167548179626465e-01
3.432620316743850708e-02
1.756829582154750824e-02
3.561024665832519531e-01
5.469678640365600586e-01
2.550019025802612305e-01
8.753875494003295898e-01
2.754561007022857666e-01
0.000000000000000000e+00
0.000000000000000000e+00
0.000000000000000000e+00
2.885410785675048828e+00
2.467997670173645020e-01
7.320760488510131836e-01
1.313759684562683105e-01
1.127113461494445801e+00
5.015584230422973633e-01
6.508725285530090332e-01
5.029691457748413086e-01
3.461158573627471924e-01
1.305477380752563477e+00
3.303238153457641602e-01
2.480854094028472900e-02
5.725242570042610168e-02
3.488280773162841797e-01
4.763402044773101807e-01
9.702942371368408203e-01
2.406588196754455566e-02
3.768058419227600098e-01
4.830262064933776855e-01
9.911426156759262085e-02
1.184081733226776123e-01
0.000000000000000000e+00
3.717739135026931763e-02
1.482186466455459595e-01
5.879754573106765747e-02
0.000000000000000000e+00
5.098409056663513184e-01
5.970989912748336792e-02
1.383244872093200684e+00
1.023400649428367615e-01
2.471075206995010376e-01
0.000000000000000000e+00
2.890718542039394379e-02
6.192356348037719727e-02
0.000000000000000000e+00
1.233144283294677734e+00
2.705066092312335968e-02
2.598122060298919678e-01
2.518043518066406250e-01
5.323806405067443848e-01
3.507069647312164307e-01
3.184655606746673584e-01
2.605883479118347168e-01
2.511769771575927734e+00
7.612764239311218262e-01
9.706771969795227051e-01
8.868365548551082611e-03
8.603335618972778320e-01
5.194972157478332520e-01
1.658703684806823730e-01
9.931491315364837646e-02
4.491832852363586426e-02
4.428852498531341553e-01
1.874960422515869141e+00
1.847141146659851074e+00
0.000000000000000000e+00
5.232574939727783203e+00
7.303639054298400879e-01
6.962736696004867554e-02
7.385627031326293945e-01
2.300155460834503174e-01
1.399258375167846680e-01
1.511343955993652344e+00
2.130582332611083984e+00
9.928005933761596680e-02
1.749579548835754395e+00
2.818328738212585449e-01
5.265500545501708984e-01
5.529822707176208496e-01
2.488984912633895874e-02
7.122654914855957031e-01
3.841573745012283325e-02
6.107448935508728027e-01
7.540207505226135254e-01
1.600721776485443115e-01
0.000000000000000000e+00
4.333940744400024414e-01
1.465053319931030273e+00
1.123333442956209183e-02
0.000000000000000000e+00
1.073847770690917969e+00
5.743972659111022949e-01
3.278775140643119812e-03
6.189325451850891113e-01
1.805098354816436768e-01
1.555021107196807861e-01
1.573259472846984863e+00
9.062861204147338867e-01
4.097759127616882324e-01
6.904002428054809570e-01
1.132547974586486816e+00
1.300917625427246094e+00
4.452081769704818726e-02
2.178339958190917969e+00
5.465762019157409668e-01
1.231135353446006775e-01
1.356018662452697754e+00
1.470184326171875000e-01
7.154297083616256714e-02
9.346628934144973755e-02
7.245234251022338867e-01
5.318952724337577820e-02
1.496731042861938477e+00
6.831731647253036499e-02
5.356534197926521301e-02
2.914905786514282227e+00
2.696639597415924072e-01
0.000000000000000000e+00
1.232682704925537109e+00
9.348482824862003326e-03
3.630095124244689941e-01
1.530907750129699707e-01
7.101832628250122070e-01
1.319353133440017700e-01
2.956263348460197449e-02
0.000000000000000000e+00
1.599456906318664551e+00
7.880941629409790039e-01
1.322970241308212280e-01
2.016092777252197266e+00
2.502612173557281494e-01
1.417813599109649658e-01
3.007934987545013428e-01
3.570373058319091797e-01
1.822265684604644775e-01
5.443518757820129395e-01
8.647843450307846069e-02
1.980253309011459351e-01
2.299796581268310547e+00
5.984589457511901855e-01
5.388432145118713379e-01
6.691354513168334961e-02
1.512068510055541992e-01
0.000000000000000000e+00
3.556319236755371094e+00
2.515300512313842773e-01
1.800667047500610352e-01
1.052363365888595581e-01
2.335510402917861938e-01
5.028300285339355469e-01
3.920672237873077393e-01
7.088882327079772949e-01
1.952691935002803802e-03
3.654973506927490234e-01
8.767250925302505493e-02
9.763758629560470581e-02
1.217725992202758789e+00
3.383224010467529297e-01
4.087399691343307495e-03
4.700981378555297852e-01
2.351178973913192749e-02
1.255036443471908569e-01
4.694285094738006592e-01
4.719033604487776756e-04
1.347405370324850082e-02
7.075030207633972168e-01
3.369758129119873047e-01
5.149375647306442261e-02
6.946501731872558594e-01
4.853900149464607239e-02
3.895025327801704407e-02
6.456149220466613770e-01
1.746573746204376221e-01
3.301107585430145264e-01
0.000000000000000000e+00
5.982190370559692383e-01
1.013337671756744385e-01
1.935040950775146484e-01
4.244284331798553467e-01
6.844502687454223633e-01
0.000000000000000000e+00
2.973603606224060059e-01
4.326068401336669922e+00
2.382448196411132812e+00
1.632677167654037476e-01
2.365625858306884766e+00
2.134495973587036133e-01
7.511070370674133301e-02
7.564467191696166992e-02
2.834494113922119141e-01
4.112841486930847168e-01
2.854778766632080078e-01
3.191635012626647949e-01
2.736757755279541016e+00
3.167448043823242188e+00
2.167166322469711304e-01
5.298935174942016602e-01
4.586828649044036865e-01
2.428389526903629303e-02
0.000000000000000000e+00
1.921104311943054199e+00
6.255615353584289551e-01
0.000000000000000000e+00
3.146482467651367188e+00
3.620899617671966553e-01
1.653617173433303833e-01
2.285757511854171753e-01
5.233303904533386230e-01
1.489504277706146240e-01
4.724136590957641602e-01
3.661196827888488770e-01
2.007735520601272583e-01
9.615976363420486450e-03
3.391951322555541992e-03
4.048105478286743164e-01
1.556392610073089600e-01
2.732284599915146828e-03
7.275213003158569336e-01
5.256093144416809082e-01
2.661023139953613281e-01
1.971338689327239990e-01
9.596148133277893066e-01
8.774501085281372070e-02
5.316490679979324341e-02
1.194616034626960754e-01
1.079593539237976074e+00
2.116465475410223007e-03
3.795958459377288818e-01
1.410469859838485718e-01
2.064645290374755859e-03
6.675204634666442871e-02
5.975394248962402344e-01
5.497533455491065979e-02
3.001018166542053223e-01
7.377953082323074341e-02
1.195196211338043213e-01
2.536172568798065186e-01
3.131362497806549072e-01
1.269325762987136841e-01
3.143340647220611572e-01
3.833453059196472168e-01
1.231269598007202148e+00
2.854551672935485840e-01
0.000000000000000000e+00
1.228905558586120605e+00
1.291580647230148315e-01
5.083366632461547852e-01
0.000000000000000000e+00
5.685764923691749573e-02
1.563434302806854248e-01
1.391945928335189819e-01
6.753273606300354004e-01
4.274812936782836914e-01
1.217480078339576721e-01
3.403884768486022949e-01
1.671300083398818970e-02
5.792562365531921387e-01
1.469872742891311646e-01
5.540577173233032227e-01
3.276314586400985718e-02
1.341054290533065796e-01
5.931270152359502390e-06
7.423595525324344635e-03
2.251368612051010132e-01
2.161930501461029053e-01
1.165539622306823730e+00
4.562864452600479126e-02
6.310337781906127930e-01
4.003408830612897873e-03
2.833572030067443848e-01
5.309779662638902664e-04
6.340739130973815918e-01
1.216195970773696899e-01
2.177092432975769043e-01
1.351713061332702637e+00
4.402683377265930176e-01
7.085987925529479980e-01
4.093147441744804382e-02
2.142744213342666626e-01
9.678135812282562256e-02
2.458684444427490234e-01
1.835800051689147949e+00
2.281411588191986084e-01
1.750566437840461731e-02
2.312481701374053955e-01
1.450937390327453613e-01
5.387302488088607788e-02
1.039668083190917969e+00
1.105330705642700195e+00
1.029684171080589294e-01
1.015132665634155273e+00
9.567096233367919922e-01
9.855018258094787598e-01
1.746207028627395630e-01
1.350501179695129395e-01
4.902498722076416016e-01
4.048324190080165863e-03
1.571349450387060642e-03
3.537426888942718506e-01
4.062199592590332031e+00
1.271669149398803711e+00
2.144766449928283691e-01
8.751013875007629395e-02
0.000000000000000000e+00
4.425997138023376465e-01
6.425681114196777344e-01
7.192073762416839600e-02
1.454984843730926514e-01
1.306096911430358887e-01
2.860306203365325928e-01
1.304918080568313599e-01
3.672469779849052429e-02
3.422597646713256836e-01
2.919024527072906494e-01
1.075877547264099121e-01
3.722633421421051025e-01
2.067153215408325195e+00
2.048915326595306396e-01
8.971612155437469482e-02
5.473903417587280273e-01
9.667694568634033203e-02
1.209438219666481018e-01
2.679718434810638428e-01
4.317078366875648499e-02
4.528606310486793518e-02
7.671846151351928711e-01
1.135884076356887817e-01
2.948658354580402374e-02
2.324681133031845093e-01
7.744942307472229004e-01
5.203130841255187988e-01
7.034786939620971680e-01
3.420126065611839294e-02
2.261086553335189819e-01
2.451995313167572021e-01
1.367654353380203247e-01
5.893108621239662170e-02
2.637558281421661377e-01
6.249642372131347656e-01
1.827913224697113037e-01
2.947981655597686768e-01
5.937967449426651001e-02
1.039510607719421387e+00
1.376943469047546387e+00
2.710663247853517532e-03
1.052385661751031876e-02
8.572692871093750000e-01
3.323332369327545166e-01
2.036074101924896240e-01
1.139765262603759766e+00
2.609493732452392578e-01
3.060931861400604248e-01
2.757235616445541382e-02
6.593688856810331345e-03
3.058020472526550293e-01
0.000000000000000000e+00
3.609626293182373047e-01
8.167253732681274414e-01
5.960759241133928299e-03
6.664258241653442383e-01
1.719057112932205200e-01
3.911533951759338379e-02
5.764559507369995117e-01
8.033487796783447266e-01
9.287118166685104370e-02
3.871773183345794678e-02
3.753888309001922607e-01
7.467590272426605225e-02
1.352624744176864624e-01
3.284336328506469727e-01
2.649031579494476318e-01
2.913539409637451172e-01
5.740658380091190338e-03
4.048525169491767883e-02
0.000000000000000000e+00
1.221138611435890198e-02
0.000000000000000000e+00
4.291569888591766357e-01
4.471575375646352768e-03
2.317506354302167892e-03
4.910432994365692139e-01
1.617794036865234375e-01
2.527108907699584961e+00
3.181469738483428955e-01
8.491366356611251831e-02
6.785051822662353516e-01
5.562489628791809082e-01
2.496232986450195312e-01
1.916102766990661621e-01
2.085178375244140625e+00
3.922576904296875000e-01
4.601429216563701630e-03
7.783496379852294922e-01
3.387538343667984009e-02
2.190254330635070801e-01
1.528433412313461304e-01
5.889988541603088379e-01
1.571815311908721924e-01
1.173101812601089478e-01
9.424233436584472656e-01
5.186188966035842896e-02
1.485475599765777588e-01
6.412481516599655151e-02
1.251567125320434570e+00
3.398142457008361816e-01
6.870602965354919434e-01
6.085650920867919922e-01
0.000000000000000000e+00
7.597816293127834797e-04
1.112455800175666809e-01
6.081945300102233887e-01
2.648323178291320801e-01
1.743508428335189819e-01
9.431353211402893066e-01
1.146564409136772156e-01
7.290918729268014431e-04
6.419512033462524414e-01
2.697494328022003174e-01
8.663924783468246460e-02
1.405522227287292480e-01
4.738260507583618164e-01
2.746205031871795654e-02
1.755315065383911133e-02
8.226282894611358643e-02
8.083042502403259277e-02
2.072188071906566620e-02
7.756015062332153320e-01
3.507121652364730835e-02
2.789946198463439941e-01
8.839480280876159668e-01
5.476924180984497070e-01
1.463915348052978516e+00
6.285968702286481857e-03
2.543156221508979797e-02
0.000000000000000000e+00
4.196811318397521973e-01
0.000000000000000000e+00
1.234116077423095703e+00
9.023221731185913086e-01
1.112641334533691406e+00
2.877181172370910645e-01
2.394527941942214966e-01
7.869351655244827271e-02
6.613464653491973877e-02
2.123444974422454834e-01
3.514899909496307373e-01
8.979570865631103516e-01
3.305849552154541016e+00
9.587994217872619629e-01
2.002593874931335449e-02
4.740823432803153992e-02
7.965280115604400635e-02
1.176464930176734924e-02
1.321702003479003906e+00
8.883825540542602539e-01
1.397642850875854492e+00
6.186068058013916016e-03
1.742664128541946411e-01
1.458727717399597168e-01
4.870699718594551086e-02
8.449547737836837769e-02
1.444107651710510254e+00
1.231572255492210388e-01
5.459515377879142761e-02
4.314663112163543701e-01
9.798062592744827271e-02
1.112057089805603027e+00
4.775389194488525391e+00
1.320383101701736450e-01
0.000000000000000000e+00
1.594327837228775024e-01
7.023525834083557129e-01
1.392773836851119995e-01
0.000000000000000000e+00
9.512423872947692871e-01
9.376396536827087402e-01
6.418811972253024578e-04
3.734708204865455627e-02
5.165889263153076172e-01
9.513759054243564606e-03
6.947842240333557129e-01
1.925650686025619507e-01
4.231914579868316650e-01
9.565868228673934937e-02
2.690939046442508698e-02
2.529331684112548828e+00
6.561413407325744629e-01
1.712287366390228271e-01
3.159384429454803467e-01
1.302730679512023926e+00
1.242367476224899292e-01
2.099961228668689728e-02
3.283397853374481201e-02
2.700130343437194824e-01
4.374149143695831299e-01
7.377331703901290894e-02
1.202180907130241394e-01
9.146675467491149902e-01
5.316157341003417969e-01
0.000000000000000000e+00
1.239200402051210403e-02
2.049942731857299805e+00
5.951720755547285080e-03
4.948356151580810547e-01
3.430817723274230957e-01
2.345516085624694824e-01
8.008678257465362549e-02
1.826379001140594482e-01
1.613697648048400879e+00
7.590151429176330566e-01
1.394570525735616684e-02
1.672141432762145996e+00
3.069838583469390869e-01
2.868741750717163086e-01
3.347702026367187500e-01
7.362785283476114273e-03
9.073883295059204102e-01
1.590801924467086792e-01
1.130619406700134277e+00
3.511333763599395752e-01
1.026434004306793213e-01
1.684186398051679134e-03
2.512031793594360352e-01
9.597237408161163330e-02
9.782965779304504395e-01
2.640799805521965027e-02
1.391298055648803711e+00
2.211242765188217163e-01
4.970187842845916748e-01
2.928422689437866211e-01
7.453968375921249390e-02
1.333828926086425781e+00
3.166458308696746826e-01
1.156614571809768677e-01
7.662454247474670410e-02
1.738982498645782471e-01
7.921605370938777924e-03
1.169356346130371094e+00
4.561673849821090698e-02
2.539249956607818604e-01
2.344835519790649414e+00
7.972576618194580078e-01
7.293223589658737183e-02
1.623553484678268433e-01
2.865899801254272461e-01
1.827517151832580566e+00
3.068695217370986938e-02
3.529334664344787598e-01
1.379299908876419067e-01
2.658280134201049805e-01
7.765442132949829102e-01
5.736830830574035645e-01
7.251430153846740723e-01
8.431356549263000488e-01
7.046060264110565186e-02
2.463875055313110352e+00
6.466488838195800781e-01
4.605421423912048340e-01
2.953856468200683594e+00
2.356646537780761719e+00
5.634567737579345703e-01
2.973558604717254639e-01
1.433117687702178955e-01
3.316678404808044434e-01
6.188678145408630371e-01
1.042653322219848633e-01
2.584056556224822998e-01
6.891410946846008301e-01
3.498635813593864441e-02
4.289165735244750977e-01
1.597642064094543457e+00
4.141871929168701172e-01
8.100716471672058105e-01
1.256030559539794922e+00
9.586864113807678223e-01
2.546782493591308594e-01
9.428517818450927734e-01
2.867462038993835449e-01
1.028475880622863770e+00
2.912279367446899414e-01
2.199296839535236359e-02
3.808913007378578186e-02
2.026155591011047363e-01
3.642197549343109131e-01
1.007135868072509766e+00
5.782040953636169434e-01
4.777716100215911865e-01
8.693694472312927246e-01
5.578497052192687988e-01
5.315545480698347092e-03
3.856047689914703369e-01
5.331767201423645020e-01
7.544876337051391602e-01
6.800427567213773727e-03
2.130730152130126953e-01
2.071283310651779175e-01
3.561514616012573242e-02
9.056611061096191406e-01
1.019585505127906799e-01
2.033657878637313843e-01
5.624394416809082031e-01
8.818448334932327271e-02
2.276275396347045898e+00
1.637659668922424316e-01
2.689191102981567383e-01
5.815498158335685730e-02
2.207926511764526367e-01
0.000000000000000000e+00
0.000000000000000000e+00
1.481678247451782227e+00
1.086681723594665527e+00
2.947353124618530273e-01
4.065410792827606201e-02
4.269018173217773438e+00
1.710562586784362793e+00
1.196201920509338379e+00
1.235868856310844421e-01
6.520420312881469727e-02
4.187251627445220947e-01
1.737279891967773438e+00
6.039121747016906738e-01
2.035144716501235962e-01
0.000000000000000000e+00
5.256633274257183075e-03
4.506045579910278320e-02
2.243927568197250366e-01
2.882359176874160767e-02
0.000000000000000000e+00
0.000000000000000000e+00
4.362842142581939697e-01
2.111009135842323303e-02
2.989642620086669922e+00
1.674735546112060547e+00
1.433133333921432495e-01
1.091596297919750214e-02
3.503620624542236328e-02
7.039721310138702393e-02
6.304581165313720703e-01
2.503816783428192139e-01
7.979704141616821289e-01
3.106223642826080322e-01
1.215954661369323730e+00
5.382727980613708496e-01
3.436678349971771240e-01
1.209797151386737823e-02
2.276092618703842163e-01
1.358633756637573242e+00
3.748622164130210876e-02
1.391297429800033569e-01
1.546505540609359741e-01
2.270458787679672241e-01
4.732836037874221802e-02
3.879475221037864685e-02
7.170511484146118164e-01
2.597099542617797852e-01
3.020978271961212158e-01
2.700327634811401367e-01
1.790682673454284668e-01
5.775137543678283691e-01
4.607480168342590332e-01
8.592691421508789062e-01
7.682904601097106934e-02
0.000000000000000000e+00
0.000000000000000000e+00
1.604987680912017822e-01
8.822673559188842773e-02
8.597943782806396484e-01
6.920161247253417969e-01
5.356679558753967285e-01
7.433367520570755005e-02
2.299562469124794006e-02
8.609146475791931152e-01
2.847256064414978027e-01
2.629771828651428223e-01
9.416706860065460205e-02
1.962828040122985840e+00
4.058768153190612793e-01
5.328237414360046387e-01
1.151608943939208984e+00
6.583566218614578247e-02
2.626458108425140381e-01
9.667213261127471924e-02
5.913156867027282715e-01
7.430990808643400669e-05
8.888133615255355835e-02
9.340775012969970703e-01
6.145817637443542480e-01
2.175891250371932983e-01
3.428289592266082764e-01
2.031485795974731445e+00
5.894100666046142578e-01
1.321893781423568726e-01
9.789916127920150757e-02
6.044482588768005371e-01
4.121172428131103516e-01
0.000000000000000000e+00
0.000000000000000000e+00
3.333280608057975769e-02
1.266990780830383301e+00
1.440337859094142914e-02
0.000000000000000000e+00
5.156758427619934082e-01
1.114772558212280273e+00
2.639954686164855957e-01
1.156485319137573242e+00
2.982900440692901611e-01
6.124337911605834961e-01
7.357560992240905762e-01
2.971248924732208252e-01
5.750272870063781738e-01
5.340417623519897461e-01
3.503932952880859375e-01
2.535270154476165771e-01
2.335330247879028320e-01
2.402722239494323730e-01
5.135024189949035645e-01
1.371203660964965820e-01
3.150501549243927002e-01
6.238915920257568359e-01
1.448711901903152466e-01
1.250639557838439941e-01
1.152811288833618164e+00
1.361926943063735962e-01
4.880483448505401611e-02
1.134241104125976562e+00
1.742127418518066406e+00
2.412158297374844551e-03
3.975012600421905518e-01
0.000000000000000000e+00
5.878363847732543945e-01
2.977785170078277588e-01
1.091769859194755554e-01
3.766875863075256348e-01
4.721827507019042969e-01
6.403475999832153320e-01
1.194301724433898926e+00
6.080124061554670334e-03
4.663816653192043304e-03
3.128955364227294922e-01
2.756624519824981689e-01
9.424025565385818481e-02
8.070093393325805664e-01
4.926969707012176514e-01
3.921781107783317566e-02
1.134642288088798523e-01
6.478800773620605469e-01
7.404387742280960083e-02
2.961773872375488281e-01
1.798264682292938232e-02
4.662025719881057739e-02
7.100395858287811279e-03
4.259660542011260986e-01
5.314826369285583496e-01
1.585342455655336380e-03
1.201684400439262390e-01
6.479254364967346191e-01
2.271229624748229980e-01
1.470894515514373779e-01
7.074524164199829102e-01
1.101161599159240723e+00
1.550936341285705566e+00
1.595323562622070312e+00
1.964692711830139160e+00
1.022351980209350586e+00
1.293956041336059570e-01
6.884161233901977539e-01
2.341973036527633667e-01
3.021108359098434448e-02
9.378316462971270084e-04
0.000000000000000000e+00
3.667923435568809509e-02
4.998463690280914307e-01
3.712693154811859131e-01
2.416518479585647583e-01
4.042832879349589348e-04
1.695518493652343750e-01
7.666842341423034668e-01
1.461375653743743896e-01
1.676666885614395142e-01
1.670205593109130859e+00
2.218336313962936401e-01
6.013368256390094757e-03
7.721926271915435791e-02
6.625509262084960938e-02
1.086496636271476746e-01
3.932773172855377197e-01
0.000000000000000000e+00
2.422087490558624268e-01
2.212817072868347168e-01
1.552990674972534180e+00
2.494719922542572021e-01
3.702908515930175781e+00
3.400318026542663574e-01
6.628262400627136230e-01
0.000000000000000000e+00
4.067124724388122559e-01
3.235591575503349304e-02
0.000000000000000000e+00
1.692697644233703613e+00
1.669921129941940308e-01
1.399372696876525879e+00
5.376614332199096680e-01
8.477919697761535645e-01
5.712492763996124268e-02
4.506730437278747559e-01
1.012642532587051392e-01
1.497278958559036255e-01
2.463942170143127441e-01
6.054794415831565857e-02
1.724961996078491211e-01
1.326931715011596680e-01
2.653257548809051514e-01
5.085397139191627502e-02
1.026215195655822754e+00
1.115740895271301270e+00
7.361490130424499512e-01
2.138846635818481445e+00
9.824438393115997314e-02
1.352391391992568970e-01
2.157490015029907227e+00
5.083956122398376465e-01
4.039268791675567627e-01
4.129555448889732361e-02
7.141401171684265137e-01
8.483477830886840820e-01
1.416131854057312012e-01
5.301152467727661133e-01
1.917422115802764893e-01
2.552902698516845703e-01
1.875525116920471191e-01
2.913101315498352051e-01
1.063446700572967529e-01
2.715217173099517822e-01
4.209172725677490234e-01
5.040559917688369751e-02
8.310737609863281250e-01
3.881911337375640869e-01
2.109252065420150757e-01
8.731372654438018799e-02
2.587444782257080078e-01
5.886858701705932617e-01
2.938780561089515686e-02
2.818760275840759277e-01
2.285571396350860596e-02
7.950207591056823730e-01
5.830847471952438354e-02
2.540723979473114014e-01
3.477055951952934265e-02
3.780064582824707031e-01
3.201487362384796143e-01
3.991588577628135681e-02
1.992478519678115845e-01
9.290234744548797607e-02
3.889030963182449341e-02
1.068575859069824219e+00
0.000000000000000000e+00
3.978148996829986572e-01
2.357269525527954102e-01
1.298128724098205566e+00
2.492764592170715332e-02
2.132727503776550293e-01
6.623645871877670288e-02
1.163453698158264160e+00
6.744951009750366211e-01
7.149935364723205566e-01
6.402201056480407715e-01
7.969160079956054688e-01
3.200175762176513672e+00
4.157420992851257324e-02
4.460886493325233459e-02
4.883850514888763428e-01
3.343860805034637451e-01
5.751326680183410645e-02
3.044848740100860596e-01
3.807873651385307312e-02
2.636991441249847412e-02
2.831047296524047852e+00
0.000000000000000000e+00
3.492124378681182861e-02
2.467844784259796143e-01
1.877739071846008301e+00
7.234550081193447113e-03
4.690178930759429932e-01
2.014281988143920898e+00
1.159040689468383789e+00
3.768532276153564453e-01
2.566039562225341797e-01
1.353944540023803711e-01
5.232401490211486816e-01
5.879302509129047394e-03
2.585515752434730530e-02
1.427877902984619141e+00
9.013203978538513184e-01
2.269685715436935425e-01
5.555872321128845215e-01
1.347760915756225586e+00
4.638494923710823059e-02
1.978978991508483887e+00
8.436589837074279785e-01
3.090318441390991211e-01
1.093815565109252930e-01
1.222188547253608704e-01
1.512109518051147461e+00
7.361789345741271973e-01
3.683776557445526123e-01
9.770151376724243164e-01
6.980483978986740112e-02
7.864867150783538818e-02
3.089888811111450195e+00
2.835872411727905273e+00
2.387075871229171753e-01
2.354938387870788574e-01
0.000000000000000000e+00
2.313722848892211914e+00
2.596170425415039062e+00
2.497556507587432861e-01
1.685766875743865967e-01
9.132898449897766113e-01
7.629144191741943359e-02
3.350957334041595459e-01
7.256081104278564453e-01
4.826647043228149414e-01
4.561715200543403625e-02
3.626986145973205566e-01
2.248421162366867065e-01
5.640247836709022522e-02
6.829782724380493164e-01
1.127669930458068848e+00
1.358295798301696777e+00
3.447241336107254028e-02
1.801103167235851288e-02
5.505297183990478516e-01
4.126818093936890364e-04
1.407973617315292358e-01
5.806717276573181152e-02
1.969075441360473633e+00
2.293958514928817749e-01
5.628693848848342896e-02
0.000000000000000000e+00
4.350733757019042969e-01
5.300998091697692871e-01
2.177521437406539917e-01
1.346642374992370605e-01
2.289958447217941284e-01
6.889283657073974609e-02
3.130046367645263672e+00
5.240386128425598145e-01
1.092055082321166992e+00
3.657111525535583496e-02
4.768623411655426025e-01
1.047183394432067871e+00
4.313331246376037598e-01
2.143132090568542480e-01
3.344981074333190918e-01
5.397444963455200195e-01
2.695566415786743164e-01
1.198559347540140152e-02
1.987199932336807251e-01
4.682632535696029663e-02
2.942940890789031982e-01
1.729723930358886719e+00
2.033929228782653809e-01
9.137656539678573608e-02
7.216559648513793945e-01
8.107277750968933105e-02
1.108968257904052734e+00
0.000000000000000000e+00
7.989673875272274017e-03
7.750194985419511795e-03
7.036523818969726562e-01
1.505815684795379639e-01
2.320966124534606934e-01
0.000000000000000000e+00
8.068220019340515137e-01
6.096594333648681641e-01
0.000000000000000000e+00
2.696473836898803711e+00
0.000000000000000000e+00
1.254396200180053711e+00
2.169224619865417480e-01
1.001617550849914551e+00
6.689103841781616211e-01
1.245737671852111816e-01
4.337653219699859619e-01
5.085055530071258545e-02
2.071918547153472900e-01
3.458137214183807373e-01
7.190719842910766602e-01
9.547035694122314453e-01
9.822164662182331085e-03
7.720919251441955566e-01
3.416508734226226807e-01
1.216207072138786316e-01
1.074626088142395020e+00
1.363335847854614258e-01
3.585686206817626953e+00
8.755816817283630371e-01
2.223111242055892944e-01
5.124990344047546387e-01
2.916174829006195068e-01
2.411963790655136108e-01
9.304310381412506104e-02
1.322201490402221680e-01
1.571330428123474121e+00
6.514358520507812500e-01
5.480291321873664856e-02
0.000000000000000000e+00
5.356810688972473145e-01
1.588701754808425903e-01
7.989032566547393799e-02
1.329006314277648926e+00
4.481139779090881348e-01
4.246105253696441650e-01
4.915499091148376465e-01
2.467550486326217651e-01
2.021279931068420410e-02
1.305168032646179199e+00
1.705810576677322388e-01
7.311289198696613312e-03
2.368023693561553955e-01
1.309863209724426270e+00
5.772806406021118164e-01
2.433061003684997559e-01
3.441703319549560547e-01
7.380933314561843872e-02
9.518658742308616638e-03
2.943714380264282227e+00
3.482817709445953369e-01
1.904649585485458374e-01
4.524081200361251831e-02
1.638153195381164551e-02
4.193945825099945068e-01
2.312803417444229126e-01
4.974776506423950195e-02
3.150728046894073486e-01
2.941133677959442139e-01
3.147737741470336914e+00
6.950269341468811035e-01
2.060464024543762207e-01
3.528996407985687256e-01
5.875161886215209961e-01
3.598326742649078369e-01
3.070358373224735260e-02
4.725763499736785889e-01
1.104073405265808105e+00
0.000000000000000000e+00
4.529411904513835907e-03
5.589530989527702332e-02
1.991785764694213867e+00
4.247085377573966980e-02
1.015772596001625061e-01
1.828238368034362793e-01
3.267575800418853760e-01
2.656597793102264404e-01
3.434841334819793701e-01
4.533411264419555664e-01
4.495542049407958984e-01
1.835967421531677246e+00
1.251629233360290527e+00
8.385077118873596191e-02
3.962443172931671143e-01
1.810266524553298950e-01
2.272229939699172974e-01
9.740788340568542480e-01
1.009972572326660156e+00
1.888576596975326538e-01
2.138681888580322266e+00
3.008146524429321289e+00
3.179105520248413086e-01
8.877381682395935059e-02
3.896993398666381836e-01
4.222421944141387939e-01
1.469275951385498047e-01
3.148758113384246826e-01
1.803581714630126953e+00
8.340718746185302734e-01
1.624516695737838745e-01
7.415551692247390747e-02
5.229894518852233887e-01
0.000000000000000000e+00
1.299592971801757812e+00
8.704186230897903442e-02
1.383767724037170410e+00
1.702488660812377930e-01
1.226295754313468933e-01
2.202477216720581055e+00
2.153746783733367920e-03
2.801706492900848389e-01
3.291153311729431152e-01
0.000000000000000000e+00
8.795089274644851685e-02
3.256177008152008057e-01
8.076511323451995850e-02
3.129877746105194092e-01
3.882053196430206299e-01
7.081264257431030273e-02
1.979091614484786987e-01
3.801441565155982971e-02
7.692292928695678711e-01
1.510131359100341797e-02
1.178063917905092239e-03
4.774184823036193848e-01
1.028512418270111084e-01
7.887812256813049316e-01
6.798681616783142090e-02
5.464177131652832031e-01
6.247300654649734497e-02
0.000000000000000000e+00
3.487748146057128906e+00
0.000000000000000000e+00
1.071650147438049316e+00
8.567776083946228027e-01
5.424943193793296814e-02
2.994374930858612061e-01
1.096226051449775696e-01
3.712241947650909424e-01
3.673702478408813477e-01
6.222378611564636230e-01
1.698566675186157227e-01
5.463412404060363770e-01
2.211505770683288574e-01
3.647841513156890869e-01
1.633373379707336426e+00
7.597623765468597412e-02
4.695497080683708191e-02
5.362765789031982422e-01
1.158986985683441162e-02
9.207810461521148682e-02
0.000000000000000000e+00
3.451794683933258057e-01
1.081276535987854004e-01
1.216376066207885742e+00
5.068080425262451172e-01
1.504572331905364990e-01
4.023501873016357422e-01
8.265391588211059570e-01
1.233389694243669510e-02
1.834776401519775391e-01
9.213462471961975098e-01
5.335021018981933594e-01
5.228038877248764038e-02
3.551529943943023682e-01
2.419132888317108154e-01
1.079066395759582520e-01
1.672927737236022949e-01
9.300170838832855225e-02
1.436768099665641785e-02
1.149250566959381104e-01
1.263013601303100586e+00
2.893456518650054932e-01
5.776680707931518555e-01
2.881014347076416016e-01
2.236480591818690300e-03
3.741953670978546143e-01
4.818894565105438232e-01
4.310044646263122559e-02
2.665805816650390625e+00
1.187182545661926270e+00
1.911322712898254395e+00
1.620294004678726196e-01
0.000000000000000000e+00
1.336651742458343506e-01
1.214786246418952942e-01
1.444759368896484375e-01
6.041848659515380859e-01
2.823418676853179932e-01
0.000000000000000000e+00
7.307553887367248535e-01
4.662178158760070801e-01
1.225338578224182129e+00
3.773043677210807800e-02
4.331206157803535461e-02
7.756017893552780151e-02
5.019878149032592773e-01
2.323785722255706787e-01
2.979599833488464355e-01
1.275506764650344849e-01
0.000000000000000000e+00
1.221249938011169434e+00
7.597425580024719238e-02
6.146636009216308594e-01
1.473040226846933365e-02
1.748162358999252319e-01
3.173219561576843262e-01
2.831628084182739258e+00
2.479422688484191895e-01
1.413066983222961426e+00
6.476925611495971680e-01
3.668143153190612793e-01
3.463639318943023682e-02
8.862313032150268555e-01
7.355840504169464111e-02
5.326009169220924377e-02
0.000000000000000000e+00
6.470385193824768066e-02
3.643690645694732666e-01
8.824163675308227539e-01
1.339467465877532959e-01
3.708167076110839844e-01
1.747105717658996582e-01
2.160794138908386230e-01
2.928642034530639648e-01
2.581735253334045410e-01
2.058602869510650635e-01
4.852400720119476318e-01
1.285667121410369873e-01
4.407555758953094482e-01
5.267731547355651855e-01
6.063176393508911133e-01
2.249482870101928711e+00
2.089567422866821289e+00
6.631368398666381836e-02
0.000000000000000000e+00
4.087530374526977539e-01
5.639292001724243164e-01
2.667908430099487305e+00
8.178158402442932129e-01
4.489604830741882324e-01
6.854322552680969238e-02
9.093322604894638062e-02
1.219768635928630829e-02
0.000000000000000000e+00
0.000000000000000000e+00
1.114143013954162598e+00
3.308084979653358459e-02
6.106282472610473633e-01
4.126523137092590332e-01
6.510773301124572754e-02
4.448787569999694824e-01
1.357274889945983887e+00
2.395611405372619629e-01
1.061925217509269714e-01
2.265766710042953491e-01
3.155311644077301025e-01
4.534336179494857788e-02
1.313162326812744141e+00
1.234523393213748932e-02
2.461742460727691650e-01
2.175362348556518555e+00
1.060009121894836426e+00
2.388544529676437378e-01
5.616888403892517090e-01
6.780765056610107422e-01
1.048578023910522461e+00
5.040591582655906677e-03
8.974348893389105797e-04
0.000000000000000000e+00
0.000000000000000000e+00
6.140913367271423340e-01
2.528523504734039307e-01
1.076182946562767029e-01
3.612562417984008789e-01
6.522561907768249512e-01
2.060685008764266968e-01
9.350894391536712646e-02
2.820103764533996582e-01
4.469771385192871094e-01
1.341863125562667847e-01
6.795306205749511719e-01
8.667227625846862793e-02
2.640834636986255646e-02
2.048999443650245667e-02
4.909223079681396484e+00
0.000000000000000000e+00
2.769362181425094604e-03
2.421520799398422241e-01
1.701739430427551270e+00
7.540939450263977051e-01
1.413332223892211914e-01
1.676693186163902283e-02
8.898230642080307007e-02
6.958951950073242188e-01
0.000000000000000000e+00
1.019433960318565369e-01
1.296107918024063110e-01
1.824882328510284424e-01
1.995179057121276855e-01
1.591822147369384766e+00
0.000000000000000000e+00
1.802844852209091187e-01
0.000000000000000000e+00
0.000000000000000000e+00
8.739227801561355591e-02
3.462496399879455566e-01
9.631955064833164215e-03
5.665295943617820740e-02
2.208259701728820801e-02
1.277269870042800903e-01
9.176360368728637695e-01
5.527853965759277344e-01
3.268989324569702148e+00
5.600165724754333496e-01
6.447951793670654297e-01
0.000000000000000000e+00
1.316605787724256516e-02
1.301672123372554779e-02
1.855898350477218628e-01
3.855203390121459961e-01
2.015099078416824341e-01
4.256354272365570068e-01
2.822897434234619141e-01
1.011030152440071106e-01
4.742458164691925049e-01
1.138527631759643555e+00
7.103084772825241089e-02
1.341697216033935547e+00
1.380868405103683472e-01
2.065131068229675293e-01
1.434900462627410889e-01
7.388811707496643066e-01
2.139635533094406128e-01
6.466827392578125000e-01
4.459134340286254883e-01
7.267155647277832031e-01
2.758906185626983643e-01
4.439297914505004883e-01
3.044362962245941162e-01
0.000000000000000000e+00
2.954853475093841553e-01
2.497055679559707642e-01
6.219990849494934082e-01
3.235649585723876953e+00
1.755230128765106201e-01
1.047668531537055969e-01
3.695008158683776855e-01
0.000000000000000000e+00
2.635436654090881348e-01
2.872324287891387939e-01
7.558837532997131348e-01
0.000000000000000000e+00
4.439149200916290283e-01
2.272628843784332275e-01
1.706419140100479126e-01
2.754524052143096924e-01
2.151214890182018280e-02
5.357844829559326172e-01
7.312293648719787598e-01
2.198619581758975983e-02
5.173556134104728699e-02
6.321967244148254395e-01
7.783567309379577637e-01
0.000000000000000000e+00
4.538097977638244629e-02
1.151770710945129395e+00
9.780698418617248535e-01
1.827304437756538391e-02
7.571383118629455566e-01
1.663713902235031128e-01
1.282634884119033813e-01
1.748307421803474426e-02
2.347809553146362305e+00
1.123536825180053711e-01
4.928263425827026367e-01
8.368340134620666504e-02
2.646909840404987335e-02
3.618160635232925415e-02
6.280708312988281250e-01
4.906259775161743164e-01
7.973071187734603882e-02
1.739091426134109497e-01
4.802826792001724243e-02
1.038710959255695343e-02
6.548191905021667480e-01
0.000000000000000000e+00
2.078246138989925385e-02
4.123533889651298523e-02
3.723176002502441406e+00
3.335873782634735107e-02
1.118393063545227051e+00
2.028344869613647461e+00
7.377305626869201660e-02
1.518613219261169434e+00
1.527265459299087524e-01
0.000000000000000000e+00
7.794517874717712402e-01
3.594358684495091438e-03
4.673978984355926514e-01
0.000000000000000000e+00
1.456557750701904297e+00
2.486453801393508911e-01
1.111800596117973328e-01
1.768906265497207642e-01
0.000000000000000000e+00
2.659632444381713867e+00
1.089168667793273926e+00
3.411592170596122742e-02
1.468081474304199219e+00
3.904242277145385742e+00
3.711110353469848633e-02
3.214015662670135498e-01
3.089017868041992188e-01
1.705345213413238525e-01
0.000000000000000000e+00
1.729264557361602783e-01
1.060002684593200684e+00
1.062960863113403320e+00
4.324475228786468506e-01
2.117000818252563477e-01
2.034128159284591675e-01
2.991090416908264160e-01
6.833103299140930176e-02
1.761045493185520172e-02
1.479868412017822266e+00
5.564106628298759460e-02
2.569378167390823364e-02
5.500118434429168701e-02
1.608782052993774414e+00
2.068665772676467896e-01
2.881351858377456665e-02
2.443031221628189087e-01
5.781775712966918945e-01
6.165567785501480103e-03
1.411721229553222656e+00
1.065536379814147949e+00
1.502931833267211914e+00
3.241311013698577881e-01
1.997390091419219971e-01
3.745824843645095825e-02
3.524803876876831055e+00
6.148458123207092285e-01
1.053310871124267578e+00
3.044377863407135010e-01
5.781111717224121094e-01
1.464203596115112305e-01
6.813210994005203247e-02
2.856012582778930664e-01
5.592959523200988770e-01
1.536159634590148926e+00
2.263766378164291382e-01
2.063738554716110229e-01
1.252894401550292969e+00
9.563204646110534668e-01
4.200638737529516220e-03
1.559225618839263916e-01
2.560334920883178711e+00
1.168601363897323608e-01
3.207601010799407959e-01
1.349114626646041870e-01
6.542850285768508911e-02
1.122916564345359802e-01
2.814645506441593170e-02
3.100522160530090332e-01
3.193066716194152832e-01
7.604492902755737305e-01
5.797951221466064453e-01
0.000000000000000000e+00
1.153246238827705383e-01
3.629291057586669922e-01
5.400431632995605469e+00
1.613169461488723755e-01
8.948301523923873901e-02
9.606200456619262695e-01
6.013444066047668457e-01
2.832844257354736328e+00
1.002745255827903748e-01
1.396779268980026245e-01
4.380116760730743408e-01
4.489813148975372314e-01
1.958325654268264771e-01
8.257989883422851562e-01
4.385977685451507568e-01
1.883184723556041718e-02
8.981271833181381226e-02
5.858415365219116211e-02
3.457217216491699219e-01
3.598601222038269043e-01
1.750532165169715881e-02
7.573738694190979004e-02
2.455986887216567993e-01
4.058479368686676025e-01
1.048270761966705322e-01
3.486895561218261719e-02
2.551263093948364258e+00
8.387978076934814453e-01
8.648195862770080566e-01
9.525249004364013672e-01
2.130943298339843750e+00
2.159866988658905029e-01
5.489253401756286621e-01
3.797343969345092773e-01
2.118906080722808838e-01
6.153500676155090332e-01
1.613115817308425903e-01
1.229851722717285156e+00
1.622651815414428711e-01
2.810430228710174561e-01
1.854642629623413086e+00
3.875494003295898438e-02
2.297251224517822266e-01
5.978398323059082031e-01
1.764396727085113525e-01
1.491240262985229492e-01
8.872481435537338257e-02
2.691450119018554688e-01
3.596069216728210449e-01
1.446717977523803711e-01
2.115114331245422363e-01
3.811165094375610352e-01
3.296236693859100342e-01
8.393460512161254883e-02
1.049332261085510254e+00
0.000000000000000000e+00
6.389775872230529785e-02
5.455387830734252930e-01
6.106680035591125488e-01
1.272990703582763672e-01
8.997388482093811035e-01
1.305870339274406433e-02
5.582410693168640137e-01
5.776461958885192871e-01
1.664680600166320801e+00
1.913142502307891846e-01
2.990830540657043457e-01
0.000000000000000000e+00
1.343036413192749023e+00
3.171848878264427185e-02
2.935420870780944824e-01
1.088987827301025391e+00
7.083209156990051270e-01
2.110539525747299194e-01
1.056437730789184570e+00
9.465044736862182617e-01
1.484199315309524536e-01
5.394729319959878922e-03
0.000000000000000000e+00
1.605117321014404297e-02
6.083980947732925415e-02
1.118394136428833008e+00
3.239522576332092285e-01
7.785534858703613281e-01
0.000000000000000000e+00
9.025918841361999512e-01
0.000000000000000000e+00
3.702743053436279297e-01
3.542480707168579102e+00
8.237577043473720551e-03
7.394301891326904297e-01
2.005274295806884766e-01
6.815038621425628662e-02
1.339483261108398438e-01
3.639442026615142822e-01
1.568656921386718750e+00
8.387591838836669922e-01
3.247694112360477448e-03
2.302969396114349365e-01
0.000000000000000000e+00
8.466049330309033394e-04
0.000000000000000000e+00
3.113728715106844902e-03
2.100621461868286133e-01
2.213661372661590576e-01
5.093453451991081238e-03
5.016154646873474121e-01
0.000000000000000000e+00
2.823573648929595947e-01
3.733327388763427734e-01
1.811946183443069458e-01
2.695612842217087746e-03
7.831173390150070190e-02
1.448534488677978516e+00
2.674062550067901611e-01
1.815928220748901367e-01
4.305000230669975281e-02
5.728526711463928223e-01
5.757989711128175259e-04
2.101069241762161255e-01
3.786651194095611572e-01
0.000000000000000000e+00
2.543793439865112305e+00
2.942896634340286255e-02
1.036820650100708008e+00
1.074693202972412109e+00
2.175116837024688721e-01
1.884157657623291016e-01
1.803132295608520508e-01
1.807982325553894043e-01
3.706693053245544434e-01
1.094538420438766479e-01
3.492019176483154297e-01
3.465671092271804810e-02
2.744833230972290039e-01
5.779175162315368652e-01
0.000000000000000000e+00
5.203756093978881836e-01
0.000000000000000000e+00
1.902578115463256836e+00
2.387300491333007812e+00
0.000000000000000000e+00
3.299761116504669189e-01
