2.740870602428913116e-02
3.088176250457763672e-03
7.962074875831604004e-02
1.053292274475097656e+00
2.798287868499755859e-01
2.700259387493133545e-01
5.725320577621459961e-01
2.927760481834411621e-01
3.402530848979949951e-01
2.326112747192382812e+00
7.031597197055816650e-02
3.029688298702239990e-01
1.782495091902092099e-04
4.327609837055206299e-01
9.525383114814758301e-01
6.200104355812072754e-01
2.422387003898620605e-01
3.143747448921203613e-01
9.792516380548477173e-02
4.837282001972198486e-01
2.795350253582000732e-01
1.695822924375534058e-01
4.502040147781372070e-02
0.000000000000000000e+00
1.052077054977416992e+00
7.065859436988830566e-01
0.000000000000000000e+00
6.033271551132202148e-02
7.464925944805145264e-02
0.000000000000000000e+00
7.724393010139465332e-01
3.147062659263610840e-01
3.632499873638153076e-01
0.000000000000000000e+00
4.522600024938583374e-02
3.189001381397247314e-01
0.000000000000000000e+00
1.665974259376525879e+00
1.606947481632232666e-01
2.949617207050323486e-01
1.983052015304565430e+00
1.209006458520889282e-02
1.119278892874717712e-01
2.122389554977416992e+00
5.994756892323493958e-02
0.000000000000000000e+00
5.336962938308715820e-01
3.573108613491058350e-01
9.882899373769760132e-02
5.356740355491638184e-01
1.759117841720581055e-01
6.981455087661743164e-01
3.811031579971313477e-01
9.432882070541381836e-01
1.285548955202102661e-01
8.254247903823852539e-02
3.133582696318626404e-02
1.651106402277946472e-02
3.712841272354125977e-01
2.368290163576602936e-02
1.108024120330810547e+00
1.377426385879516602e-01
9.683995246887207031e-01
6.349920630455017090e-01
7.485789060592651367e-01
5.711885690689086914e-01
4.807146787643432617e-01
5.985077023506164551e-01
5.199770629405975342e-02
2.012064009904861450e-01
1.692442744970321655e-01
8.648015260696411133e-01
2.791920676827430725e-03
4.609068110585212708e-02
1.468333601951599121e-01
9.700904488563537598e-01
2.265459746122360229e-01
1.846939697861671448e-02
2.115784771740436554e-02
0.000000000000000000e+00
3.626631021499633789e+00
1.205029524862766266e-02
1.614202046766877174e-03
1.494172662496566772e-01
3.044984303414821625e-02
5.442761816084384918e-03
2.190863341093063354e-01
4.381802678108215332e-01
1.103021670132875443e-03
1.940616667270660400e-01
1.850328296422958374e-01
4.691442251205444336e-01
0.000000000000000000e+00
5.345951765775680542e-02
3.652075678110122681e-02
1.106748223304748535e+00
5.041181445121765137e-01
3.588819265365600586e+00
7.043608464300632477e-03
5.463861227035522461e-01
4.152752086520195007e-02
1.652089834213256836e+00
5.718660354614257812e-01
7.479829341173171997e-02
0.000000000000000000e+00
7.206264138221740723e-02
2.014462277293205261e-02
1.842409968376159668e-01
3.408715426921844482e-01
2.451663732528686523e+00
5.624734796583652496e-03
6.441863179206848145e-01
6.126297712326049805e-01
4.050956726074218750e+00
9.501484632492065430e-01
0.000000000000000000e+00
5.615885853767395020e-01
4.684205055236816406e-01
2.168131433427333832e-02
8.942502737045288086e-02
2.348659276962280273e+00
1.695663809776306152e+00
1.198243737220764160e+00
1.628364205360412598e+00
4.872208535671234131e-01
0.000000000000000000e+00
1.960556983947753906e+00
0.000000000000000000e+00
0.000000000000000000e+00
9.665796533226966858e-03
5.444946885108947754e-02
3.785609826445579529e-02
1.062728911638259888e-01
1.343406885862350464e-01
4.884667694568634033e-02
1.621855199337005615e-01
1.945087313652038574e-01
8.864855021238327026e-02
3.893076181411743164e-01
7.115021347999572754e-01
6.570056080818176270e-01
7.838995754718780518e-02
1.116202920675277710e-01
1.217353567481040955e-01
9.041321277618408203e-02
4.114023745059967041e-01
1.647591292858123779e-01
0.000000000000000000e+00
1.024357199668884277e+00
3.248582184314727783e-01
5.831584334373474121e-02
6.806650757789611816e-02
5.440172925591468811e-02
1.267709016799926758e+00
1.729521527886390686e-02
0.000000000000000000e+00
1.843132227659225464e-01
4.936584271490573883e-03
0.000000000000000000e+00
2.324905246496200562e-02
9.705433845520019531e-01
1.074589937925338745e-01
0.000000000000000000e+00
9.647509455680847168e-02
3.780380487442016602e+00
1.892131924629211426e+00
2.165558934211730957e-02
0.000000000000000000e+00
8.850870132446289062e-01
3.487276732921600342e-01
0.000000000000000000e+00
0.000000000000000000e+00
1.772713065147399902e+00
3.966847658157348633e-01
0.000000000000000000e+00
4.016586542129516602e-01
2.234421521425247192e-01
2.780167013406753540e-02
1.527764834463596344e-02
4.008035063743591309e-01
6.175760030746459961e-01
5.560212135314941406e-01
2.073916345834732056e-01
1.835416704416275024e-01
0.000000000000000000e+00
2.585352659225463867e-01
8.207979798316955566e-01
3.461411893367767334e-01
3.008027374744415283e-02
1.557255685329437256e-01
6.304638981819152832e-01
4.884511232376098633e-01
1.260450389236211777e-02
6.124163269996643066e-01
0.000000000000000000e+00
2.564397454261779785e-01
7.361952066421508789e-01
1.848954081535339355e+00
1.544050216674804688e+00
0.000000000000000000e+00
5.945045351982116699e-01
7.360412925481796265e-02
6.371267139911651611e-02
0.000000000000000000e+00
9.942979365587234497e-02
6.122718453407287598e-01
1.116040945053100586e-01
9.198455810546875000e-01
1.463381946086883545e-01
3.482235074043273926e-01
9.080020710825920105e-03
1.725598424673080444e-01
1.092760488390922546e-01
2.307968288660049438e-01
1.189420744776725769e-01
1.462000608444213867e-01
7.239004969596862793e-02
2.619632147252559662e-02
1.004389524459838867e+00
7.119631767272949219e-01
2.135112524032592773e+00
3.223263099789619446e-02
1.193752408027648926e+00
2.465800493955612183e-01
9.210629505105316639e-04
1.080090254545211792e-01
1.015143096446990967e-02
3.278691470623016357e-01
9.981342405080795288e-02
8.453891277313232422e-01
0.000000000000000000e+00
5.648378133773803711e-01
1.121037840843200684e+00
0.000000000000000000e+00
7.524213939905166626e-02
6.393379066139459610e-03
1.765304990112781525e-02
6.604314446449279785e-01
5.227809399366378784e-02
2.208909839391708374e-01
9.341115504503250122e-02
7.816352695226669312e-02
7.651679217815399170e-03
7.377434372901916504e-01
4.304378926753997803e-01
3.725520521402359009e-02
2.553267637267708778e-03
2.445830255746841431e-01
9.779525548219680786e-02
5.171246454119682312e-02
0.000000000000000000e+00
5.885453224182128906e-01
1.193686842918395996e+00
7.447997331619262695e-01
1.345830410718917847e-01
3.290297463536262512e-02
2.042990922927856445e-01
3.427677452564239502e-01
7.739531993865966797e-02
6.799534559249877930e-01
1.400517970323562622e-01
4.174007892608642578e+00
6.523537635803222656e-01
3.955642879009246826e-01
4.649557769298553467e-01
0.000000000000000000e+00
2.278259694576263428e-01
2.031965106725692749e-01
6.215836405754089355e-01
4.911932647228240967e-01
3.502158224582672119e-01
4.979494586586952209e-02
2.170825302600860596e-01
2.333345264196395874e-01
0.000000000000000000e+00
2.686001062393188477e-01
0.000000000000000000e+00
0.000000000000000000e+00
4.647871851921081543e-01
3.328032493591308594e-01
7.330776005983352661e-02
1.344376653432846069e-01
7.707348465919494629e-02
8.489509671926498413e-02
9.249139577150344849e-02
2.450534105300903320e+00
6.969908624887466431e-02
4.693076387047767639e-02
2.861077189445495605e-01
0.000000000000000000e+00
3.883242234587669373e-02
8.275927901268005371e-01
2.557256519794464111e-01
3.784986138343811035e-01
0.000000000000000000e+00
3.420512974262237549e-01
2.774826064705848694e-02
7.385254651308059692e-02
8.115072250366210938e-01
9.118542075157165527e-01
2.312339842319488525e-01
2.660163491964340210e-02
1.184160355478525162e-02
6.971138119697570801e-01
6.505227833986282349e-02
1.847438216209411621e-01
0.000000000000000000e+00
9.165226668119430542e-02
0.000000000000000000e+00
7.915889471769332886e-02
0.000000000000000000e+00
4.956988990306854248e-01
4.988189935684204102e-01
6.911343932151794434e-01
9.923748373985290527e-01
2.258128859102725983e-02
4.429497718811035156e+00
9.673397243022918701e-02
4.849108755588531494e-01
5.476027131080627441e-01
2.569350413978099823e-02
5.424596369266510010e-03
1.217907667160034180e+00
0.000000000000000000e+00
7.626425027847290039e-01
1.462691128253936768e-01
4.332309365272521973e-01
3.349350094795227051e-01
8.662611246109008789e-02
3.433134853839874268e-01
2.871694266796112061e-01
1.127871632575988770e+00
1.701002717018127441e-01
1.222882151603698730e+00
1.205767154693603516e+00
4.859129432588815689e-03
3.208498060703277588e-01
2.457144856452941895e-01
1.815481111407279968e-02
1.630306541919708252e-01
1.020517274737358093e-01
1.408044099807739258e-01
1.042005792260169983e-01
2.992459833621978760e-01
0.000000000000000000e+00
3.194817900657653809e-02
1.272591590881347656e+00
3.279551982879638672e+00
0.000000000000000000e+00
2.346317656338214874e-02
6.108073592185974121e-01
3.696600794792175293e-01
1.276988148689270020e+00
1.998196095228195190e-01
3.927259147167205811e-02
1.693289168179035187e-02
8.843974769115447998e-02
2.456267029047012329e-01
1.642498522996902466e-01
2.226934581995010376e-01
2.501334249973297119e-01
4.694918394088745117e-01
1.963231861591339111e-01
4.530146121978759766e-01
3.827960789203643799e-01
1.151049062609672546e-01
1.109074592590332031e+00
5.476521849632263184e-01
1.788496784865856171e-02
7.984166592359542847e-02
3.278501927852630615e-01
2.738567352294921875e+00
3.184790164232254028e-02
9.498608298599720001e-03
6.860839128494262695e-01
3.564963042736053467e-01
3.126044869422912598e-01
0.000000000000000000e+00
5.826897025108337402e-01
8.567942678928375244e-02
2.575024127960205078e+00
4.673990249633789062e+00
3.103250637650489807e-02
1.161721944808959961e+00
3.260126709938049316e-01
3.603682294487953186e-02
1.090265661478042603e-01
5.331801772117614746e-01
1.252889186143875122e-01
1.372803211212158203e+00
1.416893959045410156e+00
3.977691754698753357e-02
3.104611933231353760e-01
1.864301562309265137e-01
1.068249464035034180e+00
3.865127563476562500e-01
4.977568089962005615e-01
8.248530328273773193e-03
2.511942982673645020e-01
2.444520965218544006e-02
9.053649753332138062e-02
0.000000000000000000e+00
9.127522259950637817e-02
2.564679622650146484e+00
4.721732437610626221e-02
6.585738807916641235e-02
1.939984038472175598e-02
1.080186963081359863e+00
5.823798179626464844e-01
2.522269785404205322e-01
8.994070440530776978e-02
9.679044596850872040e-03
8.104725927114486694e-02
4.467914104461669922e-01
1.163890719413757324e+00
0.000000000000000000e+00
0.000000000000000000e+00
3.297892212867736816e-01
1.299629360437393188e-01
9.734369516372680664e-01
0.000000000000000000e+00
6.597786545753479004e-01
8.830798268318176270e-01
1.514039933681488037e-01
4.332960769534111023e-02
1.632763028144836426e+00
7.592773437500000000e-01
4.827229678630828857e-01
1.007315889000892639e-01
0.000000000000000000e+00
5.068509578704833984e-01
4.266868233680725098e-01
5.836657062172889709e-02
1.404373049736022949e-01
3.117524785920977592e-03
5.417265743017196655e-02
5.091108754277229309e-02
1.903163790702819824e-01
4.092674702405929565e-02
2.756384760141372681e-02
1.000267863273620605e-01
7.197376340627670288e-02
0.000000000000000000e+00
1.266342252492904663e-01
5.643994808197021484e-01
7.899584174156188965e-01
6.088334694504737854e-02
7.009816914796829224e-02
6.714317202568054199e-01
9.809532165527343750e-01
2.542769312858581543e-01
3.799303472042083740e-01
5.918744802474975586e-01
1.849079132080078125e-01
7.455404265783727169e-04
1.015204310417175293e+00
7.482472062110900879e-01
7.884664833545684814e-02
1.705220580101013184e+00
1.166563574224710464e-02
3.515055179595947266e-01
1.296177059412002563e-01
8.661388754844665527e-01
2.393660396337509155e-01
9.717799425125122070e-01
0.000000000000000000e+00
1.493283640593290329e-02
8.896166682243347168e-01
7.609935849905014038e-02
4.192818701267242432e-01
2.665180265903472900e-01
1.932194948196411133e+00
1.860179454088211060e-01
1.742302775382995605e-01
7.146089524030685425e-02
2.449613094329833984e+00
1.654347181320190430e-01
4.639821350574493408e-01
1.258269786834716797e+00
4.087694585323333740e-01
5.291242003440856934e-01
0.000000000000000000e+00
5.124985706061124802e-03
3.024748265743255615e-01
2.741266250610351562e+00
9.086515754461288452e-02
0.000000000000000000e+00
1.306080371141433716e-01
3.264219164848327637e-01
6.180647760629653931e-02
1.845343410968780518e-01
9.030659496784210205e-02
7.997409999370574951e-02
6.977775096893310547e-01
9.217344224452972412e-02
4.811617732048034668e-01
0.000000000000000000e+00
5.532934188842773438e+00
7.943434715270996094e-01
7.190704345703125000e-01
9.471052326261997223e-03
1.979167805984616280e-03
2.919017970561981201e-01
5.889194458723068237e-02
4.253756403923034668e-01
1.468183040618896484e+00
2.490620851516723633e+00
9.134975820779800415e-02
2.058944463729858398e+00
2.098252028226852417e-01
3.253751993179321289e-01
2.734161615371704102e-01
5.833976268768310547e-01
1.307618379592895508e+00
3.552712500095367432e-01
5.899829417467117310e-02
1.416610240936279297e+00
1.665465712547302246e+00
3.979235291481018066e-01
0.000000000000000000e+00
1.117269396781921387e-01
1.813871860504150391e-01
2.802165985107421875e+00
7.637189030647277832e-01
4.996442422270774841e-02
2.344093799591064453e+00
5.977702736854553223e-01
3.317222371697425842e-02
1.480901846662163734e-03
4.913828969001770020e-01
9.601758718490600586e-01
9.099777936935424805e-01
2.352149963378906250e+00
2.768968045711517334e-01
8.362973332405090332e-01
3.738188147544860840e-01
3.516419827938079834e-01
1.227013349533081055e+00
1.337585002183914185e-01
1.168601751327514648e+00
3.291573524475097656e-01
8.045647293329238892e-02
1.228342056274414062e-01
4.225541278719902039e-02
1.229738909751176834e-02
2.617608197033405304e-02
1.393464803695678711e+00
2.636722754687070847e-03
9.884536266326904297e-02
5.639994144439697266e-01
3.224273025989532471e-02
0.000000000000000000e+00
1.034142494201660156e+00
6.808239500969648361e-03
1.652769595384597778e-01
3.166257441043853760e-01
8.307280540466308594e-01
1.421946138143539429e-01
3.090895153582096100e-02
8.125644177198410034e-02
8.423999696969985962e-02
1.830839365720748901e-01
1.380151882767677307e-02
3.023517131805419922e-01
0.000000000000000000e+00
4.151832461357116699e-01
8.228072524070739746e-02
1.331022568047046661e-02
1.745656505227088928e-02
0.000000000000000000e+00
1.047519668936729431e-01
1.208119153976440430e+00
2.960855141282081604e-02
1.191401481628417969e-02
7.900575995445251465e-01
2.732002437114715576e-01
0.000000000000000000e+00
4.646325409412384033e-01
6.419101357460021973e-02
7.144025713205337524e-02
0.000000000000000000e+00
6.517478823661804199e-01
1.427622232586145401e-02
2.153450250625610352e-01
2.042387425899505615e-02
4.924597740173339844e-01
4.432578086853027344e-01
3.282353878021240234e-01
1.041782125830650330e-01
2.872273325920104980e-01
8.021081797778606415e-03
1.959004253149032593e-01
6.803620606660842896e-03
3.038053214550018311e-01
1.973204910755157471e-01
2.001018971204757690e-01
2.157832235097885132e-01
1.101554393768310547e+00
6.011990904808044434e-01
1.098405480384826660e+00
1.233523115515708923e-01
1.362327393144369125e-02
1.333534251898527145e-02
1.888046741485595703e+00
2.374612838029861450e-01
8.033099770545959473e-01
1.865001954138278961e-02
0.000000000000000000e+00
1.266062706708908081e-01
0.000000000000000000e+00
2.181675732135772705e-01
2.011998891830444336e-01
4.217764437198638916e-01
1.499686576426029205e-02
1.098017811775207520e+00
1.295542955398559570e+00
1.059213932603597641e-02
1.024461865425109863e+00
1.974887251853942871e-01
1.391326785087585449e+00
2.959029972553253174e-01
1.730448193848133087e-02
1.592305675148963928e-02
4.501299262046813965e-01
2.856470942497253418e-01
1.309792399406433105e-01
2.117873914539813995e-02
4.774947762489318848e-01
6.505039636977016926e-04
1.085895225405693054e-01
2.108313143253326416e-01
0.000000000000000000e+00
4.656419157981872559e-01
5.726450085639953613e-01
1.077815145254135132e-01
1.370359510183334351e-01
2.609020471572875977e-01
6.625962257385253906e-01
4.530241787433624268e-01
2.378933578729629517e-01
2.152001708745956421e-01
4.520494461059570312e+00
6.608253121376037598e-01
3.544992208480834961e-01
1.105844140052795410e+00
1.119304299354553223e+00
1.110621634870767593e-02
3.133258819580078125e-01
3.275563120841979980e-01
0.000000000000000000e+00
6.648930311203002930e-01
2.409042790532112122e-02
1.759031116962432861e-01
1.643685460090637207e+00
9.142828732728958130e-02
1.052044749259948730e+00
1.219251036643981934e+00
2.089671045541763306e-02
2.938275337219238281e-01
4.243807196617126465e-01
3.189719438552856445e+00
1.557849720120429993e-02
1.391845703125000000e+00
3.948953375220298767e-02
3.429343178868293762e-02
1.857662014663219452e-02
5.081331133842468262e-01
3.162186145782470703e-01
9.216051697731018066e-01
4.423539638519287109e-01
1.090833619236946106e-01
6.453887820243835449e-01
6.507194042205810547e-01
1.268625378608703613e+00
2.571681737899780273e-01
1.319124549627304077e-02
4.323861896991729736e-01
3.587889671325683594e-02
1.292285770177841187e-01
1.033535897731781006e-01
6.439160555601119995e-02
3.229520320892333984e-01
0.000000000000000000e+00
9.100718498229980469e-01
1.812867671251296997e-01
0.000000000000000000e+00
4.414600431919097900e-01
1.542698621749877930e+00
0.000000000000000000e+00
1.755314320325851440e-01
9.027529358863830566e-01
3.637364506721496582e-02
4.103343002498149872e-03
9.133275598287582397e-02
1.578751578927040100e-02
5.909656360745429993e-02
3.193665742874145508e-01
1.684564650058746338e-01
1.091225892305374146e-01
2.466712743043899536e-01
2.252103984355926514e-01
1.106465384364128113e-01
5.426310896873474121e-01
1.106474548578262329e-01
1.400288939476013184e-01
5.189028382301330566e-01
0.000000000000000000e+00
0.000000000000000000e+00
2.780690789222717285e-01
2.149427890777587891e+00
3.960315138101577759e-02
9.818989783525466919e-02
5.580688011832535267e-04
9.910309314727783203e-02
8.660037815570831299e-02
0.000000000000000000e+00
2.433434575796127319e-01
7.529426366090774536e-02
1.811615675687789917e-01
1.285998336970806122e-02
0.000000000000000000e+00
4.478482529520988464e-03
1.011836171150207520e+00
2.781066596508026123e-01
1.639839529991149902e+00
3.032537922263145447e-02
2.982795983552932739e-02
6.965490579605102539e-01
7.128407955169677734e-01
0.000000000000000000e+00
2.515242807567119598e-02
1.153191447257995605e+00
3.019350469112396240e-01
2.084265798330307007e-01
2.554383277893066406e-01
2.259333878755569458e-01
2.022332102060317993e-01
7.596662640571594238e-01
0.000000000000000000e+00
7.265345007181167603e-02
2.846868515014648438e+00
2.658473700284957886e-02
6.906132698059082031e-01
4.116366505622863770e-01
1.457084417343139648e-01
1.078008711338043213e-01
1.251145154237747192e-01
2.649647712707519531e+00
0.000000000000000000e+00
0.000000000000000000e+00
1.703178286552429199e-01
7.548651695251464844e-01
0.000000000000000000e+00
0.000000000000000000e+00
3.077961690723896027e-02
2.862390875816345215e-01
1.420392189174890518e-02
6.477411091327667236e-02
1.857355713844299316e+00
1.448044180870056152e+00
0.000000000000000000e+00
6.880322098731994629e-01
4.161944985389709473e-02
5.088110268115997314e-02
5.998260974884033203e-01
7.914816588163375854e-02
0.000000000000000000e+00
0.000000000000000000e+00
7.260302901268005371e-01
4.582610726356506348e-01
2.296434156596660614e-02
0.000000000000000000e+00
2.305724471807479858e-01
1.707417488098144531e+00
4.573953896760940552e-02
1.160520553588867188e+00
1.199111342430114746e-01
2.199652791023254395e-02
5.983499288558959961e-01
1.894584447145462036e-01
9.875000454485416412e-03
1.536446094512939453e+00
1.539119482040405273e-01
2.647442817687988281e-01
2.056810140609741211e+00
4.144290089607238770e-02
8.332160115242004395e-01
1.649924367666244507e-02
2.109383821487426758e+00
4.893619120121002197e-01
1.049441024661064148e-01
9.257506579160690308e-03
1.036925196647644043e+00
3.898306787014007568e-01
2.176290005445480347e-01
5.258351564407348633e-01
1.161239519715309143e-01
1.105690374970436096e-01
1.457860469818115234e-01
6.252281367778778076e-02
3.745006620883941650e-01
5.471270680427551270e-01
4.405896663665771484e+00
9.285173565149307251e-02
1.437406539916992188e-01
3.899767398834228516e-01
1.744222044944763184e-01
1.398107051849365234e+00
6.937312483787536621e-01
1.554523110389709473e+00
4.348726868629455566e-01
2.362247407436370850e-01
2.125430293381214142e-02
2.952514588832855225e-01
1.231068596243858337e-01
2.260691113770008087e-02
3.967254236340522766e-02
2.643923759460449219e-01
9.200662374496459961e-02
7.982076704502105713e-02
1.575623154640197754e+00
4.245497286319732666e-01
6.384622305631637573e-03
6.609741598367691040e-02
1.423709094524383545e-01
1.173587590456008911e-01
2.224928140640258789e-01
6.048084702342748642e-03
1.131146103143692017e-01
1.680783033370971680e-01
8.998280763626098633e-02
2.855665283277630806e-03
2.072193659842014313e-03
5.419511795043945312e-01
4.372809454798698425e-02
0.000000000000000000e+00
7.199376821517944336e-01
5.192002281546592712e-03
3.148902654647827148e-01
3.016600608825683594e-01
4.832770824432373047e-01
1.300495982170104980e+00
4.859707877039909363e-02
0.000000000000000000e+00
0.000000000000000000e+00
1.377700805664062500e+00
6.067363917827606201e-02
5.809394642710685730e-03
2.303913831710815430e-01
1.006302051246166229e-02
0.000000000000000000e+00
1.410485208034515381e-01
2.314222045242786407e-03
1.002255797386169434e+00
7.343950271606445312e-01
0.000000000000000000e+00
7.896013855934143066e-01
0.000000000000000000e+00
4.246547520160675049e-01
1.870305538177490234e-01
1.296359777450561523e+00
0.000000000000000000e+00
1.118728592991828918e-01
1.875214725732803345e-01
1.482224315404891968e-01
7.962076067924499512e-01
0.000000000000000000e+00
0.000000000000000000e+00
0.000000000000000000e+00
3.031387031078338623e-01
2.116466999053955078e+00
2.051454633474349976e-01
4.067653656005859375e+00
4.693509340286254883e-01
0.000000000000000000e+00
0.000000000000000000e+00
1.117121815681457520e+00
7.134355604648590088e-02
8.128602802753448486e-02
2.966451458632946014e-02
7.221039533615112305e-01
0.000000000000000000e+00
1.008522044867277145e-02
4.034416377544403076e-01
5.846506357192993164e-01
1.353827834129333496e+00
1.645900309085845947e-01
4.282748699188232422e-01
4.226088523864746094e-01
5.545013546943664551e-01
4.956750571727752686e-01
4.583480581641197205e-02
1.463068723678588867e-01
9.166921675205230713e-02
2.526504695415496826e-01
1.457861065864562988e-01
6.940861940383911133e-01
2.036524415016174316e-01
1.061894655227661133e+00
2.959940135478973389e-01
5.652942657470703125e-01
1.179539412260055542e-02
6.210342645645141602e-01
8.444796204566955566e-01
1.061426162719726562e+00
2.663749933242797852e+00
4.558556079864501953e-01
6.497156023979187012e-01
1.418307721614837646e-01
1.201842352747917175e-02
1.075987219810485840e-01
6.275027524679899216e-03
4.283485114574432373e-01
5.860614180564880371e-01
1.014928519725799561e-01
1.759957522153854370e-01
3.017366230487823486e-01
3.839422762393951416e-02
1.678262650966644287e-02
1.983184069395065308e-01
2.219917476177215576e-01
6.898780465126037598e-01
7.152679841965436935e-03
3.768607974052429199e-01
2.761834999546408653e-03
7.735008001327514648e-01
2.871674299240112305e+00
7.151099294424057007e-02
2.007300220429897308e-02
6.725820899009704590e-02
4.658448696136474609e-01
6.146378517150878906e-01
6.839849520474672318e-03
2.356532812118530273e-01
6.815879940986633301e-01
7.964181900024414062e-02
9.544938802719116211e-02
2.674031555652618408e-01
1.344717025756835938e+00
1.095603778958320618e-02
3.528630137443542480e-01
1.702591538429260254e+00
2.223111391067504883e-01
2.028077468276023865e-02
1.674966335296630859e+00
2.642784416675567627e-01
1.121642142534255981e-01
2.490556687116622925e-01
3.980735540390014648e-01
1.973244398832321167e-01
1.302298009395599365e-01
2.093556404113769531e+00
5.566371232271194458e-02
3.721482455730438232e-01
1.858330368995666504e-01
1.824844330549240112e-01
1.149340987205505371e+00
4.899216592311859131e-01
1.472446322441101074e-01
9.032398462295532227e-02
6.803375482559204102e-01
2.993247509002685547e-01
4.303984344005584717e-01
0.000000000000000000e+00
6.663725525140762329e-02
1.042271628975868225e-01
1.411234140396118164e-01
4.496340155601501465e-01
9.828633069992065430e-01
1.019405126571655273e-01
4.381245076656341553e-01
1.919664591550827026e-01
2.908758819103240967e-01
6.037555336952209473e-01
3.078865706920623779e-01
2.133219987154006958e-01
2.779448628425598145e-01
0.000000000000000000e+00
2.950320839881896973e-01
1.705981492996215820e-01
1.789193004369735718e-01
7.700191140174865723e-01
1.976528018712997437e-02
1.592704951763153076e-01
9.358603507280349731e-03
6.470286101102828979e-02
2.064369022846221924e-01
1.217992678284645081e-01
1.519569903612136841e-01
1.107674539089202881e-01
1.603557616472244263e-01
5.676520057022571564e-03
4.389347508549690247e-02
1.643648147583007812e-01
2.774338424205780029e-02
7.962871342897415161e-02
2.538347542285919189e-01
5.086348056793212891e-01
2.747091278433799744e-02
1.153679251670837402e+00
5.504397153854370117e-01
3.143709525465965271e-02
0.000000000000000000e+00
4.453873634338378906e-02
3.473562598228454590e-01
3.958163317292928696e-03
2.561409771442413330e-01
5.427312254905700684e-01
1.785313896834850311e-02
5.081797838211059570e-01
4.393763244152069092e-01
3.947813808917999268e-01
2.981989271938800812e-02
8.231029496528208256e-04
1.601125955581665039e+00
2.768163084983825684e-01
2.122385799884796143e-01
1.530140936374664307e-01
2.891501188278198242e-01
1.171345949172973633e+00
0.000000000000000000e+00
1.947737693786621094e+00
1.665361225605010986e-02
1.854389309883117676e-01
1.600375026464462280e-01
1.693799793720245361e-01
3.119610548019409180e-01
3.822841346263885498e-01
1.905171871185302734e+00
2.566808462142944336e-01
2.631233334541320801e-01
6.014562025666236877e-02
1.445497512817382812e+00
2.802261710166931152e-02
8.467423170804977417e-02
3.811490163207054138e-02
5.235886573791503906e-01
3.142158314585685730e-02
0.000000000000000000e+00
0.000000000000000000e+00
7.701103091239929199e-01
1.140152961015701294e-01
0.000000000000000000e+00
6.786648631095886230e-01
8.256936073303222656e-01
2.044578790664672852e-01
1.039137765765190125e-01
6.026042625308036804e-02
2.542993724346160889e-01
3.128455281257629395e-01
2.714757025241851807e-01
1.886446028947830200e-02
5.505465865135192871e-01
4.978561773896217346e-02
2.390689402818679810e-01
3.514182567596435547e-01
4.502499699592590332e-01
7.914955914020538330e-02
1.550862640142440796e-01
5.670927464962005615e-03
1.665220111608505249e-01
2.412298172712326050e-01
3.706514835357666016e-01
3.050890564918518066e-01
2.883856892585754395e-01
5.592752620577812195e-02
3.020121157169342041e-01
5.095880012959241867e-03
6.386676430702209473e-01
3.782739043235778809e-01
1.771473437547683716e-01
1.434222310781478882e-01
2.445857763290405273e+00
3.955787718296051025e-01
1.163225889205932617e+00
6.578761339187622070e-02
1.562727093696594238e-01
1.816044896841049194e-01
2.328471660614013672e+00
1.482152938842773438e+00
1.471450775861740112e-01
0.000000000000000000e+00
0.000000000000000000e+00
1.330172717571258545e-01
1.567885428667068481e-01
0.000000000000000000e+00
5.084896460175514221e-02
2.044154405593872070e-01
0.000000000000000000e+00
2.822149544954299927e-03
8.223390579223632812e-01
7.238902896642684937e-02
1.353772170841693878e-02
3.668014109134674072e-01
2.559641897678375244e-01
0.000000000000000000e+00
1.416599303483963013e-01
1.125119090080261230e+00
3.960027396678924561e-01
2.473302632570266724e-01
8.871449232101440430e-01
2.700221836566925049e-01
9.448048472404479980e-01
0.000000000000000000e+00
3.465431034564971924e-01
9.432049989700317383e-01
1.017447113990783691e-01
8.533644676208496094e-01
2.873392999172210693e-01
1.227692216634750366e-01
1.481699198484420776e-01
1.176417469978332520e+00
1.350276768207550049e-01
1.639205217361450195e-01
9.449216127395629883e-01
2.512039244174957275e-02
5.941540002822875977e-02
6.338258981704711914e-01
2.647503912448883057e-01
3.111232817173004150e-01
3.873848199844360352e+00
0.000000000000000000e+00
9.446538984775543213e-02
4.210864901542663574e-01
3.365217447280883789e-01
1.273744702339172363e+00
1.396448612213134766e+00
3.636305332183837891e-01
5.419954061508178711e-01
7.022061944007873535e-01
1.162049651145935059e+00
2.160621434450149536e-02
7.771115750074386597e-02
2.913469448685646057e-03
2.304098606109619141e+00
3.234829306602478027e-01
3.321663141250610352e-01
1.779234290122985840e+00
8.896090984344482422e-01
7.453224807977676392e-02
2.036721557378768921e-01
1.657585054636001587e-02
0.000000000000000000e+00
7.181169930845499039e-03
1.015689875930547714e-02
5.126312002539634705e-02
2.228884398937225342e-01
1.625191688537597656e+00
2.544293999671936035e-01
1.684020310640335083e-01
5.222020670771598816e-02
1.766540482640266418e-02
1.385717280209064484e-02
2.868741936981678009e-02
1.539482623338699341e-01
9.084930419921875000e-01
6.897862534970045090e-03
3.368535041809082031e-01
3.549889028072357178e-01
1.357999593019485474e-01
1.188082993030548096e-01
4.485038295388221741e-02
3.931754827499389648e-01
4.213549196720123291e-01
7.569457888603210449e-01
4.456418752670288086e-01
2.535470128059387207e-01
8.157355785369873047e-01
5.688109397888183594e-01
4.656378328800201416e-01
0.000000000000000000e+00
7.092701643705368042e-02
6.694381833076477051e-01
5.600075721740722656e-01
3.527651429176330566e-01
4.350237250328063965e-01
9.652995318174362183e-02
2.036950886249542236e-01
5.996780395507812500e-01
1.838120445609092712e-02
5.787337943911552429e-02
1.507610082626342773e-01
3.846307098865509033e-01
6.326849758625030518e-02
1.853831648826599121e+00
4.481512680649757385e-02
1.107567772269248962e-01
7.531693577766418457e-02
3.892850875854492188e-02
3.113304972648620605e-01
1.438798457384109497e-01
0.000000000000000000e+00
7.354764342308044434e-01
2.910009324550628662e-01
4.465543031692504883e-01
2.320931851863861084e-01
2.952534854412078857e-01
3.084444440901279449e-02
1.807650923728942871e-01
1.238598255440592766e-03
1.317229121923446655e-01
2.969264751300215721e-03
3.448981791734695435e-02
1.925080642104148865e-02
2.977053523063659668e-01
1.881555095314979553e-02
4.313033223152160645e-01
0.000000000000000000e+00
8.009407669305801392e-02
1.067472547292709351e-01
6.114547699689865112e-02
5.418379977345466614e-02
4.718349874019622803e-02
6.894075274467468262e-01
1.051051139831542969e+00
2.817298471927642822e-01
6.700347363948822021e-02
3.632776439189910889e-01
5.078002437949180603e-02
4.578545987606048584e-01
6.259440183639526367e-01
3.252556920051574707e-01
1.028153061866760254e+00
7.797338184900581837e-05
0.000000000000000000e+00
2.295295149087905884e-01
1.847691088914871216e-01
5.083196982741355896e-02
7.329864501953125000e-01
0.000000000000000000e+00
2.596210241317749023e-01
6.186372786760330200e-02
1.663473963737487793e+00
8.667455613613128662e-02
7.760805487632751465e-01
2.535214424133300781e+00
7.029774785041809082e-01
6.777082383632659912e-02
1.461894154548645020e+00
2.116394601762294769e-02
2.988777756690979004e-01
1.721317321062088013e-01
2.925533056259155273e-01
0.000000000000000000e+00
6.717350482940673828e-01
0.000000000000000000e+00
2.243839502334594727e-01
2.716924548149108887e-01
2.813065052032470703e-01
1.453702896833419800e-01
2.031324863433837891e+00
1.046323299407958984e+00
5.252701640129089355e-01
1.607570409774780273e+00
3.312036097049713135e-01
1.086251884698867798e-01
2.159830629825592041e-01
1.994115591049194336e+00
0.000000000000000000e+00
6.480456590652465820e-01
6.124877333641052246e-01
1.570826172828674316e+00
1.787934154272079468e-01
8.654126524925231934e-02
8.136148750782012939e-02
1.605907827615737915e-02
2.851455099880695343e-02
4.001023173332214355e-01
0.000000000000000000e+00
9.659118205308914185e-02
1.456603050231933594e+00
4.218914732336997986e-02
2.565381675958633423e-02
4.683025181293487549e-01
1.397187829017639160e+00
3.632525920867919922e+00
3.297006711363792419e-02
2.803670167922973633e-01
1.807180881500244141e+00
3.201808631420135498e-01
2.378279529511928558e-02
2.383461035788059235e-02
4.172782599925994873e-01
3.419331073760986328e+00
1.212475419044494629e+00
5.131617188453674316e-02
6.406072527170181274e-03
7.537333965301513672e-01
3.303183615207672119e-01
2.597963809967041016e-01
2.337907254695892334e-01
1.087249398231506348e+00
1.766853332519531250e-01
4.716309159994125366e-02
6.316471695899963379e-01
1.529246941208839417e-02
1.917364820837974548e-02
2.883116960525512695e+00
6.747744679450988770e-01
2.324340939521789551e-01
7.876329869031906128e-02
5.045186355710029602e-02
9.393986463546752930e-01
3.675082027912139893e-01
2.344579547643661499e-01
6.602722406387329102e-01
9.978519380092620850e-02
5.175671726465225220e-02
5.557950735092163086e-01
5.011796951293945312e-01
4.832836091518402100e-01
1.401508301496505737e-01
3.142292499542236328e-01
1.513287425041198730e+00
1.273409463465213776e-02
6.098415236920118332e-03
1.489547610282897949e+00
1.276803612709045410e+00
0.000000000000000000e+00
9.559689462184906006e-02
1.026950955390930176e+00
1.382076740264892578e-01
1.785125136375427246e-01
2.966488152742385864e-02
4.147858917713165283e-02
1.422141492366790771e-01
4.167004823684692383e-01
1.466850787401199341e-01
1.500445185229182243e-03
1.313417255878448486e-01
1.310169249773025513e-01
3.757992982864379883e-01
9.437280893325805664e-02
4.306685552000999451e-02
1.200270932167768478e-02
1.135815024375915527e+00
1.272758655250072479e-02
2.981154322624206543e-01
1.887817382812500000e-01
1.996245682239532471e-01
1.794416457414627075e-01
4.418653845787048340e-01
8.087080121040344238e-01
2.426823377609252930e+00
4.067813456058502197e-01
5.862517356872558594e-01
2.871008515357971191e-01
1.503588914871215820e+00
5.910308957099914551e-01
1.439730376005172729e-01
6.415629386901855469e-01
5.571616441011428833e-02
1.084419637918472290e-01
4.456875100731849670e-02
1.221500113606452942e-01
7.101176679134368896e-02
3.894571959972381592e-01
7.099981307983398438e-01
4.173684574197977781e-04
5.771152973175048828e-01
7.802861183881759644e-02
4.116490781307220459e-01
8.128318190574645996e-01
5.847901571542024612e-03
6.986886858940124512e-01
0.000000000000000000e+00
3.602841496467590332e-01
7.134464263916015625e+00
9.644116759300231934e-01
2.153261564671993256e-02
2.452891170978546143e-01
3.834888935089111328e-01
1.739413022994995117e+00
1.092553138732910156e+00
4.735899567604064941e-01
4.398886114358901978e-02
5.349781513214111328e-01
1.608228236436843872e-01
1.321997195482254028e-01
9.469429403543472290e-02
3.712311759591102600e-02
8.584126830101013184e-02
1.120321750640869141e+00
2.966772913932800293e-01
2.420784719288349152e-02
2.019409418106079102e+00
1.413457989692687988e-01
6.042695045471191406e-01
9.301808476448059082e-02
1.854529976844787598e-02
4.147211313247680664e-01
4.308330267667770386e-02
1.642764806747436523e-01
1.493607461452484131e-02
2.994579374790191650e-01
8.438017219305038452e-03
2.136150300502777100e-01
1.258942782878875732e-01
1.289673894643783569e-02
5.881387274712324142e-03
4.051110148429870605e-01
1.361092273145914078e-02
3.141511678695678711e-01
7.601179182529449463e-02
4.825691699981689453e+00
9.013183116912841797e-01
8.015698939561843872e-02
0.000000000000000000e+00
1.238376349210739136e-01
4.981380701065063477e-01
1.767736971378326416e-01
0.000000000000000000e+00
3.971785604953765869e-01
3.221947550773620605e-01
4.359288513660430908e-01
1.495700716972351074e+00
9.132638573646545410e-03
3.728594481945037842e-01
3.583236932754516602e-01
6.099018827080726624e-02
7.202171087265014648e-01
5.339935049414634705e-02
0.000000000000000000e+00
0.000000000000000000e+00
2.440621890127658844e-02
5.055522322654724121e-01
2.092619799077510834e-02
1.838181726634502411e-02
5.667254328727722168e-01
0.000000000000000000e+00
3.293099701404571533e-01
3.094885945320129395e-01
3.291068971157073975e-01
3.749082610011100769e-02
1.433188617229461670e-01
6.712025403976440430e-01
8.603661321103572845e-03
1.393894314765930176e+00
8.790910840034484863e-01
1.415634527802467346e-02
3.870669286698102951e-03
1.609455704689025879e+00
1.507310271263122559e-01
0.000000000000000000e+00
4.770070016384124756e-01
6.784690022468566895e-01
5.187205970287322998e-02
1.368799060583114624e-01
1.097765751183032990e-02
0.000000000000000000e+00
1.181892827153205872e-01
8.539707958698272705e-02
0.000000000000000000e+00
2.648704946041107178e-01
2.040637254714965820e+00
4.937032461166381836e-01
0.000000000000000000e+00
1.293982714414596558e-01
1.590508967638015747e-01
6.014994531869888306e-02
8.853194862604141235e-02
1.113042309880256653e-01
5.637711286544799805e-02
5.454642772674560547e-01
1.253784745931625366e-01
6.109578609466552734e-01
1.682567745447158813e-01
1.762383282184600830e-01
0.000000000000000000e+00
8.143985271453857422e-01
2.876816093921661377e-01
2.900394499301910400e-01
0.000000000000000000e+00
1.644903607666492462e-02
6.282413005828857422e-02
3.092646598815917969e+00
6.073029041290283203e-01
5.721751600503921509e-02
6.816281378269195557e-02
1.361995458602905273e+00
6.265367567539215088e-02
4.378611594438552856e-02
3.354537487030029297e-02
4.411156475543975830e-02
9.175854176282882690e-02
1.755666017532348633e+00
3.982923552393913269e-02
0.000000000000000000e+00
8.828610926866531372e-02
8.314330875873565674e-02
4.099287986755371094e-01
4.472600761801004410e-03
1.092609134502708912e-03
1.845187135040760040e-02
6.731906533241271973e-01
6.444687247276306152e-01
2.293854802846908569e-01
3.661519587039947510e-01
4.371374845504760742e-01
2.719166994094848633e+00
1.108138442039489746e+00
1.740157902240753174e-01
8.708982467651367188e-01
6.289879977703094482e-02
0.000000000000000000e+00
2.874137461185455322e-01
8.425000309944152832e-02
6.665914654731750488e-01
8.427662402391433716e-02
6.855138540267944336e-01
1.719426065683364868e-01
0.000000000000000000e+00
3.380038142204284668e-01
3.359295725822448730e-01
4.343549311161041260e-01
3.490507602691650391e-01
6.021322216838598251e-03
1.006519868969917297e-01
0.000000000000000000e+00
4.509326815605163574e-01
4.739611595869064331e-02
2.419170141220092773e-01
9.124829173088073730e-01
0.000000000000000000e+00
7.450066506862640381e-02
1.719217896461486816e+00
5.832729935646057129e-01
1.179281529039144516e-02
2.634516358375549316e-02
3.281887471675872803e-01
3.594631254673004150e-01
4.818027466535568237e-02
2.687936723232269287e-01
2.898611307144165039e+00
1.221819780766963959e-02
9.644553065299987793e-02
2.025088667869567871e-01
1.021426841616630554e-01
1.829168498516082764e-01
7.669864296913146973e-01
2.198776230216026306e-02
1.980393752455711365e-02
2.705679535865783691e-01
3.093143366277217865e-02
6.469756364822387695e-01
7.085662335157394409e-02
1.274907737970352173e-01
1.644199155271053314e-02
3.545309975743293762e-02
1.063396856188774109e-01
4.015524387359619141e-01
0.000000000000000000e+00
1.432943493127822876e-01
1.790119856595993042e-01
6.586422324180603027e-01
6.713848710060119629e-01
1.732009798288345337e-01
9.236227720975875854e-02
0.000000000000000000e+00
1.217019557952880859e+00
1.666812181472778320e+00
7.684637308120727539e-01
4.039578437805175781e-01
6.841345690190792084e-03
1.420053541660308838e-01
1.031225081533193588e-02
2.551893293857574463e-01
3.465555667877197266e+00
9.319403022527694702e-02
4.600285887718200684e-01
1.761453747749328613e+00
8.527256548404693604e-02
1.654565632343292236e-01
7.629916667938232422e-01
8.629562854766845703e-01
1.809467226266860962e-01
7.749650627374649048e-02
6.139000058174133301e-01
1.440696865320205688e-01
5.730783343315124512e-01
3.181230649352073669e-02
1.367597579956054688e+00
2.096691578626632690e-01
1.201378479599952698e-01
1.409226804971694946e-01
6.620263308286666870e-02
1.999071687459945679e-01
2.149629034101963043e-02
3.092607855796813965e-01
1.032742381095886230e+00
9.914251565933227539e-01
2.149212509393692017e-01
1.736266613006591797e-01
9.196692705154418945e-01
2.115570753812789917e-01
2.437204495072364807e-02
4.711956083774566650e-01
2.090329527854919434e-01
5.918065309524536133e-01
8.335036784410476685e-02
7.820087075233459473e-01
1.490356326103210449e-01
2.725240290164947510e-01
9.970220327377319336e-01
5.603524670004844666e-02
1.897943019866943359e-01
5.960898473858833313e-02
1.329425692558288574e+00
2.981413155794143677e-02
3.551094532012939453e-01
7.208275198936462402e-01
3.668868541717529297e-01
6.324546039104461670e-02
1.530667841434478760e-01
3.479484468698501587e-02
1.634531140327453613e+00
9.510263800621032715e-01
7.882355451583862305e-01
1.892517507076263428e-01
1.077356934547424316e-01
5.013778340071439743e-03
3.694498538970947266e-01
7.709235548973083496e-01
5.369195714592933655e-02
4.434287548065185547e-01
2.851752340793609619e-01
0.000000000000000000e+00
1.051435992121696472e-01
4.528533816337585449e-01
6.211138330399990082e-03
9.423014521598815918e-02
1.105411887168884277e+00
2.224268764257431030e-02
3.977792263031005859e-01
9.375265240669250488e-01
1.253423094749450684e-01
4.945006370544433594e-01
8.393511772155761719e-01
1.683531254529953003e-01
6.538292169570922852e-01
7.738122344017028809e-02
1.388968378305435181e-01
0.000000000000000000e+00
2.081798017024993896e-01
1.021052598953247070e+00
2.564026117324829102e+00
3.685852885246276855e-01
7.546467781066894531e-01
2.224947810173034668e-01
7.852468490600585938e-01
2.072679810225963593e-03
9.694249182939529419e-02
0.000000000000000000e+00
1.900920420885086060e-01
1.339026726782321930e-02
3.327704221010208130e-02
3.793520331382751465e-01
7.022069692611694336e-01
1.883467435836791992e-01
7.260892540216445923e-02
6.001418232917785645e-01
2.178039699792861938e-01
1.208107024431228638e-01
9.889369457960128784e-02
0.000000000000000000e+00
8.381532505154609680e-03
1.303126215934753418e-01
5.110470205545425415e-02
1.201938271522521973e+00
1.258063614368438721e-01
3.378779813647270203e-02
0.000000000000000000e+00
0.000000000000000000e+00
3.800092265009880066e-02
1.164933681488037109e+00
2.427576035261154175e-01
5.651667341589927673e-02
7.750765085220336914e-01
0.000000000000000000e+00
4.859962314367294312e-02
4.791493713855743408e-01
1.805482208728790283e-01
5.287389755249023438e-01
1.036746025085449219e+00
2.901831641793251038e-02
3.615835607051849365e-01
1.528891734778881073e-02
4.220628440380096436e-01
5.755971670150756836e-01
7.995608448982238770e-01
2.685587387531995773e-03
0.000000000000000000e+00
1.885334551334381104e-01
8.366364985704421997e-02
1.573170274496078491e-01
2.885049879550933838e-01
0.000000000000000000e+00
2.384163141250610352e-01
3.571183383464813232e-01
1.984078735113143921e-01
2.358109951019287109e-01
1.113563869148492813e-02
2.605526149272918701e-01
7.554104551672935486e-03
2.006421834230422974e-01
3.414800465106964111e-01
1.564184874296188354e-01
7.999128848314285278e-02
4.393347799777984619e-01
5.026456713676452637e-01
1.240768656134605408e-01
2.036644332110881805e-02
1.347085475921630859e+00
5.371443927288055420e-03
3.765683472156524658e-01
2.309965640306472778e-01
1.407747268676757812e+00
6.262896656990051270e-01
1.325225383043289185e-01
1.986886560916900635e-02
1.165624260902404785e+00
9.404423236846923828e-01
8.720661513507366180e-03
0.000000000000000000e+00
3.797972798347473145e-01
4.549194499850273132e-02
1.911635547876358032e-01
9.803599864244461060e-02
1.132963076233863831e-01
4.510103464126586914e-01
1.414874941110610962e-01
0.000000000000000000e+00
1.115538273006677628e-02
1.267440915107727051e-01
8.592094480991363525e-02
5.535247921943664551e-02
5.671294927597045898e-01
2.328386902809143066e-01
4.718622565269470215e-02
1.025150641798973083e-01
2.523905038833618164e-01
4.027882814407348633e-01
2.840657234191894531e-01
1.453573349863290787e-02
9.277006983757019043e-02
1.579901278018951416e-01
9.870310127735137939e-02
4.497191905975341797e-01
5.336289107799530029e-02
2.698120355606079102e+00
2.630741298198699951e-01
2.503926992416381836e+00
8.250650763511657715e-01
1.056794881820678711e+00
1.404348909854888916e-01
1.529915630817413330e-01
1.155233383178710938e+00
1.192749710753560066e-03
7.849644422531127930e-01
1.079479306936264038e-01
4.173441231250762939e-02
4.592685401439666748e-01
6.947449445724487305e-01
1.664262562990188599e-01
1.030895672738552094e-02
4.808611571788787842e-01
5.931271910667419434e-01
1.207101568579673767e-01
2.646151483058929443e-01
1.421623770147562027e-02
5.148952603340148926e-01
1.021611094474792480e-01
5.869289040565490723e-01
6.140834093093872070e-02
3.621143400669097900e-01
2.226950526237487793e-01
1.641927845776081085e-02
7.976471446454524994e-03
2.623410522937774658e-01
5.906748771667480469e-01
3.803468048572540283e-01
3.694084240123629570e-03
1.617827117443084717e-01
1.023697555065155029e-01
0.000000000000000000e+00
6.777938008308410645e-01
5.925492048263549805e-01
1.443927884101867676e+00
1.971787773072719574e-02
2.284318506717681885e-01
2.018682193011045456e-03
1.998220384120941162e-02
6.378519535064697266e-02
1.465789228677749634e-01
4.454313814640045166e-01
5.355046987533569336e-01
4.957729484885931015e-03
1.458745360374450684e+00
1.185955703258514404e-01
8.635211586952209473e-01
2.272489666938781738e-01
1.636446565389633179e-01
9.443885087966918945e-01
5.855904221534729004e-01
0.000000000000000000e+00
1.349618434906005859e-01
1.303918063640594482e-01
3.151239652652293444e-04
1.242975965142250061e-01
9.766045212745666504e-01
8.253543078899383545e-02
1.539927423000335693e-01
4.260761439800262451e-01
1.966747045516967773e-01
3.585252538323402405e-02
3.018138408660888672e-01
1.346511859446763992e-02
1.338946633040904999e-03
2.788956761360168457e-01
3.012531697750091553e-01
0.000000000000000000e+00
3.125331923365592957e-02
2.533457577228546143e-01
1.283272355794906616e-01
2.724198624491691589e-03
1.251214295625686646e-01
7.313125024666078389e-06
6.149658560752868652e-01
4.045071899890899658e-01
6.681867837905883789e-01
6.097053885459899902e-01
3.030369430780410767e-02
1.146460175514221191e-01
5.239770412445068359e-01
3.090522438287734985e-02
1.820270568132400513e-01
4.014239311218261719e-01
1.411749422550201416e-02
2.441767603158950806e-01
1.257112324237823486e-01
3.508406579494476318e-01
0.000000000000000000e+00
1.490877628326416016e+00
1.415981888771057129e+00
4.155287891626358032e-02
7.946200966835021973e-01
1.442773461341857910e+00
1.936804950237274170e-01
1.622682660818099976e-01
1.538663059473037720e-01
1.504309289157390594e-02
2.520206272602081299e-01
9.581353515386581421e-03
1.234368562698364258e+00
4.111230075359344482e-01
5.377734303474426270e-01
0.000000000000000000e+00
4.234716594219207764e-01
6.359376013278961182e-02
4.281515628099441528e-02
2.945268899202346802e-02
2.134415507316589355e-01
4.298722147941589355e-01
8.694506287574768066e-01
1.344877853989601135e-02
6.133748218417167664e-02
3.582639396190643311e-01
0.000000000000000000e+00
3.122319281101226807e-01
6.874325275421142578e-01
1.037557795643806458e-02
1.999482631683349609e+00
5.131726264953613281e-01
2.295197248458862305e+00
9.086746573448181152e-01
9.118745103478431702e-03
7.312667369842529297e-02
6.516227722167968750e-01
1.542369246482849121e+00
6.179410591721534729e-02
3.484471440315246582e-01
4.865095913410186768e-01
3.517683222889900208e-02
2.114194780588150024e-01
2.024332135915756226e-01
1.131147071719169617e-01
6.355718374252319336e-01
4.613359272480010986e-01
9.315485358238220215e-01
4.012248814105987549e-01
9.620158076286315918e-01
9.744489789009094238e-01
2.084134519100189209e-02
4.030338227748870850e-01
4.520133137702941895e-01
3.682145774364471436e-01
0.000000000000000000e+00
0.000000000000000000e+00
2.366788089275360107e-01
2.144311070442199707e-01
8.282551169395446777e-01
1.158686354756355286e-01
2.473260834813117981e-02
0.000000000000000000e+00
3.323156386613845825e-02
1.609852015972137451e-01
2.947517335414886475e-01
2.418985366821289062e+00
0.000000000000000000e+00
2.361507892608642578e+00
2.503618597984313965e-01
2.794061303138732910e-01
5.390650033950805664e-01
6.993526816368103027e-01
3.389520943164825439e-02
3.379184305667877197e-01
1.886199116706848145e+00
1.103808358311653137e-01
4.024194180965423584e-01
1.583027243614196777e+00
1.377618312835693359e-02
6.160193681716918945e-01
3.690240681171417236e-01
2.033825367689132690e-01
1.684191226959228516e+00
2.114896848797798157e-02
0.000000000000000000e+00
1.175127252936363220e-01
2.410981655120849609e-01
3.906641602516174316e-01
1.031471788883209229e-02
7.676070928573608398e-01
1.246139645576477051e+00
7.767184823751449585e-02
3.086721897125244141e-01
2.038311004638671875e+00
3.992691040039062500e-01
4.763038754463195801e-01
4.131802916526794434e-02
5.283701419830322266e-01
4.068742394447326660e-01
8.218049257993698120e-02
6.474158763885498047e-01
1.194047182798385620e-01
1.261132359504699707e-01
1.221454262733459473e+00
1.092336513102054596e-02
3.058883249759674072e-01
9.714897274971008301e-01
1.272505223751068115e-01
5.486450344324111938e-02
1.404890865087509155e-01
3.342082798480987549e-01
2.600899636745452881e-01
1.479479763656854630e-02
1.392264664173126221e-01
1.788994789123535156e+00
2.474043518304824829e-02
5.771296620368957520e-01
6.960548758506774902e-01
3.448632359504699707e-01
0.000000000000000000e+00
4.916059672832489014e-01
3.196247518062591553e-01
4.789165258407592773e-01
1.512797027826309204e-01
4.597931802272796631e-01
3.328869938850402832e-01
4.275083541870117188e-03
7.721263170242309570e-01
3.635123074054718018e-01
4.964457824826240540e-02
1.369545459747314453e+00
3.835656940937042236e-01
2.177709639072418213e-01
3.304452002048492432e-01
0.000000000000000000e+00
1.119536280632019043e+00
2.506070137023925781e-01
9.253233671188354492e-02
3.903002142906188965e-01
1.325398683547973633e+00
8.277154713869094849e-02
6.233644858002662659e-02
0.000000000000000000e+00
4.042025655508041382e-03
1.364912837743759155e-01
3.002249300479888916e-01
3.666998818516731262e-02
6.688704490661621094e-01
1.891053915023803711e-01
2.020356655120849609e-01
4.601934850215911865e-01
2.862400293350219727e+00
3.250768035650253296e-02
8.345847018063068390e-03
9.357748031616210938e-01
0.000000000000000000e+00
1.676802784204483032e-01
9.103645682334899902e-01
2.115683406591415405e-01
1.145922660827636719e+00
4.700891673564910889e-03
3.782995045185089111e-02
3.474636748433113098e-02
2.953109517693519592e-02
2.069007456302642822e-01
1.359313428401947021e-01
0.000000000000000000e+00
0.000000000000000000e+00
0.000000000000000000e+00
0.000000000000000000e+00
9.279728680849075317e-02
8.635542541742324829e-02
2.189238369464874268e-01
6.023232266306877136e-02
8.535354733467102051e-01
7.179840803146362305e-01
4.138613343238830566e-01
3.279154896736145020e-01
2.527833878993988037e-01
2.401490956544876099e-01
5.951846241950988770e-01
3.051900677382946014e-02
1.607565134763717651e-01
1.411226391792297363e+00
1.902649283409118652e+00
1.024295926094055176e+00
2.711110189557075500e-02
2.103868313133716583e-02
0.000000000000000000e+00
1.780314743518829346e-01
8.117071390151977539e-01
2.573118805885314941e-01
3.362256288528442383e-02
2.514291405677795410e-01
8.261627554893493652e-01
2.602902412414550781e+00
3.851517736911773682e-01
3.164364024996757507e-02
1.773032665252685547e+00
0.000000000000000000e+00
2.040022425353527069e-02
0.000000000000000000e+00
1.229246139526367188e+00
7.427394390106201172e-01
1.349565267562866211e+00
5.843735337257385254e-01
