5.160216242074966431e-03
2.137867361307144165e-02
2.354738414287567139e-01
1.368509054183959961e+00
7.411791384220123291e-02
3.902017176151275635e-01
1.270119547843933105e-01
2.625172138214111328e-01
8.986895084381103516e-01
2.533679008483886719e-01
1.207413244992494583e-02
5.292207375168800354e-02
1.104856878519058228e-01
8.790235519409179688e-01
3.547847568988800049e-01
5.255329608917236328e-01
2.147632837295532227e-01
1.126598119735717773e-01
1.750919520854949951e-01
2.976332604885101318e-01
3.555093407630920410e-01
2.025420032441616058e-02
2.384491413831710815e-01
2.802630364894866943e-01
6.878947839140892029e-03
2.965162275359034538e-03
2.602101862430572510e-02
1.978475749492645264e-01
1.687676012516021729e-01
2.833397686481475830e-02
7.111917436122894287e-02
2.926859259605407715e-01
3.737809360027313232e-01
5.102131366729736328e-01
3.910091817378997803e-01
2.028132081031799316e-01
0.000000000000000000e+00
1.746904373168945312e+00
2.339226305484771729e-01
6.188367605209350586e-01
1.533428311347961426e+00
1.303212046623229980e+00
2.821821533143520355e-02
1.412475228309631348e+00
1.510053873062133789e-01
6.016346067190170288e-02
4.678283929824829102e-01
3.192556202411651611e-01
8.837864995002746582e-01
1.950826883316040039e+00
7.103855907917022705e-02
1.592841148376464844e+00
1.180913113057613373e-02
1.565090380609035492e-03
2.824587747454643250e-02
2.520675063133239746e-01
1.669083684682846069e-01
1.507222056388854980e-01
1.199890226125717163e-01
3.244126215577125549e-02
2.238865613937377930e+00
2.576735569164156914e-03
5.523126125335693359e-01
9.751687943935394287e-02
8.751662969589233398e-01
8.009274601936340332e-01
4.925217926502227783e-01
1.300566177815198898e-02
2.876079082489013672e-01
4.014514088630676270e-01
1.434177309274673462e-01
1.183724641799926758e+00
0.000000000000000000e+00
4.402913525700569153e-02
5.012192130088806152e-01
5.268190503120422363e-01
6.604637503623962402e-01
1.793420501053333282e-02
9.540769387967884541e-04
0.000000000000000000e+00
2.232326745986938477e+00
2.003163285553455353e-02
0.000000000000000000e+00
5.925526022911071777e-01
1.213586777448654175e-01
2.813431620597839355e-01
2.742865122854709625e-02
0.000000000000000000e+00
2.881342545151710510e-02
2.580182850360870361e-01
6.669730693101882935e-02
1.264804005622863770e-01
2.065044343471527100e-01
1.626296639442443848e-01
6.786626577377319336e-02
0.000000000000000000e+00
2.451654970645904541e-01
8.198940753936767578e-01
3.132895007729530334e-02
6.584365963935852051e-01
0.000000000000000000e+00
6.753509044647216797e-01
2.013822793960571289e+00
0.000000000000000000e+00
1.115919463336467743e-02
4.765629172325134277e-01
7.307753898203372955e-03
2.360642552375793457e-01
5.460328608751296997e-02
1.631649374961853027e+00
0.000000000000000000e+00
9.023987650871276855e-01
2.150365710258483887e-02
1.499040603637695312e+00
1.262442827224731445e+00
0.000000000000000000e+00
3.416967988014221191e-01
2.589265406131744385e-01
3.623968660831451416e-01
1.353839039802551270e+00
3.920020759105682373e-01
3.211635112762451172e+00
2.683801054954528809e-01
3.143146336078643799e-01
8.283098936080932617e-01
6.047600507736206055e-02
2.459124088287353516e+00
5.947942845523357391e-03
3.232770562171936035e-01
1.538115590810775757e-01
1.238173469901084900e-01
1.089580431580543518e-01
2.458962053060531616e-02
8.781315684318542480e-01
1.258325815200805664e+00
8.837801963090896606e-02
6.114563345909118652e-01
1.564548730850219727e+00
1.696265220642089844e+00
6.717622876167297363e-01
1.297819018363952637e-01
0.000000000000000000e+00
3.328992128372192383e-01
4.449983686208724976e-02
3.871051222085952759e-02
0.000000000000000000e+00
5.702636241912841797e-01
5.207303166389465332e-01
1.554005742073059082e-01
7.056636363267898560e-02
4.265453666448593140e-03
2.380461804568767548e-02
3.217688947916030884e-02
9.718802571296691895e-02
1.404691457748413086e+00
0.000000000000000000e+00
5.717987418174743652e-01
5.561697855591773987e-02
2.929644286632537842e-01
5.028546974062919617e-02
1.038674235343933105e+00
5.199159383773803711e-01
0.000000000000000000e+00
2.860597670078277588e-01
1.469923406839370728e-01
1.058907508850097656e+00
1.213893387466669083e-02
2.160498115699738264e-04
1.562585681676864624e-01
1.620591044425964355e+00
3.449739217758178711e-01
1.037960033863782883e-02
1.091590881347656250e+00
1.466663321480154991e-03
2.010004669427871704e-01
7.192449569702148438e-01
0.000000000000000000e+00
7.771496893838047981e-04
3.733023405075073242e-01
2.334935031831264496e-02
9.276640415191650391e-02
3.839784264564514160e-01
5.252889394760131836e-01
4.686937481164932251e-02
0.000000000000000000e+00
3.041196346282958984e+00
6.081736087799072266e-01
0.000000000000000000e+00
4.716822206974029541e-01
1.354351758956909180e+00
1.309414952993392944e-01
0.000000000000000000e+00
1.966451667249202728e-02
1.477043509483337402e+00
3.285644054412841797e-01
1.848682522773742676e+00
1.574199348688125610e-01
8.602416515350341797e-01
3.456998616456985474e-02
7.908356189727783203e-01
8.949228525161743164e-01
8.492090106010437012e-01
1.716359332203865051e-02
1.598739475011825562e-01
1.386949717998504639e-01
6.636027246713638306e-02
1.339632581220939755e-04
1.769107699394226074e+00
6.505294889211654663e-02
1.289362460374832153e-01
1.374984383583068848e-01
9.561600685119628906e-01
1.241746242158114910e-03
2.787174582481384277e-01
1.180341839790344238e-01
2.662808001041412354e-01
3.206763267517089844e-01
0.000000000000000000e+00
0.000000000000000000e+00
2.551369190216064453e+00
1.120557308197021484e+00
0.000000000000000000e+00
8.269097208976745605e-01
1.098721176385879517e-01
1.628710031509399414e-01
6.417908668518066406e-01
2.728239446878433228e-02
4.914143085479736328e-01
2.698280811309814453e-01
3.437388539314270020e-01
5.931333638727664948e-03
4.192420095205307007e-02
7.126649618148803711e-01
0.000000000000000000e+00
7.736472040414810181e-02
7.643661499023437500e-01
0.000000000000000000e+00
2.718275785446166992e-01
1.118250284343957901e-02
3.045298624783754349e-03
8.660402148962020874e-03
4.100699350237846375e-02
2.450855076313018799e-01
1.548851847648620605e+00
2.391044795513153076e-01
5.940327048301696777e-01
6.498108804225921631e-02
7.251233328133821487e-03
1.249883323907852173e-01
0.000000000000000000e+00
2.996653877198696136e-02
1.387700885534286499e-01
5.753824114799499512e-01
6.072377562522888184e-01
0.000000000000000000e+00
0.000000000000000000e+00
1.850666701793670654e-01
0.000000000000000000e+00
3.029887676239013672e-01
1.782186478376388550e-01
0.000000000000000000e+00
2.646614313125610352e-01
0.000000000000000000e+00
2.396501004695892334e-01
9.272697381675243378e-03
7.416109740734100342e-02
2.554496936500072479e-02
1.287948191165924072e-01
1.385288476943969727e+00
9.944587349891662598e-01
6.821553409099578857e-02
2.048927396535873413e-01
5.274875164031982422e-01
1.722501218318939209e-01
6.857175230979919434e-01
1.946176528930664062e+00
2.135505825281143188e-01
1.730803400278091431e-02
2.091335296630859375e+00
2.072990983724594116e-01
1.050682067871093750e-01
0.000000000000000000e+00
5.430620536208152771e-02
4.807216301560401917e-02
3.623814880847930908e-02
1.654086947441101074e+00
2.082128450274467468e-02
3.084023594856262207e-01
2.392462342977523804e-01
1.013860478997230530e-01
1.192360877990722656e+00
1.611010193824768066e+00
6.364746689796447754e-01
2.754267305135726929e-02
1.143541932106018066e-01
4.408903047442436218e-02
0.000000000000000000e+00
9.920335561037063599e-02
0.000000000000000000e+00
5.307670682668685913e-02
1.588356494903564453e-01
1.204777359962463379e-01
3.661355376243591309e-01
8.919902890920639038e-02
3.666657209396362305e-02
1.459555178880691528e-01
8.058517426252365112e-02
5.551374554634094238e-01
5.249503254890441895e-01
0.000000000000000000e+00
2.513713762164115906e-02
4.703935980796813965e-01
5.014322325587272644e-02
1.045885831117630005e-01
1.223162174224853516e+00
1.010730415582656860e-01
5.162322998046875000e+00
6.347482800483703613e-01
0.000000000000000000e+00
1.464679837226867676e+00
0.000000000000000000e+00
9.549687802791595459e-02
7.484046220779418945e-01
0.000000000000000000e+00
7.525201141834259033e-02
4.402690827846527100e-01
1.280685663223266602e-01
1.170862317085266113e-01
1.272374019026756287e-02
4.841150939464569092e-01
8.906634151935577393e-02
1.525442004203796387e-01
2.941230833530426025e-01
5.924692153930664062e-01
1.501000285148620605e+00
0.000000000000000000e+00
9.394760727882385254e-01
1.364935338497161865e-01
1.060301363468170166e-01
2.071311511099338531e-02
1.945069730281829834e-01
0.000000000000000000e+00
5.888320207595825195e-01
6.356532573699951172e-01
2.039616741240024567e-02
7.464220523834228516e-01
5.688406899571418762e-02
2.070859909057617188e+00
4.915865138173103333e-02
7.861433178186416626e-02
6.553086042404174805e-01
1.143160760402679443e-01
1.886329531669616699e+00
0.000000000000000000e+00
3.108698129653930664e-01
0.000000000000000000e+00
3.567285835742950439e-02
2.538336217403411865e-01
1.564465016126632690e-01
1.283794522285461426e+00
0.000000000000000000e+00
1.951765716075897217e-01
3.369368016719818115e-01
3.773761913180351257e-02
2.482591383159160614e-02
3.627705574035644531e-02
1.080932736396789551e+00
4.459722936153411865e-01
2.256190776824951172e-02
1.401718854904174805e-01
4.514940679073333740e-01
6.788501143455505371e-01
0.000000000000000000e+00
2.754779160022735596e-01
1.563733816146850586e+00
2.090870141983032227e-01
6.233749985694885254e-01
5.857332423329353333e-02
2.961337327957153320e+00
1.114372014999389648e-01
1.815201997756958008e+00
2.234998226165771484e+00
4.844490438699722290e-02
1.109671235084533691e+00
1.758757233619689941e-01
2.109658531844615936e-02
2.414538338780403137e-02
0.000000000000000000e+00
1.548296660184860229e-01
8.038210272789001465e-01
2.489803314208984375e+00
5.264285206794738770e-01
0.000000000000000000e+00
1.157512329518795013e-02
2.346908748149871826e-01
6.412498652935028076e-02
2.695149742066860199e-02
5.441053509712219238e-01
0.000000000000000000e+00
3.504252806305885315e-02
3.004371821880340576e-01
0.000000000000000000e+00
1.332070231437683105e-01
7.055881977081298828e+00
4.076924920082092285e-01
1.484400685876607895e-02
2.345629595220088959e-02
1.972807645797729492e-01
5.298570394515991211e-01
2.333522588014602661e-01
2.994763255119323730e-01
5.618364810943603516e-01
3.265085220336914062e-01
6.495578680187463760e-03
1.902685046195983887e+00
5.586571991443634033e-02
0.000000000000000000e+00
1.619778387248516083e-02
0.000000000000000000e+00
4.593706727027893066e-01
3.762197867035865784e-02
4.269711971282958984e-01
0.000000000000000000e+00
1.156548485159873962e-01
0.000000000000000000e+00
8.294688463211059570e-01
4.125268757343292236e-01
4.457649588584899902e-01
9.197277948260307312e-03
1.356292724609375000e+00
2.054250240325927734e-01
1.573792845010757446e-01
3.681078255176544189e-01
0.000000000000000000e+00
7.172442227602005005e-02
1.738000959157943726e-01
3.870617151260375977e-01
5.887670069932937622e-02
2.889256477355957031e-01
1.448025405406951904e-01
3.625860810279846191e-02
0.000000000000000000e+00
2.394678071141242981e-02
1.864949613809585571e-01
1.493270277976989746e+00
2.406290769577026367e-01
1.661479324102401733e-01
2.204615473747253418e-01
4.624372720718383789e-02
1.327033638954162598e-01
9.212388992309570312e-01
1.262519955635070801e-01
2.045825272798538208e-01
8.948836326599121094e-01
1.086651906371116638e-01
4.289957508444786072e-02
1.723041385412216187e-01
7.907493710517883301e-01
7.086321711540222168e-01
2.626906633377075195e-01
2.994011528789997101e-02
1.462358981370925903e-01
0.000000000000000000e+00
0.000000000000000000e+00
1.718171119689941406e+00
5.634378194808959961e-01
2.528381943702697754e-01
1.066172197461128235e-01
2.475277334451675415e-02
1.107666715979576111e-01
0.000000000000000000e+00
3.354903221130371094e+00
8.677607774734497070e-01
4.051115214824676514e-01
1.221619725227355957e+00
1.152262210845947266e+00
6.728945672512054443e-02
1.540433287620544434e+00
2.944401264190673828e+00
4.402125477790832520e-01
2.192801237106323242e-01
0.000000000000000000e+00
5.225573778152465820e-01
7.434872388839721680e-01
3.813154220581054688e+00
0.000000000000000000e+00
5.091979727149009705e-02
7.403358817100524902e-01
3.052155077457427979e-01
1.312548816204071045e-01
9.885364212095737457e-03
0.000000000000000000e+00
3.147361055016517639e-02
4.824812710285186768e-01
2.491282485425472260e-02
9.059407114982604980e-01
1.872172504663467407e-01
2.152394294738769531e+00
1.178451441228389740e-02
1.861378252506256104e-01
3.417689800262451172e-01
2.629257924854755402e-02
0.000000000000000000e+00
1.547980457544326782e-01
9.942097663879394531e-01
1.480364084243774414e+00
2.711173892021179199e-01
5.225551128387451172e-01
4.784379303455352783e-01
1.838719546794891357e-01
2.616007030010223389e-01
1.343554139137268066e+00
1.661984622478485107e-01
7.895353436470031738e-01
1.412795901298522949e+00
1.433774232864379883e-01
9.723245501518249512e-01
1.012014389038085938e+00
4.237806797027587891e-01
4.816419258713722229e-02
1.539878845214843750e-01
1.595742344856262207e+00
2.551524639129638672e-01
8.906350135803222656e-01
0.000000000000000000e+00
2.423582226037979126e-01
9.035285562276840210e-02
1.693121790885925293e-01
2.514367997646331787e-01
2.495495676994323730e-01
6.113469004631042480e-01
4.646723866462707520e-01
6.847936511039733887e-01
1.594151407480239868e-01
7.748256325721740723e-01
1.181841865181922913e-01
1.102467477321624756e-01
4.864188134670257568e-01
0.000000000000000000e+00
1.637964963912963867e+00
5.874846596270799637e-03
7.956583797931671143e-02
0.000000000000000000e+00
1.027703583240509033e-01
1.848817914724349976e-01
8.491761982440948486e-03
3.554903268814086914e+00
4.074233770370483398e-02
3.188913166522979736e-01
3.078299760818481445e-01
2.117303013801574707e-02
6.904254853725433350e-02
2.083306759595870972e-01
3.877690434455871582e-02
1.065453961491584778e-01
4.458712339401245117e-01
1.473690986633300781e+00
7.094961404800415039e-02
5.446367859840393066e-01
3.206287622451782227e-01
3.308627903461456299e-01
2.627982795238494873e-01
3.317854106426239014e-01
1.588179171085357666e-01
0.000000000000000000e+00
4.893853366374969482e-01
1.418861895799636841e-01
1.467808187007904053e-01
0.000000000000000000e+00
1.162760257720947266e+00
1.648050616495311260e-03
1.994211971759796143e-01
2.320545762777328491e-01
6.320187449455261230e-01
1.138280749320983887e+00
1.775562882423400879e+00
0.000000000000000000e+00
4.239706397056579590e-01
0.000000000000000000e+00
1.702094227075576782e-01
5.663746222853660583e-02
7.148534059524536133e-02
0.000000000000000000e+00
9.205307811498641968e-03
0.000000000000000000e+00
1.255540847778320312e+00
2.243313705548644066e-03
2.157764136791229248e-02
0.000000000000000000e+00
3.370641171932220459e-02
4.702390134334564209e-01
4.157399833202362061e-01
4.402500763535499573e-02
1.190520673990249634e-01
2.043579816818237305e-01
5.019413828849792480e-01
2.820813357830047607e-01
2.539578199386596680e+00
2.434514462947845459e-01
1.875657937489449978e-03
1.904511570930480957e+00
2.944937944412231445e-01
5.370770096778869629e-01
3.672954082489013672e+00
4.006646871566772461e-01
0.000000000000000000e+00
1.409939378499984741e-01
3.580501079559326172e-01
0.000000000000000000e+00
1.403954029083251953e-01
1.574693471193313599e-01
2.374045252799987793e-01
3.563132882118225098e-02
5.613814592361450195e-01
2.862712740898132324e-01
2.297742366790771484e+00
0.000000000000000000e+00
2.885794639587402344e-01
6.493927240371704102e-01
2.095951586961746216e-01
1.034745573997497559e+00
1.255173087120056152e-01
8.585113286972045898e-02
1.172924041748046875e-02
2.752105593681335449e-01
2.257205918431282043e-02
7.948009967803955078e-01
1.435529470443725586e+00
4.217089340090751648e-02
1.886592805385589600e-01
2.203991651535034180e+00
0.000000000000000000e+00
8.187310099601745605e-01
0.000000000000000000e+00
3.669231012463569641e-02
1.266888342797756195e-02
0.000000000000000000e+00
1.629635572433471680e+00
2.356018543243408203e+00
0.000000000000000000e+00
4.068606346845626831e-02
6.533396244049072266e-01
1.305886149406433105e+00
5.918902754783630371e-01
7.453445345163345337e-02
4.802487492561340332e-01
1.677444018423557281e-02
0.000000000000000000e+00
0.000000000000000000e+00
0.000000000000000000e+00
1.245753392577171326e-01
2.575752735137939453e-01
8.517520427703857422e-01
2.350581407546997070e+00
4.641935527324676514e-01
7.117123603820800781e-01
5.819162130355834961e-01
2.062349766492843628e-01
3.970091789960861206e-02
3.496313691139221191e-01
1.606263399124145508e+00
6.338097155094146729e-03
9.855096936225891113e-01
3.494451344013214111e-01
2.252891426905989647e-03
0.000000000000000000e+00
1.281053125858306885e-01
1.466736048460006714e-01
3.299391567707061768e-01
8.346706032752990723e-01
1.668728590011596680e-01
1.812092185020446777e+00
5.967932939529418945e-01
2.124464750289916992e+00
3.203006088733673096e-02
3.075161017477512360e-02
1.798448562622070312e-01
4.098523780703544617e-02
1.648680120706558228e-02
3.157994151115417480e-01
9.745492041110992432e-02
2.099866271018981934e-01
0.000000000000000000e+00
1.887264996767044067e-01
1.227935701608657837e-01
5.676503479480743408e-02
1.569600582122802734e+00
7.479197978973388672e-01
0.000000000000000000e+00
3.211690858006477356e-02
1.346109509468078613e+00
6.241824850440025330e-02
0.000000000000000000e+00
3.785210549831390381e-01
7.597013562917709351e-02
7.419539690017700195e-01
0.000000000000000000e+00
1.673733294010162354e-01
1.462512165307998657e-01
1.131109714508056641e+00
2.499599933624267578e+00
7.943625003099441528e-02
0.000000000000000000e+00
3.293732702732086182e-01
1.099183186888694763e-01
6.453095376491546631e-02
0.000000000000000000e+00
2.642816631123423576e-03
1.436043620109558105e+00
6.629781126976013184e-01
1.373683363199234009e-01
9.785712957382202148e-01
7.883117198944091797e-01
4.735412076115608215e-02
1.571903238072991371e-03
2.229132801294326782e-01
1.692018508911132812e-01
2.288849353790283203e-01
3.337104916572570801e-01
0.000000000000000000e+00
6.380571424961090088e-02
8.479478210210800171e-02
2.280315160751342773e-01
3.561724210157990456e-03
5.009145736694335938e+00
1.898577511310577393e-01
3.801780194044113159e-02
1.066600233316421509e-01
1.206875070929527283e-01
1.530846357345581055e-01
1.612861752510070801e-01
0.000000000000000000e+00
1.495297551155090332e-01
3.188114166259765625e-01
1.772280409932136536e-02
2.226588129997253418e-01
2.972218953073024750e-02
2.530281305313110352e+00
1.017474770545959473e+00
0.000000000000000000e+00
2.469530344009399414e+00
2.106522470712661743e-01
3.770703971385955811e-01
2.133455127477645874e-01
6.227241829037666321e-02
0.000000000000000000e+00
8.072624802589416504e-01
7.701626420021057129e-01
4.320442676544189453e-03
3.611633181571960449e-01
1.064933091402053833e-01
3.579643368721008301e-01
0.000000000000000000e+00
5.072297900915145874e-02
1.804240345954895020e-01
2.926457524299621582e-01
0.000000000000000000e+00
6.843999773263931274e-02
9.733352661132812500e-01
4.161266684532165527e-01
0.000000000000000000e+00
1.996675431728363037e-01
2.425843477249145508e-01
1.535139419138431549e-02
3.444226384162902832e-01
2.504435479640960693e-01
3.707997202873229980e-01
0.000000000000000000e+00
1.177678108215332031e+00
2.574365399777889252e-02
1.551488135010004044e-02
8.448216319084167480e-02
4.669546484947204590e-01
2.082494974136352539e+00
6.253048181533813477e-01
9.893153309822082520e-01
2.110443860292434692e-01
3.118035495281219482e-01
7.408056259155273438e-01
6.026043370366096497e-02
6.290010362863540649e-02
7.030065655708312988e-01
1.181672960519790649e-01
1.631722331047058105e+00
3.499373674392700195e+00
3.743655681610107422e-01
6.609019637107849121e-01
6.006044149398803711e-02
2.336738705635070801e-01
1.478665351867675781e+00
3.265441954135894775e-01
1.065678596496582031e-01
1.066615104675292969e+00
0.000000000000000000e+00
1.425329566001892090e+00
6.159936785697937012e-01
1.268097292631864548e-02
1.639614850282669067e-01
2.479164861142635345e-02
2.544401586055755615e-01
6.743451207876205444e-02
2.271050810813903809e-01
5.322288036346435547e+00
1.837647636421024799e-03
0.000000000000000000e+00
3.819549679756164551e-01
1.911922246217727661e-01
2.494423687458038330e-01
6.367968916893005371e-01
2.911828458309173584e-01
5.127717256546020508e-01
1.257001161575317383e-01
6.417568027973175049e-02
5.774883087724447250e-03
0.000000000000000000e+00
1.388783693313598633e+00
1.588219106197357178e-01
2.411726713180541992e-01
6.904602050781250000e-02
1.434220075607299805e-01
2.524849176406860352e+00
5.183746814727783203e-01
3.228276222944259644e-02
8.741458058357238770e-01
0.000000000000000000e+00
0.000000000000000000e+00
1.367048025131225586e-01
2.239365130662918091e-01
6.454729475080966949e-03
1.583148121833801270e+00
0.000000000000000000e+00
6.378670930862426758e-01
0.000000000000000000e+00
1.764903366565704346e-01
6.492820978164672852e-01
1.877764463424682617e-01
1.652204543352127075e-01
2.882112748920917511e-02
4.372816160321235657e-02
4.481675922870635986e-01
2.679898962378501892e-02
5.412821173667907715e-01
3.053240180015563965e-01
0.000000000000000000e+00
3.733511269092559814e-01
2.203382253646850586e+00
2.250387892127037048e-02
4.100237190723419189e-01
1.024308085441589355e+00
0.000000000000000000e+00
7.905687205493450165e-03
1.230301931500434875e-01
1.513576209545135498e-01
8.644402027130126953e-02
2.653385698795318604e-02
7.304811477661132812e-02
0.000000000000000000e+00
9.097024053335189819e-02
6.847164630889892578e-01
5.312277749180793762e-02
4.105926752090454102e-01
4.067690074443817139e-01
1.287896633148193359e-01
2.475605607032775879e-01
9.159359335899353027e-01
3.746741533279418945e+00
9.710942506790161133e-01
6.338881701231002808e-02
0.000000000000000000e+00
2.328229993581771851e-01
1.172353744506835938e+00
4.135678708553314209e-01
2.005042076110839844e+00
3.143168687820434570e-01
1.388230025768280029e-01
3.471712470054626465e-01
2.908101975917816162e-01
1.915316730737686157e-01
4.712864756584167480e-01
1.389346718788146973e+00
1.440534591674804688e+00
1.059395521879196167e-01
3.417206704616546631e-01
6.426391601562500000e-01
1.461926698684692383e-01
5.410739183425903320e-01
3.323015868663787842e-01
5.452930927276611328e-01
1.946821808815002441e-01
1.045534014701843262e-01
1.169476032257080078e+00
1.980690658092498779e-02
8.464686274528503418e-01
1.068879723548889160e+00
3.408331573009490967e-01
1.000042818486690521e-02
1.458196640014648438e+00
2.076220750808715820e+00
7.736967410892248154e-03
3.507520258426666260e-02
1.022426009178161621e+00
7.599833011627197266e-01
8.014875929802656174e-04
1.070265769958496094e-01
2.358018755912780762e-01
1.908258557319641113e+00
2.402041554450988770e-01
3.659909665584564209e-01
1.499674916267395020e-01
2.486740797758102417e-01
0.000000000000000000e+00
0.000000000000000000e+00
6.668807268142700195e-01
1.547122895717620850e-01
2.528526067733764648e+00
8.019024729728698730e-01
1.919264532625675201e-02
0.000000000000000000e+00
1.992485225200653076e-01
1.373962044715881348e+00
1.573674082756042480e-01
4.503091573715209961e-01
0.000000000000000000e+00
1.012451499700546265e-01
5.479491353034973145e-01
1.805523276329040527e+00
7.670040607452392578e+00
4.195374436676502228e-03
0.000000000000000000e+00
1.617911756038665771e-01
5.263832584023475647e-02
0.000000000000000000e+00
9.757745079696178436e-03
2.014356136322021484e+00
9.453358650207519531e-01
6.262093782424926758e-01
0.000000000000000000e+00
3.054928220808506012e-02
4.950568675994873047e-01
0.000000000000000000e+00
0.000000000000000000e+00
5.345006585121154785e-01
1.821307301521301270e+00
3.359817862510681152e-01
2.709867991507053375e-02
1.125020906329154968e-01
1.046919226646423340e-01
4.048534035682678223e-01
1.629458516836166382e-01
0.000000000000000000e+00
1.691501736640930176e-01
2.829415500164031982e-01
1.714388579130172729e-01
1.910946518182754517e-01
5.546518415212631226e-02
6.284337043762207031e-01
1.118868887424468994e-01
5.919273570179939270e-02
3.670451045036315918e-01
1.818736344575881958e-01
4.936614632606506348e-01
7.183573842048645020e-01
1.497733891010284424e-01
4.559456110000610352e-01
4.380497336387634277e-01
1.085404396057128906e+00
0.000000000000000000e+00
1.413515806198120117e-01
1.681488394737243652e+00
0.000000000000000000e+00
4.819917306303977966e-02
5.117513537406921387e-01
1.463018894195556641e+00
3.686883747577667236e-01
7.311101071536540985e-03
2.194546461105346680e-01
5.625471472740173340e-01
4.790947139263153076e-01
4.482503235340118408e-01
0.000000000000000000e+00
7.423692848533391953e-03
0.000000000000000000e+00
7.045026868581771851e-02
3.607678413391113281e-01
4.516067206859588623e-01
7.009282708168029785e-01
1.698297262191772461e-01
0.000000000000000000e+00
2.917044460773468018e-01
5.570776015520095825e-02
5.183928012847900391e+00
2.086983323097229004e-01
8.205216377973556519e-02
2.444626986980438232e-01
9.038973599672317505e-02
3.479087948799133301e-01
1.289124608039855957e+00
0.000000000000000000e+00
4.443603754043579102e-01
6.582823991775512695e-01
9.424676895141601562e-01
1.724939942359924316e-01
0.000000000000000000e+00
2.749187638983130455e-03
4.921070039272308350e-01
1.773930341005325317e-01
0.000000000000000000e+00
9.735559225082397461e-01
0.000000000000000000e+00
1.607017636299133301e+00
1.574065685272216797e-01
2.947986125946044922e-01
5.511438250541687012e-01
0.000000000000000000e+00
9.854834675788879395e-01
3.495694696903228760e-01
2.226346969604492188e+00
2.001372426748275757e-01
6.374639272689819336e-02
5.457109808921813965e-01
5.905653536319732666e-02
1.068336129188537598e+00
0.000000000000000000e+00
1.291732937097549438e-01
2.766289710998535156e-01
1.653112471103668213e-01
0.000000000000000000e+00
0.000000000000000000e+00
4.950686823576688766e-03
3.837259709835052490e-01
7.971891760826110840e-02
1.964486837387084961e+00
3.112730383872985840e-01
7.885102182626724243e-03
0.000000000000000000e+00
3.949250653386116028e-02
6.421048045158386230e-01
5.524315834045410156e-01
1.144712045788764954e-01
0.000000000000000000e+00
0.000000000000000000e+00
4.928477108478546143e-01
3.620235919952392578e-01
1.219060271978378296e-01
6.242017745971679688e-01
1.054955124855041504e-01
0.000000000000000000e+00
1.398814171552658081e-01
1.559896916151046753e-01
1.652279138565063477e+00
9.871447831392288208e-02
1.328465789556503296e-01
6.418332457542419434e-01
4.818458401132375002e-04
0.000000000000000000e+00
6.520811934024095535e-03
3.843677043914794922e-01
5.463517308235168457e-01
0.000000000000000000e+00
4.848145321011543274e-02
1.730343550443649292e-01
4.981796722859144211e-03
4.108258485794067383e-01
5.140851736068725586e-01
1.885585859417915344e-02
1.367553472518920898e-01
1.546402424573898315e-01
0.000000000000000000e+00
0.000000000000000000e+00
9.043728709220886230e-01
3.122671544551849365e-01
1.535273790359497070e-01
1.843906641006469727e+00
6.847454905509948730e-01
4.344193339347839355e-01
6.642887592315673828e-01
7.123286724090576172e-01
0.000000000000000000e+00
2.733529567718505859e+00
1.378354430198669434e+00
1.741983652114868164e+00
3.557246327400207520e-01
0.000000000000000000e+00
6.855806708335876465e-01
3.235324099659919739e-02
1.515399575233459473e+00
0.000000000000000000e+00
1.430577784776687622e-01
1.021260321140289307e-01
0.000000000000000000e+00
3.735440969467163086e-01
3.097331523895263672e-01
4.760690033435821533e-03
1.839654743671417236e-01
6.120538711547851562e-01
8.609899133443832397e-02
2.761366665363311768e-01
1.034049391746520996e+00
6.892100572586059570e-01
9.185404330492019653e-02
2.874827384948730469e-01
2.572516500949859619e-01
3.700551763176918030e-02
4.570454657077789307e-01
0.000000000000000000e+00
2.924206256866455078e+00
6.173675507307052612e-02
1.386914998292922974e-01
4.362821578979492188e-02
2.289951294660568237e-01
3.479914367198944092e-01
2.691538333892822266e-01
2.333720773458480835e-02
7.034784555435180664e-02
6.236827969551086426e-01
0.000000000000000000e+00
1.086450457572937012e+00
1.113141655921936035e+00
1.684801101684570312e+00
3.614762052893638611e-02
7.057965993881225586e-01
2.943120002746582031e-01
7.367504294961690903e-03
1.426377892494201660e+00
1.682975292205810547e-01
1.534659564495086670e-01
9.932312965393066406e-01
1.545282900333404541e-01
4.944410175085067749e-03
4.090888798236846924e-01
3.954436779022216797e-01
4.638777673244476318e-01
1.970267146825790405e-01
4.739959239959716797e-01
3.623354911804199219e+00
2.060024067759513855e-03
4.406732320785522461e-02
2.066255360841751099e-01
2.810046635568141937e-02
5.998616293072700500e-02
2.566946744918823242e-01
5.261613726615905762e-01
6.941949576139450073e-02
0.000000000000000000e+00
0.000000000000000000e+00
8.462356775999069214e-02
6.924008131027221680e-01
6.722313165664672852e-01
1.775800108909606934e+00
0.000000000000000000e+00
3.315453231334686279e-02
8.790980577468872070e-01
5.903504788875579834e-02
2.615096271038055420e-01
1.153383851051330566e-01
2.129565365612506866e-02
2.313432656228542328e-02
2.160152653232216835e-03
7.177281975746154785e-01
1.980010792613029480e-02
6.989260196685791016e+00
3.014812711626291275e-03
6.206940412521362305e-01
8.768167346715927124e-02
4.637459293007850647e-02
1.478831410408020020e+00
2.178271412849426270e-01
1.128014564514160156e+00
2.582393214106559753e-02
1.707466691732406616e-01
1.047545298933982849e-02
2.153980880975723267e-01
1.157958060503005981e-01
1.443484332412481308e-02
5.106974840164184570e-01
0.000000000000000000e+00
3.430961966514587402e-01
4.517187550663948059e-02
3.652019798755645752e-01
4.667194187641143799e-01
1.867226123809814453e+00
2.291294001042842865e-02
8.571023121476173401e-03
1.535257101058959961e-01
1.150511622428894043e+00
2.458563074469566345e-02
3.901799023151397705e-02
4.367020353674888611e-02
5.818544626235961914e-01
7.589833438396453857e-02
3.317581117153167725e-01
2.161325328052043915e-02
1.449066847562789917e-01
3.204718232154846191e-02
5.999535322189331055e-01
6.743453741073608398e-01
5.050392746925354004e-01
1.965830102562904358e-02
6.759518384933471680e-01
0.000000000000000000e+00
3.743549436330795288e-02
1.838640868663787842e-02
8.670844137668609619e-03
7.075797915458679199e-01
1.327341943979263306e-01
0.000000000000000000e+00
2.419059537351131439e-02
1.592156291007995605e-01
3.710165321826934814e-01
9.411487728357315063e-03
2.058291435241699219e+00
3.157450258731842041e-01
0.000000000000000000e+00
8.291822671890258789e-01
5.724087357521057129e-02
2.192361354827880859e-01
1.067822098731994629e+00
1.932409256696701050e-01
2.246932536363601685e-01
1.457664132118225098e+00
2.513878941535949707e-01
4.431995749473571777e-01
1.434123814105987549e-01
3.622298687696456909e-02
1.144081056118011475e-01
1.392298489809036255e-01
3.982689604163169861e-02
9.626223891973495483e-02
7.729949355125427246e-01
7.870044559240341187e-02
1.721615940332412720e-01
3.362872600555419922e-01
5.938433408737182617e-01
2.476961910724639893e-02
7.362819314002990723e-01
2.337571859359741211e+00
1.135153770446777344e+00
3.419409096240997314e-01
1.423619627952575684e+00
4.313209652900695801e-01
2.008478641510009766e-01
1.740674860775470734e-02
2.146754413843154907e-01
5.373317748308181763e-02
7.032033205032348633e-01
0.000000000000000000e+00
2.400450408458709717e-01
8.194650709629058838e-02
3.422982245683670044e-02
1.156500458717346191e+00
3.139033794403076172e+00
2.456700503826141357e-01
1.165587976574897766e-01
1.093116164207458496e+00
5.646029114723205566e-01
3.217162787914276123e-01
4.977552592754364014e-02
5.294750690460205078e+00
0.000000000000000000e+00
2.411719858646392822e-01
8.145287632942199707e-02
8.383474349975585938e-01
3.953721821308135986e-01
2.745129633694887161e-03
3.248451650142669678e-02
6.447797268629074097e-02
0.000000000000000000e+00
0.000000000000000000e+00
1.479838788509368896e-01
8.110781200230121613e-03
0.000000000000000000e+00
4.950410425662994385e-01
4.988808184862136841e-03
1.549043893814086914e+00
8.137485980987548828e-01
2.201346158981323242e+00
3.694060444831848145e-01
1.411000937223434448e-01
2.026884853839874268e-01
1.744307875633239746e+00
2.413987517356872559e-01
1.156260911375284195e-02
0.000000000000000000e+00
1.274961471557617188e+00
2.004711180925369263e-01
1.834527254104614258e-01
1.470804307609796524e-02
4.708670675754547119e-01
3.339548826217651367e+00
9.909671545028686523e-02
3.769366815686225891e-02
1.943276643753051758e+00
1.433564066886901855e+00
6.752943247556686401e-02
6.107578873634338379e-01
6.677039712667465210e-02
1.703085377812385559e-02
8.684567213058471680e-01
6.338074803352355957e-02
7.665453106164932251e-02
1.080268761143088341e-03
5.763856768608093262e-01
6.063720583915710449e-01
4.830159842967987061e-01
0.000000000000000000e+00
4.803062081336975098e-01
4.733728766441345215e-01
1.366103999316692352e-02
4.318978786468505859e-01
1.431159228086471558e-01
1.901403218507766724e-01
0.000000000000000000e+00
2.018373645842075348e-02
1.939220070838928223e+00
2.201251238584518433e-01
2.712863683700561523e-01
6.082336902618408203e-01
4.122114479541778564e-01
5.594239011406898499e-02
0.000000000000000000e+00
6.350690722465515137e-01
5.067201852798461914e-01
1.102676987648010254e+00
0.000000000000000000e+00
3.728202581405639648e-01
2.038732618093490601e-01
2.156890153884887695e+00
4.262309148907661438e-02
2.134092897176742554e-01
1.363583058118820190e-01
1.673955768346786499e-01
3.553141057491302490e-01
0.000000000000000000e+00
4.232616350054740906e-02
9.478773176670074463e-02
1.848745107650756836e+00
1.144668608903884888e-01
7.718424797058105469e-01
3.540327306836843491e-03
2.776645421981811523e-01
0.000000000000000000e+00
3.235875368118286133e-01
9.440574049949645996e-01
1.250476002693176270e+00
4.830725491046905518e-02
9.237774610519409180e-01
1.423614472150802612e-01
4.121530354022979736e-01
6.935498714447021484e-01
1.196336150169372559e-01
8.456464409828186035e-01
4.098211526870727539e-01
6.897863000631332397e-03
2.145718038082122803e-01
3.590591019019484520e-03
3.535212576389312744e-01
2.633469104766845703e-01
9.599413871765136719e-01
3.272639587521553040e-02
3.297805786132812500e-01
5.208951421082019806e-03
1.829435527324676514e-01
6.125257536768913269e-02
0.000000000000000000e+00
8.293148875236511230e-01
9.108251333236694336e-01
7.191191911697387695e-01
4.128554821014404297e+00
3.849416732788085938e+00
0.000000000000000000e+00
5.598955750465393066e-01
1.558593381196260452e-02
8.736336231231689453e-02
8.625097274780273438e-01
7.294708397239446640e-03
1.739531755447387695e-01
7.545544505119323730e-01
1.124396249651908875e-01
4.585888385772705078e-01
0.000000000000000000e+00
1.665600389242172241e-01
2.044186443090438843e-01
6.645425558090209961e-01
7.173424363136291504e-01
0.000000000000000000e+00
1.836413592100143433e-01
1.187536239624023438e+00
1.316381245851516724e-01
5.451467037200927734e-01
1.014043927192687988e+00
8.292219042778015137e-01
1.800211369991302490e-01
3.464568853378295898e-01
0.000000000000000000e+00
2.214540541172027588e-01
3.635674016550183296e-03
9.235584735870361328e-01
2.116865105926990509e-02
4.196507390588521957e-03
0.000000000000000000e+00
7.010384649038314819e-02
2.361522242426872253e-02
1.347752928733825684e+00
6.902863383293151855e-01
7.303375720977783203e+00
2.069408416748046875e+00
5.866236090660095215e-01
0.000000000000000000e+00
4.187569022178649902e-01
3.581108991056680679e-03
8.084666132926940918e-01
5.193525925278663635e-02
2.509030580520629883e+00
5.986348539590835571e-02
6.030593514442443848e-01
3.490222096443176270e-01
6.378557533025741577e-02
4.231939911842346191e-01
1.851626038551330566e-01
0.000000000000000000e+00
0.000000000000000000e+00
1.649220883846282959e-01
3.362608840689063072e-03
4.432159662246704102e-02
2.257413715124130249e-01
8.129637837409973145e-01
0.000000000000000000e+00
2.788334190845489502e-01
3.016267716884613037e-02
5.103940516710281372e-02
2.153322249650955200e-01
1.411009430885314941e-01
1.211189627647399902e-01
1.414998061954975128e-02
2.243175983428955078e+00
5.440728664398193359e-01
0.000000000000000000e+00
9.817978739738464355e-01
3.805910348892211914e-01
2.685443162918090820e-01
7.537622936069965363e-03
1.196255087852478027e-01
1.289703883230686188e-02
7.727493047714233398e-01
1.111826393753290176e-02
3.560659475624561310e-03
1.760148406028747559e-01
2.114561200141906738e-01
2.266914993524551392e-01
5.546590685844421387e-01
4.389924705028533936e-01
0.000000000000000000e+00
3.899870216846466064e-01
1.200186610221862793e+00
4.683485627174377441e-01
3.940531983971595764e-02
1.878384053707122803e-01
1.130234479904174805e+00
1.308756113052368164e+00
1.213716343045234680e-02
7.853683829307556152e-02
0.000000000000000000e+00
6.280335187911987305e-01
6.683741807937622070e-01
6.214132308959960938e-01
9.402183294296264648e-01
5.370282530784606934e-01
9.494151175022125244e-02
0.000000000000000000e+00
9.248157963156700134e-03
2.155642956495285034e-01
2.961824834346771240e-01
1.133761331439018250e-01
0.000000000000000000e+00
4.317216575145721436e-01
3.015970945358276367e+00
4.622552916407585144e-02
0.000000000000000000e+00
0.000000000000000000e+00
3.645110726356506348e-01
1.380216417601332068e-04
1.710283756256103516e-01
6.207560375332832336e-02
2.112529128789901733e-01
1.997702270746231079e-01
3.564509868621826172e+00
1.098513960838317871e+00
5.267264321446418762e-02
1.020662263035774231e-01
1.295131146907806396e-01
1.307135462760925293e+00
0.000000000000000000e+00
1.830921173095703125e-01
0.000000000000000000e+00
6.667232513427734375e-02
3.527704477310180664e-01
5.287403464317321777e-01
2.081613987684249878e-01
0.000000000000000000e+00
6.246581077575683594e-01
1.622524857521057129e+00
1.875166147947311401e-01
8.233769983053207397e-02
2.232535928487777710e-02
1.886823475360870361e-01
2.748801410198211670e-01
9.811610579490661621e-01
5.335963517427444458e-02
6.500812172889709473e-01
1.698312163352966309e-01
5.996536090970039368e-02
4.439496099948883057e-01
1.266889572143554688e-01
5.394260212779045105e-02
5.483166575431823730e-01
2.003729157149791718e-02
1.661484837532043457e-01
1.388756930828094482e-01
0.000000000000000000e+00
2.353994607925415039e+00
9.742684662342071533e-03
1.472050070762634277e+00
1.182640343904495239e-02
0.000000000000000000e+00
0.000000000000000000e+00
2.422067403793334961e+00
8.852093815803527832e-01
3.691251277923583984e-01
3.865573089569807053e-03
2.208945155143737793e-01
4.464250057935714722e-02
1.333057284355163574e-01
0.000000000000000000e+00
3.243413925170898438e+00
2.518868446350097656e-01
3.730918839573860168e-02
6.552255153656005859e-02
5.164791345596313477e-01
4.725514948368072510e-01
2.948930300772190094e-02
3.081185556948184967e-02
2.333737909793853760e-01
0.000000000000000000e+00
1.169710159301757812e-01
1.079973503947257996e-01
0.000000000000000000e+00
5.900588259100914001e-02
3.274151356890797615e-03
1.708826124668121338e-01
2.871805429458618164e-01
3.256027400493621826e-02
0.000000000000000000e+00
1.652498364448547363e+00
4.872665703296661377e-01
3.294420614838600159e-02
1.175098538398742676e+00
8.149152994155883789e-02
2.869772613048553467e-01
0.000000000000000000e+00
6.050580739974975586e-02
4.452065622899681330e-04
2.340015582740306854e-02
5.389047265052795410e-01
1.517707407474517822e-01
8.318693041801452637e-01
1.319332271814346313e-01
3.228297457098960876e-02
8.051036834716796875e+00
4.017804283648729324e-03
1.987996935844421387e+00
8.899080157279968262e-01
9.947483241558074951e-02
2.489140182733535767e-01
4.312398135662078857e-01
8.429940938949584961e-01
3.421131372451782227e-01
8.050572127103805542e-02
3.140378296375274658e-01
1.466137647628784180e+00
2.295206040143966675e-01
1.618008762598037720e-01
3.332704544067382812e+00
2.012933641672134399e-01
4.401938021183013916e-01
0.000000000000000000e+00
0.000000000000000000e+00
2.776961959898471832e-02
1.049552764743566513e-02
1.050866544246673584e-01
1.410802721977233887e+00
8.099708557128906250e-01
1.713350266218185425e-01
4.849337637424468994e-01
9.259863197803497314e-02
3.082913756370544434e-01
9.081026911735534668e-02
2.062829136848449707e-01
1.235587988048791885e-02
9.993118047714233398e-01
9.670679569244384766e-01
8.207081556320190430e-01
5.482478141784667969e-01
1.616263389587402344e-02
5.048058629035949707e-01
0.000000000000000000e+00
4.504896700382232666e-02
1.035693585872650146e-01
1.310240149497985840e+00
1.943217776715755463e-02
1.320312142372131348e+00
3.273797035217285156e-02
2.330829203128814697e-02
4.509643651545047760e-03
1.151458472013473511e-01
4.807811975479125977e-02
2.258443683385848999e-01
1.922975182533264160e+00
8.280155658721923828e-01
9.390418231487274170e-02
6.622439622879028320e-02
0.000000000000000000e+00
2.461895197629928589e-01
1.153280258178710938e+00
4.717991352081298828e-01
1.747462004423141479e-01
0.000000000000000000e+00
1.574459224939346313e-01
7.072267532348632812e-01
4.013527035713195801e-01
1.240098401904106140e-01
3.614787012338638306e-02
1.064535856246948242e+00
1.545594632625579834e-01
3.762434422969818115e-01
7.517329454421997070e-01
0.000000000000000000e+00
1.402709167450666428e-02
1.279907673597335815e-01
3.011529743671417236e-01
1.893437057733535767e-01
1.450104266405105591e-01
6.945450603961944580e-02
0.000000000000000000e+00
4.485880851745605469e+00
1.306429028511047363e+00
6.243426203727722168e-01
3.268085792660713196e-02
1.144508123397827148e-01
1.700909137725830078e-01
1.244552135467529297e+00
0.000000000000000000e+00
3.171443045139312744e-01
1.411870121955871582e-01
5.953614041209220886e-02
0.000000000000000000e+00
7.112731337547302246e-01
2.375117270275950432e-03
3.738338127732276917e-02
7.986912503838539124e-03
2.090380668640136719e+00
2.001592665910720825e-01
3.294358402490615845e-02
1.188657507300376892e-01
1.089389547705650330e-01
1.610214263200759888e-02
1.142736077308654785e+00
3.442564904689788818e-01
0.000000000000000000e+00
1.242963448166847229e-01
8.180550336837768555e-01
1.071852445602416992e-02
0.000000000000000000e+00
2.154994457960128784e-01
2.778437733650207520e-02
2.184349894523620605e-01
0.000000000000000000e+00
0.000000000000000000e+00
3.524114191532135010e-01
1.076176017522811890e-02
0.000000000000000000e+00
3.792316019535064697e-01
1.048020720481872559e+00
1.100367069244384766e+00
1.419433474540710449e+00
0.000000000000000000e+00
2.284659594297409058e-01
1.272935420274734497e-01
2.195337265729904175e-01
2.698875032365322113e-02
8.371974341571331024e-03
0.000000000000000000e+00
0.000000000000000000e+00
0.000000000000000000e+00
0.000000000000000000e+00
0.000000000000000000e+00
3.842618167400360107e-01
5.166292190551757812e-02
2.691190838813781738e-01
6.678429245948791504e-01
0.000000000000000000e+00
1.503501832485198975e-01
4.379883408546447754e-02
2.891078472137451172e+00
0.000000000000000000e+00
8.998922109603881836e-01
1.153521612286567688e-01
2.577444911003112793e-01
3.113510012626647949e-01
1.340862065553665161e-01
2.232438884675502777e-03
4.480186402797698975e-01
5.576787143945693970e-02
1.374202132225036621e+00
1.826110528782010078e-03
1.733822524547576904e-01
0.000000000000000000e+00
8.389332294464111328e-01
2.319365024566650391e+00
1.480092883110046387e+00
3.528645932674407959e-01
3.248063325881958008e-01
1.659566760063171387e+00
0.000000000000000000e+00
2.475575804710388184e-01
1.746793985366821289e+00
3.895829990506172180e-02
5.155956372618675232e-02
1.594554632902145386e-01
4.515753090381622314e-01
1.380610000342130661e-02
5.310211796313524246e-03
0.000000000000000000e+00
5.007907152175903320e-01
4.952957108616828918e-02
1.337733507156372070e+00
1.240403577685356140e-01
1.025717854499816895e+00
1.330838650465011597e-01
0.000000000000000000e+00
1.086977720260620117e-01
2.317786216735839844e-02
1.099321603775024414e+00
1.055007427930831909e-02
4.042468965053558350e-01
0.000000000000000000e+00
2.319022566080093384e-01
1.543495208024978638e-01
2.535090148448944092e-01
2.847865596413612366e-02
2.411091327667236328e-01
8.693173527717590332e-02
5.833719372749328613e-01
7.084934711456298828e-01
5.896500349044799805e-01
2.002895809710025787e-02
3.361149132251739502e-01
2.285655260086059570e+00
1.068058088421821594e-01
0.000000000000000000e+00
1.694977283477783203e-01
4.544269666075706482e-02
6.170925498008728027e-01
3.234363794326782227e-01
3.320651054382324219e-01
4.034722596406936646e-02
7.577791810035705566e-02
4.090632200241088867e-01
1.937797293066978455e-03
1.219875365495681763e-01
4.740670695900917053e-02
6.354940533638000488e-01
4.957466199994087219e-02
6.370822191238403320e-01
1.678396463394165039e-01
1.944259554147720337e-01
6.171122193336486816e-01
8.544946461915969849e-02
2.154220044612884521e-01
4.229756593704223633e-01
7.507787346839904785e-01
1.677857637405395508e+00
5.261111631989479065e-02
1.451939940452575684e-01
0.000000000000000000e+00
7.891076803207397461e-02
5.417397022247314453e-01
1.599440455436706543e+00
1.443531155586242676e+00
0.000000000000000000e+00
1.395081877708435059e-01
7.180265150964260101e-03
2.819517627358436584e-02
8.852732181549072266e-01
3.222671151161193848e-01
4.805056452751159668e-01
2.257703989744186401e-01
0.000000000000000000e+00
1.026335835456848145e+00
1.303557455539703369e-01
1.164066195487976074e+00
6.026887893676757812e-02
3.707344410941004753e-03
3.695935606956481934e-01
2.071892321109771729e-01
1.084973931312561035e+00
2.064888179302215576e-01
1.696631014347076416e-01
8.692325092852115631e-03
1.679992862045764923e-02
2.173865079879760742e+00
3.088990971446037292e-02
3.582336306571960449e-01
3.691799044609069824e-01
8.302213549613952637e-01
0.000000000000000000e+00
0.000000000000000000e+00
1.084792986512184143e-01
0.000000000000000000e+00
6.833740323781967163e-02
4.293077290058135986e-01
1.162764877080917358e-01
3.604025987442582846e-04
4.012912977486848831e-03
7.647621631622314453e-02
0.000000000000000000e+00
1.460559129714965820e+00
5.658810138702392578e-01
9.294564127922058105e-01
1.996248774230480194e-02
8.690426126122474670e-03
3.413918241858482361e-02
1.008966922760009766e+00
4.968262836337089539e-02
2.941141605377197266e+00
5.269385501742362976e-02
1.046261668205261230e+00
0.000000000000000000e+00
4.906749352812767029e-02
6.471173763275146484e-01
1.224975474178791046e-02
7.736685872077941895e-01
0.000000000000000000e+00
3.805479407310485840e-01
2.461350679397583008e+00
0.000000000000000000e+00
9.391153454780578613e-01
1.277947068214416504e+00
4.738079011440277100e-01
6.109132617712020874e-02
9.413483203388750553e-04
9.738974040374159813e-04
1.850728243589401245e-01
1.979424953460693359e-01
5.243708491325378418e-01
9.271097779273986816e-01
4.242850840091705322e-02
4.545975849032402039e-02
2.949743531644344330e-02
3.264056146144866943e-01
2.181563992053270340e-03
3.440640568733215332e-01
8.195546269416809082e-01
2.708323001861572266e-01
2.490734308958053589e-01
6.166871786117553711e-01
2.919481694698333740e-01
7.297484576702117920e-02
2.148646488785743713e-02
1.178958490490913391e-01
1.435143709182739258e+00
1.568282246589660645e-01
1.249969080090522766e-01
3.545804321765899658e-02
1.798954093828797340e-03
4.808518886566162109e-01
7.764695882797241211e-01
3.362074494361877441e-01
4.381802976131439209e-01
3.888669729232788086e+00
3.354253470897674561e-01
2.269631177186965942e-01
3.000495731830596924e-01
1.374432325363159180e+00
4.091167449951171875e-01
0.000000000000000000e+00
1.072228103876113892e-01
1.256254594773054123e-02
5.084459185600280762e-01
3.554371893405914307e-01
5.155913829803466797e-01
1.481416374444961548e-01
1.312609463930130005e-01
5.892692878842353821e-02
1.175584793090820312e+00
2.193622440099716187e-01
6.247739493846893311e-02
4.336619749665260315e-03
1.511653661727905273e-01
3.330838307738304138e-02
1.470001786947250366e-01
4.429922401905059814e-01
5.680955201387405396e-02
1.140486821532249451e-01
1.458963938057422638e-02
1.017880346626043320e-02
1.532444953918457031e+00
9.263218641281127930e-01
9.230549931526184082e-01
2.500032782554626465e-01
9.612114429473876953e-01
2.341271638870239258e-01
1.363321095705032349e-01
2.747075259685516357e-01
1.168354153633117676e-01
3.041697293519973755e-02
1.204803943634033203e+00
9.631305336952209473e-01
1.369847543537616730e-02
8.541100472211837769e-02
4.644439816474914551e-01
9.354047477245330811e-03
0.000000000000000000e+00
2.663262486457824707e-01
4.884565770626068115e-01
1.211163923144340515e-01
3.631982505321502686e-01
1.546165347099304199e-01
3.853802680969238281e-01
2.831259667873382568e-01
1.463600993156433105e+00
3.403181582689285278e-02
4.935692623257637024e-02
3.181451559066772461e-01
2.001366019248962402e-02
1.388693332672119141e+00
2.541474103927612305e+00
2.733805775642395020e-01
5.806903541088104248e-02
4.125492572784423828e-01
2.009730100631713867e+00
2.896535396575927734e-01
2.273989170789718628e-01
4.304359257221221924e-01
1.260253787040710449e-01
3.308278620243072510e-01
3.992135763168334961e+00
5.528864860534667969e-01
3.586428984999656677e-02
2.259950786828994751e-01
7.892253249883651733e-02
2.482615709304809570e-01
3.751645330339670181e-03
1.084225401282310486e-01
1.017120718955993652e+00
0.000000000000000000e+00
8.589225262403488159e-02
7.966873049736022949e-01
0.000000000000000000e+00
5.974472686648368835e-02
2.069247066974639893e-01
1.523334860801696777e+00
2.281155437231063843e-02
4.890613257884979248e-01
1.691308319568634033e-01
2.405356615781784058e-01
2.962592616677284241e-02
0.000000000000000000e+00
2.526752471923828125e+00
1.598223894834518433e-01
1.399219036102294922e-01
9.457413107156753540e-02
3.047081874683499336e-03
2.797314226627349854e-01
1.706637740135192871e-01
1.256561130285263062e-01
5.005515217781066895e-01
2.395826131105422974e-01
5.366054177284240723e-02
4.232584238052368164e-01
0.000000000000000000e+00
1.418406665325164795e-01
2.031069546937942505e-01
4.550599753856658936e-01
1.576569676399230957e-01
0.000000000000000000e+00
1.081945747137069702e-01
2.705969095230102539e+00
0.000000000000000000e+00
2.804937064647674561e-01
4.952457174658775330e-02
1.373652815818786621e-01
2.765034139156341553e-01
3.479320555925369263e-02
4.070139825344085693e-01
1.210605204105377197e-01
4.407313186675310135e-03
3.382792472839355469e-01
0.000000000000000000e+00
6.649911999702453613e-01
8.404583670198917389e-03
2.791232168674468994e-01
5.594382286071777344e-01
1.888955533504486084e-01
0.000000000000000000e+00
1.176228821277618408e-01
0.000000000000000000e+00
6.226178258657455444e-02
3.658959567546844482e-01
0.000000000000000000e+00
7.594156265258789062e-01
0.000000000000000000e+00
1.566816419363021851e-01
2.110886722803115845e-01
0.000000000000000000e+00
0.000000000000000000e+00
0.000000000000000000e+00
2.128367900848388672e+00
4.874785542488098145e-01
5.670672059059143066e-01
3.645222634077072144e-02
3.056567609310150146e-01
0.000000000000000000e+00
6.038773059844970703e-01
1.291627064347267151e-02
1.303272438235580921e-04
5.486724898219108582e-03
7.133542895317077637e-01
5.348743870854377747e-02
4.276226162910461426e-01
3.078199923038482666e-02
4.910956323146820068e-01
3.592009097337722778e-02
5.395377427339553833e-02
1.686635315418243408e-01
0.000000000000000000e+00
9.399619102478027344e-01
2.506577968597412109e-01
9.617714881896972656e-01
2.937358338385820389e-03
1.503835916519165039e-01
0.000000000000000000e+00
4.082826152443885803e-02
5.500648021697998047e-01
6.696971505880355835e-02
1.611956954002380371e-02
4.421029686927795410e-01
6.836548447608947754e-01
4.114892482757568359e-01
