8.855759166181087494e-03
0.000000000000000000e+00
4.036689922213554382e-02
1.123979911208152771e-01
1.112414244562387466e-02
0.000000000000000000e+00
2.429969012737274170e-01
0.000000000000000000e+00
3.440833687782287598e-01
3.675155401229858398e+00
0.000000000000000000e+00
0.000000000000000000e+00
0.000000000000000000e+00
2.490516379475593567e-02
4.723808169364929199e-02
1.308078765869140625e-01
9.152994155883789062e-01
0.000000000000000000e+00
1.411416381597518921e-02
3.905241191387176514e-01
5.194839239120483398e-01
0.000000000000000000e+00
0.000000000000000000e+00
4.571116587612777948e-04
3.161518573760986328e-01
1.149622797966003418e-01
4.363361001014709473e-01
5.902494862675666809e-02
1.264292001724243164e-01
1.443791110068559647e-02
3.905820250511169434e-01
2.072779238224029541e-01
4.165089726448059082e-01
2.135645598173141479e-02
1.958045959472656250e-01
6.230799481272697449e-02
2.796016260981559753e-02
1.599529236555099487e-01
5.634465441107749939e-02
8.453094959259033203e-01
1.436942666769027710e-01
2.344924360513687134e-01
0.000000000000000000e+00
8.650943040847778320e-01
4.975917283445596695e-03
0.000000000000000000e+00
4.634473323822021484e-01
4.047563970088958740e-01
0.000000000000000000e+00
2.369408160448074341e-01
1.335451900959014893e-01
9.588481187820434570e-01
1.121921762824058533e-01
1.008692160248756409e-01
0.000000000000000000e+00
1.445505023002624512e-01
1.198268905282020569e-01
1.784841902554035187e-02
3.069569170475006104e-02
4.875579774379730225e-01
2.363172531127929688e+00
7.648158073425292969e-01
1.111588120460510254e+00
2.853948809206485748e-02
1.956943571567535400e-01
0.000000000000000000e+00
6.802051067352294922e-01
7.109596252441406250e+00
8.811164647340774536e-03
0.000000000000000000e+00
3.210296332836151123e-01
9.667136669158935547e-01
0.000000000000000000e+00
9.945696592330932617e-02
2.500525116920471191e-01
1.159668922424316406e+00
1.670946180820465088e-01
6.626706570386886597e-02
9.531491994857788086e-02
0.000000000000000000e+00
5.210671424865722656e-01
7.641173899173736572e-02
2.779467776417732239e-02
3.041852712631225586e-01
0.000000000000000000e+00
4.927986562252044678e-01
0.000000000000000000e+00
0.000000000000000000e+00
1.696977764368057251e-01
0.000000000000000000e+00
5.252494663000106812e-02
2.412881255149841309e-01
9.302114695310592651e-02
7.218654733151197433e-03
0.000000000000000000e+00
0.000000000000000000e+00
8.522163033485412598e-01
6.325021386146545410e-02
2.094026654958724976e-01
5.593026280403137207e-01
5.740796774625778198e-02
4.599815607070922852e-01
2.554794400930404663e-02
3.881454467773437500e-04
0.000000000000000000e+00
2.179406642913818359e+00
1.361746937036514282e-01
5.276881903409957886e-02
0.000000000000000000e+00
2.101050376892089844e+00
0.000000000000000000e+00
1.371624469757080078e-01
5.013078451156616211e-01
1.640982985496520996e+00
1.537593901157379150e-01
1.209669187664985657e-02
3.221808373928070068e-01
4.804859310388565063e-02
0.000000000000000000e+00
0.000000000000000000e+00
6.901169419288635254e-01
2.128237187862396240e-01
3.784927129745483398e-01
5.795279890298843384e-02
2.669905900955200195e+00
4.121508821845054626e-02
4.046293720602989197e-02
1.158433705568313599e-01
3.855141345411539078e-03
7.774371653795242310e-03
0.000000000000000000e+00
1.923022568225860596e-01
0.000000000000000000e+00
5.308019742369651794e-02
1.196593716740608215e-01
1.425180882215499878e-01
3.370094597339630127e-01
2.228952245786786079e-03
2.716522455215454102e+00
1.865352690219879150e-01
5.562421083450317383e-01
2.248810976743698120e-01
3.611384704709053040e-02
2.772922217845916748e-01
1.561407186090946198e-02
1.747195608913898468e-02
0.000000000000000000e+00
3.026418574154376984e-02
5.363360047340393066e-02
0.000000000000000000e+00
2.800270542502403259e-02
4.859735257923603058e-03
0.000000000000000000e+00
1.503651263192296028e-03
6.682996153831481934e-01
8.024469017982482910e-03
3.685013391077518463e-03
1.235321611166000366e-01
2.608479233458638191e-03
0.000000000000000000e+00
1.151686072349548340e+00
1.119690984487533569e-01
6.165309548377990723e-01
7.724723964929580688e-02
4.073551826877519488e-05
2.619295597076416016e+00
0.000000000000000000e+00
4.197255894541740417e-02
6.645090878009796143e-02
8.443959355354309082e-01
3.057013452053070068e-01
0.000000000000000000e+00
5.760102868080139160e-01
1.733288913965225220e-02
5.065054446458816528e-02
1.803175508975982666e-01
0.000000000000000000e+00
1.827435800805687904e-03
1.374597996473312378e-01
0.000000000000000000e+00
2.547202259302139282e-02
2.081711888313293457e-01
0.000000000000000000e+00
1.672161221504211426e+00
6.434751152992248535e-01
2.717490792274475098e-01
7.465549111366271973e-01
2.737256586551666260e-01
2.523694653064012527e-03
0.000000000000000000e+00
7.353909611701965332e-01
4.579993337392807007e-02
1.327522397041320801e-01
1.236362848430871964e-02
0.000000000000000000e+00
9.433991461992263794e-02
0.000000000000000000e+00
1.074577216058969498e-02
7.528956513851881027e-03
1.265045255422592163e-01
0.000000000000000000e+00
6.695838570594787598e-01
8.638525381684303284e-03
8.578167855739593506e-02
0.000000000000000000e+00
1.344346702098846436e-01
2.844074368476867676e-02
1.340775370597839355e+00
0.000000000000000000e+00
8.186356723308563232e-02
5.057801958173513412e-03
7.987867295742034912e-02
1.489251013845205307e-02
1.189630925655364990e-01
0.000000000000000000e+00
0.000000000000000000e+00
2.130445688962936401e-01
3.803276419639587402e-01
1.030235365033149719e-02
1.035138517618179321e-01
3.471928834915161133e-01
9.009932726621627808e-02
8.736056089401245117e-01
0.000000000000000000e+00
5.963724851608276367e-02
1.369905620813369751e-01
6.165194138884544373e-02
1.897633224725723267e-01
0.000000000000000000e+00
1.528068445622920990e-02
0.000000000000000000e+00
3.954690694808959961e-02
0.000000000000000000e+00
1.228055655956268311e-01
7.783399522304534912e-02
8.508354425430297852e-02
2.775423228740692139e-01
8.963769674301147461e-01
0.000000000000000000e+00
0.000000000000000000e+00
1.915083974599838257e-01
1.463235914707183838e-02
7.660754323005676270e-01
2.244815602898597717e-02
0.000000000000000000e+00
1.603569984436035156e-01
0.000000000000000000e+00
0.000000000000000000e+00
0.000000000000000000e+00
0.000000000000000000e+00
9.628783166408538818e-02
1.123056650161743164e+00
3.537525981664657593e-02
8.660705685615539551e-01
2.804404823109507561e-03
4.467473551630973816e-02
1.736205369234085083e-01
9.667268395423889160e-02
1.356634311378002167e-02
8.056143671274185181e-02
1.294528543949127197e-01
4.134391546249389648e-01
8.792849779129028320e-01
6.679563969373703003e-02
4.649122431874275208e-02
0.000000000000000000e+00
1.826619915664196014e-02
2.177805081009864807e-02
2.016447484493255615e-01
2.232385128736495972e-01
4.417510986328125000e+00
1.136258542537689209e-01
3.341652750968933105e-01
5.701245069503784180e-01
1.249644309282302856e-01
2.486127242445945740e-02
0.000000000000000000e+00
0.000000000000000000e+00
4.795667827129364014e-01
0.000000000000000000e+00
1.345955729484558105e-01
0.000000000000000000e+00
6.003955844789743423e-03
0.000000000000000000e+00
3.358429297804832458e-02
7.746816277503967285e-01
4.030789248645305634e-03
1.485762596130371094e+00
2.946922779083251953e+00
4.515728354454040527e-01
2.309049069881439209e-01
2.925654649734497070e-01
1.257034182548522949e+00
0.000000000000000000e+00
0.000000000000000000e+00
1.764096133410930634e-02
2.014745920896530151e-01
2.285660617053508759e-02
1.886660754680633545e-01
9.030678868293762207e-02
2.540372014045715332e-01
2.598057091236114502e-01
2.733409404754638672e-01
0.000000000000000000e+00
1.534202545881271362e-01
2.237622439861297607e-02
1.396364122629165649e-01
7.952760905027389526e-02
0.000000000000000000e+00
8.238080143928527832e-02
0.000000000000000000e+00
4.185162782669067383e-01
3.297497630119323730e-01
2.434835582971572876e-01
2.649694681167602539e-01
1.827955394983291626e-01
3.088634014129638672e-01
4.289337992668151855e-01
2.708385586738586426e-01
6.472015380859375000e-01
6.556829810142517090e-02
2.067020535469055176e-02
4.567676484584808350e-01
0.000000000000000000e+00
4.698875825852155685e-03
1.017094179987907410e-01
1.082869768142700195e-01
2.634850144386291504e-01
0.000000000000000000e+00
3.203014731407165527e-01
0.000000000000000000e+00
6.118326783180236816e-01
4.660228639841079712e-02
2.490056157112121582e-01
2.037269622087478638e-01
0.000000000000000000e+00
3.112467937171459198e-02
7.632341235876083374e-02
1.342650800943374634e-01
9.420556575059890747e-02
1.652847416698932648e-02
4.436152279376983643e-01
1.729130744934082031e-02
0.000000000000000000e+00
4.514408297836780548e-03
3.085616603493690491e-02
3.007594496011734009e-02
9.976512193679809570e-02
0.000000000000000000e+00
0.000000000000000000e+00
2.171689271926879883e+00
0.000000000000000000e+00
1.488400548696517944e-01
0.000000000000000000e+00
7.958959043025970459e-02
5.946570038795471191e-01
3.636306896805763245e-02
0.000000000000000000e+00
1.488442540168762207e+00
1.550363842397928238e-02
2.241848558187484741e-01
1.796928942203521729e-01
0.000000000000000000e+00
0.000000000000000000e+00
0.000000000000000000e+00
1.963115185499191284e-01
8.259652853012084961e-01
4.303465038537979126e-02
0.000000000000000000e+00
6.543648242950439453e-02
2.813130915164947510e-01
4.237754344940185547e-01
3.935412503778934479e-03
6.020237132906913757e-02
0.000000000000000000e+00
0.000000000000000000e+00
5.148417949676513672e-01
0.000000000000000000e+00
3.035385847091674805e+00
2.765982151031494141e-01
3.179553747177124023e-01
3.225120782852172852e+00
0.000000000000000000e+00
1.663649380207061768e-01
7.023918442428112030e-03
8.412969112396240234e-02
0.000000000000000000e+00
1.655821055173873901e-01
1.591771543025970459e-01
2.246689796447753906e-02
3.081738352775573730e-01
0.000000000000000000e+00
3.300412371754646301e-02
0.000000000000000000e+00
8.014501072466373444e-03
5.226112604141235352e-01
0.000000000000000000e+00
3.511472046375274658e-02
0.000000000000000000e+00
0.000000000000000000e+00
0.000000000000000000e+00
1.332867294549942017e-01
3.553694859147071838e-02
7.456901073455810547e-01
2.157736271619796753e-01
7.654237560927867889e-03
1.118317395448684692e-01
1.609917879104614258e+00
2.586564123630523682e-01
7.659434080123901367e-01
5.293937772512435913e-02
2.216342836618423462e-03
3.754336237907409668e-01
1.114990562200546265e-01
6.230000257492065430e-01
6.647059321403503418e-02
9.280628710985183716e-02
0.000000000000000000e+00
5.812083557248115540e-02
2.833030819892883301e-01
0.000000000000000000e+00
1.045663841068744659e-02
0.000000000000000000e+00
1.977621763944625854e-02
3.852858906611800194e-03
1.574178189039230347e-01
2.604849338531494141e-01
2.313121967017650604e-02
3.470578491687774658e-01
1.870112307369709015e-02
1.925438761711120605e+00
5.716040357947349548e-02
1.609024047851562500e+00
5.835244655609130859e-01
0.000000000000000000e+00
1.157171726226806641e+00
2.197357416152954102e-01
7.003978639841079712e-02
0.000000000000000000e+00
0.000000000000000000e+00
1.562763378024101257e-02
1.410270780324935913e-01
0.000000000000000000e+00
2.409971691668033600e-02
1.466050148010253906e-01
1.683473825454711914e+00
6.534652411937713623e-02
6.586593389511108398e-02
1.275535766035318375e-02
2.527412772178649902e-01
1.693317890167236328e-01
1.859601736068725586e-01
7.522294763475656509e-03
8.103080987930297852e-01
6.811861880123615265e-03
5.891432762145996094e-01
5.410704016685485840e-02
0.000000000000000000e+00
1.122296303510665894e-01
4.833944514393806458e-02
0.000000000000000000e+00
9.179750084877014160e-02
3.552589938044548035e-02
0.000000000000000000e+00
2.914621531963348389e-01
9.003175050020217896e-02
4.475370943546295166e-01
8.692951500415802002e-02
2.411252111196517944e-01
5.493386834859848022e-02
4.876603782176971436e-01
1.726133704185485840e+00
0.000000000000000000e+00
2.639386355876922607e-01
1.206390485167503357e-01
1.101687103509902954e-01
1.411210512742400169e-03
4.320637881755828857e-01
6.186013221740722656e-01
9.682842344045639038e-02
1.262664329260587692e-03
0.000000000000000000e+00
0.000000000000000000e+00
1.215279251337051392e-01
6.104719042778015137e-01
0.000000000000000000e+00
9.259504824876785278e-02
7.352916896343231201e-02
7.572202682495117188e-01
1.999586522579193115e-01
3.378063812851905823e-02
9.907398372888565063e-02
1.845036894083023071e-01
4.337038993835449219e-01
3.482973873615264893e-01
0.000000000000000000e+00
9.745394438505172729e-02
3.063942193984985352e-01
1.216355012729763985e-03
0.000000000000000000e+00
3.108982443809509277e-01
2.187748439610004425e-03
4.918936192989349365e-01
0.000000000000000000e+00
3.267124593257904053e-01
6.992152333259582520e-01
8.462444692850112915e-02
7.138028144836425781e-01
2.967331409454345703e-01
2.153223007917404175e-01
7.984248399734497070e-01
1.743493601679801941e-02
2.504940748214721680e+00
3.709617853164672852e-01
9.470936655998229980e-01
0.000000000000000000e+00
1.407856494188308716e-01
9.888229370117187500e-01
1.296433210372924805e-01
1.340263243764638901e-02
3.438397496938705444e-02
4.330852925777435303e-01
4.366489350795745850e-01
7.091453075408935547e-01
0.000000000000000000e+00
3.575897216796875000e+00
4.192211106419563293e-02
3.452191874384880066e-02
7.395446766167879105e-03
1.726478454656898975e-03
1.562171336263418198e-02
9.690408706665039062e-01
2.912179470062255859e+00
4.213925823569297791e-02
7.579976916313171387e-01
0.000000000000000000e+00
5.429690703749656677e-02
1.174618452787399292e-01
9.345721453428268433e-03
8.142223954200744629e-01
8.268925361335277557e-03
6.525573879480361938e-02
2.410158216953277588e-01
2.114803194999694824e-01
8.276229351758956909e-02
1.142685264348983765e-01
2.553882598876953125e+00
2.409096211194992065e-01
1.515867770649492741e-03
1.693353176116943359e+00
0.000000000000000000e+00
1.190670058131217957e-01
2.642807066440582275e-01
1.393499225378036499e-02
1.360209733247756958e-01
0.000000000000000000e+00
2.000183798372745514e-02
2.922611869871616364e-02
3.153098002076148987e-02
1.219547074288129807e-02
1.353122949600219727e+00
2.677375450730323792e-02
1.819044947624206543e-01
4.848320037126541138e-02
0.000000000000000000e+00
4.586437046527862549e-01
2.262604422867298126e-02
2.290998119860887527e-03
0.000000000000000000e+00
8.587315082550048828e-01
0.000000000000000000e+00
2.381535023450851440e-01
1.624605208635330200e-01
7.680561393499374390e-03
1.479539275169372559e-01
1.595461368560791016e+00
0.000000000000000000e+00
0.000000000000000000e+00
3.445797264575958252e-01
3.071478195488452911e-02
0.000000000000000000e+00
5.026948172599077225e-03
4.676153883337974548e-02
2.403307706117630005e-02
0.000000000000000000e+00
0.000000000000000000e+00
2.463365159928798676e-02
0.000000000000000000e+00
8.893249034881591797e-01
5.070462077856063843e-02
6.607412826269865036e-03
6.247216463088989258e-01
3.141591548919677734e-01
2.507439553737640381e-01
0.000000000000000000e+00
1.708795130252838135e-02
6.645920220762491226e-03
7.100369930267333984e-01
1.894148439168930054e-01
7.081980258226394653e-02
0.000000000000000000e+00
0.000000000000000000e+00
5.598729103803634644e-02
1.965366721153259277e+00
8.041968345642089844e-01
2.906404249370098114e-02
4.475903883576393127e-02
5.494985729455947876e-02
4.817993938922882080e-02
0.000000000000000000e+00
0.000000000000000000e+00
3.541508615016937256e-01
6.538596004247665405e-02
0.000000000000000000e+00
2.075703293085098267e-01
8.109342455863952637e-01
0.000000000000000000e+00
6.369126588106155396e-02
0.000000000000000000e+00
0.000000000000000000e+00
6.596209853887557983e-02
3.572258055210113525e-01
5.976113080978393555e-01
8.565607666969299316e-01
1.981394886970520020e-01
1.302688360214233398e+00
1.590967178344726562e-03
8.619328141212463379e-01
4.784688353538513184e-03
2.357781678438186646e-01
0.000000000000000000e+00
2.748557180166244507e-02
7.505490183830261230e-01
5.932873114943504333e-02
1.275685578584671021e-01
2.682641893625259399e-02
2.139467447996139526e-01
1.412295550107955933e-01
9.873479604721069336e-01
0.000000000000000000e+00
1.700048893690109253e-01
3.303496837615966797e-01
1.404875665903091431e-01
0.000000000000000000e+00
1.287052869796752930e+00
3.962733317166566849e-03
8.626990914344787598e-01
8.970724046230316162e-02
2.165448367595672607e-01
5.116904899477958679e-02
2.346332669258117676e-01
1.184623092412948608e-01
7.463072985410690308e-02
2.201176166534423828e+00
1.035626009106636047e-01
1.500063657760620117e+00
0.000000000000000000e+00
1.793044246733188629e-02
0.000000000000000000e+00
1.248997926712036133e+00
2.659298658370971680e+00
6.212695688009262085e-02
1.990679949522018433e-01
0.000000000000000000e+00
0.000000000000000000e+00
4.798288457095623016e-03
2.066490411758422852e+00
0.000000000000000000e+00
0.000000000000000000e+00
5.129122734069824219e-01
0.000000000000000000e+00
2.865995764732360840e-01
0.000000000000000000e+00
1.633041203022003174e-01
0.000000000000000000e+00
3.363911062479019165e-02
1.095743570476770401e-02
0.000000000000000000e+00
1.884775280952453613e+00
1.727648377418518066e-01
0.000000000000000000e+00
1.521528810262680054e-01
4.946728795766830444e-02
8.403361588716506958e-02
0.000000000000000000e+00
2.361820787191390991e-01
8.924498558044433594e-01
0.000000000000000000e+00
1.091337483376264572e-02
0.000000000000000000e+00
1.626649856567382812e+00
4.081397950649261475e-01
2.118143998086452484e-02
0.000000000000000000e+00
0.000000000000000000e+00
1.357509661465883255e-02
2.638643048703670502e-02
2.660458087921142578e-01
0.000000000000000000e+00
1.795998960733413696e-02
1.430344462394714355e+00
1.308645755052566528e-01
0.000000000000000000e+00
1.590305417776107788e-01
8.978091180324554443e-02
8.895263820886611938e-02
0.000000000000000000e+00
0.000000000000000000e+00
4.031476750969886780e-02
8.438554406166076660e-02
1.352682360447943211e-03
2.089034914970397949e-01
0.000000000000000000e+00
4.716503992676734924e-02
7.102634757757186890e-03
6.263751536607742310e-03
0.000000000000000000e+00
1.737241595983505249e-01
9.759473055601119995e-02
6.449903547763824463e-02
0.000000000000000000e+00
0.000000000000000000e+00
1.548284143209457397e-01
1.777266524732112885e-02
6.942700743675231934e-01
2.304607629776000977e-01
2.939574718475341797e-01
2.232407592236995697e-02
1.508149039000272751e-02
2.060889005661010742e-01
0.000000000000000000e+00
7.271695882081985474e-02
5.064980685710906982e-02
1.361734032630920410e+00
1.968647725880146027e-02
2.659114599227905273e-01
0.000000000000000000e+00
3.317046761512756348e-01
3.484506905078887939e-02
0.000000000000000000e+00
3.013476371765136719e+00
9.897706657648086548e-02
2.573089674115180969e-02
9.717643260955810547e-03
2.338820099830627441e-01
0.000000000000000000e+00
2.253001928329467773e+00
3.839749693870544434e-01
2.541703544557094574e-02
4.839165508747100830e-02
0.000000000000000000e+00
3.237028419971466064e-01
9.518236853182315826e-03
0.000000000000000000e+00
4.576103016734123230e-02
2.347571216523647308e-02
4.562889933586120605e-01
4.226582646369934082e-01
4.351314544677734375e+00
2.606301307678222656e-01
2.052929252386093140e-02
5.296605229377746582e-01
1.113788262009620667e-01
6.198880076408386230e-02
1.799538493156433105e+00
8.703037351369857788e-02
4.399343393743038177e-03
3.722314164042472839e-02
1.329430788755416870e-01
9.107739329338073730e-01
0.000000000000000000e+00
1.095665618777275085e-01
1.597996711730957031e+00
7.901911623775959015e-03
2.339808046817779541e-01
0.000000000000000000e+00
1.728705167770385742e-01
1.285866498947143555e-01
8.071759939193725586e-01
6.863768398761749268e-02
0.000000000000000000e+00
1.173795908689498901e-01
6.038877740502357483e-02
0.000000000000000000e+00
7.182101607322692871e-01
1.140988431870937347e-03
6.810142397880554199e-01
0.000000000000000000e+00
1.963148638606071472e-02
4.332217574119567871e-02
9.892044663429260254e-01
0.000000000000000000e+00
1.297141075134277344e+00
2.483246028423309326e-01
4.344990253448486328e-01
9.906818866729736328e-01
2.314523011445999146e-01
0.000000000000000000e+00
7.375576347112655640e-02
7.082858681678771973e-01
1.700133271515369415e-02
3.489010334014892578e-01
2.565266132354736328e+00
0.000000000000000000e+00
3.594786673784255981e-02
7.148856669664382935e-02
0.000000000000000000e+00
0.000000000000000000e+00
1.193822503089904785e+00
2.568197846412658691e-01
7.387354373931884766e-01
0.000000000000000000e+00
1.647036871872842312e-03
2.309716492891311646e-02
0.000000000000000000e+00
4.796572029590606689e-02
0.000000000000000000e+00
3.199484571814537048e-02
1.740464419126510620e-01
3.749965503811836243e-02
1.813437044620513916e-01
0.000000000000000000e+00
0.000000000000000000e+00
0.000000000000000000e+00
1.324171066284179688e+00
2.623685896396636963e-01
0.000000000000000000e+00
1.730021089315414429e-02
4.067982546985149384e-03
2.287895679473876953e-01
1.624107547104358673e-02
0.000000000000000000e+00
0.000000000000000000e+00
2.904281318187713623e-01
1.053298637270927429e-01
5.973081104457378387e-03
4.845765605568885803e-02
2.102715149521827698e-02
0.000000000000000000e+00
6.695577502250671387e-01
9.819575585424900055e-03
2.272802829742431641e+00
1.270176842808723450e-03
0.000000000000000000e+00
6.592546701431274414e-01
8.605270981788635254e-01
2.159779667854309082e-01
1.533294213004410267e-03
4.931606650352478027e-01
0.000000000000000000e+00
2.624835968017578125e-01
2.283603549003601074e-01
6.729252636432647705e-02
1.666830107569694519e-02
1.702657043933868408e-01
4.243013635277748108e-02
1.174283325672149658e-01
0.000000000000000000e+00
4.701585695147514343e-02
0.000000000000000000e+00
6.892591714859008789e-02
5.594959855079650879e-01
1.229634806513786316e-01
1.293481737375259399e-01
3.195356726646423340e-01
5.746154114603996277e-03
0.000000000000000000e+00
1.417903006076812744e-01
1.463686302304267883e-02
3.616209328174591064e-02
0.000000000000000000e+00
3.963949903845787048e-02
3.018929436802864075e-02
1.921017318964004517e-01
1.570302695035934448e-01
1.656379252672195435e-01
5.390896275639533997e-02
1.235973462462425232e-02
1.053715124726295471e-01
3.928078711032867432e-01
0.000000000000000000e+00
4.132198635488748550e-03
0.000000000000000000e+00
1.221490502357482910e-01
1.409045327454805374e-02
1.641766354441642761e-02
0.000000000000000000e+00
6.822786331176757812e-01
1.634959429502487183e-01
3.591954708099365234e-01
4.895582497119903564e-01
1.489421278238296509e-01
9.945975244045257568e-02
2.866738438606262207e-01
1.366830348968505859e+00
9.542735666036605835e-02
3.810946345329284668e-01
0.000000000000000000e+00
1.658692240715026855e+00
3.167610615491867065e-02
2.407814264297485352e-01
4.580444693565368652e-01
0.000000000000000000e+00
0.000000000000000000e+00
0.000000000000000000e+00
5.278249979019165039e-01
8.490826934576034546e-02
1.373009204864501953e+00
4.077324271202087402e-02
2.291123010218143463e-02
0.000000000000000000e+00
8.615384809672832489e-03
2.499652802944183350e-01
1.316334456205368042e-01
1.218097954988479614e-01
8.637601137161254883e-01
1.409779395908117294e-02
1.321846693754196167e-01
1.893904642201960087e-03
1.427922546863555908e-01
0.000000000000000000e+00
1.834816671907901764e-02
0.000000000000000000e+00
9.586745500564575195e-02
8.962650783360004425e-03
2.414436817169189453e+00
4.943736076354980469e+00
3.872697055339813232e-02
2.005316503345966339e-02
4.138002544641494751e-02
1.377745997160673141e-03
0.000000000000000000e+00
8.264696598052978516e-02
0.000000000000000000e+00
1.192467808723449707e-01
0.000000000000000000e+00
2.346651554107666016e-01
1.085257604718208313e-01
3.231488540768623352e-02
0.000000000000000000e+00
4.216619580984115601e-02
1.500043272972106934e+00
0.000000000000000000e+00
0.000000000000000000e+00
5.061213970184326172e-01
1.751052623149007559e-04
8.864781856536865234e-01
1.927866786718368530e-01
0.000000000000000000e+00
0.000000000000000000e+00
1.111642923206090927e-02
0.000000000000000000e+00
0.000000000000000000e+00
0.000000000000000000e+00
3.078246116638183594e-01
1.496650218963623047e+00
9.110245108604431152e-02
1.375082135200500488e-01
6.656949222087860107e-02
3.951482474803924561e-01
8.709313273429870605e-01
2.519758462905883789e+00
2.902322914451360703e-03
0.000000000000000000e+00
1.422798335552215576e-01
9.435671567916870117e-02
1.115941628813743591e-01
3.326483070850372314e-01
4.193314015865325928e-01
3.259460628032684326e-02
2.082882523536682129e-01
1.539392948150634766e+00
5.320383310317993164e-01
1.264738440513610840e+00
0.000000000000000000e+00
0.000000000000000000e+00
3.174388706684112549e-01
1.266892552375793457e-01
0.000000000000000000e+00
4.243984073400497437e-02
3.302346765995025635e-01
2.930124104022979736e-01
0.000000000000000000e+00
2.332534343004226685e-01
4.129954278469085693e-01
2.908310890197753906e-01
4.018706828355789185e-02
6.297257542610168457e-02
2.774513559415936470e-03
1.822534389793872833e-02
2.884206473827362061e-01
1.063480749726295471e-01
5.130338668823242188e-01
2.815597876906394958e-02
1.806778162717819214e-01
0.000000000000000000e+00
1.922700852155685425e-01
1.374560501426458359e-02
6.194653734564781189e-02
2.370043039321899414e+00
2.311487793922424316e-01
0.000000000000000000e+00
1.436839532107114792e-02
7.326661050319671631e-02
1.741936564445495605e+00
3.018602356314659119e-02
8.387355506420135498e-02
1.650637835264205933e-01
7.285734266042709351e-02
1.010254263877868652e+00
1.041735522449016571e-03
4.469388723373413086e-02
0.000000000000000000e+00
2.439691573381423950e-01
3.546628475189208984e+00
1.786384731531143188e-02
1.568628251552581787e-01
2.386360168457031250e-01
3.253279030323028564e-01
2.918225824832916260e-01
0.000000000000000000e+00
7.853652834892272949e-01
0.000000000000000000e+00
4.314830899238586426e-01
0.000000000000000000e+00
3.843687102198600769e-02
0.000000000000000000e+00
0.000000000000000000e+00
1.682189106941223145e-02
5.641967430710792542e-02
2.201549336314201355e-02
3.316461667418479919e-02
7.851973772048950195e-01
5.571627989411354065e-02
0.000000000000000000e+00
1.511821597814559937e-01
2.801812291145324707e-01
2.477568574249744415e-02
1.453262101858854294e-02
1.018643565475940704e-02
5.442241579294204712e-02
1.613442450761795044e-01
1.304268717765808105e+00
6.997432112693786621e-01
0.000000000000000000e+00
5.931024551391601562e-01
2.335997968912124634e-01
7.624804973602294922e-01
2.692932821810245514e-02
1.109187453985214233e-01
1.642223119735717773e+00
4.615538716316223145e-01
9.136705994606018066e-01
6.193445250391960144e-02
1.083489805459976196e-01
0.000000000000000000e+00
4.674022495746612549e-01
1.710336446762084961e+00
5.562890321016311646e-03
0.000000000000000000e+00
7.963083684444427490e-03
1.427251696586608887e+00
0.000000000000000000e+00
3.181882500648498535e-01
2.414149604737758636e-02
7.737515866756439209e-02
4.899518191814422607e-02
9.396262466907501221e-03
0.000000000000000000e+00
1.320123523473739624e-01
4.747667908668518066e-01
0.000000000000000000e+00
4.571218490600585938e+00
9.316784888505935669e-02
1.126806974411010742e+00
1.495309174060821533e-02
1.519087255001068115e-01
0.000000000000000000e+00
2.091547489166259766e+00
9.968040585517883301e-01
1.861816644668579102e-01
0.000000000000000000e+00
2.799907922744750977e-01
3.883262276649475098e-01
4.889653995633125305e-02
8.615095168352127075e-03
0.000000000000000000e+00
8.276900649070739746e-02
4.048984497785568237e-02
6.764239072799682617e-02
1.293665409088134766e+00
4.247900098562240601e-02
7.959212525747716427e-04
6.220262497663497925e-02
6.203607469797134399e-02
0.000000000000000000e+00
1.473514139652252197e-01
1.794895052909851074e+00
8.550124764442443848e-01
2.368729412555694580e-01
3.187564760446548462e-02
0.000000000000000000e+00
2.632843703031539917e-02
0.000000000000000000e+00
2.619714736938476562e-01
1.989307552576065063e-01
2.031901627779006958e-01
0.000000000000000000e+00
1.152892038226127625e-02
1.001890078186988831e-01
4.788731634616851807e-01
1.347763687372207642e-01
9.576269984245300293e-02
3.242411836981773376e-02
7.416544556617736816e-01
2.135884612798690796e-01
5.710447207093238831e-02
1.899570524692535400e-01
7.720838487148284912e-02
0.000000000000000000e+00
3.149799406528472900e-01
1.693444401025772095e-01
6.994616985321044922e-02
7.572360336780548096e-02
5.991569161415100098e-01
4.785691499710083008e-01
7.977963984012603760e-02
8.807538449764251709e-02
0.000000000000000000e+00
5.197768332436680794e-04
7.162676453590393066e-01
1.030823797918856144e-03
0.000000000000000000e+00
5.576175171881914139e-03
4.103892147541046143e-01
0.000000000000000000e+00
3.601552248001098633e-01
5.738807320594787598e-01
2.400723546743392944e-01
0.000000000000000000e+00
0.000000000000000000e+00
1.322223991155624390e-01
3.468070412054657936e-03
0.000000000000000000e+00
2.100955396890640259e-01
1.036886423826217651e-01
0.000000000000000000e+00
8.929815143346786499e-02
4.932941794395446777e-01
1.980864629149436951e-02
2.713164389133453369e-01
7.085973024368286133e-02
5.831794142723083496e-01
1.088563203811645508e-01
9.596294164657592773e-02
0.000000000000000000e+00
5.821099504828453064e-03
3.815920650959014893e-01
0.000000000000000000e+00
0.000000000000000000e+00
1.188604116439819336e+00
8.615265786647796631e-02
2.834978401660919189e-01
2.438307739794254303e-02
9.985920786857604980e-01
3.499801829457283020e-02
2.729132538661360741e-03
0.000000000000000000e+00
4.307899624109268188e-03
0.000000000000000000e+00
1.648084260523319244e-02
9.079294651746749878e-02
4.734924063086509705e-02
0.000000000000000000e+00
2.460700925439596176e-03
0.000000000000000000e+00
2.058271691203117371e-02
9.659734964370727539e-01
2.190493047237396240e-01
3.004685789346694946e-02
1.452621221542358398e-01
1.368583589792251587e-01
1.493850499391555786e-01
1.309602022171020508e+00
1.353626847267150879e+00
0.000000000000000000e+00
0.000000000000000000e+00
3.280485048890113831e-02
2.457911893725395203e-02
0.000000000000000000e+00
8.814162015914916992e-02
1.490087714046239853e-03
1.503880880773067474e-02
4.159462079405784607e-02
1.174494102597236633e-01
0.000000000000000000e+00
2.537123300135135651e-02
6.864210218191146851e-02
0.000000000000000000e+00
0.000000000000000000e+00
0.000000000000000000e+00
0.000000000000000000e+00
1.714938879013061523e-01
1.079440712928771973e+00
1.753717511892318726e-01
7.223382592201232910e-02
1.566808223724365234e-01
3.953457996249198914e-02
0.000000000000000000e+00
2.655041962862014771e-02
0.000000000000000000e+00
0.000000000000000000e+00
1.110714524984359741e-01
4.203122854232788086e-02
3.972215056419372559e-01
0.000000000000000000e+00
6.402987055480480194e-03
4.738735556602478027e-01
3.551580905914306641e-01
2.654771506786346436e-01
1.026197075843811035e-01
2.724455296993255615e-02
2.976171970367431641e+00
5.448580905795097351e-02
0.000000000000000000e+00
2.514146454632282257e-02
0.000000000000000000e+00
6.672769039869308472e-02
4.908875524997711182e-01
0.000000000000000000e+00
4.203629866242408752e-02
0.000000000000000000e+00
1.716653108596801758e+00
0.000000000000000000e+00
1.302886843681335449e+00
2.450620651245117188e+00
5.756589397788047791e-02
3.963745012879371643e-02
2.900703549385070801e-01
1.668450832366943359e-01
1.531224399805068970e-01
2.161061465740203857e-01
1.688885688781738281e-02
1.218316629528999329e-01
5.752131342887878418e-02
1.198749914765357971e-01
3.465027809143066406e-01
0.000000000000000000e+00
2.172449231147766113e-02
1.299900263547897339e-01
5.968403816223144531e-01
6.199813261628150940e-02
1.382275670766830444e-01
3.758203089237213135e-01
1.699573397636413574e-01
1.135072231292724609e+00
9.100269526243209839e-02
1.497977256774902344e+00
4.179099202156066895e-02
1.775641560554504395e+00
2.955947443842887878e-02
4.782076776027679443e-01
2.058580517768859863e-01
2.869299650192260742e-01
1.477491017431020737e-02
4.920603707432746887e-02
0.000000000000000000e+00
1.269208908081054688e+00
4.989572614431381226e-02
1.055798888206481934e+00
1.149299205280840397e-03
2.365479320287704468e-01
2.118811011314392090e-02
0.000000000000000000e+00
0.000000000000000000e+00
2.220220565795898438e+00
0.000000000000000000e+00
4.996737241744995117e-01
8.569136857986450195e-01
4.039351046085357666e-01
0.000000000000000000e+00
0.000000000000000000e+00
1.988145709037780762e-02
2.092098236083984375e+00
7.646944839507341385e-03
6.075405701994895935e-02
4.595031496137380600e-03
1.084126472473144531e+00
0.000000000000000000e+00
0.000000000000000000e+00
3.094683587551116943e-02
1.827643066644668579e-02
1.892103105783462524e-01
2.068693283945322037e-03
7.386825233697891235e-02
0.000000000000000000e+00
0.000000000000000000e+00
1.125182271003723145e+00
1.015615463256835938e-01
4.859474673867225647e-02
7.270986214280128479e-03
2.937861084938049316e-01
5.772228837013244629e-01
1.016896814107894897e-01
4.168850835412740707e-03
0.000000000000000000e+00
2.582896351814270020e-01
9.765584953129291534e-03
1.037069439888000488e+00
0.000000000000000000e+00
4.024941008538007736e-03
1.436590403318405151e-01
5.514365434646606445e-02
0.000000000000000000e+00
8.578371256589889526e-02
4.499466717243194580e-02
1.188283786177635193e-02
5.496801342815160751e-03
1.169703807681798935e-02
1.421536668203771114e-03
1.390938460826873779e-02
8.005489408969879150e-02
9.138631820678710938e-02
0.000000000000000000e+00
4.450800120830535889e-01
7.186210751533508301e-01
4.688281118869781494e-01
0.000000000000000000e+00
1.732240803539752960e-02
4.001060128211975098e-01
3.707042429596185684e-03
0.000000000000000000e+00
0.000000000000000000e+00
0.000000000000000000e+00
0.000000000000000000e+00
5.849183797836303711e-01
0.000000000000000000e+00
0.000000000000000000e+00
0.000000000000000000e+00
2.371288277208805084e-02
0.000000000000000000e+00
6.191504001617431641e-01
3.812050342559814453e+00
3.315336465835571289e+00
5.479877591133117676e-01
2.024405635893344879e-03
1.236510742455720901e-02
4.373969510197639465e-02
4.179964661598205566e-01
1.338975783437490463e-02
3.832676410675048828e-01
7.628400623798370361e-02
1.629023812711238861e-02
2.694156765937805176e-01
2.575483024120330811e-01
2.235479503870010376e-01
8.912851661443710327e-02
3.718417406082153320e+00
4.075422417372465134e-03
1.213323831558227539e+00
4.388515353202819824e-01
0.000000000000000000e+00
5.972353368997573853e-02
1.036374196410179138e-01
1.333274133503437042e-02
1.386695951223373413e-01
2.036560624837875366e-01
3.826787471771240234e+00
3.381491005420684814e-01
0.000000000000000000e+00
6.086149811744689941e-01
2.047300934791564941e-01
2.497436404228210449e-01
2.234723091125488281e+00
5.684503912925720215e-02
6.002876325510442257e-04
5.245954394340515137e-01
2.041781097650527954e-01
2.679572701454162598e-01
8.561971187591552734e-01
5.344542860984802246e-02
0.000000000000000000e+00
7.844907045364379883e-02
7.093465328216552734e-02
0.000000000000000000e+00
0.000000000000000000e+00
1.324384659528732300e-01
7.540141344070434570e-01
1.684118993580341339e-02
0.000000000000000000e+00
7.390199601650238037e-02
0.000000000000000000e+00
0.000000000000000000e+00
5.014740824699401855e-01
7.059521675109863281e-01
0.000000000000000000e+00
1.090474128723144531e-01
4.137833416461944580e-02
5.767331272363662720e-02
0.000000000000000000e+00
0.000000000000000000e+00
5.930440966039896011e-03
8.957210928201675415e-02
7.290063798427581787e-02
9.952512383460998535e-01
6.833463907241821289e-01
1.093113303184509277e+00
0.000000000000000000e+00
5.272728204727172852e-02
1.431327313184738159e-01
0.000000000000000000e+00
0.000000000000000000e+00
4.024136960506439209e-01
2.018813639879226685e-01
8.636039681732654572e-03
3.165387809276580811e-01
0.000000000000000000e+00
8.966184407472610474e-02
4.614410400390625000e-01
5.945907235145568848e-01
0.000000000000000000e+00
0.000000000000000000e+00
1.952726542949676514e-01
1.025957763195037842e-01
5.545194745063781738e-01
5.459333658218383789e-01
2.199014835059642792e-02
0.000000000000000000e+00
5.353981163352727890e-03
0.000000000000000000e+00
0.000000000000000000e+00
0.000000000000000000e+00
1.230041027069091797e+00
2.448500841856002808e-01
3.958744406700134277e-01
4.833081245422363281e+00
5.134110525250434875e-02
6.835592389106750488e-01
7.107360363006591797e-01
4.705303534865379333e-02
0.000000000000000000e+00
2.266340330243110657e-02
0.000000000000000000e+00
4.569026175886392593e-03
9.404002688825130463e-03
2.478258311748504639e-02
7.000783681869506836e-01
0.000000000000000000e+00
0.000000000000000000e+00
0.000000000000000000e+00
7.449679821729660034e-02
1.411058008670806885e-01
0.000000000000000000e+00
0.000000000000000000e+00
6.940951943397521973e-01
1.506027698516845703e+00
3.489774093031883240e-02
7.998966611921787262e-03
8.185553550720214844e-01
2.842902205884456635e-02
1.121303960680961609e-01
0.000000000000000000e+00
1.448811292648315430e-01
1.480071246623992920e-01
0.000000000000000000e+00
2.121196538209915161e-01
4.107182621955871582e-01
8.188942074775695801e-01
4.387966915965080261e-02
0.000000000000000000e+00
2.503750085830688477e+00
4.910689294338226318e-01
4.722682933788746595e-04
1.369305104017257690e-01
1.991447061300277710e-03
2.078935384750366211e+00
2.661313861608505249e-02
5.490908399224281311e-02
1.195906661450862885e-02
3.925797343254089355e-01
0.000000000000000000e+00
2.555061317980289459e-02
8.010747283697128296e-02
0.000000000000000000e+00
0.000000000000000000e+00
2.198804140090942383e+00
0.000000000000000000e+00
2.268549427390098572e-02
1.181738357990980148e-02
7.275177240371704102e-01
5.056177377700805664e-01
0.000000000000000000e+00
0.000000000000000000e+00
1.083987951278686523e+00
4.928868263959884644e-02
2.749122679233551025e-01
0.000000000000000000e+00
6.942500919103622437e-02
4.156779125332832336e-02
2.551988698542118073e-02
1.475300431251525879e+00
4.333215951919555664e-02
1.458216309547424316e-01
5.627576112747192383e-01
1.735197938978672028e-02
6.212067604064941406e-01
1.646813601255416870e-01
5.245524644851684570e-01
1.322009414434432983e-01
8.244181871414184570e-01
0.000000000000000000e+00
2.694979012012481689e-01
1.171183511614799500e-01
1.492295712232589722e-01
4.235811531543731689e-01
0.000000000000000000e+00
2.668056190013885498e-01
7.362598776817321777e-01
3.161257803440093994e-01
5.639770627021789551e-01
0.000000000000000000e+00
2.102718830108642578e+00
4.047626256942749023e-01
1.314108725637197495e-03
4.085634276270866394e-02
2.612308979034423828e+00
1.537657380104064941e-01
8.499466776847839355e-01
1.518607288599014282e-01
6.887454539537429810e-02
2.278907746076583862e-01
3.314610570669174194e-02
3.292782977223396301e-02
2.287282705307006836e+00
1.853160001337528229e-02
0.000000000000000000e+00
0.000000000000000000e+00
1.871784925460815430e-01
2.815594896674156189e-03
2.633384764194488525e-01
1.210151910781860352e-01
5.299000144004821777e-01
1.415704004466533661e-02
0.000000000000000000e+00
2.753141820430755615e-01
2.930949330329895020e-01
1.681836545467376709e-01
0.000000000000000000e+00
0.000000000000000000e+00
0.000000000000000000e+00
3.992141485214233398e+00
1.514553558081388474e-03
1.016481146216392517e-01
9.856200963258743286e-02
1.548665016889572144e-01
2.776414528489112854e-02
0.000000000000000000e+00
9.443922340869903564e-02
0.000000000000000000e+00
6.942964345216751099e-02
2.236388683319091797e+00
5.414092540740966797e-01
1.347854435443878174e-01
1.780791133642196655e-01
6.278452277183532715e-02
2.144604921340942383e-01
1.440714001655578613e-01
8.768725991249084473e-01
3.420662283897399902e-01
4.064270108938217163e-02
1.179034471511840820e+00
1.372083574533462524e-01
2.685061283409595490e-02
2.043540328741073608e-01
1.018141210079193115e-02
2.525206804275512695e-01
4.200703501701354980e-01
1.670024544000625610e-02
1.582178622484207153e-01
3.879542350769042969e-01
9.936809539794921875e-02
4.828010559082031250e+00
3.075464069843292236e-01
4.070098996162414551e-01
3.594089299440383911e-03
1.726204063743352890e-03
9.590108878910541534e-03
4.436747636646032333e-03
1.382351964712142944e-01
1.066111177206039429e-01
3.066009376198053360e-03
2.045731991529464722e-01
0.000000000000000000e+00
2.372803539037704468e-02
1.080367922782897949e+00
0.000000000000000000e+00
2.194905839860439301e-02
3.023871183395385742e-01
2.672628462314605713e-01
3.304089978337287903e-02
1.186090946197509766e+00
0.000000000000000000e+00
0.000000000000000000e+00
1.636808961629867554e-01
6.466378923505544662e-03
0.000000000000000000e+00
0.000000000000000000e+00
1.046420484781265259e-01
0.000000000000000000e+00
8.904982823878526688e-04
1.258731931447982788e-01
7.744845002889633179e-02
3.237252682447433472e-02
7.815762609243392944e-02
7.559908926486968994e-02
7.854596376419067383e-01
3.112857043743133545e-01
1.736261323094367981e-02
5.686558783054351807e-03
2.379180490970611572e-01
1.573406974785029888e-03
7.015781998634338379e-01
3.717965185642242432e-01
1.400015205144882202e-01
2.241470962762832642e-01
0.000000000000000000e+00
5.376198291778564453e-01
8.161176741123199463e-02
1.501937747001647949e+00
5.126878153532743454e-03
0.000000000000000000e+00
5.274417623877525330e-02
7.369238883256912231e-02
0.000000000000000000e+00
1.725347995758056641e+00
0.000000000000000000e+00
1.041469350457191467e-01
0.000000000000000000e+00
4.153000712394714355e-01
0.000000000000000000e+00
1.037188172340393066e-01
3.300153464078903198e-02
1.341259572654962540e-02
6.446148753166198730e-01
8.149999380111694336e-01
1.188781619071960449e+00
0.000000000000000000e+00
3.626368939876556396e-02
3.629647567868232727e-02
0.000000000000000000e+00
0.000000000000000000e+00
2.132825106382369995e-01
2.087333239614963531e-03
0.000000000000000000e+00
0.000000000000000000e+00
1.809387952089309692e-01
7.380945980548858643e-02
3.246657848358154297e-01
1.151013746857643127e-01
4.099334776401519775e-01
8.492159098386764526e-02
5.909628234803676605e-03
0.000000000000000000e+00
1.192400977015495300e-01
0.000000000000000000e+00
1.524747133255004883e+00
7.351276278495788574e-02
2.501893043518066406e-01
2.625066041946411133e+00
1.775054633617401123e-02
2.389155030250549316e-01
0.000000000000000000e+00
1.582647860050201416e-02
8.909375220537185669e-02
1.089120376855134964e-02
1.150166057050228119e-02
2.966082096099853516e-02
1.352418810129165649e-01
2.721605077385902405e-02
2.904893755912780762e-01
6.685211509466171265e-02
0.000000000000000000e+00
1.481028199195861816e+00
3.108021616935729980e-01
0.000000000000000000e+00
2.233983576297760010e-01
2.767565548419952393e-01
4.426471292972564697e-01
1.576214075088500977e+00
1.060924213379621506e-02
4.151170700788497925e-02
7.120300531387329102e-01
1.814382895827293396e-02
2.791992127895355225e-01
5.457770451903343201e-02
0.000000000000000000e+00
6.139503791928291321e-02
5.798988938331604004e-01
1.126048326492309570e+00
0.000000000000000000e+00
4.286278188228607178e-01
4.047701656818389893e-01
6.018488407135009766e-01
0.000000000000000000e+00
9.202785789966583252e-03
5.755592137575149536e-03
0.000000000000000000e+00
1.615931093692779541e-01
4.832913875579833984e-01
0.000000000000000000e+00
3.480032458901405334e-02
1.365226134657859802e-02
1.177894696593284607e-01
2.527864091098308563e-02
9.766980260610580444e-02
8.860800415277481079e-02
7.293505221605300903e-02
9.436262249946594238e-01
0.000000000000000000e+00
0.000000000000000000e+00
3.590982407331466675e-02
7.856163382530212402e-01
0.000000000000000000e+00
3.789597749710083008e-02
4.082787036895751953e-01
1.828280091285705566e-01
2.509258389472961426e-01
8.470843732357025146e-02
2.846952974796295166e-01
0.000000000000000000e+00
7.005720585584640503e-02
0.000000000000000000e+00
0.000000000000000000e+00
0.000000000000000000e+00
0.000000000000000000e+00
2.120729237794876099e-01
1.463627696037292480e+00
2.937444746494293213e-01
0.000000000000000000e+00
4.539315402507781982e-02
0.000000000000000000e+00
3.295160531997680664e-01
5.785858258605003357e-02
0.000000000000000000e+00
5.852913260459899902e-01
4.619818031787872314e-01
7.968014478683471680e-02
0.000000000000000000e+00
8.234271407127380371e-02
2.143149673938751221e-01
6.358199566602706909e-02
3.208583686500787735e-03
6.720064878463745117e-01
0.000000000000000000e+00
0.000000000000000000e+00
7.332450896501541138e-02
1.932212352752685547e+00
7.935208827257156372e-02
2.334736473858356476e-02
8.710667490959167480e-02
6.062229350209236145e-02
0.000000000000000000e+00
7.908636331558227539e-01
0.000000000000000000e+00
0.000000000000000000e+00
1.311077028512954712e-01
1.398811787366867065e-01
3.074925858527421951e-03
5.728311538696289062e-01
1.213807985186576843e-02
6.228928640484809875e-02
6.898842751979827881e-02
0.000000000000000000e+00
0.000000000000000000e+00
0.000000000000000000e+00
0.000000000000000000e+00
5.302649736404418945e-02
3.087851218879222870e-02
3.127072751522064209e-01
2.099917888641357422e+00
8.083866834640502930e-01
1.439602766185998917e-02
8.787006884813308716e-02
5.627217292785644531e-01
2.348740249872207642e-01
0.000000000000000000e+00
2.309729456901550293e-01
2.537634372711181641e+00
0.000000000000000000e+00
2.439802736043930054e-01
1.234737504273653030e-02
2.595723867416381836e-01
1.597187668085098267e-01
0.000000000000000000e+00
5.532513931393623352e-02
0.000000000000000000e+00
0.000000000000000000e+00
1.605252176523208618e-01
0.000000000000000000e+00
4.245113432407379150e-01
0.000000000000000000e+00
8.477039635181427002e-02
2.218131572008132935e-01
1.283800899982452393e-01
0.000000000000000000e+00
0.000000000000000000e+00
0.000000000000000000e+00
3.243983723223209381e-03
7.151989731937646866e-03
1.394121170043945312e+00
0.000000000000000000e+00
4.441889524459838867e-01
0.000000000000000000e+00
1.650129109621047974e-01
5.126392468810081482e-02
0.000000000000000000e+00
7.763637602329254150e-02
2.507983148097991943e-02
9.406026005744934082e-01
3.542847186326980591e-02
3.020080924034118652e-02
0.000000000000000000e+00
2.052004635334014893e-01
0.000000000000000000e+00
1.724538952112197876e-02
2.623854577541351318e-01
2.795789539813995361e-01
1.019873842597007751e-01
0.000000000000000000e+00
3.090730309486389160e-01
1.256125792860984802e-02
1.482868194580078125e-01
0.000000000000000000e+00
1.512989640235900879e+00
0.000000000000000000e+00
1.068166457116603851e-02
0.000000000000000000e+00
0.000000000000000000e+00
4.703943151980638504e-03
0.000000000000000000e+00
4.515720307826995850e-01
0.000000000000000000e+00
1.903627514839172363e-01
3.811540305614471436e-01
7.792702317237854004e-02
2.062206715345382690e-01
2.273341417312622070e-01
3.887361148372292519e-03
7.492174506187438965e-01
1.095360144972801208e-02
4.266426339745521545e-02
1.018403470516204834e-02
2.910077013075351715e-02
7.325733900070190430e-01
0.000000000000000000e+00
6.480165570974349976e-02
2.911173272877931595e-03
1.705097258090972900e-01
1.631301343441009521e-01
2.046133875846862793e-01
1.860740035772323608e-02
5.254154801368713379e-01
0.000000000000000000e+00
1.173084005713462830e-01
2.431051731109619141e-01
4.605264365673065186e-01
2.125630527734756470e-01
0.000000000000000000e+00
3.420768976211547852e-01
2.747581899166107178e-01
7.243679463863372803e-02
0.000000000000000000e+00
2.720589041709899902e-01
1.318529695272445679e-01
2.218874171376228333e-03
6.127982214093208313e-02
0.000000000000000000e+00
3.165748715400695801e-01
1.758998036384582520e+00
0.000000000000000000e+00
9.776496142148971558e-02
1.138425245881080627e-01
6.531762331724166870e-02
4.437981918454170227e-02
7.490254193544387817e-02
2.872709035873413086e-01
3.259962424635887146e-02
3.935932517051696777e-01
1.406460553407669067e-01
6.820542216300964355e-01
1.958390027284622192e-01
2.711385965347290039e+00
2.439697086811065674e-01
5.512205362319946289e-01
2.153257429599761963e-01
0.000000000000000000e+00
8.403208851814270020e-02
5.348765477538108826e-02
0.000000000000000000e+00
0.000000000000000000e+00
0.000000000000000000e+00
0.000000000000000000e+00
8.507444262504577637e-01
1.390297058969736099e-02
1.424494851380586624e-02
1.966588944196701050e-01
0.000000000000000000e+00
3.699609756469726562e+00
4.032404124736785889e-01
1.277298331260681152e-01
3.175922483205795288e-02
1.081129983067512512e-01
4.106102287769317627e-01
0.000000000000000000e+00
1.202431097626686096e-01
1.287850141525268555e-01
6.471343636512756348e-01
3.262262791395187378e-02
3.238039910793304443e-01
1.490351408720016479e-01
0.000000000000000000e+00
1.698803901672363281e+00
4.665241390466690063e-02
6.150703132152557373e-02
1.724934220314025879e+00
1.069064363837242126e-01
2.227846980094909668e-01
2.774984762072563171e-02
2.007017284631729126e-02
2.141791135072708130e-01
1.411291062831878662e-01
1.849789321422576904e-01
4.826118424534797668e-02
4.372384548187255859e-01
1.528715342283248901e-01
1.004357218742370605e+00
5.096404552459716797e-01
1.198789030313491821e-01
7.475244812667369843e-03
1.290096342563629150e-01
0.000000000000000000e+00
1.131157483905553818e-02
8.105546832084655762e-01
0.000000000000000000e+00
0.000000000000000000e+00
1.111642837524414062e+00
1.889947452582418919e-03
0.000000000000000000e+00
0.000000000000000000e+00
0.000000000000000000e+00
2.964857518672943115e-01
1.403340399265289307e-01
0.000000000000000000e+00
1.172413490712642670e-02
5.275356769561767578e-01
1.147723123431205750e-01
5.429926514625549316e-02
3.087922930717468262e-02
1.600989326834678650e-02
0.000000000000000000e+00
1.232308372855186462e-01
4.500969946384429932e-01
1.018414366990327835e-02
9.233339130878448486e-02
6.048402190208435059e-02
3.123511970043182373e-01
5.285464525222778320e-01
8.613129705190658569e-02
2.808303758502006531e-02
1.130576524883508682e-02
1.452915072441101074e-01
0.000000000000000000e+00
8.978578448295593262e-01
1.323619782924652100e-01
0.000000000000000000e+00
1.719573736190795898e-01
2.216024557128548622e-03
2.070815414190292358e-01
1.016975194215774536e-01
3.637925535440444946e-02
1.804157495498657227e-01
0.000000000000000000e+00
0.000000000000000000e+00
1.262467026710510254e+00
0.000000000000000000e+00
3.561113178730010986e-01
0.000000000000000000e+00
1.610729657113552094e-02
6.458116769790649414e-01
2.720729261636734009e-02
2.835409017279744148e-03
0.000000000000000000e+00
3.426709771156311035e-01
2.530911445617675781e+00
0.000000000000000000e+00
5.325863882899284363e-02
2.185450047254562378e-01
0.000000000000000000e+00
2.231818288564682007e-01
1.724686324596405029e-01
2.952698171138763428e-01
0.000000000000000000e+00
9.878282994031906128e-02
5.951020400971174240e-03
6.465590745210647583e-02
0.000000000000000000e+00
8.594277501106262207e-02
3.403752297163009644e-02
4.597952067852020264e-01
1.131879389286041260e-01
1.003085356205701828e-02
4.779186274390667677e-04
5.786798521876335144e-02
0.000000000000000000e+00
0.000000000000000000e+00
0.000000000000000000e+00
1.347153484821319580e-01
3.549098968505859375e-02
2.361935824155807495e-01
5.898551344871520996e-01
2.224383205175399780e-01
1.080863922834396362e-02
7.296339608728885651e-03
0.000000000000000000e+00
2.058535255491733551e-02
1.766877472400665283e-01
2.202224219217896461e-03
0.000000000000000000e+00
0.000000000000000000e+00
3.747023642063140869e-01
1.328483130782842636e-02
3.833911716938018799e-01
0.000000000000000000e+00
4.533655643463134766e-01
1.542869023978710175e-02
7.067641243338584900e-03
3.487514099106192589e-03
3.319262266159057617e-01
0.000000000000000000e+00
2.574931271374225616e-02
4.563376307487487793e-01
5.597713217139244080e-02
0.000000000000000000e+00
0.000000000000000000e+00
5.319213494658470154e-02
3.149072825908660889e-01
0.000000000000000000e+00
1.486140787601470947e-01
