1.470080167055130005e-01
1.876637637615203857e-01
3.137701749801635742e-02
3.172565102577209473e-01
8.411173708736896515e-03
1.314834713935852051e+00
1.894484162330627441e-01
4.613422751426696777e-01
1.501204490661621094e+00
4.512224197387695312e+00
8.295152336359024048e-02
3.847500085830688477e-01
1.149932295083999634e-02
5.335193276405334473e-01
8.576066046953201294e-02
5.738008394837379456e-02
1.958856433629989624e-01
4.084491431713104248e-01
3.503831326961517334e-01
1.455071330070495605e+00
1.371869593858718872e-01
1.069225966930389404e-01
4.603509008884429932e-01
0.000000000000000000e+00
3.320243954658508301e-01
3.206993937492370605e-01
2.625105082988739014e-01
6.310254335403442383e-02
1.352431345731019974e-02
2.635786235332489014e-01
1.251638174057006836e+00
1.375994682312011719e+00
1.242023184895515442e-01
6.222906112670898438e-01
1.613939367234706879e-02
1.863129734992980957e-01
1.398089714348316193e-02
8.350439071655273438e-01
2.517228722572326660e-01
9.991796612739562988e-01
6.745874881744384766e-02
0.000000000000000000e+00
8.191297054290771484e-01
5.526819825172424316e-01
6.012906506657600403e-02
0.000000000000000000e+00
3.319773077964782715e-01
8.468039631843566895e-01
9.079966545104980469e-01
1.056856036186218262e+00
0.000000000000000000e+00
4.176267087459564209e-01
3.828237056732177734e-01
6.767117977142333984e-02
6.648977845907211304e-02
0.000000000000000000e+00
2.066331654787063599e-01
1.566859483718872070e-01
2.863977104425430298e-02
1.608140915632247925e-01
4.475754797458648682e-01
5.668106675148010254e-02
2.202380657196044922e+00
8.511359989643096924e-02
0.000000000000000000e+00
1.624341905117034912e-01
1.075522676110267639e-01
6.227089166641235352e-01
1.400567740201950073e-01
1.018738821148872375e-01
1.145514726638793945e+00
1.285538077354431152e+00
0.000000000000000000e+00
2.105180025100708008e-01
3.195611238479614258e-01
2.747781574726104736e-01
7.699027657508850098e-01
2.657057642936706543e-01
7.360916137695312500e-01
2.149191685020923615e-02
2.019295692443847656e+00
9.635954350233078003e-02
5.366740748286247253e-02
3.360202908515930176e-01
7.653962969779968262e-01
2.172741442918777466e-01
6.477199196815490723e-01
3.293497860431671143e-02
1.951910108327865601e-01
0.000000000000000000e+00
9.421282410621643066e-01
4.501284286379814148e-02
4.945847764611244202e-02
0.000000000000000000e+00
2.301225811243057251e-02
3.412330150604248047e-01
9.766690731048583984e-01
9.997134208679199219e-01
4.673513025045394897e-02
7.655181884765625000e-01
0.000000000000000000e+00
1.143259644508361816e+00
4.161573946475982666e-01
4.406836628913879395e-02
3.922417759895324707e-02
2.349064946174621582e-01
0.000000000000000000e+00
6.590286642313003540e-02
4.407942295074462891e-01
1.910778641700744629e+00
0.000000000000000000e+00
1.050438523292541504e+00
4.588065743446350098e-01
6.863744735717773438e+00
1.959837973117828369e-02
4.293605685234069824e-02
2.014771997928619385e-01
3.021245300769805908e-01
7.911394536495208740e-02
2.765148319303989410e-02
8.841296434402465820e-01
3.044430732727050781e+00
3.056328535079956055e+00
4.207557439804077148e-01
3.393549919128417969e-01
4.321033135056495667e-02
9.939606487751007080e-02
1.456848382949829102e-01
6.491822004318237305e-02
5.885387957096099854e-02
1.484555453062057495e-01
7.630460262298583984e-01
1.203076466917991638e-01
6.026638746261596680e-01
2.073440402746200562e-01
8.390728035010397434e-04
7.194119095802307129e-01
5.923034548759460449e-01
1.330793738365173340e+00
1.688461780548095703e+00
4.228875339031219482e-01
5.692220926284790039e-01
6.676774024963378906e-01
6.616378426551818848e-01
1.551344431936740875e-02
1.272468548268079758e-02
0.000000000000000000e+00
1.430166661739349365e-01
3.346540927886962891e-01
4.188873171806335449e-01
1.005496740341186523e+00
8.106332272291183472e-02
1.011720418930053711e+00
2.828265726566314697e-01
2.804247140884399414e-01
0.000000000000000000e+00
4.637416079640388489e-02
1.139189839363098145e+00
3.090133368968963623e-01
1.321920454502105713e-01
1.094724655151367188e+00
2.412250041961669922e-01
7.172014713287353516e-01
2.609567940235137939e-01
2.528517842292785645e-01
1.593820095062255859e+00
1.358370184898376465e-01
4.067918062210083008e-01
1.697771310806274414e+00
2.524500787258148193e-01
1.415027678012847900e-01
9.946215748786926270e-01
1.099578380584716797e+00
4.171812832355499268e-01
1.228598803281784058e-01
4.801240563392639160e-01
1.451725065708160400e-01
0.000000000000000000e+00
3.379886746406555176e-01
0.000000000000000000e+00
4.544371068477630615e-01
5.731445550918579102e-01
6.408020257949829102e-01
1.628306031227111816e+00
9.034305810928344727e-02
1.331527680158615112e-01
5.521338582038879395e-01
8.731704950332641602e-02
1.870079152286052704e-02
8.422441035509109497e-02
1.349254399538040161e-01
5.147050619125366211e-01
4.044118802994489670e-03
8.467173576354980469e-01
3.872717544436454773e-02
3.343470394611358643e-01
0.000000000000000000e+00
9.410566650331020355e-03
5.509735941886901855e-01
1.501815617084503174e-01
9.084930270910263062e-02
2.814978361129760742e-01
4.647465646266937256e-01
1.124947816133499146e-01
2.176063358783721924e-01
0.000000000000000000e+00
0.000000000000000000e+00
1.330160796642303467e-01
3.467711210250854492e-01
1.823166385293006897e-02
1.882389187812805176e-02
4.348237216472625732e-01
2.210500836372375488e-02
8.123373985290527344e-01
3.207334957551211119e-04
2.639554440975189209e-01
2.579604089260101318e-01
1.706109642982482910e+00
5.551819503307342529e-02
9.405636787414550781e-01
7.014353275299072266e-01
0.000000000000000000e+00
3.806922435760498047e-01
7.949841674417257309e-04
0.000000000000000000e+00
3.566416501998901367e-01
2.868386916816234589e-02
8.607159554958343506e-02
7.657415270805358887e-01
4.239853918552398682e-01
4.573321714997291565e-02
3.485884144902229309e-02
6.057277787476778030e-03
1.386919260025024414e+00
4.554625451564788818e-01
7.781767845153808594e-01
7.325226813554763794e-02
4.207766652107238770e-01
0.000000000000000000e+00
8.138375729322433472e-02
4.060372412204742432e-01
8.913793563842773438e-01
9.881481528282165527e-03
2.174734510481357574e-02
0.000000000000000000e+00
3.838299587368965149e-02
2.170265316963195801e-01
5.083618685603141785e-02
1.605532616376876831e-01
2.237451523542404175e-01
3.695054352283477783e-02
4.639793336391448975e-01
6.911641955375671387e-01
3.163450583815574646e-02
5.412749201059341431e-02
0.000000000000000000e+00
1.630142927169799805e-01
9.501791000366210938e-02
0.000000000000000000e+00
3.434260487556457520e-01
2.497659623622894287e-01
3.899371623992919922e-01
1.556986808776855469e+00
6.665112823247909546e-02
1.087169289588928223e+00
1.980381272733211517e-02
2.182755991816520691e-02
2.763599753379821777e-01
8.345023989677429199e-01
6.454844027757644653e-02
3.349033594131469727e-01
4.189862310886383057e-01
1.886052370071411133e+00
2.351785004138946533e-01
5.786450952291488647e-02
1.011234428733587265e-02
0.000000000000000000e+00
1.206647008657455444e-01
1.778804063796997070e-01
8.214699476957321167e-02
0.000000000000000000e+00
2.607139348983764648e-01
8.694042265415191650e-02
2.804484218358993530e-02
5.244325399398803711e-01
8.245991468429565430e-01
1.876550465822219849e-01
8.769692480564117432e-02
7.478922605514526367e-01
5.400063470005989075e-02
6.506332755088806152e-01
4.578580707311630249e-02
1.843428462743759155e-01
5.372806787490844727e-01
1.064302958548069000e-02
4.923932254314422607e-01
7.488113641738891602e-01
0.000000000000000000e+00
2.823193930089473724e-02
3.246317505836486816e-01
9.030232205986976624e-03
2.192473262548446655e-01
8.301168563775718212e-04
6.723820418119430542e-02
8.931283652782440186e-02
0.000000000000000000e+00
0.000000000000000000e+00
1.178753525018692017e-01
3.314365148544311523e-01
0.000000000000000000e+00
1.276909708976745605e-01
4.437297210097312927e-02
6.103295683860778809e-01
3.525387048721313477e-01
6.758772134780883789e-01
3.499473212286829948e-03
1.304531335830688477e+00
7.371094077825546265e-02
1.475112795829772949e+00
7.650833725929260254e-01
7.172610163688659668e-01
4.251089692115783691e-02
1.968780457973480225e-01
1.960767060518264771e-02
1.874310374259948730e+00
7.320734858512878418e-01
3.321384489536285400e-01
7.898384928703308105e-01
2.499521337449550629e-02
1.126812100410461426e+00
2.196372300386428833e-01
1.718683838844299316e+00
0.000000000000000000e+00
6.644154340028762817e-02
4.039165377616882324e-01
1.110123842954635620e-02
7.229840848594903946e-03
1.244541779160499573e-01
4.138459265232086182e-01
3.435944616794586182e-01
1.094131827354431152e+00
2.094856053590774536e-01
1.408095061779022217e-01
7.075527906417846680e-01
0.000000000000000000e+00
2.078590154647827148e+00
1.412676930427551270e+00
2.706750631332397461e+00
6.737808138132095337e-02
5.139029398560523987e-02
1.917065382003784180e-01
2.466444522142410278e-01
6.077414005994796753e-02
7.148945331573486328e-01
1.335056275129318237e-01
1.216101944446563721e-01
6.839293986558914185e-02
3.442008420825004578e-02
3.641635775566101074e-01
8.360271155834197998e-02
2.876679897308349609e-01
3.523283302783966064e-01
5.071840062737464905e-02
0.000000000000000000e+00
2.408262044191360474e-01
6.245935559272766113e-01
3.089645206928253174e-01
3.512173891067504883e-01
3.288207948207855225e-02
5.924705266952514648e-01
2.494665861129760742e+00
5.227003097534179688e-01
2.881510555744171143e-01
8.792292475700378418e-01
3.197955489158630371e-01
3.106975853443145752e-01
2.981522679328918457e-01
0.000000000000000000e+00
2.513507366180419922e+00
1.310388930141925812e-02
4.774191081523895264e-01
3.648260354995727539e+00
1.814338751137256622e-02
4.228561222553253174e-01
7.042636275291442871e-01
3.978558778762817383e-01
0.000000000000000000e+00
9.522560052573680878e-03
1.153880119323730469e+00
1.160803809762001038e-01
8.858627080917358398e-01
8.808880299329757690e-02
4.002537205815315247e-02
2.102059721946716309e-01
8.250412940979003906e-01
1.113861441612243652e+00
1.901282817125320435e-01
0.000000000000000000e+00
7.090022414922714233e-02
4.760416746139526367e-01
5.128619447350502014e-02
2.002672702074050903e-01
0.000000000000000000e+00
5.220053791999816895e-01
9.037363529205322266e-01
8.606375753879547119e-02
9.683503955602645874e-02
1.678628444671630859e+00
1.379653930664062500e+00
2.337031997740268707e-02
7.594418525695800781e-01
0.000000000000000000e+00
1.333038210868835449e+00
7.938681542873382568e-02
4.983887195587158203e+00
7.835626602172851562e-02
1.073650643229484558e-01
3.637446165084838867e-01
1.848236322402954102e-01
3.552272796630859375e+00
0.000000000000000000e+00
4.464734494686126709e-01
4.577572345733642578e-01
1.113273873925209045e-01
4.996735751628875732e-01
6.588786125183105469e+00
7.818717002868652344e+00
3.747871890664100647e-02
8.474547863006591797e-01
0.000000000000000000e+00
5.617443084716796875e+00
4.800661504268646240e-01
4.275493919849395752e-01
2.562165558338165283e-01
0.000000000000000000e+00
1.201866507530212402e+00
3.114379048347473145e-01
1.451555490493774414e-01
2.968110740184783936e-01
0.000000000000000000e+00
7.305330038070678711e-02
0.000000000000000000e+00
2.958760261535644531e-01
0.000000000000000000e+00
2.699491381645202637e-02
1.764702677726745605e+00
7.707573175430297852e-01
7.819613814353942871e-02
1.186556294560432434e-01
1.556139588356018066e-01
2.415229082107543945e+00
1.109981775283813477e+00
7.427994012832641602e-01
6.923686265945434570e-01
2.850961685180664062e-01
1.121597290039062500e+00
1.756006032228469849e-01
3.622800856828689575e-02
1.372835278511047363e+00
9.734230116009712219e-03
3.376962244510650635e-01
3.105697929859161377e-01
9.489215016365051270e-01
3.643163442611694336e-01
6.530269980430603027e-02
1.736081205308437347e-02
1.550272226333618164e+00
1.594154536724090576e-01
2.246122956275939941e-01
1.170985341072082520e+00
2.918356359004974365e-01
5.074597001075744629e-01
1.520183123648166656e-02
6.072310805320739746e-01
1.878652572631835938e+00
2.250832319259643555e+00
4.674375429749488831e-02
6.302729249000549316e-01
6.443120241165161133e-01
7.541727423667907715e-01
5.400862172245979309e-02
9.529329836368560791e-02
2.846846580505371094e-01
2.430247306823730469e+00
4.177374243736267090e-01
1.155511885881423950e-01
4.426981806755065918e-01
2.725798189640045166e-01
1.210661888122558594e+00
2.552460730075836182e-01
2.441547811031341553e-01
3.988165557384490967e-01
4.208528995513916016e-01
1.657230257987976074e-01
4.505738914012908936e-01
1.084514930844306946e-01
1.450151085853576660e+00
1.153803586959838867e+00
4.136546254158020020e-01
3.391935676336288452e-02
5.460009444504976273e-03
4.978449940681457520e-01
0.000000000000000000e+00
0.000000000000000000e+00
5.533709526062011719e-01
1.434062600135803223e+00
4.235298186540603638e-02
1.508190929889678955e-01
5.908390879631042480e-01
3.084564208984375000e-02
3.388718143105506897e-02
9.649395011365413666e-03
1.520046353340148926e+00
4.014155268669128418e-02
8.663779497146606445e-01
3.827699646353721619e-02
1.590960323810577393e-01
4.793150722980499268e-01
4.418644309043884277e-02
3.663123026490211487e-02
5.271398425102233887e-01
5.714984536170959473e-01
8.227623105049133301e-01
6.143130064010620117e-01
9.582871571183204651e-03
6.234650135040283203e+00
2.789776623249053955e-01
3.292269110679626465e-01
3.145408630371093750e-01
3.430328369140625000e-01
2.999440431594848633e-01
1.134816646575927734e+00
1.366998434066772461e+00
4.658585786819458008e-02
3.986749053001403809e-01
2.436002969741821289e+00
2.987764775753021240e-01
7.795740365982055664e-01
1.636410355567932129e-01
6.322555541992187500e-01
0.000000000000000000e+00
2.796122431755065918e-01
1.169202011078596115e-02
9.980111122131347656e-01
1.261753588914871216e-01
6.780822277069091797e-01
7.500571608543395996e-01
2.400299906730651855e-01
1.087449118494987488e-02
5.670773386955261230e-01
0.000000000000000000e+00
4.071200266480445862e-03
1.945057362318038940e-01
1.705372938886284828e-03
9.884640574455261230e-02
0.000000000000000000e+00
8.679565787315368652e-02
1.082157716155052185e-01
1.769626140594482422e-01
1.093453466892242432e-01
3.598259985446929932e-01
2.253453433513641357e-02
4.430755227804183960e-02
4.891847074031829834e-01
1.149488463997840881e-01
3.496500896289944649e-03
1.866656937636435032e-03
1.160220354795455933e-01
5.863352213054895401e-03
0.000000000000000000e+00
2.349488496780395508e+00
4.391291365027427673e-02
2.883697859942913055e-02
4.497263208031654358e-02
1.407114744186401367e+00
1.605131626129150391e-01
0.000000000000000000e+00
2.491568773984909058e-01
4.443619027733802795e-02
2.179766178131103516e+00
5.020861625671386719e-01
2.656627893447875977e-01
0.000000000000000000e+00
1.226387619972229004e+00
7.765351980924606323e-02
2.387061268091201782e-01
0.000000000000000000e+00
9.572009742259979248e-02
1.208916783332824707e+00
3.471935093402862549e-01
4.308572113513946533e-01
3.487598598003387451e-01
0.000000000000000000e+00
6.543551683425903320e-01
0.000000000000000000e+00
1.315674334764480591e-01
0.000000000000000000e+00
3.162057101726531982e-01
1.225835561752319336e+00
1.622589230537414551e-01
1.660729385912418365e-02
4.446137323975563049e-02
0.000000000000000000e+00
1.002119660377502441e+00
1.732201695442199707e+00
5.151134133338928223e-01
1.805913150310516357e-01
0.000000000000000000e+00
1.244716405868530273e+00
6.041191518306732178e-02
1.227443099021911621e+00
1.179615378379821777e+00
1.330965638160705566e+00
2.855489437934011221e-04
1.824876964092254639e-01
1.327622294425964355e+00
6.507804989814758301e-01
1.994761228561401367e-01
0.000000000000000000e+00
5.333843827247619629e-01
3.702694177627563477e-02
4.203142821788787842e-01
3.563198447227478027e-02
1.555192619562149048e-01
3.039619624614715576e-01
1.629686474800109863e+00
6.986463442444801331e-03
8.518661856651306152e-01
3.661607205867767334e-02
0.000000000000000000e+00
6.685038655996322632e-02
4.563234746456146240e-02
3.313414156436920166e-01
8.066613227128982544e-02
2.984861135482788086e-01
4.106149971485137939e-01
3.964290916919708252e-01
3.239100217819213867e+00
1.916041821241378784e-01
5.115645471960306168e-03
1.609134972095489502e-01
6.091458797454833984e+00
3.632964193820953369e-01
0.000000000000000000e+00
1.641948938369750977e+00
9.624716043472290039e-01
3.619276583194732666e-01
2.484485507011413574e-01
6.251084208488464355e-01
1.691717982292175293e+00
2.811453342437744141e-01
5.714479684829711914e-01
5.635538101196289062e-01
5.789855122566223145e-01
5.206041783094406128e-02
2.053238630294799805e+00
3.683086484670639038e-02
4.229632019996643066e-01
3.149577081203460693e-01
6.497843742370605469e+00
5.142146348953247070e-01
8.602126836776733398e-01
3.391901969909667969e+00
0.000000000000000000e+00
0.000000000000000000e+00
2.400655984878540039e+00
4.128385186195373535e-01
9.341412782669067383e-02
2.284894943237304688e+00
1.307238340377807617e-01
1.042056441307067871e+00
0.000000000000000000e+00
0.000000000000000000e+00
4.998240470886230469e-01
6.913988590240478516e-01
2.958208918571472168e-01
1.289197355508804321e-01
0.000000000000000000e+00
1.536244750022888184e-01
1.652964763343334198e-02
1.023494005203247070e-01
3.515855222940444946e-02
2.515384554862976074e-02
8.488652706146240234e-01
0.000000000000000000e+00
1.337105929851531982e-01
6.049242615699768066e-01
3.514822572469711304e-02
2.214504331350326538e-01
0.000000000000000000e+00
1.666126847267150879e+00
5.830985307693481445e-02
6.176263559609651566e-04
8.501085638999938965e-01
1.910959929227828979e-01
3.850020840764045715e-02
1.115009188652038574e-01
5.871435254812240601e-02
2.542358636856079102e-01
7.438309669494628906e+00
1.049996018409729004e+00
9.175986796617507935e-02
3.483673930168151855e-01
1.117664933204650879e+00
2.373550832271575928e-01
1.175745204091072083e-02
2.141900360584259033e-01
0.000000000000000000e+00
9.821411222219467163e-02
9.411687850952148438e-01
1.351667791604995728e-01
3.972212374210357666e-01
4.434701800346374512e-02
4.709512889385223389e-01
6.764956116676330566e-01
5.012459680438041687e-02
5.783419013023376465e-01
0.000000000000000000e+00
1.309737801551818848e+00
1.138755083084106445e-01
8.872804790735244751e-02
2.285427004098892212e-01
2.993094176054000854e-02
0.000000000000000000e+00
9.265154600143432617e-01
4.058127850294113159e-02
1.748154759407043457e+00
1.952522695064544678e-01
1.117680585593916476e-05
0.000000000000000000e+00
7.366440296173095703e-01
9.200954437255859375e-02
0.000000000000000000e+00
1.984102964401245117e+00
4.774880781769752502e-02
1.358492225408554077e-01
2.925081551074981689e-02
1.918087452650070190e-01
1.700289994478225708e-01
8.352725766599178314e-03
3.096396848559379578e-02
3.329637944698333740e-01
2.240121364593505859e-01
1.315376013517379761e-01
3.363130092620849609e-01
1.356616914272308350e-01
1.519519388675689697e-01
1.523191690444946289e+00
2.143107652664184570e-01
2.383688390254974365e-01
6.486566066741943359e-01
6.106203049421310425e-02
1.643245667219161987e-01
9.003534913063049316e-03
3.107811510562896729e-02
4.570819903165102005e-03
1.076257452368736267e-01
6.438466310501098633e-01
3.435728073120117188e+00
1.294307112693786621e+00
2.318464033305644989e-02
7.866038084030151367e-01
0.000000000000000000e+00
0.000000000000000000e+00
3.623138666152954102e-01
1.299361735582351685e-01
1.987655414268374443e-03
1.156656384468078613e+00
1.116108670830726624e-01
2.048275992274284363e-02
3.569278866052627563e-02
3.501035738736391068e-03
2.631781816482543945e+00
1.240825295448303223e+00
1.750926524400711060e-01
1.922660917043685913e-01
1.228750944137573242e-01
1.970234751701354980e+00
5.062317252159118652e-01
2.135253138840198517e-02
1.022771894931793213e-01
4.633210897445678711e-01
4.510304331779479980e-01
0.000000000000000000e+00
5.602791905403137207e-01
2.677535712718963623e-01
1.416472196578979492e-01
2.706637978553771973e-01
1.401906847953796387e+00
6.061518937349319458e-02
1.102712843567132950e-02
8.180770091712474823e-04
1.562118530273437500e-01
4.808738827705383301e-01
3.912215679883956909e-02
1.715380996465682983e-01
4.083034694194793701e-01
3.517949283123016357e-01
1.728282868862152100e-02
1.117889523506164551e+00
2.167235374450683594e+00
3.682505190372467041e-01
1.430007338523864746e+00
2.550183236598968506e-01
9.660796821117401123e-02
6.241226196289062500e-01
8.066084235906600952e-02
1.974452883005142212e-01
4.193409383296966553e-01
1.686972826719284058e-01
2.340545412153005600e-03
0.000000000000000000e+00
2.712990157306194305e-03
2.305882982909679413e-02
0.000000000000000000e+00
1.767095364630222321e-02
1.201245188713073730e+00
1.127257868647575378e-01
5.333195924758911133e-01
1.560333222150802612e-01
1.287137866020202637e+00
8.312548398971557617e-01
0.000000000000000000e+00
1.085037827491760254e+00
6.600179672241210938e-01
0.000000000000000000e+00
2.249327301979064941e-01
1.010992303490638733e-01
1.246230825781822205e-01
6.092495918273925781e-01
1.777169704437255859e-01
5.024337172508239746e-01
2.882062792778015137e-01
2.257784456014633179e-01
1.432618737220764160e+00
2.538854815065860748e-02
0.000000000000000000e+00
6.609675884246826172e-01
0.000000000000000000e+00
1.499965429306030273e+00
5.463024973869323730e-01
5.012273788452148438e-01
4.835367202758789062e-03
2.030070871114730835e-02
2.378061264753341675e-01
3.113644123077392578e-01
2.619824111461639404e-01
2.571742534637451172e-01
1.193177178502082825e-01
1.597688913345336914e+00
1.730975508689880371e-01
6.424189209938049316e-01
7.896175235509872437e-02
4.345153272151947021e-02
2.594779431819915771e-02
6.074021756649017334e-02
8.261571824550628662e-02
1.818960160017013550e-01
5.803354382514953613e-01
1.105222478508949280e-01
2.104698866605758667e-01
5.662607494741678238e-03
9.886504411697387695e-01
4.386863112449645996e-02
1.323217391967773438e+00
5.830516815185546875e-01
2.859874628484249115e-02
2.578011751174926758e-01
0.000000000000000000e+00
1.015302538871765137e-01
3.661946654319763184e-01
2.321962267160415649e-01
5.762302875518798828e+00
1.240022107958793640e-01
0.000000000000000000e+00
0.000000000000000000e+00
6.820013374090194702e-02
3.517387211322784424e-01
0.000000000000000000e+00
1.587947607040405273e-01
6.542965024709701538e-02
1.414483040571212769e-01
7.866119593381881714e-02
7.784142494201660156e-01
4.439788460731506348e-01
6.003946661949157715e-01
1.573213562369346619e-02
1.007115915417671204e-01
2.537342011928558350e-01
2.383783817291259766e+00
1.839384078979492188e+00
9.553782641887664795e-03
1.187551245093345642e-01
0.000000000000000000e+00
5.104836225509643555e-01
2.076384544372558594e+00
7.025751471519470215e-01
1.065523862838745117e+00
1.586483716964721680e+00
4.309906363487243652e-01
5.228676795959472656e+00
1.320219486951828003e-01
8.467909693717956543e-02
1.592385321855545044e-01
4.362125322222709656e-02
1.224627614021301270e+00
6.159319281578063965e-01
2.063038825988769531e+00
0.000000000000000000e+00
0.000000000000000000e+00
0.000000000000000000e+00
7.059925049543380737e-02
1.064141914248466492e-01
1.961666643619537354e-01
1.237949013710021973e+00
4.551671147346496582e-01
8.112496137619018555e-02
0.000000000000000000e+00
6.080646999180316925e-03
4.118824303150177002e-01
4.548540413379669189e-01
1.942970275878906250e+00
1.556336879730224609e-02
3.176281973719596863e-02
1.857832074165344238e-01
2.315080404281616211e+00
1.766913533210754395e+00
2.420008331537246704e-01
0.000000000000000000e+00
2.896106243133544922e-01
0.000000000000000000e+00
5.225799083709716797e-01
0.000000000000000000e+00
6.601737141609191895e-01
1.297212600708007812e+00
5.574542284011840820e-01
7.172124087810516357e-02
4.700952768325805664e-01
8.494260162115097046e-02
9.738028980791568756e-03
2.114632353186607361e-02
1.888067126274108887e+00
0.000000000000000000e+00
1.849671900272369385e-01
1.926329493522644043e+00
2.239124663174152374e-02
1.167056798934936523e+00
4.207662045955657959e-01
8.224631547927856445e-01
2.056916654109954834e-01
6.723513361066579819e-03
7.833302021026611328e-02
7.171061635017395020e-02
1.143530249595642090e+00
2.623106241226196289e-01
5.640381481498479843e-03
8.020608872175216675e-02
1.811265349388122559e-01
1.218700036406517029e-01
4.115785062313079834e-01
2.564156055450439453e+00
2.169188410043716431e-01
1.349668949842453003e-01
1.107019037008285522e-01
0.000000000000000000e+00
1.115656867623329163e-01
3.070484697818756104e-01
6.443536877632141113e-01
3.883965909481048584e-01
8.164229989051818848e-01
3.786965832114219666e-02
4.748680815100669861e-02
5.003431439399719238e-02
2.147256135940551758e+00
0.000000000000000000e+00
6.794803142547607422e-01
3.271683156490325928e-01
2.527692615985870361e-01
1.732639968395233154e-02
0.000000000000000000e+00
8.209698200225830078e-01
4.514922574162483215e-02
1.088954582810401917e-01
7.682963609695434570e-01
1.997801065444946289e-01
2.165630757808685303e-01
9.039188027381896973e-01
5.337948203086853027e-01
5.162043124437332153e-02
8.934395313262939453e-01
1.172947362065315247e-01
1.129859328269958496e+00
3.221546411514282227e-01
4.260111451148986816e-01
2.179452329874038696e-01
4.858441650867462158e-01
5.447164177894592285e-01
3.063729731366038322e-03
1.983503252267837524e-01
3.655402660369873047e-01
7.545207142829895020e-01
2.320760674774646759e-02
0.000000000000000000e+00
0.000000000000000000e+00
1.533379435539245605e+00
0.000000000000000000e+00
3.911313414573669434e-01
1.599027395248413086e+00
9.146092087030410767e-02
4.087611138820648193e-01
2.284167706966400146e-02
4.194779694080352783e-01
1.287618398666381836e+00
1.371410209685564041e-02
4.794672012329101562e+00
0.000000000000000000e+00
2.619516849517822266e-02
3.407048225402832031e+00
2.637901782989501953e+00
2.807714641094207764e-01
0.000000000000000000e+00
1.113213062286376953e+00
1.039561256766319275e-01
4.561534523963928223e-01
2.677084878087043762e-02
2.484321594238281250e-02
2.851315438747406006e-01
1.381778717041015625e-01
5.242106318473815918e-01
1.102163314819335938e+00
3.332240581512451172e-01
6.256812810897827148e-01
1.517288565635681152e+00
4.407456517219543457e-02
1.056422352790832520e+00
4.491718113422393799e-01
6.055911779403686523e-01
4.982500523328781128e-02
0.000000000000000000e+00
1.245712023228406906e-02
1.787746995687484741e-01
0.000000000000000000e+00
6.093801856040954590e-01
5.083394646644592285e-01
6.291742622852325439e-02
1.484431326389312744e-01
6.683705002069473267e-02
1.579914808273315430e+00
0.000000000000000000e+00
2.984005212783813477e-01
7.663921713829040527e-01
1.306831557303667068e-02
5.013162493705749512e-01
3.630968928337097168e-01
1.180261075496673584e-01
0.000000000000000000e+00
1.727767139673233032e-01
8.447966575622558594e-01
1.369279623031616211e-01
2.498251758515834808e-02
1.533367671072483063e-02
1.292515873908996582e+00
1.021694839000701904e-01
9.876485466957092285e-01
1.435173209756612778e-02
3.328956663608551025e-01
1.184769988059997559e+00
2.154315114021301270e-01
1.362125277519226074e+00
4.402762353420257568e-01
6.216826438903808594e-01
3.738338053226470947e-01
2.189975261688232422e+00
9.664421677589416504e-01
2.022393226623535156e+00
4.310759603977203369e-01
6.258551478385925293e-01
3.266836702823638916e-01
3.168360233306884766e+00
5.068693161010742188e-01
6.247150301933288574e-01
0.000000000000000000e+00
0.000000000000000000e+00
5.456401407718658447e-02
0.000000000000000000e+00
9.451935291290283203e-01
3.540068864822387695e-02
1.736481301486492157e-02
9.133654236793518066e-01
0.000000000000000000e+00
9.139652848243713379e-01
1.192623496055603027e+00
2.697567939758300781e-01
2.642831504344940186e-01
7.181835174560546875e-02
7.535347938537597656e-01
3.987678289413452148e-01
1.165902853012084961e+00
6.408924460411071777e-01
1.182195425033569336e+00
9.399984478950500488e-01
4.863385856151580811e-01
3.819528818130493164e-01
7.419358938932418823e-03
0.000000000000000000e+00
5.899985507130622864e-02
1.061083842068910599e-02
4.833443462848663330e-02
1.376999616622924805e-01
2.957059442996978760e-01
2.437272667884826660e-02
1.941868066787719727e+00
7.357476949691772461e-01
2.491849422454833984e+00
9.232625365257263184e-01
4.135683774948120117e-01
5.285235643386840820e-01
8.058031797409057617e-01
1.312092244625091553e-01
1.111606657505035400e-01
1.156049132347106934e+00
1.723770648241043091e-01
6.281321048736572266e-01
8.743824958801269531e-01
7.897781133651733398e-01
3.701726198196411133e+00
9.907449483871459961e-01
2.364875823259353638e-01
2.955427393317222595e-03
6.893181055784225464e-02
1.820324510335922241e-01
4.856518208980560303e-01
5.744041204452514648e-01
2.916483953595161438e-02
5.691746473312377930e-01
7.226188480854034424e-02
4.363305568695068359e-01
9.609107971191406250e-01
9.007297158241271973e-01
5.689078569412231445e-01
9.625857323408126831e-02
6.560795754194259644e-02
0.000000000000000000e+00
5.807902216911315918e-01
2.815728425979614258e+00
1.418575993739068508e-03
0.000000000000000000e+00
4.113814830780029297e+00
3.067488074302673340e-01
8.344117999076843262e-01
9.610847830772399902e-01
5.036168098449707031e-01
1.327111124992370605e+00
3.531035035848617554e-02
3.708684816956520081e-02
6.831781007349491119e-03
6.732590496540069580e-02
6.041558980941772461e-01
1.219557076692581177e-01
0.000000000000000000e+00
1.038028448820114136e-01
2.269742935895919800e-01
3.220880329608917236e-01
2.086606919765472412e-01
1.731656305491924286e-02
1.516512989997863770e+00
3.459550440311431885e-01
2.171958833932876587e-01
4.955844581127166748e-02
1.809815019369125366e-01
3.138239383697509766e-01
1.245735138654708862e-01
2.793559074401855469e+00
1.141667127609252930e+00
5.202095955610275269e-02
9.110064059495925903e-02
3.201379477977752686e-01
4.177120029926300049e-01
8.289952874183654785e-01
2.952190348878502846e-03
7.014429569244384766e-01
3.002039492130279541e-01
2.374258488416671753e-01
1.474687099456787109e+00
2.317246347665786743e-01
4.584088455885648727e-03
1.875939220190048218e-01
7.414564955979585648e-03
1.675558567047119141e+00
4.173763841390609741e-02
2.011376433074474335e-02
1.183608770370483398e-01
5.914255976676940918e-01
5.447188615798950195e-01
6.061819195747375488e-01
4.054780602455139160e-01
8.692697435617446899e-02
9.720677882432937622e-02
8.169072270393371582e-01
3.947982788085937500e-01
3.712263405323028564e-01
1.215873509645462036e-01
2.555796504020690918e-01
1.737052798271179199e-01
6.793876737356185913e-02
0.000000000000000000e+00
3.779265880584716797e-01
8.069133162498474121e-01
6.075525656342506409e-02
7.317101210355758667e-02
1.822188645601272583e-01
3.795083146542310715e-03
2.671430353075265884e-03
8.332288861274719238e-01
7.027590870857238770e-01
2.906549908220767975e-02
6.504734046757221222e-03
3.176222443580627441e-01
1.476560384035110474e-01
4.224113225936889648e-01
4.001268744468688965e-01
1.942921042442321777e+00
1.354114890098571777e+00
1.869275816716253757e-03
1.020356826484203339e-02
3.203802406787872314e-01
3.529849695041775703e-03
0.000000000000000000e+00
0.000000000000000000e+00
0.000000000000000000e+00
1.309180378913879395e+00
6.190571561455726624e-02
3.777741193771362305e+00
1.626765131950378418e-01
8.221336603164672852e-01
5.173910260200500488e-01
7.414348423480987549e-02
8.415874838829040527e-02
7.154955863952636719e-01
5.250233411788940430e-01
5.267747491598129272e-02
1.386406540870666504e+00
8.252649754285812378e-02
4.525724053382873535e-01
0.000000000000000000e+00
0.000000000000000000e+00
8.875920623540878296e-02
0.000000000000000000e+00
6.764169931411743164e-01
1.983286812901496887e-02
6.321682333946228027e-01
2.716042399406433105e-01
9.073688983917236328e-01
1.850938796997070312e+00
1.718384921550750732e-01
7.172861695289611816e-02
1.037940382957458496e-01
1.615628957748413086e+00
4.923806190490722656e-01
8.335040211677551270e-01
7.777642458677291870e-02
1.784316450357437134e-01
6.695807725191116333e-02
8.960707783699035645e-01
2.193051576614379883e-01
9.509417414665222168e-02
1.941779553890228271e-01
5.382127128541469574e-03
5.802931785583496094e-01
0.000000000000000000e+00
1.158469840884208679e-01
3.838660120964050293e-01
6.027254834771156311e-02
8.464264124631881714e-02
1.043407320976257324e-01
1.189330577850341797e+00
5.714364349842071533e-02
7.540528178215026855e-01
7.853512652218341827e-03
9.244262576103210449e-01
6.632188558578491211e-01
5.091284215450286865e-02
8.464388251304626465e-01
3.531487941741943359e+00
1.541990637779235840e-01
6.845989078283309937e-02
3.622862100601196289e-01
2.839130759239196777e-01
2.293744981288909912e-01
0.000000000000000000e+00
2.528042197227478027e-01
6.250675916671752930e-01
4.671597778797149658e-01
0.000000000000000000e+00
1.395967602729797363e-01
9.294964373111724854e-03
1.318127512931823730e-01
6.737773418426513672e-01
3.275109827518463135e-01
4.021472632884979248e-01
0.000000000000000000e+00
4.618292674422264099e-03
2.897847294807434082e-01
1.010748863220214844e+00
3.731295466423034668e-01
8.434092253446578979e-02
1.352210044860839844e-01
1.560246478766202927e-02
1.341712474822998047e+00
0.000000000000000000e+00
2.889775335788726807e-01
9.984602034091949463e-02
1.984345614910125732e-01
0.000000000000000000e+00
2.879929356276988983e-02
1.619503796100616455e-01
3.617967963218688965e-01
4.785747081041336060e-02
6.790956854820251465e-01
5.454193353652954102e-01
8.700992912054061890e-02
3.708535432815551758e-01
4.334830939769744873e-01
3.394258320331573486e-01
2.062099426984786987e-01
4.128020107746124268e-01
1.172899246215820312e+00
1.601770520210266113e-02
0.000000000000000000e+00
5.091279745101928711e-01
2.199541311711072922e-03
7.930713891983032227e-02
2.301267832517623901e-01
0.000000000000000000e+00
5.288842916488647461e-01
3.909916877746582031e-01
0.000000000000000000e+00
4.006902873516082764e-01
7.549520581960678101e-02
7.283236384391784668e-01
7.531488537788391113e-01
1.339137673377990723e+00
2.154015302658081055e+00
9.639288187026977539e-01
7.161350846290588379e-01
1.325033903121948242e-01
8.694096654653549194e-02
1.061927914619445801e+00
0.000000000000000000e+00
0.000000000000000000e+00
2.387789636850357056e-01
6.737643480300903320e-02
5.331410169601440430e-01
1.883573830127716064e-02
4.670470580458641052e-02
4.190495610237121582e-01
1.674015879631042480e+00
6.352093815803527832e-01
5.762165877968072891e-03
6.556289196014404297e-01
5.301043987274169922e-01
8.007214665412902832e-01
6.289911270141601562e+00
0.000000000000000000e+00
1.871774196624755859e+00
0.000000000000000000e+00
7.557129859924316406e-01
2.723067998886108398e+00
2.711607217788696289e-01
2.060911208391189575e-01
1.517649292945861816e+00
2.694649994373321533e-01
2.935549318790435791e-01
1.626626491546630859e+00
2.644444406032562256e-01
0.000000000000000000e+00
5.491752624511718750e-01
5.578978732228279114e-02
6.414437294006347656e-01
2.808678895235061646e-02
1.344678401947021484e-01
0.000000000000000000e+00
7.986010313034057617e-01
2.193306833505630493e-01
5.521103739738464355e-01
5.736322999000549316e-01
7.227006554603576660e-02
4.169318675994873047e-01
1.456010103225708008e+00
4.214389324188232422e-01
1.724093966186046600e-02
9.270864129066467285e-01
2.114511966705322266e+00
2.348256558179855347e-01
1.572902500629425049e-01
6.770355999469757080e-02
8.914378471672534943e-03
2.573193795979022980e-02
3.174540102481842041e-01
7.480416446924209595e-02
1.312727928161621094e-01
0.000000000000000000e+00
7.463053613901138306e-02
3.844298794865608215e-02
1.409838795661926270e+00
1.671046614646911621e+00
2.184576272964477539e+00
1.471322402358055115e-02
1.768718212842941284e-01
6.521824598312377930e-01
2.550790905952453613e-01
3.470260882750153542e-03
2.874168634414672852e+00
4.948298260569572449e-02
1.012001410126686096e-01
5.262712016701698303e-03
0.000000000000000000e+00
5.990386381745338440e-02
5.298017263412475586e-01
1.551250219345092773e+00
0.000000000000000000e+00
4.223347008228302002e-01
4.523929953575134277e-02
4.784361273050308228e-02
1.384243130683898926e+00
1.310026884078979492e+00
1.927865743637084961e-01
2.930620014667510986e-01
1.649392209947109222e-02
1.685481518507003784e-02
0.000000000000000000e+00
8.149261474609375000e-01
3.221923112869262695e+00
1.369925975799560547e+00
4.438525810837745667e-02
2.219886541366577148e+00
0.000000000000000000e+00
1.207903981208801270e+00
1.740033626556396484e-01
1.789223402738571167e-01
1.134403109550476074e+00
4.810170233249664307e-01
1.608599424362182617e-01
1.216156408190727234e-01
2.370570600032806396e-01
1.524186879396438599e-01
5.144531726837158203e-01
3.420300781726837158e-02
1.253897845745086670e-01
0.000000000000000000e+00
0.000000000000000000e+00
4.535154104232788086e-01
4.484755396842956543e-01
1.069926992058753967e-01
1.845433592796325684e+00
2.193316936492919922e+00
2.609952539205551147e-02
7.887520790100097656e-01
1.546687245368957520e+00
4.934076219797134399e-02
9.490852057933807373e-02
3.297491371631622314e-01
4.109435975551605225e-01
2.498944699764251709e-01
9.814513474702835083e-02
2.280389785766601562e+00
4.825157523155212402e-01
8.088633418083190918e-01
0.000000000000000000e+00
1.302252411842346191e-01
8.643925189971923828e-01
4.519228339195251465e-01
4.090265184640884399e-02
0.000000000000000000e+00
9.395492076873779297e-02
9.408994317054748535e-01
1.489246338605880737e-01
0.000000000000000000e+00
4.107916727662086487e-03
1.579253196716308594e+00
0.000000000000000000e+00
4.819322004914283752e-02
5.081803202629089355e-01
5.168665051460266113e-01
9.519092738628387451e-02
5.466560721397399902e-01
0.000000000000000000e+00
0.000000000000000000e+00
6.349808070808649063e-03
2.627700269222259521e-01
1.328979581594467163e-01
2.139865187928080559e-03
1.194054484367370605e+00
8.374908939003944397e-03
6.584497541189193726e-02
1.451925337314605713e-01
3.765889676287770271e-03
0.000000000000000000e+00
1.078881144523620605e+00
8.900907635688781738e-01
1.292823672294616699e+00
1.785370558500289917e-01
3.330456614494323730e-01
7.433573007583618164e-01
0.000000000000000000e+00
5.976292118430137634e-02
4.457638859748840332e-01
7.527821063995361328e-01
2.848010696470737457e-02
1.125554293394088745e-01
2.171219699084758759e-02
7.038720846176147461e-01
2.831753790378570557e-01
2.318478226661682129e-01
9.302622675895690918e-01
3.229970633983612061e-01
8.591756820678710938e-01
7.607676982879638672e-01
1.769501566886901855e-01
1.189742445945739746e+00
1.741635501384735107e-01
9.333751201629638672e-01
2.215548753738403320e-01
1.720179221592843533e-03
0.000000000000000000e+00
1.485371470451354980e+00
8.825730085372924805e-01
2.190935760736465454e-01
2.609087824821472168e-01
4.777653515338897705e-02
2.003681808710098267e-01
7.538345456123352051e-01
1.699991941452026367e+00
1.443923354148864746e+00
1.259511858224868774e-01
1.253861635923385620e-01
7.019165754318237305e-01
1.077387928962707520e+00
2.092816114425659180e+00
6.372011899948120117e-01
7.204840425401926041e-03
1.545832306146621704e-01
1.784132570028305054e-01
0.000000000000000000e+00
7.422760128974914551e-01
9.982760995626449585e-02
3.686476498842239380e-02
0.000000000000000000e+00
0.000000000000000000e+00
1.129483245313167572e-02
0.000000000000000000e+00
6.363091468811035156e-01
8.965787291526794434e-02
3.674414157867431641e-01
3.731349110603332520e-01
1.880769968032836914e+00
9.316049516201019287e-02
4.049486815929412842e-01
6.183835491538047791e-02
2.644097566604614258e+00
7.248356342315673828e-01
3.749341726303100586e+00
4.657826945185661316e-02
1.097492501139640808e-01
0.000000000000000000e+00
4.503429234027862549e-01
1.867102384567260742e-01
3.139085173606872559e-01
8.549353480339050293e-02
6.276918053627014160e-01
1.037949681282043457e+00
2.881881296634674072e-01
1.264914721250534058e-01
4.565958380699157715e-01
2.680959403514862061e-01
0.000000000000000000e+00
2.609475851058959961e-01
3.265308439731597900e-01
6.288174390792846680e-01
1.833345890045166016e-01
5.903895944356918335e-03
5.498673439025878906e+00
1.686391979455947876e-01
2.916302978992462158e-01
1.142580248415470123e-02
2.971339784562587738e-02
6.150106787681579590e-01
1.401901692152023315e-01
6.399772763252258301e-01
2.490573078393936157e-01
0.000000000000000000e+00
0.000000000000000000e+00
2.017626017332077026e-01
5.039054155349731445e-02
2.355728857219219208e-02
0.000000000000000000e+00
1.800046116113662720e-02
6.646705865859985352e-01
2.036727964878082275e-02
6.026259809732437134e-02
1.174015644937753677e-02
4.699826836585998535e-01
1.389552205801010132e-01
2.678433358669281006e-01
2.730502048507332802e-03
0.000000000000000000e+00
2.219329625368118286e-01
1.899473927915096283e-02
1.924409270286560059e-01
3.269557654857635498e-01
0.000000000000000000e+00
2.326060831546783447e-01
3.903012573719024658e-01
5.721451640129089355e-01
8.350200206041336060e-02
3.392321586608886719e+00
1.464663725346326828e-02
5.079670548439025879e-01
1.255692094564437866e-01
6.289339810609817505e-02
9.626846909523010254e-01
1.535057723522186279e-01
1.025162935256958008e-01
9.407028555870056152e-03
1.840211004018783569e-01
6.221552193164825439e-02
7.858747243881225586e-01
1.330437213182449341e-01
1.261756420135498047e+00
8.576972037553787231e-02
4.717552289366722107e-02
8.722828626632690430e-01
4.832481145858764648e-01
3.151805102825164795e-01
4.262378692626953125e+00
1.815640181303024292e-01
0.000000000000000000e+00
2.358804047107696533e-01
7.936099171638488770e-01
3.141048848628997803e-01
6.237768009305000305e-02
1.616689860820770264e-01
4.690596461296081543e-02
1.101579546928405762e+00
2.692858278751373291e-01
1.019271969795227051e+00
1.686430163681507111e-02
4.513828456401824951e-01
2.003877982497215271e-02
1.697538793087005615e-02
1.109480485320091248e-02
2.275858074426651001e-02
0.000000000000000000e+00
0.000000000000000000e+00
1.270657330751419067e-01
5.352783203125000000e-02
6.263744831085205078e-02
3.951992373913526535e-03
8.364677341887727380e-05
5.626941919326782227e-01
4.160357117652893066e-01
0.000000000000000000e+00
9.084205627441406250e-01
0.000000000000000000e+00
2.667907476425170898e-01
8.348932266235351562e-01
2.028328418731689453e+00
8.091108873486518860e-03
2.298672199249267578e+00
3.244678676128387451e-01
0.000000000000000000e+00
0.000000000000000000e+00
8.881144970655441284e-02
9.031518548727035522e-02
1.148076951503753662e-01
0.000000000000000000e+00
0.000000000000000000e+00
9.364217519760131836e-02
0.000000000000000000e+00
1.055794060230255127e-01
3.355546668171882629e-02
0.000000000000000000e+00
7.778845310211181641e+00
3.717165589332580566e-01
1.146229952573776245e-01
8.941535651683807373e-02
6.888276338577270508e-02
4.233707189559936523e-01
4.462225437164306641e-01
7.558009773492813110e-02
4.983682930469512939e-02
1.437380997231230140e-04
1.947039961814880371e-01
9.896132349967956543e-02
4.329637289047241211e-01
3.522615134716033936e-01
3.896786570549011230e-01
4.089951813220977783e-01
9.548204019665718079e-03
8.763333410024642944e-02
7.800288200378417969e-01
5.989094376564025879e-01
2.543987035751342773e-01
7.818724960088729858e-02
1.160548906773328781e-02
2.504741847515106201e-01
1.055923756211996078e-02
1.144047379493713379e+00
1.637258887290954590e+00
2.594135701656341553e-01
4.714635759592056274e-02
4.071464240550994873e-01
1.476835012435913086e+00
8.034879714250564575e-02
1.374415159225463867e+00
1.061264395713806152e+00
3.480935394763946533e-01
1.314434289932250977e+00
1.458578556776046753e-01
3.432370126247406006e-01
7.352644950151443481e-02
1.379107475280761719e+00
2.916057966649532318e-02
0.000000000000000000e+00
4.018188714981079102e-01
1.092995047569274902e+00
3.685774803161621094e-01
1.096893996000289917e-01
7.606289535760879517e-02
9.522492438554763794e-02
1.271098732948303223e+00
6.501647084951400757e-02
1.146701276302337646e-01
0.000000000000000000e+00
5.935246497392654419e-02
4.947596490383148193e-01
1.887398242950439453e+00
2.538217902183532715e-01
3.616404533386230469e-01
5.051330663263797760e-03
1.464533448219299316e+00
2.951005287468433380e-02
4.028514921665191650e-01
0.000000000000000000e+00
1.410076498985290527e+00
6.825142540037631989e-03
2.208989579230546951e-03
4.749273061752319336e-01
1.326552629470825195e-01
5.925445556640625000e+00
6.169759854674339294e-02
1.403383374214172363e+00
6.225534677505493164e-01
1.770032286643981934e+00
2.080737985670566559e-02
1.176622360944747925e-01
1.892055273056030273e-01
8.479623124003410339e-03
3.215158358216285706e-02
2.069793939590454102e-01
6.454547401517629623e-03
5.350780487060546875e-01
8.546358942985534668e-01
3.933261036872863770e-01
1.349419236183166504e+00
5.604892373085021973e-01
2.083427011966705322e-01
4.790127873420715332e-01
2.190504781901836395e-02
5.197675898671150208e-03
3.924759626388549805e+00
1.195100136101245880e-02
2.461095809936523438e+00
2.413896024227142334e-01
5.458583310246467590e-02
1.211097463965415955e-01
0.000000000000000000e+00
0.000000000000000000e+00
2.897312343120574951e-01
1.781245350837707520e+00
6.878753304481506348e-01
4.922434687614440918e-02
2.656324952840805054e-02
9.394685626029968262e-01
3.090478852391242981e-02
5.052588582038879395e-01
2.642585635185241699e-01
3.159186124801635742e+00
4.666880704462528229e-03
2.110793352127075195e+00
5.244655907154083252e-02
1.399854421615600586e-01
0.000000000000000000e+00
2.349557429552078247e-01
1.740863174200057983e-01
8.371630907058715820e-01
3.401569649577140808e-02
3.532928705215454102e+00
4.737479686737060547e-01
1.730479836463928223e+00
1.058592796325683594e+00
7.890749722719192505e-02
1.490749567747116089e-01
1.504243493080139160e+00
1.318021677434444427e-02
4.694413291872479022e-05
2.473968565464019775e-01
3.957791924476623535e-01
6.737285852432250977e-02
1.492044687271118164e+00
2.506452798843383789e-01
5.516805499792098999e-02
3.073244690895080566e-01
2.026709318161010742e+00
1.838727891445159912e-01
4.759400486946105957e-01
1.596891433000564575e-01
7.435051724314689636e-03
2.818815708160400391e-01
1.356115844100713730e-02
8.081664144992828369e-02
6.223686784505844116e-02
0.000000000000000000e+00
1.052786827087402344e+00
4.251996278762817383e-01
2.810488700866699219e+00
1.268516331911087036e-01
3.563175499439239502e-01
4.091727547347545624e-03
1.456870436668395996e+00
1.106525659561157227e+00
7.984551042318344116e-02
1.613576859235763550e-01
2.761100530624389648e+00
4.393332302570343018e-01
2.052758336067199707e-01
0.000000000000000000e+00
1.633722335100173950e-01
2.888818979263305664e-01
9.460836648941040039e-02
6.598706245422363281e-01
0.000000000000000000e+00
1.099362730979919434e+00
4.388993680477142334e-01
2.837993204593658447e-01
1.382769644260406494e-01
1.283699393272399902e+00
9.600096195936203003e-02
7.765495777130126953e-01
1.567273586988449097e-01
3.345481455326080322e-01
5.230695009231567383e-03
2.975561618804931641e-01
1.052312627434730530e-01
5.466329455375671387e-01
0.000000000000000000e+00
3.879192471504211426e-01
6.698445975780487061e-02
6.686044931411743164e-01
1.164156645536422729e-01
0.000000000000000000e+00
5.963887572288513184e-01
7.318514585494995117e-01
1.216047257184982300e-01
1.493159830570220947e-01
1.114558577537536621e+00
1.130311563611030579e-01
6.292549427598714828e-03
2.016230970621109009e-01
6.546288132667541504e-01
1.789515495300292969e+00
2.138808488845825195e+00
4.988177418708801270e-01
8.294357061386108398e-01
1.237847730517387390e-01
1.301718652248382568e-01
4.265214502811431885e-01
4.282197475433349609e+00
1.108128875494003296e-01
2.495446503162384033e-01
4.733564555644989014e-01
5.590068101882934570e-01
6.002809479832649231e-02
6.674399226903915405e-02
5.429277420043945312e-01
8.777918815612792969e-01
5.740567445755004883e-01
2.235140055418014526e-01
9.090675711631774902e-01
7.042968869209289551e-01
4.554082453250885010e-02
6.213414482772350311e-03
5.118383094668388367e-02
4.334487915039062500e-01
6.518551707267761230e-01
5.662896037101745605e-01
6.080545112490653992e-02
3.380360454320907593e-02
0.000000000000000000e+00
3.397355601191520691e-02
9.719590842723846436e-02
3.036434650421142578e-01
1.881934702396392822e-01
7.824155502021312714e-03
8.027006685733795166e-02
6.915633678436279297e-01
1.544741690158843994e-01
2.041898965835571289e+00
2.834790647029876709e-01
1.762225478887557983e-01
1.370658427476882935e-01
3.587091922760009766e+00
5.224395275115966797e+00
1.672773361206054688e-01
4.928401112556457520e-02
1.032204329967498779e-01
3.063066005706787109e-01
6.924957036972045898e-03
1.372592300176620483e-01
1.383299231529235840e+00
0.000000000000000000e+00
8.937048166990280151e-02
2.755147218704223633e-01
1.900727450847625732e-01
9.011287987232208252e-02
3.396012485027313232e-01
2.154114395380020142e-01
2.687562815845012665e-02
1.564626544713973999e-01
5.921761393547058105e-01
6.412484496831893921e-02
5.215176105499267578e+00
5.618017315864562988e-01
1.886706501245498657e-01
4.994471743702888489e-02
3.284816443920135498e-01
6.163935661315917969e-01
1.183119058609008789e+00
6.931304931640625000e-01
8.687944412231445312e-01
5.226510763168334961e-01
8.215227723121643066e-02
2.002595186233520508e+00
0.000000000000000000e+00
5.075248330831527710e-02
2.837498188018798828e-01
2.564738392829895020e-01
7.812885195016860962e-02
7.743322290480136871e-03
8.066956698894500732e-02
1.116756558418273926e+00
0.000000000000000000e+00
8.024291694164276123e-02
0.000000000000000000e+00
8.337445259094238281e-01
8.365575075149536133e-01
3.560050129890441895e-01
8.559284359216690063e-02
4.968729615211486816e-01
2.067149162292480469e+00
2.371381409466266632e-02
1.081060096621513367e-01
4.952050745487213135e-01
1.670084714889526367e+00
1.206961050629615784e-01
7.774892449378967285e-01
3.258777856826782227e-01
2.113360017538070679e-01
0.000000000000000000e+00
7.845486402511596680e-01
4.509408175945281982e-01
1.397294521331787109e+00
2.297777831554412842e-01
9.854933023452758789e-01
3.348637605085968971e-03
5.603089928627014160e-01
4.422391578555107117e-02
1.975767493247985840e+00
1.555202901363372803e-02
4.252541959285736084e-01
6.063047051429748535e-01
4.399116039276123047e-01
5.501589179039001465e-02
5.142928361892700195e-01
0.000000000000000000e+00
3.975902125239372253e-02
4.623560309410095215e-01
7.516914606094360352e-02
5.590195655822753906e-01
2.334640547633171082e-02
8.367396146059036255e-02
1.731075048446655273e-01
6.794947385787963867e-01
3.078748941421508789e+00
3.155973553657531738e-01
1.504765748977661133e+00
2.637506127357482910e-01
5.437234789133071899e-02
2.056670039892196655e-01
1.062474250793457031e-01
5.487362295389175415e-02
7.589991688728332520e-01
2.138559706509113312e-02
1.550883799791336060e-01
3.056689500808715820e-01
8.384501934051513672e-02
4.657411947846412659e-02
4.100853204727172852e-01
4.078886806964874268e-01
6.404121518135070801e-01
0.000000000000000000e+00
3.063012147322297096e-03
2.331327199935913086e-01
8.932031691074371338e-02
1.210460960865020752e-01
2.859513163566589355e-01
7.609366774559020996e-01
0.000000000000000000e+00
2.140435427427291870e-01
4.826147109270095825e-02
4.289468228816986084e-01
2.222200483083724976e-02
2.203563451766967773e-01
3.486676141619682312e-03
1.900138407945632935e-01
1.277906179428100586e+00
8.365258574485778809e-02
8.245625495910644531e-01
3.300947602838277817e-03
6.571611166000366211e-01
1.536393016576766968e-01
3.576207160949707031e-01
0.000000000000000000e+00
2.023585736751556396e-01
2.164810895919799805e-01
0.000000000000000000e+00
4.046961367130279541e-01
1.130985140800476074e+00
2.935952842235565186e-01
4.219397902488708496e-03
2.826646342873573303e-02
2.835071980953216553e-01
2.263891696929931641e-01
7.604042291641235352e-01
1.995737552642822266e+00
1.896476745605468750e+00
7.200688123703002930e-03
1.378468424081802368e-01
