5.495126843452453613e-01
1.115837216377258301e+00
1.099130660295486450e-01
1.583019495010375977e-01
3.746012747287750244e-01
1.529220223426818848e+00
5.676267743110656738e-01
8.168728351593017578e-01
1.732439517974853516e+00
1.208047032356262207e+00
7.614990230649709702e-03
4.675827026367187500e-01
1.335387378931045532e-01
1.379567533731460571e-01
7.479731440544128418e-01
4.872224032878875732e-01
5.482151508331298828e-01
1.046241149306297302e-01
5.639890432357788086e-01
1.025442600250244141e+00
5.540238022804260254e-01
1.437832397641614079e-04
2.954684793949127197e-01
1.720202267169952393e-01
3.024618327617645264e-01
3.482345119118690491e-02
4.702695459127426147e-02
3.511852771043777466e-02
3.647027313709259033e-01
3.542103767395019531e-01
6.228593587875366211e-01
4.934723377227783203e+00
7.779879570007324219e-01
7.368598580360412598e-01
7.095165848731994629e-01
1.047759413719177246e+00
6.685382127761840820e-02
4.651534855365753174e-01
4.989170134067535400e-01
8.908720314502716064e-02
7.208386063575744629e-01
3.355017602443695068e-01
2.896912163123488426e-03
8.358871936798095703e-01
0.000000000000000000e+00
1.317952156066894531e+00
2.360538765788078308e-02
2.038653045892715454e-01
3.572587668895721436e-02
4.305366873741149902e-01
1.915584504604339600e-02
7.367698550224304199e-01
1.240218505263328552e-01
3.618656098842620850e-01
0.000000000000000000e+00
1.185895800590515137e+00
4.712513089179992676e-01
4.590581059455871582e-01
7.334988713264465332e-01
8.084966987371444702e-02
1.804318070411682129e+00
3.420667946338653564e-01
2.297433614730834961e+00
3.805858492851257324e-01
7.218615412712097168e-01
1.969942748546600342e-01
1.035577297210693359e+00
1.717789888381958008e+00
1.899830102920532227e-01
5.460495352745056152e-01
1.971513390541076660e+00
1.081661134958267212e-01
1.436163298785686493e-02
1.062108039855957031e+00
5.128840357065200806e-02
1.569420337677001953e+00
1.668967366218566895e+00
1.246937513351440430e-01
1.450096011161804199e+00
1.081577315926551819e-01
2.015663623809814453e+00
3.495157882571220398e-02
8.445138484239578247e-02
2.753611505031585693e-01
6.389303207397460938e-01
1.869723916053771973e+00
1.831332445144653320e-01
1.873883008956909180e-01
0.000000000000000000e+00
3.627683967351913452e-02
2.123502939939498901e-01
0.000000000000000000e+00
1.659704685211181641e+00
6.976061314344406128e-02
6.572250276803970337e-02
3.272118568420410156e-01
1.354450345039367676e+00
1.259440422058105469e+00
3.640556335449218750e-02
9.972512125968933105e-01
2.152802944183349609e-01
9.088253378868103027e-01
1.092937111854553223e+00
4.129999876022338867e-01
2.134482860565185547e+00
3.885587453842163086e-01
7.941523566842079163e-03
4.087544977664947510e-01
2.077988237142562866e-01
3.291748046875000000e+00
5.302442237734794617e-02
7.925089001655578613e-01
1.689310312271118164e+00
5.922345817089080811e-02
5.862293839454650879e-01
1.492255777120590210e-01
3.003393411636352539e-01
0.000000000000000000e+00
3.588993549346923828e-01
1.066429018974304199e+00
1.539898514747619629e-01
8.860205858945846558e-02
2.188303023576736450e-01
9.754702448844909668e-01
2.105973511934280396e-01
7.979706861078739166e-03
0.000000000000000000e+00
4.034460484981536865e-01
8.134111762046813965e-01
1.698029935359954834e-01
8.101924508810043335e-02
4.555298984050750732e-01
3.421133458614349365e-01
8.257538825273513794e-02
1.056122541427612305e+00
2.088047266006469727e-01
2.168446183204650879e-01
8.019294142723083496e-01
1.137648344039916992e+00
3.033362925052642822e-01
5.439809337258338928e-02
5.894423723220825195e-01
7.274376153945922852e-01
2.904139645397663116e-02
1.701959073543548584e-01
1.953551173210144043e-02
6.516175866127014160e-01
7.078397274017333984e-01
4.551777243614196777e-02
1.445563603192567825e-02
2.509740591049194336e-01
0.000000000000000000e+00
2.961179018020629883e-01
1.603787422180175781e+00
1.378545045852661133e+00
2.880526185035705566e-01
2.650368213653564453e-01
1.072858214378356934e+00
1.254462152719497681e-01
1.973540037870407104e-01
9.221991896629333496e-01
8.565023541450500488e-01
1.004054665565490723e+00
9.899542927742004395e-01
0.000000000000000000e+00
1.039963603019714355e+00
1.061650291085243225e-01
6.393654346466064453e-01
7.454559206962585449e-02
4.150773584842681885e-01
6.658414602279663086e-01
9.529948234558105469e-01
7.995096445083618164e-01
5.988416075706481934e-01
7.755887694656848907e-03
2.775834321975708008e+00
1.017887368798255920e-01
9.607945680618286133e-01
3.780405223369598389e-02
1.129455566406250000e+00
1.592283606529235840e+00
2.498500645160675049e-01
6.325075030326843262e-01
1.744443029165267944e-01
2.338744234293699265e-03
5.570671558380126953e-01
4.419149160385131836e-01
1.591286301612854004e+00
2.441384643316268921e-01
2.104113101959228516e-01
3.095391392707824707e-01
6.760006397962570190e-02
2.770007848739624023e-01
2.964601218700408936e-01
2.078469097614288330e-02
2.484850734472274780e-01
9.714272022247314453e-01
3.943828940391540527e-01
8.535747975111007690e-02
4.335384368896484375e-01
0.000000000000000000e+00
3.234800994396209717e-01
7.127173990011215210e-02
2.303309291601181030e-01
1.291504502296447754e-01
1.190098404884338379e+00
1.859435588121414185e-01
1.453619152307510376e-01
3.433017432689666748e-01
6.804247945547103882e-02
2.251291424036026001e-01
6.930586099624633789e-01
1.676000058650970459e-01
7.172752618789672852e-01
8.448858559131622314e-02
2.989089965820312500e+00
4.382745921611785889e-01
1.187252067029476166e-02
6.228465437889099121e-01
5.172318220138549805e-01
2.007819414138793945e+00
9.922895580530166626e-02
2.356057882308959961e+00
1.423337340354919434e+00
6.965752691030502319e-02
4.879172444343566895e-01
1.513065397739410400e-01
5.018188953399658203e-01
5.564832687377929688e-02
1.649989932775497437e-02
6.452894955873489380e-02
2.390220761299133301e-02
2.514260530471801758e+00
0.000000000000000000e+00
2.805401682853698730e-01
1.017508655786514282e-02
6.224683299660682678e-02
4.844468533992767334e-01
5.130001902580261230e-02
2.278575557284057140e-04
3.436780273914337158e-01
8.267669081687927246e-01
7.291622757911682129e-01
2.855297923088073730e-01
1.116240382194519043e+00
3.124873852357268333e-03
3.482133150100708008e-01
2.474917024374008179e-01
0.000000000000000000e+00
6.955905556678771973e-01
7.324896752834320068e-02
1.199949830770492554e-01
3.228125333786010742e+00
2.581860125064849854e-01
4.670076966285705566e-01
7.480122148990631104e-03
2.907135784626007080e-01
2.404043078422546387e-02
6.475336551666259766e-01
1.302922248840332031e+00
2.723258733749389648e-01
1.394507884979248047e+00
2.281075239181518555e+00
0.000000000000000000e+00
2.875230908393859863e-01
2.437139749526977539e-01
1.103517562150955200e-01
8.587045669555664062e-01
1.480541348457336426e+00
6.070057749748229980e-01
2.102812051773071289e+00
5.063463449478149414e-01
2.727752327919006348e-01
1.109460830688476562e+00
4.814598262310028076e-01
3.668161392211914062e+00
1.288159608840942383e+00
2.754943370819091797e-01
1.725145131349563599e-01
5.668320879340171814e-02
6.014567613601684570e-01
9.316204786300659180e-01
1.600219905376434326e-01
9.977164268493652344e-01
1.170306324958801270e+00
5.836034417152404785e-01
1.627461314201354980e-01
5.089752078056335449e-01
1.233524922281503677e-02
3.122311234474182129e-01
1.789596199989318848e+00
1.927684843540191650e-01
1.171933561563491821e-01
2.311163991689682007e-01
1.781600117683410645e-01
1.679834276437759399e-01
1.893072873353958130e-01
3.034349679946899414e-01
1.386898159980773926e-01
3.170058131217956543e-01
1.608116626739501953e-01
2.273731976747512817e-01
9.626963138580322266e-01
6.467912793159484863e-01
2.213488101959228516e+00
6.667340993881225586e-01
2.133079528808593750e+00
3.763571679592132568e-01
4.793787598609924316e-01
1.305200576782226562e+00
1.446360945701599121e+00
4.349960088729858398e-01
4.666517674922943115e-01
3.995943665504455566e-01
3.606203794479370117e-01
4.034075736999511719e-01
3.903079628944396973e-01
5.327591300010681152e-01
1.792034208774566650e-01
1.013064503669738770e+00
8.333778381347656250e-02
5.538106560707092285e-01
1.640986680984497070e+00
2.250195741653442383e-01
6.289021372795104980e-01
1.598093211650848389e-01
2.275312840938568115e-01
6.021091938018798828e-01
4.359831213951110840e-01
7.857723832130432129e-01
6.548331379890441895e-01
2.364065945148468018e-01
1.070980280637741089e-01
1.853862553834915161e-01
9.487965106964111328e-01
9.367345273494720459e-02
2.445807904005050659e-01
2.654004693031311035e-01
2.418144941329956055e+00
1.006696373224258423e-01
5.099403858184814453e-01
1.516040444374084473e+00
5.884622335433959961e-01
2.721809446811676025e-01
1.608027219772338867e-01
7.333011031150817871e-01
2.704551815986633301e-02
4.743885993957519531e-01
3.156372904777526855e-02
1.270803451538085938e+00
8.849340081214904785e-01
4.910700023174285889e-01
6.349698305130004883e-01
5.491576194763183594e-01
5.751658603549003601e-02
5.318293571472167969e-01
3.955388069152832031e-01
5.593045353889465332e-01
1.508697569370269775e-01
8.902131915092468262e-01
4.714057445526123047e-01
2.420349121093750000e-01
1.278428882360458374e-01
3.841136097908020020e-01
1.689325422048568726e-01
4.435072243213653564e-01
3.077703714370727539e+00
0.000000000000000000e+00
2.868539094924926758e-01
1.335611462593078613e+00
3.202399909496307373e-01
8.638496398925781250e-01
6.787039041519165039e-01
9.279019236564636230e-01
2.145665645599365234e+00
4.055416956543922424e-02
7.453275471925735474e-02
1.691760569810867310e-01
8.885540962219238281e-01
3.157849907875061035e-01
1.272867202758789062e+00
2.592700481414794922e+00
4.212284386157989502e-01
1.413860940374433994e-03
1.867347657680511475e-01
9.153477847576141357e-02
2.792567908763885498e-01
7.683248519897460938e-01
7.177482843399047852e-01
1.753913471475243568e-03
1.464503407478332520e-01
2.677918672561645508e-01
4.446938037872314453e-01
4.468044340610504150e-01
1.188517212867736816e-01
8.276606559753417969e+00
5.225078389048576355e-02
1.031949043273925781e+00
4.181935917586088181e-03
2.372860014438629150e-01
7.808934450149536133e-01
2.342603057622909546e-01
2.097496539354324341e-01
4.410877525806427002e-01
8.092050999402999878e-02
3.612779080867767334e-01
1.475367974489927292e-02
9.520857930183410645e-01
3.305377960205078125e-01
0.000000000000000000e+00
6.027805805206298828e-01
4.453783482313156128e-02
3.185080885887145996e-01
7.148903012275695801e-01
2.617291510105133057e-01
2.604926824569702148e-01
1.281921565532684326e-01
2.773633301258087158e-01
2.334017902612686157e-01
6.582995057106018066e-01
4.255305826663970947e-01
2.687781095504760742e+00
3.481753468513488770e-01
5.979597568511962891e-03
2.182320803403854370e-01
5.029626190662384033e-02
3.220025897026062012e-01
1.552370190620422363e-01
2.575238943099975586e-01
4.757222831249237061e-01
5.117020606994628906e-01
1.140528824180364609e-02
4.443235695362091064e-01
1.040552407503128052e-01
2.544736266136169434e-01
3.610794246196746826e-01
5.177500247955322266e-01
9.786936044692993164e-01
9.777613282203674316e-01
1.782998442649841309e-01
6.185906473547220230e-03
1.425892021507024765e-02
3.176154568791389465e-02
1.559771001338958740e-01
1.252955198287963867e-01
2.609004497528076172e+00
5.868962407112121582e-01
7.988553494215011597e-03
8.018339984118938446e-03
9.806604683399200439e-02
1.059571146965026855e+00
7.393013834953308105e-01
0.000000000000000000e+00
2.706177830696105957e-01
1.305758059024810791e-01
5.309355258941650391e-01
8.846588432788848877e-02
1.897659897804260254e+00
0.000000000000000000e+00
3.994904458522796631e-01
3.338493108749389648e-01
1.476832628250122070e-01
1.860272325575351715e-02
3.405727818608283997e-02
1.431070566177368164e-01
2.866839468479156494e-01
4.556620493531227112e-03
1.804862320423126221e-01
4.388718008995056152e-01
9.289553165435791016e-01
2.398112565279006958e-01
1.796849966049194336e+00
5.995470285415649414e-02
3.501495718955993652e-01
5.535975694656372070e-01
4.709416627883911133e-01
5.765254497528076172e-01
1.420206189155578613e+00
8.391576409339904785e-01
7.761514782905578613e-01
0.000000000000000000e+00
2.965915501117706299e-01
5.780507624149322510e-02
6.026801839470863342e-02
3.057300746440887451e-01
3.840057551860809326e-02
3.063527047634124756e-01
8.800143748521804810e-02
1.098636910319328308e-01
6.314356625080108643e-02
0.000000000000000000e+00
4.349591135978698730e-01
3.542710468173027039e-02
8.243624866008758545e-02
5.103891491889953613e-01
3.592928647994995117e-01
4.823533296585083008e-01
2.102598905563354492e+00
2.193845659494400024e-01
4.563056945800781250e+00
3.766239061951637268e-02
1.633356958627700806e-01
7.728728652000427246e-02
3.224013373255729675e-02
1.886081546545028687e-01
1.674052327871322632e-01
4.034211337566375732e-01
2.090063542127609253e-01
1.071380496025085449e+00
3.745431602001190186e-01
9.255507588386535645e-01
3.442867696285247803e-01
1.166828751564025879e+00
1.994017004966735840e+00
9.937161207199096680e-02
4.858284071087837219e-02
1.609545469284057617e+00
1.156747862696647644e-01
1.957448840141296387e+00
4.710645973682403564e-02
2.566848993301391602e+00
3.356256186962127686e-01
1.120344996452331543e+00
1.508200049400329590e+00
2.653740942478179932e-01
2.144207477569580078e+00
4.437141492962837219e-02
2.072286367416381836e+00
8.232325315475463867e-02
4.357020258903503418e-01
5.153325200080871582e-01
1.004798173904418945e+00
7.674036026000976562e-01
5.165865644812583923e-02
1.764232397079467773e+00
6.259207427501678467e-02
1.030528172850608826e-01
8.056530356407165527e-01
2.240830063819885254e-01
8.324089646339416504e-01
1.427991390228271484e+00
1.989317685365676880e-01
3.310524299740791321e-02
9.743316471576690674e-02
1.545759916305541992e+00
1.188297390937805176e+00
2.457123517990112305e+00
7.057813405990600586e-01
1.567559391260147095e-01
1.753238081932067871e+00
1.361890882253646851e-01
4.238049313426017761e-02
2.753986418247222900e-01
4.068353772163391113e-02
3.731760755181312561e-02
4.006642699241638184e-01
6.987801194190979004e-01
0.000000000000000000e+00
1.098937392234802246e+00
4.809678494930267334e-01
1.688661575317382812e+00
3.670219779014587402e-01
5.383521318435668945e-01
7.397782057523727417e-02
7.827039957046508789e-01
5.319421291351318359e-01
2.135604247450828552e-02
7.307434082031250000e-01
1.946779340505599976e-01
1.794228404760360718e-01
9.116688966751098633e-01
4.808484613895416260e-01
2.041343003511428833e-01
7.601163387298583984e-01
9.375052452087402344e-01
1.130998373031616211e+00
2.388538867235183716e-01
2.145765781402587891e+00
2.786308228969573975e-01
3.896268010139465332e-01
1.164273992180824280e-01
1.108618751168251038e-01
2.498313486576080322e-01
3.664666116237640381e-01
2.096966654062271118e-01
3.718895316123962402e-01
3.112397193908691406e-01
6.063048243522644043e-01
9.763387441635131836e-01
2.058337479829788208e-01
2.845044434070587158e-02
4.737766683101654053e-01
2.599867880344390869e-01
2.754728794097900391e-01
2.317833006381988525e-01
4.788209497928619385e-02
9.178861975669860840e-02
4.819286346435546875e+00
3.424694538116455078e-01
3.207187950611114502e-01
5.731097981333732605e-02
1.472585201263427734e+00
7.767599225044250488e-01
2.010539054870605469e+00
1.573883593082427979e-01
3.192807734012603760e-02
1.362508684396743774e-01
5.663020610809326172e-01
4.052514135837554932e-01
1.739403903484344482e-01
1.773479580879211426e+00
0.000000000000000000e+00
1.171290636062622070e+00
6.966977715492248535e-01
3.311281278729438782e-02
8.192466199398040771e-02
8.896666020154953003e-02
2.344737946987152100e-01
2.462520152330398560e-01
7.690411210060119629e-01
4.129149913787841797e-01
2.331621646881103516e-01
2.263765931129455566e-01
1.430243372917175293e+00
6.856020689010620117e-01
5.047300457954406738e-01
0.000000000000000000e+00
5.368525981903076172e-01
3.124600052833557129e-01
1.299404650926589966e-01
1.182662695646286011e-01
6.346012651920318604e-02
1.776977479457855225e-01
3.605204820632934570e-02
1.154525354504585266e-01
1.412369031459093094e-02
0.000000000000000000e+00
1.181405112147331238e-01
1.352048814296722412e-01
5.423391461372375488e-01
4.581203162670135498e-01
1.098346933722496033e-01
2.276056528091430664e+00
1.340816617012023926e-01
7.532486319541931152e-01
1.741814315319061279e-01
1.024878859519958496e+00
4.969871640205383301e-01
2.344315350055694580e-01
3.993896543979644775e-01
9.509402513504028320e-02
4.453023374080657959e-01
5.149863958358764648e-01
1.806284636259078979e-01
8.674949407577514648e-01
5.586419105529785156e-01
5.727221369743347168e-01
3.756574392318725586e-01
7.907357811927795410e-02
5.617848038673400879e-01
1.008742690086364746e+00
0.000000000000000000e+00
5.937958359718322754e-01
1.296307444572448730e+00
4.159766715019941330e-03
1.680055409669876099e-01
6.366908550262451172e-02
4.545610249042510986e-01
5.891777575016021729e-03
9.686472266912460327e-02
4.654040336608886719e-01
9.882054924964904785e-01
0.000000000000000000e+00
4.732106328010559082e-01
6.433074474334716797e-01
5.042938590049743652e-01
4.547486901283264160e-01
2.469492554664611816e-01
7.524673640727996826e-02
1.304947972297668457e+00
4.575046598911285400e-01
1.114551499485969543e-01
3.872050717473030090e-02
1.188527941703796387e-01
7.998281717300415039e-02
2.608548700809478760e-01
7.401787042617797852e-01
2.461378574371337891e-01
2.862649597227573395e-02
4.828637540340423584e-01
6.371204853057861328e-01
0.000000000000000000e+00
9.541990607976913452e-02
8.550951480865478516e-01
5.625047255307435989e-03
7.207120656967163086e-01
3.121016502380371094e+00
1.078759804368019104e-01
1.208201766014099121e+00
1.349833011627197266e-01
9.798171520233154297e-01
1.916745305061340332e-01
5.702574551105499268e-02
6.028856039047241211e-01
5.872973799705505371e-02
8.173967152833938599e-02
7.066547870635986328e-02
0.000000000000000000e+00
4.971881955862045288e-02
5.767017602920532227e-01
3.744959831237792969e-01
8.411235213279724121e-01
1.203856989741325378e-02
4.000989198684692383e-01
0.000000000000000000e+00
5.215072035789489746e-01
1.367208957672119141e-01
7.673732936382293701e-02
2.425725907087326050e-01
2.327449917793273926e-01
3.267785608768463135e-01
2.966211438179016113e-01
3.316004574298858643e-01
0.000000000000000000e+00
6.618478894233703613e-01
1.739786714315414429e-01
1.011566817760467529e-01
4.220846891403198242e-01
4.911364316940307617e-01
1.480971276760101318e-01
7.655356526374816895e-01
1.459697008132934570e+00
1.198601797223091125e-01
5.228190422058105469e-01
1.678507626056671143e-01
2.575297355651855469e-01
0.000000000000000000e+00
4.535028934478759766e-01
0.000000000000000000e+00
1.162726506590843201e-01
2.532133340835571289e+00
7.293459773063659668e-01
2.168766558170318604e-01
1.043011620640754700e-01
5.587304830551147461e-01
3.032666146755218506e-01
7.063853144645690918e-01
3.498916327953338623e-01
1.408921033143997192e-01
1.212007477879524231e-01
2.362050414085388184e-01
6.836904287338256836e-01
1.189446076750755310e-01
2.024652063846588135e-02
1.437324732542037964e-01
2.215731441974639893e-01
2.077034860849380493e-01
4.053084850311279297e-01
6.484455466270446777e-01
5.775375366210937500e-01
9.921863079071044922e-01
6.233868598937988281e-01
9.680475592613220215e-01
1.245678663253784180e-01
1.011284828186035156e+00
2.537800669670104980e-01
4.763421416282653809e-01
7.613723278045654297e-01
1.914739757776260376e-01
3.331754207611083984e+00
5.364822745323181152e-01
1.003130059689283371e-02
4.029920995235443115e-01
2.216697931289672852e-01
1.177127361297607422e+00
1.108474954962730408e-01
5.154236555099487305e-01
2.265247106552124023e-01
5.600617527961730957e-01
1.214887738227844238e+00
7.502973675727844238e-01
1.297453284263610840e+00
1.081643819808959961e+00
5.455638170242309570e-01
9.128421545028686523e-02
5.911164730787277222e-02
5.392859578132629395e-01
4.528086483478546143e-01
5.348516702651977539e-01
8.271219730377197266e-01
3.011308908462524414e-01
1.087330698966979980e+00
9.365987181663513184e-01
0.000000000000000000e+00
3.036209940910339355e-02
1.281217813491821289e+00
8.914721608161926270e-01
3.048295676708221436e-01
2.836861908435821533e-01
9.508318305015563965e-01
3.293640017509460449e-01
1.593461930751800537e-01
2.659375369548797607e-01
0.000000000000000000e+00
7.818312384188175201e-03
1.920111924409866333e-01
7.180454581975936890e-02
1.863183736801147461e+00
1.370823025703430176e+00
4.157647490501403809e-01
8.334399014711380005e-02
2.547543942928314209e-01
4.326701164245605469e-02
1.503380537033081055e-01
1.424861997365951538e-01
1.857837736606597900e-01
7.509812116622924805e-01
3.280973061919212341e-02
1.029576778411865234e+00
7.561118900775909424e-02
4.689185917377471924e-01
5.979034900665283203e-01
2.509255409240722656e-01
5.347370505332946777e-01
4.956263601779937744e-01
1.317105442285537720e-01
2.721447348594665527e-01
2.332426011562347412e-01
4.494297206401824951e-01
1.997689604759216309e-01
1.146304681897163391e-01
5.430822372436523438e-01
1.247133463621139526e-01
8.205261230468750000e-01
3.407394289970397949e-01
5.847828388214111328e-01
5.201859399676322937e-02
0.000000000000000000e+00
1.145141243934631348e+00
3.162639737129211426e-01
6.202242895960807800e-02
1.091192960739135742e-01
3.073488175868988037e-01
1.190798170864582062e-02
2.794459462165832520e-01
1.576489806175231934e+00
1.893219202756881714e-01
5.903303250670433044e-02
1.527683377265930176e+00
2.889485955238342285e-01
6.909612417221069336e-01
4.133886098861694336e-01
4.662145376205444336e-01
3.897029459476470947e-01
7.052413374185562134e-02
7.509210705757141113e-01
1.347475796937942505e-01
2.492947876453399658e-01
2.154713124036788940e-01
2.444263547658920288e-01
6.442497372627258301e-01
3.248290121555328369e-01
1.342493653297424316e+00
4.078014850616455078e+00
3.663429021835327148e-01
5.543581247329711914e-01
2.953675389289855957e-01
3.619270622730255127e-01
3.710706532001495361e-01
2.437572002410888672e+00
5.259861350059509277e-01
1.242000579833984375e+00
1.803673952817916870e-01
1.593515157699584961e+00
1.109541177749633789e+00
1.625544667243957520e+00
6.103027462959289551e-01
4.045173227787017822e-01
2.036813795566558838e-01
1.309939473867416382e-01
0.000000000000000000e+00
8.038469552993774414e-01
1.980918794870376587e-01
2.859575487673282623e-02
1.069508939981460571e-01
1.360644698143005371e+00
0.000000000000000000e+00
1.314487606287002563e-01
3.871679604053497314e-01
5.678678154945373535e-01
6.870940327644348145e-01
3.095692954957485199e-02
8.168762922286987305e-01
1.199160367250442505e-01
7.768073678016662598e-01
1.715197116136550903e-01
2.131329029798507690e-01
2.558271646499633789e+00
3.302372395992279053e-01
6.948987245559692383e-01
8.194478601217269897e-02
4.067142009735107422e-01
1.510145366191864014e-01
2.665735483169555664e-01
2.099554538726806641e-01
1.728785037994384766e+00
2.767827987670898438e+00
1.368222594261169434e+00
2.226687222719192505e-01
1.015054821968078613e+00
4.360987246036529541e-01
3.559391200542449951e-01
6.231221556663513184e-01
3.233185037970542908e-02
1.246696233749389648e+00
4.355859160423278809e-01
3.222424387931823730e-01
7.473655343055725098e-01
8.527081608772277832e-01
2.234826833009719849e-01
1.728369295597076416e-01
3.592715263366699219e-01
0.000000000000000000e+00
3.796694755554199219e+00
3.291743099689483643e-01
2.609272956848144531e+00
4.333525300025939941e-01
5.577692389488220215e-01
3.246210217475891113e-01
9.195864945650100708e-02
4.967767372727394104e-02
4.147746786475181580e-02
3.050400912761688232e-01
2.354180812835693359e+00
9.274732470512390137e-01
6.906992197036743164e-01
1.793170720338821411e-02
1.070332169532775879e+00
8.306650072336196899e-02
1.586358696222305298e-01
5.283111929893493652e-01
3.149165809154510498e-01
4.411695897579193115e-01
1.468526571989059448e-01
1.224592089653015137e+00
7.030332088470458984e-01
1.666115373373031616e-01
3.904709219932556152e-01
0.000000000000000000e+00
4.616712331771850586e-01
7.356503605842590332e-01
2.242711139842867851e-03
2.227834612131118774e-02
1.727543920278549194e-01
3.275361657142639160e-01
4.450917541980743408e-01
1.464854776859283447e-01
7.832450270652770996e-01
1.058710832148790359e-02
9.633317589759826660e-02
6.276473999023437500e-01
7.986664772033691406e-01
3.945821523666381836e-01
1.185003817081451416e-01
3.970619000028818846e-04
1.743577718734741211e+00
1.963987201452255249e-01
1.428451657295227051e+00
2.204067707061767578e+00
7.256748527288436890e-02
3.174456357955932617e-01
1.261614680290222168e+00
5.388159155845642090e-01
4.143580198287963867e-01
6.126579642295837402e-01
1.815084367990493774e-01
3.254503726959228516e+00
3.494908213615417480e-01
9.577905535697937012e-01
1.391646564006805420e-01
4.779053851962089539e-02
1.467261910438537598e+00
9.483230113983154297e-01
9.309857487678527832e-01
9.071231819689273834e-03
1.071495175361633301e+00
9.302285313606262207e-02
1.313941776752471924e-01
1.522094607353210449e-01
7.762984186410903931e-02
1.268732070922851562e+00
2.921625673770904541e-01
6.403482519090175629e-03
2.462900429964065552e-02
2.566592395305633545e-01
1.353607624769210815e-01
9.907264709472656250e-01
2.401734143495559692e-02
4.693529903888702393e-01
5.865944549441337585e-02
9.028464555740356445e-01
2.590687274932861328e-01
2.971273422241210938e+00
1.363086849451065063e-01
1.564921021461486816e+00
4.868498072028160095e-02
6.664766669273376465e-01
1.182759284973144531e+00
4.194911122322082520e-01
2.210294485092163086e+00
3.224824368953704834e-01
1.272011876106262207e+00
2.215071439743041992e+00
7.278942465782165527e-01
1.491537928581237793e+00
2.248160690069198608e-01
2.349189668893814087e-01
4.227069020271301270e-01
4.042879343032836914e-01
6.801233291625976562e-01
1.117048859596252441e-01
1.164044618606567383e+00
8.213356137275695801e-01
4.159205257892608643e-01
2.442898303270339966e-01
1.084889411926269531e+00
7.234824299812316895e-01
3.177856802940368652e-01
6.101290583610534668e-01
1.413856506347656250e+00
1.322003602981567383e-01
1.559163570404052734e+00
7.194254547357559204e-02
2.133520364761352539e+00
1.845240741968154907e-01
1.867883503437042236e-01
5.470677837729454041e-02
3.138775825500488281e+00
7.193164229393005371e-01
3.638627007603645325e-02
0.000000000000000000e+00
1.315825730562210083e-01
2.533213496208190918e-01
2.522390186786651611e-01
6.427255272865295410e-02
1.445263773202896118e-01
4.081348419189453125e+00
5.133207440376281738e-01
2.056600570678710938e+00
2.081198394298553467e-01
7.978749275207519531e-01
2.893629312515258789e+00
1.449121683835983276e-01
6.252209097146987915e-02
9.670255333185195923e-02
7.694866508245468140e-02
4.987967014312744141e-01
1.523741483688354492e-01
4.980001151561737061e-01
6.270004808902740479e-02
1.725215464830398560e-01
5.200611948966979980e-01
1.065687835216522217e-01
2.295268326997756958e-01
1.400723457336425781e-01
2.288719862699508667e-01
3.115651756525039673e-02
4.870725274085998535e-01
6.486821770668029785e-01
3.465121984481811523e-01
1.264799833297729492e+00
0.000000000000000000e+00
1.561201095581054688e+00
1.290128827095031738e-01
1.283017873764038086e+00
1.939809620380401611e-01
5.716241002082824707e-01
1.185030221939086914e+00
1.160470604896545410e+00
1.960472017526626587e-02
6.528493165969848633e-01
5.534712076187133789e-01
1.132835969328880310e-01
5.333396419882774353e-02
4.630730021744966507e-03
1.812261492013931274e-01
7.021381054073572159e-03
7.281550765037536621e-01
8.718836903572082520e-01
4.743878543376922607e-01
1.207370087504386902e-01
9.894775748252868652e-01
1.073812842369079590e-01
1.462408542633056641e+00
2.895842194557189941e-01
0.000000000000000000e+00
0.000000000000000000e+00
8.579075336456298828e-01
1.019047424197196960e-01
6.137407422065734863e-01
6.656728982925415039e-01
2.362210452556610107e-01
4.166941717267036438e-02
2.852249145507812500e-01
2.508844733238220215e-01
1.753216981887817383e-01
2.783503234386444092e-01
7.782594859600067139e-02
1.493111103773117065e-01
6.231638044118881226e-02
2.594276331365108490e-02
9.345346130430698395e-03
7.048397660255432129e-01
6.601279377937316895e-01
2.106687545776367188e+00
6.309407353401184082e-01
2.377137392759323120e-01
1.819949746131896973e+00
7.553612589836120605e-01
1.911617964506149292e-01
1.393027424812316895e+00
3.204958140850067139e-01
4.810200035572052002e-01
5.098261833190917969e-01
1.387701869010925293e+00
6.862779855728149414e-01
8.808298110961914062e-01
1.199841141700744629e+00
7.268004119396209717e-02
1.677698343992233276e-01
7.628230452537536621e-01
2.749641239643096924e-01
8.073390126228332520e-01
5.989446770399808884e-03
1.674163937568664551e-01
1.635668873786926270e-01
1.819075345993041992e-01
1.365108370780944824e+00
8.263313770294189453e-01
5.011085271835327148e-01
1.953459620475769043e+00
7.855923771858215332e-01
8.466306328773498535e-02
2.343385517597198486e-01
3.215104043483734131e-01
2.937445163726806641e+00
3.990871906280517578e-01
3.184375464916229248e-01
7.857421785593032837e-02
1.011181473731994629e+00
3.001138269901275635e-01
3.465974330902099609e-01
7.243810296058654785e-01
2.151048034429550171e-01
1.825143694877624512e-01
1.374897062778472900e-01
2.316046357154846191e-01
5.931003689765930176e-01
6.205171346664428711e-01
0.000000000000000000e+00
1.906495541334152222e-01
4.154279232025146484e-01
7.634010910987854004e-01
5.824213624000549316e-01
1.144468411803245544e-01
6.150768399238586426e-01
1.186649352312088013e-01
9.098666906356811523e-02
3.190231025218963623e-01
1.355700343847274780e-01
1.411634683609008789e+00
3.232629597187042236e-01
5.268507003784179688e-01
2.925170660018920898e-01
5.017436742782592773e-01
3.502967581152915955e-02
8.950699567794799805e-01
9.027959704399108887e-01
1.219319254159927368e-01
3.149733319878578186e-02
1.419566571712493896e-01
9.053650498390197754e-02
5.314750075340270996e-01
1.105288490653038025e-01
3.285282477736473083e-02
3.642184138298034668e-01
7.819610834121704102e-02
7.802715897560119629e-02
6.801497936248779297e-02
9.702053666114807129e-02
1.168301627039909363e-01
9.925024211406707764e-02
4.950080513954162598e-01
8.853034675121307373e-02
0.000000000000000000e+00
6.494374275207519531e-01
3.104893304407596588e-02
6.748472154140472412e-02
1.256691932678222656e+00
2.097008377313613892e-01
4.814810678362846375e-02
1.366200804710388184e+00
3.342817351222038269e-02
6.311552971601486206e-02
6.933107376098632812e-01
1.150860860943794250e-01
3.619578480720520020e-02
8.470908403396606445e-01
6.109455823898315430e-01
7.457456737756729126e-02
1.656691916286945343e-02
2.867826819419860840e-01
7.472701072692871094e-01
1.928352713584899902e+00
6.030179262161254883e-01
5.588809251785278320e-01
5.812093615531921387e-01
1.427774969488382339e-02
9.332775324583053589e-02
1.334512233734130859e-01
1.403737962245941162e-01
1.293276786804199219e+00
3.083420038223266602e+00
9.938652813434600830e-02
1.459040939807891846e-01
9.487146139144897461e-02
0.000000000000000000e+00
0.000000000000000000e+00
8.179596662521362305e-01
5.674794912338256836e-01
1.723426580429077148e-01
5.593685507774353027e-01
2.056807279586791992e-01
0.000000000000000000e+00
1.044633984565734863e-01
1.601389050483703613e+00
4.754864871501922607e-01
2.351453155279159546e-01
9.335317611694335938e-01
2.471603900194168091e-01
0.000000000000000000e+00
1.906296908855438232e-01
2.851191461086273193e-01
1.546301990747451782e-01
9.888330847024917603e-02
1.133053749799728394e-01
9.837386608123779297e-01
3.476111292839050293e-01
1.708769500255584717e-01
1.674476414918899536e-01
1.885520339012145996e+00
1.615133881568908691e-02
5.141610652208328247e-02
8.490285277366638184e-01
2.608699798583984375e-01
8.914937376976013184e-01
5.403499007225036621e-01
4.754596352577209473e-01
1.727137714624404907e-01
2.173959761857986450e-01
2.049938775599002838e-02
1.750716090202331543e+00
4.293954074382781982e-01
5.132651329040527344e-01
5.949735641479492188e-01
4.695959687232971191e-01
7.927282713353633881e-03
2.609243392944335938e-01
3.635116517543792725e-01
1.063369214534759521e-01
1.999524980783462524e-01
1.045628935098648071e-01
5.725219845771789551e-01
4.923456609249114990e-01
2.558745741844177246e-01
5.740769505500793457e-01
2.263217717409133911e-01
4.379888772964477539e-01
9.922039508819580078e-01
2.010359615087509155e-02
2.979750931262969971e-01
3.831876516342163086e-01
1.210162997245788574e+00
5.929415822029113770e-01
1.285108923912048340e-01
2.411223053932189941e-01
3.208950459957122803e-01
1.075721621513366699e+00
4.809897243976593018e-01
9.546150267124176025e-02
2.595362961292266846e-01
1.713103801012039185e-01
1.664276570081710815e-01
6.373051404953002930e-01
0.000000000000000000e+00
8.594228029251098633e-01
9.947825670242309570e-01
2.534741163253784180e-01
1.934944391250610352e-01
4.882064461708068848e-01
1.899443387985229492e+00
2.025928020477294922e+00
1.435923129320144653e-01
1.196023002266883850e-01
7.091693580150604248e-03
6.045790910720825195e-01
2.608552873134613037e-01
2.056006044149398804e-01
9.590660929679870605e-01
3.378942236304283142e-02
8.911694288253784180e-01
1.394838243722915649e-01
2.962267994880676270e-01
3.834122717380523682e-01
4.768377840518951416e-01
9.801384806632995605e-01
5.650299191474914551e-01
1.225005984306335449e+00
1.716326624155044556e-01
1.088069602847099304e-01
1.078364104032516479e-01
4.398118495941162109e+00
8.606669902801513672e-01
7.246889919042587280e-02
3.987218812108039856e-02
2.259119600057601929e-02
4.830406606197357178e-01
1.889277100563049316e-01
3.194174915552139282e-02
7.228609919548034668e-01
8.660483956336975098e-01
9.746354818344116211e-01
1.151225790381431580e-01
3.719093501567840576e-01
2.093649469316005707e-02
5.300812125205993652e-01
1.292317956686019897e-01
1.432995200157165527e+00
1.454786062240600586e-01
2.117800153791904449e-02
5.330892205238342285e-01
1.281547546386718750e+00
9.015244245529174805e-01
1.067711830139160156e+00
3.876364529132843018e-01
4.248389244079589844e+00
5.692333579063415527e-01
6.823750734329223633e-01
3.921339213848114014e-01
2.530728839337825775e-02
1.948366165161132812e+00
8.028185367584228516e-02
3.318889439105987549e-01
1.276179850101470947e-01
1.130221128463745117e+00
6.570289731025695801e-01
3.568709641695022583e-02
8.193077087402343750e+00
2.337023317813873291e-01
1.922335475683212280e-01
8.314626216888427734e-01
1.086263775825500488e+00
6.128283590078353882e-02
6.451321393251419067e-02
2.568505406379699707e-01
1.915585994720458984e-01
1.317401528358459473e+00
7.241917848587036133e-01
1.404313683509826660e+00
1.594625972211360931e-02
1.006611466407775879e+00
3.284173309803009033e-01
1.885639786720275879e+00
1.197384834289550781e+00
1.141446158289909363e-01
9.079889059066772461e-01
1.392253994941711426e+00
1.152222275733947754e+00
3.676035404205322266e-01
1.741399765014648438e-01
1.696590542793273926e+00
0.000000000000000000e+00
4.274292290210723877e-01
1.933577895164489746e+00
2.296410351991653442e-01
2.193678170442581177e-02
1.100472688674926758e+00
4.447925090789794922e-01
4.385727047920227051e-01
1.989168226718902588e-01
4.530996084213256836e-02
3.522191047668457031e-01
1.001591324806213379e+00
4.208783805370330811e-01
4.591847956180572510e-01
6.186935305595397949e-01
2.514898218214511871e-02
3.819353133440017700e-02
1.352126717567443848e+00
2.254104465246200562e-01
1.918847486376762390e-02
4.041968882083892822e-01
5.289467051625251770e-02
8.562631607055664062e-01
4.764274954795837402e-01
1.219434976577758789e+00
5.737088918685913086e-01
1.942848712205886841e-01
3.793913125991821289e-01
1.617944538593292236e-01
5.456741899251937866e-03
3.831159174442291260e-01
5.730289220809936523e-01
5.243102088570594788e-03
8.846371769905090332e-01
2.846456170082092285e-01
8.683975934982299805e-01
5.071868300437927246e-01
1.467231214046478271e-01
5.564051866531372070e-01
9.176555275917053223e-02
5.215994715690612793e-01
8.286367654800415039e-01
5.707600116729736328e-01
9.328045845031738281e-01
3.291954994201660156e-01
1.277497410774230957e-01
8.810999244451522827e-02
4.109377861022949219e-01
4.932001531124114990e-01
1.937241405248641968e-01
3.394281566143035889e-01
7.815668731927871704e-02
4.543221592903137207e-01
3.647762537002563477e-01
1.060829758644104004e+00
0.000000000000000000e+00
1.282914400100708008e+00
1.856947690248489380e-01
5.885603427886962891e-01
2.809413075447082520e-01
5.862116217613220215e-01
6.790198683738708496e-01
1.834494061768054962e-02
8.559670448303222656e-01
2.054813951253890991e-01
1.079779744148254395e+00
6.862810850143432617e-01
3.177354335784912109e-01
2.368825301527976990e-02
3.812003135681152344e-01
0.000000000000000000e+00
5.006759762763977051e-01
3.276362180709838867e+00
2.354874908924102783e-01
3.340146839618682861e-01
1.467230729758739471e-02
4.061706066131591797e-01
2.226783782243728638e-01
3.575889468193054199e-01
2.652539908885955811e-01
5.514639019966125488e-01
3.129749536514282227e+00
1.659349650144577026e-01
1.432451158761978149e-01
3.423087000846862793e-01
4.037027060985565186e-01
2.111939787864685059e-01
0.000000000000000000e+00
1.628462672233581543e-01
0.000000000000000000e+00
1.080738753080368042e-01
3.091185167431831360e-02
4.034779071807861328e-01
4.718697667121887207e-01
5.180318951606750488e-01
4.042563438415527344e-01
2.299129962921142578e-01
4.942777566611766815e-03
1.311109066009521484e-01
1.496840454638004303e-02
1.359541714191436768e-01
8.265128731727600098e-01
3.017807602882385254e-01
1.038760039955377579e-02
9.396886825561523438e-01
1.271032243967056274e-01
6.840972900390625000e-01
7.917959094047546387e-01
2.380483150482177734e-01
6.921416521072387695e-01
2.490461319684982300e-01
2.065064907073974609e-01
7.238491773605346680e-01
2.421000897884368896e-01
2.234258651733398438e-01
0.000000000000000000e+00
4.128887355327606201e-01
9.327021837234497070e-01
0.000000000000000000e+00
3.700559213757514954e-02
1.735042929649353027e+00
2.732278406620025635e-01
4.772645607590675354e-02
1.041075110435485840e+00
6.608889102935791016e-01
7.996468544006347656e-01
7.139123678207397461e-01
8.943707942962646484e-01
1.455155611038208008e-01
4.738063514232635498e-01
1.916108012199401855e+00
7.174227237701416016e-01
2.554441452026367188e+00
1.832433491945266724e-01
1.804232299327850342e-01
5.184714198112487793e-01
8.522859811782836914e-01
4.886446297168731689e-01
9.020414203405380249e-02
7.353228330612182617e-01
8.699147701263427734e-01
0.000000000000000000e+00
5.266407728195190430e-01
1.465968191623687744e-01
8.898652791976928711e-01
3.687600791454315186e-01
1.716885417699813843e-01
1.269948780536651611e-01
1.885038614273071289e-01
9.564024955034255981e-02
2.254477143287658691e-01
0.000000000000000000e+00
2.673425197601318359e+00
3.413887917995452881e-01
7.102396339178085327e-02
2.010396122932434082e-01
5.523684620857238770e-01
8.341471850872039795e-02
0.000000000000000000e+00
2.425681948661804199e-01
4.455309510231018066e-01
6.982973217964172363e-01
6.789036393165588379e-01
6.456336379051208496e-01
6.325568258762359619e-02
6.674382686614990234e-01
4.050911068916320801e-01
4.945482611656188965e-01
2.816651761531829834e-01
6.364750266075134277e-01
2.408613443374633789e+00
1.940407454967498779e-01
2.725031673908233643e-01
1.450428724288940430e+00
1.056813150644302368e-01
3.356892466545104980e-01
2.189119100570678711e+00
1.315465927124023438e+00
5.460540577769279480e-02
1.521140694618225098e+00
9.720798581838607788e-02
2.356029301881790161e-01
3.963776677846908569e-02
1.398430705070495605e+00
3.111962378025054932e-01
6.013673543930053711e-01
1.228418588638305664e+00
7.232706248760223389e-02
7.185304760932922363e-01
3.111384809017181396e-01
1.948037296533584595e-01
3.950648903846740723e-01
1.591456532478332520e+00
1.768331788480281830e-02
4.637369513511657715e-01
3.383990004658699036e-02
4.365995228290557861e-01
2.057064175605773926e-01
7.156417965888977051e-01
2.690841257572174072e-02
5.774226188659667969e-01
6.671519577503204346e-02
3.211655840277671814e-02
1.742419004440307617e-01
0.000000000000000000e+00
1.197330877184867859e-01
0.000000000000000000e+00
2.174740284681320190e-01
0.000000000000000000e+00
9.422236680984497070e-01
1.595707535743713379e-01
0.000000000000000000e+00
4.279073178768157959e-01
1.480377197265625000e+00
0.000000000000000000e+00
3.656214848160743713e-02
6.520611643791198730e-01
0.000000000000000000e+00
8.066840767860412598e-01
3.948328197002410889e-01
1.622963696718215942e-01
3.670370578765869141e-01
2.404185682535171509e-01
7.276127487421035767e-02
1.217279061675071716e-01
1.602779179811477661e-01
4.841777980327606201e-01
0.000000000000000000e+00
2.986360788345336914e-01
2.805404365062713623e-01
1.252640336751937866e-01
1.178211905062198639e-02
6.937506049871444702e-02
2.851417064666748047e-01
2.233465194702148438e+00
6.577388048171997070e-01
3.069665908813476562e+00
7.358547300100326538e-03
2.292162030935287476e-01
1.659444868564605713e-01
4.766044616699218750e-01
4.563365876674652100e-01
7.591333985328674316e-01
7.384465336799621582e-01
0.000000000000000000e+00
1.413251161575317383e+00
2.916097342967987061e-01
1.165741443634033203e+00
5.387593433260917664e-02
3.832917809486389160e-01
1.938815861940383911e-01
1.017410755157470703e+00
3.426410853862762451e-01
1.322599500417709351e-01
9.018237143754959106e-02
5.205256342887878418e-01
6.312337517738342285e-02
2.898313999176025391e-01
1.873567886650562286e-02
5.274422168731689453e-01
4.812059700489044189e-01
0.000000000000000000e+00
1.957064390182495117e+00
2.246472537517547607e-01
8.167564868927001953e-01
1.039370447397232056e-01
1.889037489891052246e-01
1.376228928565979004e-01
1.877295970916748047e+00
3.015945553779602051e-01
1.281319856643676758e+00
0.000000000000000000e+00
6.939436197280883789e-01
1.685892641544342041e-01
8.276008963584899902e-01
3.214898109436035156e-01
7.258949428796768188e-02
7.982350587844848633e-01
7.785190939903259277e-01
2.977134883403778076e-01
7.243521809577941895e-01
3.576123714447021484e-01
1.023530438542366028e-01
2.818452119827270508e-01
3.892624378204345703e-01
9.821135997772216797e-01
3.208170831203460693e-01
2.565379068255424500e-02
1.844453811645507812e-01
9.215009212493896484e-02
8.700425922870635986e-02
1.684422977268695831e-02
0.000000000000000000e+00
1.751119017601013184e+00
2.045037746429443359e-01
6.481410264968872070e-01
6.151736155152320862e-02
2.700784206390380859e-01
8.628443628549575806e-02
6.224179640412330627e-02
1.833408474922180176e-01
5.569977760314941406e-01
2.904756546020507812e+00
4.029664099216461182e-01
8.485476374626159668e-01
1.713424474000930786e-01
1.546587198972702026e-01
1.039793491363525391e+00
1.699248552322387695e-01
2.715331502258777618e-02
2.055564671754837036e-01
1.400322560220956802e-02
2.437943965196609497e-01
1.762537062168121338e-01
1.129522174596786499e-02
1.063917875289916992e+00
7.638905048370361328e-01
4.730689823627471924e-01
2.235047519207000732e-01
1.692132353782653809e-01
3.419745564460754395e-01
2.493849396705627441e-01
1.236371874809265137e+00
0.000000000000000000e+00
9.295879863202571869e-04
1.640324890613555908e-01
6.223741173744201660e-01
1.911434084177017212e-01
8.281866088509559631e-03
3.636444732546806335e-02
1.235027983784675598e-01
5.281398892402648926e-01
8.477994203567504883e-01
1.448301523923873901e-01
7.186045404523611069e-03
1.270977556705474854e-01
7.368830442428588867e-01
1.352362483739852905e-01
1.111818030476570129e-01
6.204241514205932617e-02
2.902798652648925781e-01
0.000000000000000000e+00
2.138406783342361450e-01
1.313204884529113770e+00
6.678444743156433105e-01
1.928898692131042480e+00
2.895865738391876221e-01
2.219665050506591797e-02
1.027266621589660645e+00
1.661602735519409180e+00
3.043321073055267334e-01
9.004337787628173828e-01
2.371374845504760742e+00
0.000000000000000000e+00
1.447339057922363281e-01
5.176304578781127930e-01
1.222108364105224609e+00
1.207294687628746033e-01
3.033445179462432861e-01
7.903113961219787598e-01
1.643526673316955566e+00
8.349476754665374756e-02
3.889793157577514648e-01
6.928494572639465332e-01
6.187719106674194336e-02
2.603641338646411896e-02
1.305318355560302734e+00
1.493097096681594849e-01
2.196225337684154510e-02
8.780393600463867188e-01
4.062137901782989502e-01
1.205821871757507324e+00
2.922738529741764069e-02
3.705295324325561523e-01
9.517975151538848877e-03
2.127467632293701172e+00
0.000000000000000000e+00
5.734227597713470459e-02
5.591179728507995605e-01
6.427902579307556152e-01
1.556813865900039673e-01
1.114964723587036133e+00
3.490808233618736267e-02
0.000000000000000000e+00
5.941515564918518066e-01
9.204155206680297852e-01
4.659761674702167511e-03
2.954091727733612061e-01
3.994570374488830566e-01
0.000000000000000000e+00
2.949689626693725586e-01
1.439039409160614014e-01
1.333509236574172974e-01
6.624560356140136719e-01
4.975557327270507812e-02
1.610220670700073242e+00
2.796425521373748779e-01
5.895630121231079102e-01
7.745500802993774414e-01
3.317205905914306641e-01
7.425003498792648315e-02
4.870062470436096191e-01
1.490463167428970337e-01
0.000000000000000000e+00
1.186508834362030029e-01
9.849984049797058105e-01
2.036142498254776001e-01
1.633070707321166992e-01
1.129345372319221497e-01
6.431486010551452637e-01
1.602859646081924438e-01
1.489896535873413086e+00
0.000000000000000000e+00
1.790428906679153442e-02
4.122336506843566895e-01
2.177038788795471191e-01
8.861368894577026367e-02
8.372194170951843262e-01
7.126950621604919434e-01
1.475432217121124268e-01
8.668759837746620178e-03
5.146635770797729492e-01
1.633357852697372437e-01
3.557428717613220215e-01
5.985247492790222168e-01
1.722726821899414062e-01
2.567278146743774414e-01
8.549693226814270020e-01
7.213038206100463867e-01
1.096993461251258850e-01
1.964931637048721313e-01
2.616517543792724609e-01
2.693183422088623047e-01
5.304179191589355469e-01
1.305317431688308716e-01
1.241295561194419861e-01
6.952804327011108398e-02
1.335318833589553833e-01
6.025571823120117188e-01
1.473618298768997192e-01
2.601329609751701355e-02
4.785710811614990234e+00
8.900509774684906006e-02
3.333134949207305908e-02
5.545389056205749512e-01
5.196568742394447327e-02
0.000000000000000000e+00
1.495854139328002930e+00
3.356829285621643066e-01
5.800604447722434998e-02
6.139738559722900391e-01
2.608927786350250244e-01
3.317433297634124756e-01
6.947560906410217285e-01
1.722684875130653381e-02
1.803670227527618408e-01
5.571748614311218262e-01
8.444924838840961456e-03
5.743393898010253906e-01
1.403746157884597778e-01
6.914474964141845703e-01
1.253427624702453613e+00
1.499114632606506348e+00
2.114698290824890137e-04
8.134706616401672363e-01
7.044476866722106934e-01
4.844564199447631836e-01
0.000000000000000000e+00
4.343308135867118835e-02
3.144605159759521484e-01
8.125784993171691895e-02
1.160439133644104004e+00
1.638561189174652100e-01
9.358433485031127930e-01
3.643078804016113281e-01
1.404827088117599487e-01
1.315005064010620117e+00
3.619454503059387207e-01
6.395612657070159912e-02
4.050070419907569885e-03
2.013045400381088257e-01
3.450460731983184814e-01
1.057280749082565308e-01
9.670288860797882080e-02
3.425923287868499756e-01
8.121124505996704102e-01
8.171425014734268188e-02
5.781545639038085938e-01
1.390246987342834473e+00
8.603519946336746216e-02
1.640520215034484863e+00
6.926954388618469238e-01
1.311896443367004395e+00
2.238975465297698975e-01
1.004922166466712952e-01
2.456232905387878418e-01
2.199955135583877563e-01
1.462730288505554199e+00
8.592981100082397461e-01
9.005215167999267578e-01
5.569648742675781250e-01
4.503851234912872314e-01
4.996839761734008789e-01
4.362103641033172607e-01
1.151121139526367188e+00
4.101817905902862549e-01
3.512160181999206543e-01
2.819004058837890625e-01
1.662020832300186157e-01
1.812773108482360840e+00
1.330652952194213867e+00
2.072398550808429718e-02
4.135888814926147461e-02
1.273726224899291992e+00
1.657167971134185791e-01
4.130388796329498291e-01
1.497318744659423828e-01
2.010277360677719116e-01
2.311155498027801514e-01
2.073232084512710571e-02
1.441036015748977661e-01
2.029782393947243690e-03
1.772359311580657959e-01
5.508636822924017906e-04
8.112257719039916992e-02
1.269036531448364258e+00
7.905877828598022461e-01
4.230458140373229980e-01
5.725574493408203125e-01
1.757656782865524292e-01
5.300515796989202499e-03
9.153772890567779541e-02
1.030101060867309570e+00
3.648528158664703369e-01
4.554289579391479492e-01
8.863741755485534668e-01
3.818073570728302002e-01
6.264429092407226562e-01
2.595046460628509521e-01
3.460515737533569336e-01
5.708776712417602539e-01
3.037255525588989258e+00
1.664822697639465332e-01
1.745709776878356934e+00
1.157563645392656326e-02
4.517070651054382324e-01
3.362247347831726074e-02
2.502623498439788818e-01
6.861630082130432129e-01
1.426872164011001587e-01
6.714647412300109863e-01
1.411870360374450684e+00
1.224429249763488770e+00
9.143587946891784668e-01
3.644889593124389648e+00
1.654013395309448242e+00
4.258767887949943542e-02
2.460852712392807007e-01
4.146373569965362549e-01
2.489711940288543701e-01
2.896157503128051758e-01
1.525037139654159546e-01
1.085415016859769821e-02
4.295546095818281174e-03
6.897220015525817871e-01
3.753209710121154785e-01
2.032600194215774536e-01
2.280080169439315796e-01
1.452712267637252808e-01
3.934828341007232666e-01
4.587982967495918274e-02
2.850781977176666260e-01
3.089165687561035156e-01
1.052751183509826660e+00
4.062199592590332031e-02
1.079410016536712646e-01
8.985440433025360107e-02
7.778190970420837402e-01
2.959735132753849030e-02
5.291953086853027344e-01
1.784977614879608154e-01
2.386226177215576172e+00
3.262996673583984375e-01
3.662352263927459717e-01
7.853963971138000488e-01
6.057700514793395996e-02
5.867112278938293457e-01
9.080143570899963379e-01
1.803062438964843750e+00
6.158226728439331055e-01
3.414491117000579834e-01
4.824514865875244141e+00
2.294017672538757324e-01
6.232363358139991760e-02
1.644610762596130371e-01
1.575869619846343994e-01
5.445456504821777344e-01
2.118166834115982056e-01
3.717329800128936768e-01
0.000000000000000000e+00
6.508987545967102051e-01
8.108864426612854004e-01
3.521492704749107361e-02
1.108094692230224609e+00
1.325063034892082214e-02
7.418977618217468262e-01
5.080096125602722168e-01
3.900463283061981201e-01
1.241034567356109619e-01
9.807237386703491211e-01
1.182789131999015808e-01
2.592927217483520508e-01
1.079158306121826172e+00
4.960108175873756409e-02
1.238313093781471252e-01
3.405328989028930664e-01
3.808676004409790039e-01
5.994544625282287598e-01
1.502987504005432129e+00
5.385168194770812988e-01
1.687130928039550781e+00
2.791595458984375000e-01
1.124724000692367554e-01
1.281358748674392700e-01
6.149719953536987305e-01
4.387940466403961182e-01
3.275252878665924072e-01
1.920929104089736938e-01
5.455680489540100098e-01
6.523815989494323730e-01
6.041899919509887695e-01
3.780621886253356934e-01
3.267125785350799561e-01
7.393772900104522705e-02
1.571647450327873230e-02
3.877688571810722351e-02
1.413711905479431152e+00
4.150774776935577393e-01
1.660749912261962891e+00
6.619935035705566406e-01
4.875299334526062012e-02
5.220417380332946777e-01
0.000000000000000000e+00
7.566406726837158203e-01
5.779714584350585938e-01
1.674627304077148438e+00
3.932341039180755615e-01
7.892470359802246094e-01
1.861459314823150635e-01
1.634518027305603027e+00
4.775306582450866699e-01
0.000000000000000000e+00
9.600366353988647461e-01
9.392900392413139343e-03
4.867856204509735107e-02
5.961244925856590271e-02
3.075637817382812500e-01
2.345673739910125732e-01
4.740561172366142273e-02
7.222858071327209473e-01
2.738001942634582520e-01
7.927055954933166504e-01
6.202424764633178711e-01
2.551160156726837158e-01
9.512794017791748047e-02
1.844263076782226562e-01
1.151153802871704102e+00
