1.575698405504226685e-01
5.478522181510925293e-02
0.000000000000000000e+00
1.646118760108947754e-01
3.262768983840942383e-01
1.841033935546875000e+00
1.523761153221130371e+00
0.000000000000000000e+00
1.908416002988815308e-01
3.297508478164672852e+00
1.963344454765319824e+00
4.693865776062011719e-01
0.000000000000000000e+00
8.508059382438659668e-02
8.283339440822601318e-03
0.000000000000000000e+00
0.000000000000000000e+00
0.000000000000000000e+00
9.102972224354743958e-03
1.439934596419334412e-02
3.093024790287017822e-01
3.245520964264869690e-02
0.000000000000000000e+00
6.025323867797851562e-01
3.045823872089385986e-01
8.751646429300308228e-02
5.529267191886901855e-01
6.625059247016906738e-01
0.000000000000000000e+00
9.458621591329574585e-02
4.553874582052230835e-02
6.381812095642089844e-01
2.332874238491058350e-01
4.896169900894165039e-02
0.000000000000000000e+00
0.000000000000000000e+00
4.164525568485260010e-01
1.128603100776672363e+00
1.118941977620124817e-01
8.244094848632812500e-01
1.374852359294891357e-01
7.962073683738708496e-01
0.000000000000000000e+00
3.261412382125854492e+00
2.044555032625794411e-03
4.797872155904769897e-02
9.999101758003234863e-01
0.000000000000000000e+00
0.000000000000000000e+00
4.257462024688720703e-01
7.641211617738008499e-03
8.211106061935424805e-01
5.851121991872787476e-02
4.317059516906738281e-01
0.000000000000000000e+00
4.035889729857444763e-02
0.000000000000000000e+00
3.203503787517547607e-02
2.348167300224304199e-01
2.991764247417449951e-01
1.660107262432575226e-02
7.623544931411743164e-01
1.462567806243896484e+00
0.000000000000000000e+00
7.930017709732055664e-01
2.474852204322814941e-01
1.114412993192672729e-01
1.412250161170959473e+00
2.231044769287109375e-01
1.167999021708965302e-02
3.097993433475494385e-01
1.291727870702743530e-01
2.949256598949432373e-01
1.614531725645065308e-01
8.458087593317031860e-02
1.389750123023986816e+00
2.990593910217285156e-01
3.843541443347930908e-01
7.513946294784545898e-02
5.752100422978401184e-02
3.904053926467895508e+00
0.000000000000000000e+00
2.727449685335159302e-02
1.524890959262847900e-01
1.363338530063629150e-02
2.248346209526062012e-01
2.363701611757278442e-01
0.000000000000000000e+00
2.560504078865051270e-01
4.796832054853439331e-02
5.037969350814819336e-01
1.121536269783973694e-01
1.779809892177581787e-01
1.762480586767196655e-01
3.483224868774414062e+00
5.773880481719970703e-01
8.643121272325515747e-02
2.565129399299621582e-01
6.548450887203216553e-02
4.166587591171264648e-01
1.970614343881607056e-01
5.252579450607299805e-01
6.909182667732238770e-01
9.957987070083618164e-02
1.427668035030364990e-01
1.616223156452178955e-01
4.845546782016754150e-01
7.348999846726655960e-03
0.000000000000000000e+00
4.461180210113525391e+00
2.250610589981079102e-01
9.510895013809204102e-01
8.147883415222167969e-01
2.785609722137451172e+00
1.599309206008911133e+00
5.604199171066284180e-01
8.823010325431823730e-02
3.277902305126190186e-01
3.361357152462005615e-01
4.505959749221801758e-01
3.944264650344848633e-01
2.245855778455734253e-01
3.620592877268791199e-02
5.173749923706054688e-01
2.117737680673599243e-01
3.198525309562683105e-02
7.998192310333251953e-01
4.350211620330810547e-01
1.465979963541030884e-01
1.144306585192680359e-01
1.001286149024963379e+00
3.457714319229125977e-01
2.810259163379669189e-01
1.855508834123611450e-01
1.096359372138977051e+00
9.326241910457611084e-03
9.720258414745330811e-02
3.155499100685119629e-01
5.869583606719970703e+00
1.068932890892028809e+00
1.814226955175399780e-01
3.959614038467407227e-02
3.728850930929183960e-02
1.416683662682771683e-02
0.000000000000000000e+00
8.279107511043548584e-02
5.644212365150451660e-01
1.495762616395950317e-01
4.782648682594299316e-01
8.371586799621582031e-01
8.621386438608169556e-02
1.204249337315559387e-01
0.000000000000000000e+00
0.000000000000000000e+00
7.415104657411575317e-02
0.000000000000000000e+00
1.765057891607284546e-01
2.671038210391998291e-01
8.600229024887084961e-01
7.600124180316925049e-02
7.011288404464721680e-02
6.705167889595031738e-01
1.294319748878479004e+00
0.000000000000000000e+00
6.931207776069641113e-01
7.183148264884948730e-01
4.508534446358680725e-03
5.572082474827766418e-02
4.293935298919677734e-01
2.401526272296905518e-01
9.297904372215270996e-02
1.270217180252075195e+00
1.727356553077697754e+00
4.344946146011352539e-01
0.000000000000000000e+00
9.563197381794452667e-03
1.729908585548400879e-02
0.000000000000000000e+00
1.269623637199401855e-01
2.381477355957031250e-01
8.927350044250488281e-01
4.108952879905700684e-01
9.738868474960327148e-02
3.347795456647872925e-02
2.469354774802923203e-03
1.157223582267761230e+00
1.783087015151977539e+00
0.000000000000000000e+00
2.652556896209716797e-01
2.067716360092163086e+00
1.650950759649276733e-01
5.000472664833068848e-01
3.443545997142791748e-01
3.537412881851196289e-01
0.000000000000000000e+00
2.449563980102539062e+00
2.455346345901489258e+00
5.561955571174621582e-01
5.925211310386657715e-02
5.496742725372314453e-01
5.039929151535034180e-01
0.000000000000000000e+00
3.023452162742614746e-01
0.000000000000000000e+00
2.877579927444458008e-01
1.430855870246887207e+00
5.437527969479560852e-02
7.976816296577453613e-01
1.544802337884902954e-01
1.534618251025676727e-02
6.801466941833496094e-01
1.596038937568664551e-01
3.463179990649223328e-02
0.000000000000000000e+00
2.656242810189723969e-02
6.027923896908760071e-02
0.000000000000000000e+00
8.690170049667358398e-01
3.306003659963607788e-02
2.453998804092407227e+00
1.512843766249716282e-03
4.017684236168861389e-02
2.375736236572265625e+00
2.674671411514282227e+00
0.000000000000000000e+00
7.275465130805969238e-02
2.955264151096343994e-01
0.000000000000000000e+00
0.000000000000000000e+00
6.256911754608154297e-01
0.000000000000000000e+00
4.779864847660064697e-02
1.791542172431945801e+00
1.879282444715499878e-01
9.134867787361145020e-01
0.000000000000000000e+00
1.941229403018951416e-02
5.273685455322265625e-01
0.000000000000000000e+00
2.287040837109088898e-02
0.000000000000000000e+00
6.005955860018730164e-02
2.942846715450286865e-01
5.242504477500915527e-01
3.361292183399200439e-02
2.311491519212722778e-01
0.000000000000000000e+00
1.032605096697807312e-01
2.259348146617412567e-02
0.000000000000000000e+00
7.297793626785278320e-01
1.388339102268218994e-01
7.266743481159210205e-02
2.808706998825073242e+00
2.307076379656791687e-02
0.000000000000000000e+00
8.077741265296936035e-01
4.129822924733161926e-02
5.054344981908798218e-02
8.121998906135559082e-01
4.612833559513092041e-01
1.111316323280334473e+00
4.004234671592712402e-01
1.605540663003921509e-01
0.000000000000000000e+00
0.000000000000000000e+00
1.689506471157073975e-01
1.265127897262573242e+00
5.849952697753906250e+00
1.754959821701049805e-01
3.326801359653472900e-01
1.793776273727416992e+00
1.429997324943542480e+00
6.305125355720520020e-01
4.282739460468292236e-01
1.080045700073242188e+00
7.964801192283630371e-01
3.479872345924377441e-01
1.397904872894287109e+00
6.149472203105688095e-03
5.807082355022430420e-02
1.095408340916037560e-03
2.827455848455429077e-02
6.373973488807678223e-01
8.496846072375774384e-03
1.164267897605895996e+00
0.000000000000000000e+00
0.000000000000000000e+00
5.583941340446472168e-01
3.537791082635521889e-03
1.395800616592168808e-02
1.666353195905685425e-01
5.378064513206481934e-02
7.995143532752990723e-02
4.085775017738342285e-01
3.439459502696990967e-01
4.579775780439376831e-02
1.897288113832473755e-01
6.918756961822509766e-01
2.966379188001155853e-02
2.549701929092407227e-01
1.379932314157485962e-01
4.392449557781219482e-01
2.530280128121376038e-02
7.687456011772155762e-01
6.277933120727539062e-01
1.711262948811054230e-02
2.745479345321655273e-01
8.929087221622467041e-02
4.164122045040130615e-03
0.000000000000000000e+00
7.869834303855895996e-01
0.000000000000000000e+00
0.000000000000000000e+00
1.302307099103927612e-01
1.114573240280151367e+00
1.439758658409118652e+00
5.779288336634635925e-02
1.275970935821533203e+00
2.457922220230102539e+00
7.243929803371429443e-02
2.945694923400878906e-01
6.121762990951538086e-01
1.537024974822998047e-03
6.005323305726051331e-02
5.116061568260192871e-01
4.081130027770996094e-01
0.000000000000000000e+00
0.000000000000000000e+00
6.395924091339111328e-02
2.541493810713291168e-02
1.263022720813751221e-01
1.702291965484619141e-01
4.048453867435455322e-01
8.863838911056518555e-01
0.000000000000000000e+00
0.000000000000000000e+00
0.000000000000000000e+00
5.155078172683715820e-01
0.000000000000000000e+00
1.034717917442321777e+00
3.582813441753387451e-01
4.773142814636230469e+00
0.000000000000000000e+00
0.000000000000000000e+00
6.379889845848083496e-01
7.951377034187316895e-01
3.074495792388916016e+00
1.344549935311079025e-02
2.634036727249622345e-02
3.319652676582336426e-01
2.390893548727035522e-02
2.971976399421691895e-01
7.909257709980010986e-02
2.240934409201145172e-02
2.675971746444702148e+00
6.825129501521587372e-03
1.190769672393798828e+00
1.044375181198120117e+00
2.510435819625854492e+00
0.000000000000000000e+00
3.057776212692260742e+00
0.000000000000000000e+00
2.612767368555068970e-02
2.674672305583953857e-01
8.953822404146194458e-02
1.169983863830566406e+00
6.577858328819274902e-01
1.119400188326835632e-02
2.340926416218280792e-02
4.454082548618316650e-01
1.457622289657592773e+00
2.662873826920986176e-02
1.030566170811653137e-01
1.449094057083129883e+00
9.017187356948852539e-02
4.044203460216522217e-01
0.000000000000000000e+00
9.149355292320251465e-01
1.468933839350938797e-02
3.730901241302490234e+00
9.729746580123901367e-01
0.000000000000000000e+00
1.425032168626785278e-01
2.616545557975769043e-02
1.818625181913375854e-01
5.150729417800903320e-01
3.373878598213195801e-01
6.525359582155942917e-03
1.326984465122222900e-01
1.018998026847839355e-01
7.833374738693237305e-01
1.023905649781227112e-01
1.004010811448097229e-02
0.000000000000000000e+00
7.208750247955322266e+00
2.071310132741928101e-01
1.302715949714183807e-02
3.508732421323657036e-03
0.000000000000000000e+00
2.544547617435455322e-01
1.398700922727584839e-01
0.000000000000000000e+00
5.726225972175598145e-01
1.240936368703842163e-01
3.447906374931335449e-01
0.000000000000000000e+00
1.225506424903869629e+00
1.242542341351509094e-01
2.466148883104324341e-01
5.485121160745620728e-02
3.524325489997863770e-01
8.819562196731567383e-01
6.097207069396972656e-01
3.557487249374389648e+00
1.196391507983207703e-02
2.215441688895225525e-02
3.117269463837146759e-02
2.872145771980285645e-01
2.558356225490570068e-01
1.296165585517883301e-01
2.654378890991210938e+00
1.625499844551086426e+00
1.230981111526489258e+00
2.084632813930511475e-01
4.809423536062240601e-02
3.128650784492492676e-01
4.084613323211669922e-01
4.871679469943046570e-02
1.175438612699508667e-01
1.911782473325729370e-01
1.301099807024002075e-01
2.884085848927497864e-02
8.881948888301849365e-03
0.000000000000000000e+00
3.411103188991546631e-01
1.504565596580505371e+00
1.244407534599304199e+00
6.816815137863159180e-01
2.525062859058380127e-02
4.929434880614280701e-02
1.352513432502746582e-01
7.266180962324142456e-02
2.157253921031951904e-01
5.435220599174499512e-01
6.170615553855895996e-01
0.000000000000000000e+00
0.000000000000000000e+00
1.842063218355178833e-01
3.724541664123535156e-01
8.391021937131881714e-02
8.832328915596008301e-01
1.242967974394559860e-02
2.133461713790893555e+00
0.000000000000000000e+00
3.675190731883049011e-02
2.593677639961242676e-01
9.542921185493469238e-01
1.663547456264495850e-01
1.624989658594131470e-01
1.892233826220035553e-02
1.355401612818241119e-02
7.455067038536071777e-01
2.209553867578506470e-02
1.624167524278163910e-02
0.000000000000000000e+00
3.821696937084197998e-01
2.156396657228469849e-01
8.925482630729675293e-02
2.289250493049621582e-01
0.000000000000000000e+00
2.055389165878295898e+00
1.250022768974304199e+00
2.957336902618408203e-01
8.645938336849212646e-02
9.533600807189941406e-01
9.662880301475524902e-01
2.518632888793945312e+00
9.991892576217651367e-01
1.857306808233261108e-02
1.321247816085815430e-01
0.000000000000000000e+00
0.000000000000000000e+00
3.214619159698486328e-01
2.367755770683288574e-01
4.243779461830854416e-03
0.000000000000000000e+00
3.092511594295501709e-01
4.990439414978027344e-01
6.614582538604736328e-01
2.114627957344055176e-01
0.000000000000000000e+00
1.821044273674488068e-02
1.878710746765136719e+00
2.601356208324432373e-01
1.548010855913162231e-01
8.493275642395019531e-01
1.606570482254028320e+00
4.195210933685302734e-01
1.279577255249023438e+00
0.000000000000000000e+00
4.191450476646423340e-01
1.041968390345573425e-01
5.754123441874980927e-03
5.552606582641601562e-01
6.043792366981506348e-01
2.492634057998657227e-01
4.310952126979827881e-01
1.035651862621307373e-01
5.343617200851440430e-01
3.409961938858032227e+00
6.427834033966064453e-01
9.728721976280212402e-01
2.447099834680557251e-01
6.134157255291938782e-02
0.000000000000000000e+00
3.888789117336273193e-01
0.000000000000000000e+00
3.353340625762939453e-01
0.000000000000000000e+00
9.081350564956665039e-01
8.209764361381530762e-01
1.409103870391845703e-01
2.211684703826904297e+00
0.000000000000000000e+00
7.115048170089721680e-01
0.000000000000000000e+00
0.000000000000000000e+00
4.696672409772872925e-02
2.919779121875762939e-01
4.004634022712707520e-01
1.337453126907348633e-01
7.790181320160627365e-03
1.645024865865707397e-02
8.359421491622924805e-01
1.794781446456909180e+00
1.959346793591976166e-02
1.822052597999572754e+00
2.450316026806831360e-02
5.905787348747253418e-01
1.160737752914428711e+00
0.000000000000000000e+00
8.568611741065979004e-01
5.901250243186950684e-02
2.904103510081768036e-02
7.819023132324218750e-01
2.044184446334838867e+00
2.918546199798583984e-01
0.000000000000000000e+00
1.625205874443054199e+00
1.836125254631042480e-01
1.291198283433914185e-02
8.690172433853149414e-02
0.000000000000000000e+00
6.097140535712242126e-02
1.232084035873413086e+00
2.942506790161132812e+00
2.894860878586769104e-02
5.246092677116394043e-01
2.985355257987976074e-01
3.085293769836425781e-01
4.739094898104667664e-02
7.501491904258728027e-02
4.553315043449401855e-01
0.000000000000000000e+00
2.448419574648141861e-03
1.023144423961639404e-01
6.127700582146644592e-02
0.000000000000000000e+00
1.238369867205619812e-01
1.310735046863555908e-01
1.181328773498535156e+00
1.250647068023681641e+00
1.460188865661621094e+00
7.468156814575195312e-01
2.986726164817810059e-01
4.837766885757446289e-01
1.823096573352813721e-01
6.702795624732971191e-02
4.927030205726623535e-01
1.139091837103478611e-04
3.779733419418334961e+00
2.740575313568115234e+00
3.862740695476531982e-01
8.371731638908386230e-02
0.000000000000000000e+00
4.394669085741043091e-02
1.859373152256011963e-01
3.126221895217895508e-01
3.078110283240675926e-03
9.298681467771530151e-02
4.415679350495338440e-02
4.515089467167854309e-02
2.466774433851242065e-01
1.086416319012641907e-01
4.377280175685882568e-01
8.464167267084121704e-02
2.327993392944335938e+00
0.000000000000000000e+00
1.181967496871948242e+00
1.952605843544006348e+00
5.143530666828155518e-03
2.184186130762100220e-02
3.832566976547241211e+00
3.687619566917419434e-01
1.039051041007041931e-01
3.084912300109863281e-01
2.305836528539657593e-01
1.165026519447565079e-02
6.408303976058959961e-01
7.407158017158508301e-01
0.000000000000000000e+00
2.193650156259536743e-01
9.653569012880325317e-02
1.203748464584350586e+00
6.332285702228546143e-03
5.469868779182434082e-01
1.360166430473327637e+00
1.333313137292861938e-01
3.215028941631317139e-01
1.199417710304260254e+00
0.000000000000000000e+00
2.351101785898208618e-01
1.886563599109649658e-01
2.359856963157653809e-01
4.921095911413431168e-03
1.605811119079589844e-01
2.608091533184051514e-01
1.638642430305480957e+00
7.793301343917846680e-01
2.746750712394714355e-01
4.303290043026208878e-03
2.405085086822509766e+00
2.655210196971893311e-01
1.331859469413757324e+00
2.003979869186878204e-03
1.660123914480209351e-01
4.832105711102485657e-02
1.042333364486694336e+00
6.017679721117019653e-02
3.724496066570281982e-02
4.412965476512908936e-01
4.326582849025726318e-01
1.233144849538803101e-01
0.000000000000000000e+00
2.115803360939025879e-01
5.739080533385276794e-02
0.000000000000000000e+00
3.351582214236259460e-02
2.076979875564575195e+00
7.723478972911834717e-02
8.355305343866348267e-02
1.396334469318389893e-01
8.100354075431823730e-01
3.379491269588470459e-01
2.993820607662200928e-01
1.688977330923080444e-01
2.575653977692127228e-02
1.501979976892471313e-01
7.274317741394042969e-01
5.077951550483703613e-01
0.000000000000000000e+00
8.815377950668334961e-01
2.194440603256225586e+00
1.395003795623779297e-01
8.483005166053771973e-01
2.352910339832305908e-01
1.015581846237182617e+00
8.143560029566287994e-03
5.763134732842445374e-02
4.126488789916038513e-02
1.299776554107666016e+00
1.392222642898559570e-01
0.000000000000000000e+00
0.000000000000000000e+00
2.029477208852767944e-01
8.783864229917526245e-02
0.000000000000000000e+00
1.918698847293853760e-01
2.119410037994384766e-01
1.116199269890785217e-01
0.000000000000000000e+00
1.634616055525839329e-03
0.000000000000000000e+00
6.159401033073663712e-03
2.501327171921730042e-02
1.423751354217529297e+00
3.355595516040921211e-03
2.547024786472320557e-01
2.242869511246681213e-02
2.055720090866088867e+00
1.699977070093154907e-01
9.925200045108795166e-02
5.210481643676757812e+00
0.000000000000000000e+00
3.726059570908546448e-02
5.741216242313385010e-03
9.655924141407012939e-02
1.248108148574829102e-01
1.743265055119991302e-02
1.772280335426330566e+00
4.436987936496734619e-01
0.000000000000000000e+00
1.679103225469589233e-01
1.053147912025451660e+00
2.281743764877319336e+00
4.362234771251678467e-01
3.648292645812034607e-02
1.525022029876708984e+00
1.529424071311950684e+00
1.628161519765853882e-01
1.141031980514526367e+00
0.000000000000000000e+00
4.774869084358215332e-01
1.856032758951187134e-01
7.673683762550354004e-02
5.409189313650131226e-02
0.000000000000000000e+00
1.481902301311492920e-01
2.990876138210296631e-01
6.755337119102478027e-02
1.246721267700195312e+00
3.222473710775375366e-02
5.366359949111938477e-01
7.725748419761657715e-01
6.536296010017395020e-02
1.897862739861011505e-02
6.863705515861511230e-01
6.971176862716674805e-01
0.000000000000000000e+00
1.084653660655021667e-03
3.605684936046600342e-01
2.201596051454544067e-01
2.986093284562230110e-03
3.635290265083312988e-02
0.000000000000000000e+00
1.418130397796630859e-01
1.242527604103088379e+00
1.676055602729320526e-02
2.063345611095428467e-01
1.107867836952209473e+00
1.586315333843231201e-01
7.954898476600646973e-02
2.031509019434452057e-02
4.177336692810058594e-01
1.144504919648170471e-01
5.645714402198791504e-01
2.979101613163948059e-02
2.596011012792587280e-02
7.542624324560165405e-02
7.848185300827026367e-01
7.445981502532958984e-01
1.262782793492078781e-02
2.220257222652435303e-01
1.844670623540878296e-02
3.827041713520884514e-03
1.109491229057312012e+00
8.406346291303634644e-02
2.072484195232391357e-01
2.211017608642578125e+00
4.418997839093208313e-02
1.509983181953430176e+00
1.929426682181656361e-03
2.166136205196380615e-01
9.527652263641357422e-01
4.281822592020034790e-02
1.137343980371952057e-02
1.015933990478515625e+00
7.796822581440210342e-03
2.099058866500854492e+00
0.000000000000000000e+00
8.973728865385055542e-02
1.208081990480422974e-01
6.110818982124328613e-01
8.070571720600128174e-02
2.836064577102661133e+00
1.282668858766555786e-01
4.785743355751037598e-02
2.596229314804077148e+00
4.044831395149230957e-01
0.000000000000000000e+00
4.595835804939270020e-01
2.329148724675178528e-02
8.362273871898651123e-02
3.078171908855438232e-01
3.166407346725463867e-02
2.928791940212249756e-01
0.000000000000000000e+00
1.063035987317562103e-02
8.996118307113647461e-01
1.975065283477306366e-02
1.708809584379196167e-01
1.530152797698974609e+00
0.000000000000000000e+00
5.663686431944370270e-03
1.099785447120666504e+00
2.014078944921493530e-01
2.169489860534667969e-03
0.000000000000000000e+00
5.317857861518859863e-01
4.018281400203704834e-01
6.954370532184839249e-03
1.697353959083557129e+00
3.405144810676574707e-01
3.906007409095764160e-01
2.842509150505065918e-01
0.000000000000000000e+00
1.133704066276550293e+00
6.740593314170837402e-01
0.000000000000000000e+00
1.187369346618652344e+00
1.256704568862915039e+00
1.413069963455200195e-01
8.564487099647521973e-03
0.000000000000000000e+00
8.070821762084960938e-01
1.326568052172660828e-02
9.933876395225524902e-01
6.666179001331329346e-02
7.261748313903808594e-01
4.608409702777862549e-01
1.546492338180541992e+00
1.671010814607143402e-02
2.429078817367553711e-01
6.623679995536804199e-01
6.031055748462677002e-02
1.748193986713886261e-02
3.261614590883255005e-02
0.000000000000000000e+00
1.227249741554260254e+00
4.409483671188354492e-01
2.114456519484519958e-02
1.443095207214355469e+00
7.088047862052917480e-01
1.766049861907958984e-01
8.009759709239006042e-03
0.000000000000000000e+00
0.000000000000000000e+00
2.816170640289783478e-02
7.341975569725036621e-01
0.000000000000000000e+00
3.451550602912902832e-01
4.766744375228881836e-02
0.000000000000000000e+00
8.055762946605682373e-02
7.124832868576049805e-01
3.722477853298187256e-01
1.033449172973632812e-02
3.971419334411621094e+00
1.476003080606460571e-01
1.267229914665222168e-01
2.027717083692550659e-01
5.053445100784301758e-01
9.714803695678710938e-01
8.398031443357467651e-02
0.000000000000000000e+00
0.000000000000000000e+00
3.817510232329368591e-02
1.557176467031240463e-02
1.061537489295005798e-01
2.489782273769378662e-01
0.000000000000000000e+00
7.339482307434082031e-01
8.977497816085815430e-01
1.137257367372512817e-01
3.012915253639221191e-01
9.758530557155609131e-02
1.158792153000831604e-01
0.000000000000000000e+00
2.643668651580810547e+00
3.560012578964233398e-01
1.295885324478149414e+00
6.100023388862609863e-01
2.080268621444702148e+00
0.000000000000000000e+00
1.806237548589706421e-02
1.303301453590393066e-01
7.767344117164611816e-01
2.990511953830718994e-01
0.000000000000000000e+00
2.541471123695373535e-01
8.426114916801452637e-01
1.374340383335947990e-03
3.204041719436645508e-01
4.136325046420097351e-02
9.046485275030136108e-02
4.065120220184326172e-01
0.000000000000000000e+00
3.421995639801025391e-01
2.080858796834945679e-01
6.502507925033569336e-01
1.106694489717483521e-01
1.134349226951599121e+00
0.000000000000000000e+00
2.385163456201553345e-01
6.959207355976104736e-02
2.486094236373901367e+00
2.213646471500396729e-01
1.444342732429504395e-01
2.114803791046142578e-01
4.777894541621208191e-02
3.405804559588432312e-02
1.329351216554641724e-01
5.283131450414657593e-02
4.148623347282409668e-01
6.820066571235656738e-01
2.744658589363098145e-01
1.488717675209045410e+00
6.921727955341339111e-02
2.606970071792602539e-01
2.563392817974090576e-01
0.000000000000000000e+00
9.915203452110290527e-01
9.133055806159973145e-02
1.168046593666076660e-01
4.800756648182868958e-02
6.950305104255676270e-01
8.420359343290328979e-02
0.000000000000000000e+00
1.522979259490966797e+00
2.837642431259155273e-01
1.587090343236923218e-01
4.250278770923614502e-01
2.521339058876037598e-01
0.000000000000000000e+00
3.093608021736145020e-01
3.145350456237792969e+00
2.574925422668457031e-01
2.684454619884490967e-01
4.305105656385421753e-02
1.389865949749946594e-02
0.000000000000000000e+00
0.000000000000000000e+00
4.302372410893440247e-02
4.183714389801025391e+00
0.000000000000000000e+00
4.809558019042015076e-02
0.000000000000000000e+00
1.457044016569852829e-02
1.936937682330608368e-02
2.171681076288223267e-01
6.475730538368225098e-01
5.937631726264953613e-01
0.000000000000000000e+00
2.708536982536315918e-01
3.872425556182861328e-01
7.361070811748504639e-02
2.393578439950942993e-01
3.411992266774177551e-02
0.000000000000000000e+00
5.310806632041931152e-01
2.526687383651733398e-01
0.000000000000000000e+00
6.009362936019897461e-01
1.419034320861101151e-02
5.062780380249023438e-01
5.800574421882629395e-01
2.009682729840278625e-02
1.262201309204101562e+00
1.421069264411926270e+00
1.418689489364624023e-01
6.369103789329528809e-01
7.306496500968933105e-01
1.954884231090545654e-01
2.384576201438903809e-01
8.349614143371582031e+00
5.477469563484191895e-01
6.364586204290390015e-02
1.107229232788085938e+00
4.669912159442901611e-03
1.268970500677824020e-02
7.524676322937011719e-01
4.529057741165161133e-01
6.901597976684570312e-01
6.700626015663146973e-02
1.533885113894939423e-02
4.335527122020721436e-01
2.415805310010910034e-01
3.445475101470947266e-01
3.333575278520584106e-02
3.002325594425201416e-01
4.355707764625549316e-01
9.113773703575134277e-02
5.657673999667167664e-02
4.640453457832336426e-01
7.064124196767807007e-02
0.000000000000000000e+00
3.790250420570373535e-01
5.266870930790901184e-02
0.000000000000000000e+00
1.402199149131774902e+00
1.697151213884353638e-01
1.320824623107910156e+00
0.000000000000000000e+00
1.099464297294616699e+00
1.070519387722015381e-01
2.040438354015350342e-01
1.966704875230789185e-01
1.861957088112831116e-02
1.380905032157897949e+00
2.730872631072998047e-01
3.700489997863769531e-01
0.000000000000000000e+00
0.000000000000000000e+00
4.343328177928924561e-01
2.276367135345935822e-02
1.117965459823608398e+00
6.593893170356750488e-01
1.281878445297479630e-02
3.279634937644004822e-02
0.000000000000000000e+00
1.166073679924011230e-01
1.163448691368103027e+00
1.127707734704017639e-01
3.304606378078460693e-01
1.436273336410522461e+00
5.023155212402343750e-01
0.000000000000000000e+00
8.648244547657668591e-04
1.306367039680480957e+00
0.000000000000000000e+00
0.000000000000000000e+00
7.869385480880737305e-01
2.043659836053848267e-01
9.543762803077697754e-01
0.000000000000000000e+00
1.421305630356073380e-02
3.377968072891235352e-01
3.500122129917144775e-01
4.629315733909606934e-01
1.690968871116638184e-01
3.214299201965332031e+00
7.409080862998962402e-01
6.454508900642395020e-01
0.000000000000000000e+00
2.924998849630355835e-02
0.000000000000000000e+00
1.415213756263256073e-02
1.941678375005722046e-01
0.000000000000000000e+00
0.000000000000000000e+00
1.265720278024673462e-01
0.000000000000000000e+00
5.872380137443542480e-01
1.282685901969671249e-02
1.280690170824527740e-02
2.381921529769897461e+00
8.444928377866744995e-02
1.872356235980987549e-02
1.919026255607604980e+00
3.806713223457336426e-02
3.098903894424438477e-01
2.960718154907226562e+00
0.000000000000000000e+00
3.844909137114882469e-03
1.052956096827983856e-02
8.915528059005737305e-01
5.490216612815856934e-01
8.556819707155227661e-02
1.759488880634307861e-01
0.000000000000000000e+00
0.000000000000000000e+00
4.869340360164642334e-02
4.807727038860321045e-02
6.708110123872756958e-02
3.471344411373138428e-01
7.315541505813598633e-01
4.821305572986602783e-01
7.198096066713333130e-02
2.175811231136322021e-01
1.769571155309677124e-01
3.124675527215003967e-02
1.232260584831237793e+00
1.641169190406799316e+00
1.547076821327209473e+00
1.233877427875995636e-02
3.086217045783996582e-01
1.202963590621948242e-01
2.386491775512695312e+00
2.399243831634521484e+00
9.192175865173339844e-01
7.647987008094787598e-01
9.525395929813385010e-03
3.862236142158508301e-01
7.648940663784742355e-03
5.094271302223205566e-01
0.000000000000000000e+00
4.074947535991668701e-02
0.000000000000000000e+00
0.000000000000000000e+00
0.000000000000000000e+00
2.101822346448898315e-01
1.088370010256767273e-01
1.733884572982788086e+00
5.955423116683959961e-01
3.012129068374633789e-01
1.148623749613761902e-01
1.427612155675888062e-01
5.693779140710830688e-02
1.087468385696411133e+00
9.709739685058593750e-01
2.000114470720291138e-01
0.000000000000000000e+00
0.000000000000000000e+00
1.831904798746109009e-01
4.451764374971389771e-02
2.742056250572204590e-01
1.377102434635162354e-01
6.084468960762023926e-01
5.149386525154113770e-01
1.355719089508056641e+00
1.723858714103698730e-02
2.248718887567520142e-01
7.040943601168692112e-04
2.659410715103149414e+00
9.271101951599121094e-01
1.230407655239105225e-01
2.157149463891983032e-01
9.377517104148864746e-01
1.253641247749328613e-01
8.275713324546813965e-01
4.842655360698699951e-02
0.000000000000000000e+00
9.518781304359436035e-01
6.504546105861663818e-02
1.034880638122558594e+00
2.525483965873718262e-01
1.360647678375244141e-01
4.107485059648752213e-03
0.000000000000000000e+00
6.477177143096923828e-01
6.589107215404510498e-02
2.508267574012279510e-02
0.000000000000000000e+00
3.171824932098388672e+00
1.469955965876579285e-02
5.276637524366378784e-02
1.932945996522903442e-01
0.000000000000000000e+00
7.349501550197601318e-02
1.875439047813415527e+00
1.638743877410888672e-01
4.640459641814231873e-02
4.719107598066329956e-02
4.352142810821533203e-01
3.154742345213890076e-02
4.813407063484191895e-01
0.000000000000000000e+00
5.253801345825195312e-01
1.195535659790039062e+00
3.969063237309455872e-02
1.838289499282836914e-01
2.611542046070098877e-01
2.132147317752242088e-03
2.292126230895519257e-02
6.967563927173614502e-02
6.777671724557876587e-02
0.000000000000000000e+00
9.809150695800781250e-01
0.000000000000000000e+00
2.748844385147094727e+00
0.000000000000000000e+00
1.724955797195434570e+00
5.807611942291259766e-01
3.155169188976287842e-01
4.669174253940582275e-01
1.542477458715438843e-01
6.991329789161682129e-01
3.473812043666839600e-01
0.000000000000000000e+00
5.158420205116271973e-01
1.411129236221313477e-01
2.531893253326416016e-01
3.723900318145751953e-01
0.000000000000000000e+00
0.000000000000000000e+00
2.991747558116912842e-01
5.772992153652012348e-04
4.804322421550750732e-01
9.892877340316772461e-01
6.921579837799072266e-01
2.774407863616943359e-01
2.211221605539321899e-01
2.847279548645019531e+00
5.066522955894470215e-01
9.042740799486637115e-03
3.443669676780700684e-01
2.227165400981903076e-01
2.573011815547943115e-01
0.000000000000000000e+00
2.743900520727038383e-03
5.161810293793678284e-02
1.434288024902343750e-01
0.000000000000000000e+00
1.001204490661621094e+00
6.746922153979539871e-03
1.030426379293203354e-02
1.943000853061676025e-01
4.179213047027587891e-01
2.610729038715362549e-01
3.089207708835601807e-01
8.685269951820373535e-01
2.095679044723510742e-01
1.419770121574401855e-01
1.116163507103919983e-01
6.991164684295654297e-01
1.232828378677368164e+00
2.122611179947853088e-02
3.369621336460113525e-01
1.571677625179290771e-01
9.407421946525573730e-01
8.373659104108810425e-03
0.000000000000000000e+00
7.604669332504272461e-01
3.600393533706665039e-01
1.023224815726280212e-01
7.606402635574340820e-01
0.000000000000000000e+00
2.417390584945678711e+00
2.587040185928344727e+00
0.000000000000000000e+00
0.000000000000000000e+00
1.157205104827880859e+00
0.000000000000000000e+00
1.983743906021118164e-01
0.000000000000000000e+00
1.620418205857276917e-02
5.089573264122009277e-01
0.000000000000000000e+00
7.675564885139465332e-01
1.055772528052330017e-01
4.327290505170822144e-02
9.325971603393554688e-01
1.474854648113250732e-01
2.272812575101852417e-01
6.144195795059204102e-01
0.000000000000000000e+00
5.360201932489871979e-03
3.292619884014129639e-01
4.359139502048492432e-01
2.682745754718780518e-01
9.959843754768371582e-02
3.314212858676910400e-01
3.281709924340248108e-02
2.402183413505554199e-01
8.172960877418518066e-01
2.269538640975952148e+00
0.000000000000000000e+00
1.604013293981552124e-01
9.188872575759887695e-02
3.121419906616210938e+00
1.800220832228660583e-02
1.101049184799194336e-01
1.728447079658508301e+00
8.061645030975341797e-01
5.708826184272766113e-01
7.530146837234497070e-02
3.448013305664062500e+00
1.417643874883651733e-01
1.338997721672058105e+00
2.731563746929168701e-01
2.263820022344589233e-01
0.000000000000000000e+00
8.441714644432067871e-01
8.081413805484771729e-02
1.869859546422958374e-02
0.000000000000000000e+00
0.000000000000000000e+00
0.000000000000000000e+00
4.977130889892578125e-02
8.515419960021972656e-01
3.392808884382247925e-02
3.299396336078643799e-01
3.597020730376243591e-02
1.819949865341186523e+00
2.701074361801147461e+00
2.757587702944874763e-03
6.907517313957214355e-01
1.100475668907165527e+00
3.030138611793518066e-01
1.152801513671875000e-02
3.447150290012359619e-01
6.634172517806291580e-03
1.001300454139709473e+00
2.043302059173583984e+00
1.356470286846160889e-01
9.813342243432998657e-03
7.917780876159667969e-01
1.511368155479431152e+00
5.976080298423767090e-01
8.282203227281570435e-03
7.320162653923034668e-01
2.113111689686775208e-02
2.610496878623962402e-01
2.208334207534790039e+00
5.389548540115356445e-01
0.000000000000000000e+00
5.376139879226684570e-01
2.730461955070495605e-01
0.000000000000000000e+00
1.180644109845161438e-01
2.539880014955997467e-02
5.145801305770874023e-01
0.000000000000000000e+00
1.073915585875511169e-01
0.000000000000000000e+00
0.000000000000000000e+00
3.483767807483673096e-02
2.114648103713989258e+00
2.913603000342845917e-02
9.907544255256652832e-01
1.357303708791732788e-01
1.927359849214553833e-01
5.066001892089843750e+00
2.072164416313171387e-01
0.000000000000000000e+00
3.564026951789855957e-01
2.723220586776733398e-01
2.697214856743812561e-02
7.664512842893600464e-02
0.000000000000000000e+00
8.876271247863769531e-01
1.137564182281494141e+00
8.652330935001373291e-02
1.017940193414688110e-01
0.000000000000000000e+00
4.982413947582244873e-01
1.564226895570755005e-01
0.000000000000000000e+00
7.760789990425109863e-01
0.000000000000000000e+00
2.776378206908702850e-02
0.000000000000000000e+00
1.714059710502624512e-02
2.372796237468719482e-01
1.791570544242858887e+00
1.324802730232477188e-02
1.574417799711227417e-01
3.305244818329811096e-02
2.167357876896858215e-02
2.227967604994773865e-02
2.209771394729614258e+00
4.568535983562469482e-01
1.098672509193420410e+00
2.916906476020812988e-01
1.656637072563171387e+00
0.000000000000000000e+00
2.941080927848815918e-01
6.757007539272308350e-02
3.908329308032989502e-01
1.772926449775695801e+00
6.386309862136840820e-02
9.434075094759464264e-03
2.223751783370971680e+00
5.420174598693847656e-01
0.000000000000000000e+00
0.000000000000000000e+00
4.666858613491058350e-01
1.264171749353408813e-01
3.727737665176391602e-01
0.000000000000000000e+00
6.566260010004043579e-02
1.975135877728462219e-02
5.428042635321617126e-02
2.731763422489166260e-01
1.201935768127441406e+00
2.163625240325927734e+00
6.653469800949096680e-01
1.180994987487792969e+00
2.146346867084503174e-01
4.316003620624542236e-01
0.000000000000000000e+00
1.018643260002136230e+00
1.099090203642845154e-01
2.055065780878067017e-01
5.918657779693603516e-01
1.654517054557800293e+00
1.209879219532012939e-01
3.990412354469299316e-01
0.000000000000000000e+00
2.030676454305648804e-01
0.000000000000000000e+00
3.283630311489105225e-01
6.056746840476989746e-01
1.146349012851715088e-01
7.109015434980392456e-02
3.961363434791564941e-01
1.022203415632247925e-01
1.198491692543029785e+00
8.791025280952453613e-01
5.466359257698059082e-01
1.918151229619979858e-01
2.955358289182186127e-02
1.127509102225303650e-01
2.281138300895690918e-01
4.887587428092956543e-01
3.807065188884735107e-01
3.512975275516510010e-01
9.023962169885635376e-02
1.351615041494369507e-01
1.001570150256156921e-01
0.000000000000000000e+00
4.481128752231597900e-01
1.151683554053306580e-01
1.816832304000854492e+00
2.131303697824478149e-01
1.608579009771347046e-01
0.000000000000000000e+00
3.998853266239166260e-02
5.007222667336463928e-02
5.278481170535087585e-02
0.000000000000000000e+00
9.159360826015472412e-02
6.111869961023330688e-02
1.818764209747314453e-01
3.924094736576080322e-01
1.820341199636459351e-01
0.000000000000000000e+00
0.000000000000000000e+00
6.898851394653320312e-01
3.799848491325974464e-03
1.519983768463134766e+00
1.243190526962280273e+00
3.250962197780609131e-01
9.426926821470260620e-02
1.840537428855895996e+00
4.154543578624725342e-02
2.560284137725830078e-01
6.116297841072082520e-01
2.308648638427257538e-02
1.546808034181594849e-01
1.619459874927997589e-02
2.421975582838058472e-01
0.000000000000000000e+00
2.019301205873489380e-01
2.046623229980468750e+00
0.000000000000000000e+00
3.417084813117980957e-01
2.794169783592224121e-01
6.317500025033950806e-03
1.027131825685501099e-01
2.302188128232955933e-01
0.000000000000000000e+00
4.785297811031341553e-01
5.479640364646911621e-01
2.425192594528198242e-01
1.203760743141174316e+00
1.570677198469638824e-02
5.817750096321105957e-01
7.507181167602539062e-01
6.688145995140075684e-01
8.537299931049346924e-02
0.000000000000000000e+00
2.487915381789207458e-02
5.397655963897705078e-01
2.537340223789215088e-01
2.043791115283966064e-02
9.092458486557006836e-01
9.894867539405822754e-01
9.173059463500976562e-02
1.781624741852283478e-03
3.149176537990570068e-01
2.102333068847656250e+00
1.447086874395608902e-02
4.606431815773248672e-03
1.543630510568618774e-01
0.000000000000000000e+00
7.185592651367187500e-01
0.000000000000000000e+00
4.975745677947998047e-01
6.090688109397888184e-01
6.987570971250534058e-02
0.000000000000000000e+00
5.236117541790008545e-02
4.051331877708435059e-01
3.747932910919189453e-01
2.122369110584259033e-01
0.000000000000000000e+00
0.000000000000000000e+00
6.833646297454833984e-01
1.825502812862396240e-01
2.828518450260162354e-01
7.414201498031616211e-01
3.965813666582107544e-02
4.229560494422912598e-01
1.376507431268692017e-01
7.423263192176818848e-01
4.228724911808967590e-02
3.247176706790924072e-01
2.011059224605560303e-02
1.100674271583557129e-01
6.201698184013366699e-01
1.075767204165458679e-01
8.308673501014709473e-01
1.238585785031318665e-01
3.331590294837951660e-01
1.486964616924524307e-02
6.436272710561752319e-02
2.230725049972534180e+00
0.000000000000000000e+00
5.225629806518554688e-01
2.527544498443603516e-01
1.769259095191955566e+00
3.711540997028350830e-02
3.868060559034347534e-02
4.791280254721641541e-02
0.000000000000000000e+00
6.625633239746093750e-01
2.659418880939483643e-01
0.000000000000000000e+00
6.164883971214294434e-01
4.732031747698783875e-02
0.000000000000000000e+00
2.106534242630004883e-01
0.000000000000000000e+00
3.726017102599143982e-02
1.130969151854515076e-01
1.452692449092864990e-01
4.417359456419944763e-02
5.184123292565345764e-02
4.154224693775177002e-01
1.694326549768447876e-01
7.492097616195678711e-01
1.538039892911911011e-01
0.000000000000000000e+00
1.167748928070068359e+00
4.272964000701904297e+00
5.124560594558715820e-01
9.894332885742187500e-01
3.428459465503692627e-01
4.245217517018318176e-02
3.305312618613243103e-02
1.420515682548284531e-02
2.389168977737426758e+00
1.074349228292703629e-02
3.934823907911777496e-03
5.486998241394758224e-03
8.767610788345336914e-02
5.804947018623352051e-01
0.000000000000000000e+00
1.171420663595199585e-01
1.576684474945068359e+00
4.275179505348205566e-01
1.740810275077819824e-01
3.015412092208862305e-01
3.542812168598175049e-01
0.000000000000000000e+00
0.000000000000000000e+00
1.123038053512573242e+00
5.529724955558776855e-01
1.744919419288635254e+00
2.853928320109844208e-02
2.910901010036468506e-01
0.000000000000000000e+00
1.202554121846333146e-04
4.575360193848609924e-02
1.477333903312683105e-01
2.375319302082061768e-01
3.729750514030456543e-01
8.699427843093872070e-01
1.356438845396041870e-01
2.911031246185302734e-01
0.000000000000000000e+00
3.697458803653717041e-01
4.407502651214599609e+00
1.023678556084632874e-01
1.478938311338424683e-01
3.176265716552734375e+00
5.991282686591148376e-02
1.214157789945602417e-02
4.408882558345794678e-01
1.972140312194824219e+00
3.474708646535873413e-02
1.193578720092773438e+00
0.000000000000000000e+00
9.775146842002868652e-02
2.300874590873718262e-01
0.000000000000000000e+00
2.993563115596771240e-01
2.556967437267303467e-01
4.406454563140869141e-01
3.670418500900268555e+00
4.463119804859161377e-02
2.920871376991271973e-01
9.975621104240417480e-02
7.593762874603271484e-02
1.257280558347702026e-01
0.000000000000000000e+00
3.628634214401245117e-01
9.728617668151855469e-01
2.373766154050827026e-01
5.642576608806848526e-03
2.737462222576141357e-01
2.766815423965454102e-01
1.299754858016967773e+00
2.013614177703857422e-01
1.056702509522438049e-01
8.453786373138427734e-02
1.020371839404106140e-01
0.000000000000000000e+00
1.175938248634338379e-01
3.651525080204010010e-02
6.982902996242046356e-03
7.274895161390304565e-02
0.000000000000000000e+00
1.016898080706596375e-01
4.121205303817987442e-03
1.354171335697174072e-01
1.054476574063301086e-02
2.286360263824462891e+00
2.731152534484863281e+00
1.691124588251113892e-02
2.561654746532440186e-01
2.971610426902770996e-02
1.960527420043945312e+00
3.926818966865539551e-01
1.517517209053039551e+00
1.391773462295532227e+00
0.000000000000000000e+00
0.000000000000000000e+00
8.852736651897430420e-02
4.406832158565521240e-02
9.816579520702362061e-02
2.919476270675659180e+00
5.077923536300659180e-01
0.000000000000000000e+00
5.646802112460136414e-02
2.972727417945861816e-01
1.632619261741638184e+00
1.614651642739772797e-02
1.216382756829261780e-01
1.494487375020980835e-01
2.166372165083885193e-02
3.117451667785644531e-01
9.831377267837524414e-01
4.107887148857116699e-01
9.487885236740112305e-02
1.647694781422615051e-02
2.628055214881896973e-01
7.471481561660766602e-01
3.130632042884826660e-01
4.035409539937973022e-02
2.119801938533782959e-01
7.792078256607055664e-01
6.187384724617004395e-01
6.094250082969665527e-01
9.510048031806945801e-01
4.159097746014595032e-02
6.425042636692523956e-03
5.219624042510986328e-01
1.212477087974548340e-01
3.369020223617553711e-01
8.106597512960433960e-02
2.909486293792724609e-01
0.000000000000000000e+00
1.229256272315979004e+00
8.540999144315719604e-02
3.128496706485748291e-01
2.873038053512573242e-01
1.339785158634185791e-01
1.493583083152770996e+00
0.000000000000000000e+00
0.000000000000000000e+00
1.640666276216506958e-01
1.754466146230697632e-01
1.060912832617759705e-01
1.579780280590057373e-01
6.220922339707612991e-03
4.600793868303298950e-02
8.520060032606124878e-02
6.472079455852508545e-02
0.000000000000000000e+00
0.000000000000000000e+00
2.613629586994647980e-02
1.050158858299255371e+00
2.415226958692073822e-02
6.307086348533630371e-01
0.000000000000000000e+00
3.448114916682243347e-02
0.000000000000000000e+00
9.357542544603347778e-02
1.141421794891357422e+00
2.639446407556533813e-02
5.037081241607666016e-01
5.013784170150756836e-01
8.907701820135116577e-02
3.406008183956146240e-01
3.027116321027278900e-02
1.071080565452575684e-01
6.430979073047637939e-02
1.143496930599212646e-01
1.911887675523757935e-01
0.000000000000000000e+00
6.062685251235961914e-01
5.621144771575927734e-01
1.989107280969619751e-01
6.841751933097839355e-02
8.109508454799652100e-02
1.675011366605758667e-01
0.000000000000000000e+00
0.000000000000000000e+00
1.139879226684570312e-01
8.428583145141601562e-01
0.000000000000000000e+00
8.628643117845058441e-03
2.231868356466293335e-02
7.942183315753936768e-02
1.342957139015197754e+00
1.240368112921714783e-01
9.687391668558120728e-02
5.230281036347150803e-03
0.000000000000000000e+00
5.044881701469421387e-01
6.831581704318523407e-03
4.878343269228935242e-02
2.133543640375137329e-01
4.603194072842597961e-02
3.703582882881164551e-01
1.253156423568725586e+00
2.908305032178759575e-03
2.857566475868225098e-01
2.150014787912368774e-01
0.000000000000000000e+00
2.874968573451042175e-02
2.402486801147460938e+00
1.795865595340728760e-02
1.603093296289443970e-01
1.738329976797103882e-01
7.872571349143981934e-01
8.344106078147888184e-01
1.139681577682495117e+00
1.780523173511028290e-02
1.845204830169677734e-01
0.000000000000000000e+00
2.859606593847274780e-02
1.749228388071060181e-01
3.899519443511962891e-01
4.077777639031410217e-02
2.613740265369415283e-01
0.000000000000000000e+00
4.426245093345642090e-01
2.596774399280548096e-01
7.323063164949417114e-02
1.572633981704711914e+00
3.403753414750099182e-02
1.277542263269424438e-01
0.000000000000000000e+00
0.000000000000000000e+00
1.569634228944778442e-01
1.086334347724914551e+00
9.664967656135559082e-02
9.168735146522521973e-01
8.505957722663879395e-01
9.217676520347595215e-01
1.196662150323390961e-02
2.479863315820693970e-01
3.442530632019042969e-01
2.587645314633846283e-02
2.277151823043823242e+00
3.335409760475158691e-01
0.000000000000000000e+00
2.356770515441894531e+00
3.300266689620912075e-04
5.089975595474243164e-01
7.638919353485107422e-01
4.360648095607757568e-01
6.418966054916381836e-01
2.431294322013854980e-01
7.366740703582763672e-02
1.379595994949340820e-01
3.501650691032409668e-02
2.921907007694244385e-01
4.316418990492820740e-02
0.000000000000000000e+00
1.051894903182983398e+00
5.066303014755249023e-01
1.352549903094768524e-02
8.074051886796951294e-02
2.194647490978240967e-01
2.753963507711887360e-02
3.589687347412109375e-01
7.927778363227844238e-02
3.296544551849365234e-01
0.000000000000000000e+00
1.340417563915252686e-02
8.040339350700378418e-01
1.502355456352233887e+00
7.854436635971069336e-01
0.000000000000000000e+00
3.493270576000213623e-01
5.031605251133441925e-03
1.251988951116800308e-02
1.144446015357971191e+00
1.191818267107009888e-01
1.856268644332885742e+00
0.000000000000000000e+00
0.000000000000000000e+00
5.205737352371215820e-01
6.166348457336425781e-01
1.450271531939506531e-02
1.238900899887084961e+00
5.094718933105468750e-02
7.784747481346130371e-01
2.479082942008972168e-01
9.607579559087753296e-02
2.998125553131103516e-01
3.257395625114440918e-01
0.000000000000000000e+00
7.419651001691818237e-02
7.147697210311889648e-01
1.345563232898712158e-01
9.239187091588973999e-02
1.804688096046447754e+00
7.599053382873535156e-01
0.000000000000000000e+00
6.332528777420520782e-03
1.490845680236816406e-01
2.179068047553300858e-03
0.000000000000000000e+00
2.020936459302902222e-02
2.875498533248901367e-01
8.398295193910598755e-02
2.545890808105468750e+00
2.282797336578369141e+00
1.158919930458068848e-01
1.377015352249145508e+00
0.000000000000000000e+00
7.299338281154632568e-02
1.572388410568237305e-02
1.805640757083892822e-01
5.383076071739196777e-01
5.674504041671752930e-01
0.000000000000000000e+00
5.766347050666809082e-02
0.000000000000000000e+00
0.000000000000000000e+00
1.177136376500129700e-01
1.160470008850097656e+00
2.734487354755401611e-01
1.167324651032686234e-02
4.518485665321350098e-01
3.773384541273117065e-02
6.463795304298400879e-01
2.291321754455566406e+00
1.812473982572555542e-01
6.184311509132385254e-01
1.096342653036117554e-01
1.334919780492782593e-01
0.000000000000000000e+00
0.000000000000000000e+00
1.034048557281494141e+00
0.000000000000000000e+00
1.026866912841796875e+00
1.306549757719039917e-01
3.989686369895935059e-01
7.087250351905822754e-01
9.965340495109558105e-01
1.504447162151336670e-01
7.560481876134872437e-02
0.000000000000000000e+00
4.819603264331817627e-01
1.582340151071548462e-01
4.574807733297348022e-02
0.000000000000000000e+00
5.446518063545227051e-01
0.000000000000000000e+00
1.324781179428100586e+00
0.000000000000000000e+00
1.066432669758796692e-01
3.052431643009185791e-01
5.869561433792114258e-02
3.940710797905921936e-02
5.043056607246398926e-02
4.177507758140563965e-02
1.553795933723449707e-01
0.000000000000000000e+00
2.591259218752384186e-02
1.143128752708435059e+00
4.462944030761718750e+00
6.856069564819335938e-01
4.146395325660705566e-01
0.000000000000000000e+00
0.000000000000000000e+00
8.341376781463623047e-01
1.442500650882720947e-01
2.409472502768039703e-02
3.630869090557098389e-01
1.030456781387329102e+00
1.017071485519409180e+00
1.355079263448715210e-01
0.000000000000000000e+00
1.207724690437316895e+00
0.000000000000000000e+00
3.377839326858520508e-01
1.599774323403835297e-02
3.368505835533142090e-02
4.803894832730293274e-02
2.348482310771942139e-01
9.601952135562896729e-02
0.000000000000000000e+00
4.571898281574249268e-02
4.914997518062591553e-02
4.221300035715103149e-02
1.978527903556823730e-01
0.000000000000000000e+00
1.015311121940612793e+00
2.709415853023529053e-01
1.460407495498657227e+00
2.618638277053833008e-01
1.564710021018981934e+00
1.342806667089462280e-01
9.342803619801998138e-03
9.337215125560760498e-02
3.554674685001373291e-01
1.353947222232818604e-01
6.151109337806701660e-01
5.641633868217468262e-01
8.556634187698364258e-02
6.994399428367614746e-01
0.000000000000000000e+00
1.015749573707580566e-01
0.000000000000000000e+00
4.374971389770507812e+00
0.000000000000000000e+00
2.153092861175537109e+00
1.200881600379943848e-01
2.833364009857177734e-01
0.000000000000000000e+00
4.505636990070343018e-01
6.243211682885885239e-03
1.025827288627624512e+00
7.334671616554260254e-01
1.050153851509094238e+00
8.815284371376037598e-01
9.459850937128067017e-02
2.398344576358795166e-01
3.936532139778137207e-01
2.880399227142333984e-01
1.404220163822174072e-01
5.169109106063842773e-01
5.061123967170715332e-01
8.278436027467250824e-03
4.602206945419311523e-01
5.618612095713615417e-02
5.261526256799697876e-02
1.542171239852905273e+00
3.733184337615966797e-01
0.000000000000000000e+00
6.778571405448019505e-04
1.324666023254394531e+00
1.044075369834899902e+00
3.964333608746528625e-02
1.799997448921203613e+00
9.101539850234985352e-01
2.960051596164703369e-01
4.039338976144790649e-02
5.368943214416503906e-01
0.000000000000000000e+00
7.562718391418457031e-01
1.144913196563720703e+00
0.000000000000000000e+00
0.000000000000000000e+00
3.779487609863281250e-01
5.713117718696594238e-01
0.000000000000000000e+00
7.959656715393066406e-01
6.094929575920104980e-02
1.840254515409469604e-01
1.181710883975028992e-01
3.975481390953063965e-01
4.472624301910400391e+00
1.257812678813934326e-01
3.252140283584594727e+00
0.000000000000000000e+00
1.633464992046356201e-01
6.276076436042785645e-01
6.903753429651260376e-02
1.747134476900100708e-01
6.157111525535583496e-01
2.819737419486045837e-02
4.471941851079463959e-03
1.114415049552917480e+00
5.528926253318786621e-01
6.394984573125839233e-02
1.016958951950073242e-01
0.000000000000000000e+00
1.201324071735143661e-02
1.096115186810493469e-01
1.278054565191268921e-01
7.992371916770935059e-02
2.644859952852129936e-03
4.191895946860313416e-02
1.255401372909545898e-01
4.048128426074981689e-01
1.042024046182632446e-01
4.260476827621459961e-01
3.983423709869384766e-01
2.274228818714618683e-02
1.746893376111984253e-01
1.137829124927520752e-01
2.384402275085449219e+00
7.266332209110260010e-02
1.201536785811185837e-02
0.000000000000000000e+00
6.193108484148979187e-02
4.709730669856071472e-02
1.206209182739257812e+00
0.000000000000000000e+00
0.000000000000000000e+00
0.000000000000000000e+00
3.643006980419158936e-01
0.000000000000000000e+00
3.559569418430328369e-01
3.443666920065879822e-02
0.000000000000000000e+00
0.000000000000000000e+00
1.860602855682373047e+00
0.000000000000000000e+00
1.224148347973823547e-01
1.455004215240478516e-01
1.487660687416791916e-02
1.252070665359497070e-01
2.214531004428863525e-01
2.836017683148384094e-02
7.797311246395111084e-02
1.214103698730468750e+00
3.516155760735273361e-03
0.000000000000000000e+00
1.979095101356506348e+00
0.000000000000000000e+00
2.038970947265625000e+00
0.000000000000000000e+00
0.000000000000000000e+00
1.105040431022644043e+00
7.057464122772216797e-01
2.651090733706951141e-02
3.805160522460937500e-03
1.009794354438781738e+00
0.000000000000000000e+00
1.930831074714660645e-01
7.568519115447998047e-01
2.653484698385000229e-03
3.599635064601898193e-01
5.598868131637573242e-01
1.448790907859802246e+00
2.269585803151130676e-02
5.626315250992774963e-03
3.174568891525268555e+00
