9.447556138038635254e-01
0.000000000000000000e+00
0.000000000000000000e+00
1.483792781829833984e+00
7.495944499969482422e-01
1.916179507970809937e-01
8.446665406227111816e-01
1.236127853393554688e+00
4.658314883708953857e-01
2.967100143432617188e+00
5.334749221801757812e-01
4.883839130401611328e+00
8.955381065607070923e-02
0.000000000000000000e+00
5.271967053413391113e-01
2.782317623496055603e-02
4.232220724225044250e-02
1.395187899470329285e-02
1.264173537492752075e-01
3.530763089656829834e-01
4.475637525320053101e-02
8.164493367075920105e-03
4.561208486557006836e-01
7.239235192537307739e-02
1.466377675533294678e-01
9.808634966611862183e-02
5.551152303814888000e-02
1.635624617338180542e-01
1.413989305496215820e+00
1.524065136909484863e-01
0.000000000000000000e+00
3.370998054742813110e-02
1.329753041267395020e+00
5.955860614776611328e-01
8.050057291984558105e-02
1.018395423889160156e-01
1.004420802928507328e-03
7.378789130598306656e-03
3.785088658332824707e-02
6.578333973884582520e-01
2.753585018217563629e-02
1.095688939094543457e+00
3.593980967998504639e-01
1.885873436927795410e+00
0.000000000000000000e+00
0.000000000000000000e+00
4.522496163845062256e-01
6.872793287038803101e-02
4.927701503038406372e-02
9.131373167037963867e-01
0.000000000000000000e+00
2.438261657953262329e-01
8.436128497123718262e-01
5.510856509208679199e-01
5.335482209920883179e-02
7.229182869195938110e-02
2.779322676360607147e-02
4.316406250000000000e-01
4.307686090469360352e-01
1.276175379753112793e+00
1.091388106346130371e+00
5.683788657188415527e-02
3.185447454452514648e-01
1.722871698439121246e-02
1.681536912918090820e+00
7.092811912298202515e-02
4.974572062492370605e-01
3.731193542480468750e-01
0.000000000000000000e+00
6.798232346773147583e-02
0.000000000000000000e+00
4.992889463901519775e-01
3.531330347061157227e+00
3.941382467746734619e-01
0.000000000000000000e+00
1.409161329269409180e+00
6.727240681648254395e-01
1.002121716737747192e-01
2.625594288110733032e-02
3.999444544315338135e-01
1.715764045715332031e+00
0.000000000000000000e+00
2.833478525280952454e-02
0.000000000000000000e+00
1.129408478736877441e+00
1.952012814581394196e-02
1.258948445320129395e-01
2.762378752231597900e-01
1.426352411508560181e-01
2.871100008487701416e-01
7.196490168571472168e-01
3.522479161620140076e-02
1.049583852291107178e-01
1.347254663705825806e-01
1.350088357925415039e+00
0.000000000000000000e+00
3.313793540000915527e-01
2.833510935306549072e-01
1.651684939861297607e-01
2.651296138763427734e+00
3.472622111439704895e-02
4.070108234882354736e-01
3.491875410079956055e+00
2.802662253379821777e-01
1.969609968364238739e-02
6.303883343935012817e-02
3.067943751811981201e-01
6.069983914494514465e-02
0.000000000000000000e+00
2.960734844207763672e+00
4.630384922027587891e+00
0.000000000000000000e+00
7.006954550743103027e-01
4.002991199493408203e+00
7.967332005500793457e-02
8.785779029130935669e-02
1.524069011211395264e-01
4.147863984107971191e-01
0.000000000000000000e+00
4.479049518704414368e-02
1.412780731916427612e-01
1.396347582340240479e-01
2.846648454666137695e+00
2.815921977162361145e-02
4.677923619747161865e-01
2.795859873294830322e-01
5.551081150770187378e-02
1.163022145628929138e-01
0.000000000000000000e+00
2.049408666789531708e-02
3.938361257314682007e-02
2.107066102325916290e-02
4.491125233471393585e-03
1.335772275924682617e-01
6.124580502510070801e-01
0.000000000000000000e+00
4.427810609340667725e-01
6.257390975952148438e-01
1.191371202468872070e+00
1.503358036279678345e-01
9.289759397506713867e-01
5.848390236496925354e-02
1.160730049014091492e-01
1.280101299285888672e+00
6.109730154275894165e-02
6.149466615170240402e-03
2.663782119750976562e+00
0.000000000000000000e+00
3.340944051742553711e-01
2.399123609066009521e-01
5.229641683399677277e-04
2.285744063556194305e-02
1.972459815442562103e-02
0.000000000000000000e+00
1.768103122711181641e+00
1.582820117473602295e-01
4.115975648164749146e-02
7.828648090362548828e-01
3.466472774744033813e-02
4.252142906188964844e-01
1.466010324656963348e-02
0.000000000000000000e+00
6.465975642204284668e-01
0.000000000000000000e+00
2.223557829856872559e-01
5.001860111951828003e-02
0.000000000000000000e+00
1.393422205001115799e-02
3.657011032104492188e+00
1.269644021987915039e+00
4.513579420745372772e-03
7.089651226997375488e-01
1.241214632987976074e+00
2.947055697441101074e-01
4.448806941509246826e-01
1.402975320816040039e-01
2.457950711250305176e-01
1.324731111526489258e-01
1.379594765603542328e-02
5.015248656272888184e-01
2.965639829635620117e-01
9.722036868333816528e-02
5.699796229600906372e-02
8.428391218185424805e-01
2.094797939062118530e-01
1.793422460556030273e+00
6.150014400482177734e-01
2.783431708812713623e-01
1.274394840002059937e-01
6.927403211593627930e-01
8.326574228703975677e-03
2.034399271011352539e+00
4.539751410484313965e-01
1.404559135437011719e+00
4.760819971561431885e-01
1.170395970344543457e+00
0.000000000000000000e+00
6.195845454931259155e-02
5.444784164428710938e-01
5.427932143211364746e-01
2.929120659828186035e-01
2.118145115673542023e-02
2.958412170410156250e-01
2.444311678409576416e-01
1.483196616172790527e-01
1.823542594909667969e+00
1.408521085977554321e-01
3.379780054092407227e-02
5.492364168167114258e-01
1.412671208381652832e-01
1.786165125668048859e-02
4.304015636444091797e-01
2.101657912135124207e-02
1.824143528938293457e-01
1.222985982894897461e+00
1.452701445668935776e-02
5.639317678287625313e-04
1.746755957603454590e+00
2.804556190967559814e-01
1.102914437651634216e-01
1.980275064706802368e-01
3.349852934479713440e-02
6.184053421020507812e-01
7.900425791740417480e-01
2.467015758156776428e-02
1.554395198822021484e+00
5.640751719474792480e-01
2.428944110870361328e-01
8.284026980400085449e-01
4.188809990882873535e-01
0.000000000000000000e+00
6.951410770416259766e-01
1.507702231407165527e+00
1.332662105560302734e-01
3.524080663919448853e-02
3.102314658463001251e-03
3.624002933502197266e-01
0.000000000000000000e+00
4.766427353024482727e-02
7.604099810123443604e-02
2.489177137613296509e-01
1.041803881525993347e-01
6.807148456573486328e-02
3.837609767913818359e+00
1.208899259567260742e+00
4.301986098289489746e-02
1.275116950273513794e-01
1.959551423788070679e-01
3.756639957427978516e-01
5.439573526382446289e-01
5.605472996830940247e-02
2.938927151262760162e-02
7.021423578262329102e-01
3.493335545063018799e-01
4.755786061286926270e-02
1.681533753871917725e-01
5.181841850280761719e-01
3.019652366638183594e-01
4.378995799925178289e-04
3.581690788269042969e-01
2.645471394062042236e-01
1.631108760833740234e+00
1.152561545372009277e+00
6.080635786056518555e-01
1.396204948425292969e+00
1.094004988670349121e+00
2.531838230788707733e-02
1.879882454872131348e+00
3.308824300765991211e-01
1.349682688713073730e+00
1.717409640550613403e-01
4.935504794120788574e-01
1.480286419391632080e-01
4.691502749919891357e-01
9.718412160873413086e-01
4.849836349487304688e+00
2.209327742457389832e-02
3.891025483608245850e-01
2.122395038604736328e+00
0.000000000000000000e+00
1.249293088912963867e+00
4.920124113559722900e-01
3.581709414720535278e-02
6.263077259063720703e-01
4.483229666948318481e-02
8.392077088356018066e-01
0.000000000000000000e+00
3.336720764636993408e-01
0.000000000000000000e+00
1.103774666786193848e+00
9.139454960823059082e-01
4.991395473480224609e+00
1.854614317417144775e-01
3.273621201515197754e-02
3.856523707509040833e-02
1.452794224023818970e-01
1.105122938752174377e-01
1.458879560232162476e-01
1.344892382621765137e-01
2.228930145502090454e-01
2.781743705272674561e-01
4.586932063102722168e-01
0.000000000000000000e+00
3.715590536594390869e-01
4.162244498729705811e-02
1.194967888295650482e-02
1.166970968246459961e+00
9.329760670661926270e-01
1.016859412193298340e-01
1.653737388551235199e-02
1.367270231246948242e+00
0.000000000000000000e+00
6.350571513175964355e-01
1.131119847297668457e+00
5.632910504937171936e-02
8.095934987068176270e-02
9.617594480514526367e-01
4.815676435828208923e-02
9.152828156948089600e-02
3.351840674877166748e-01
2.307717129588127136e-02
0.000000000000000000e+00
7.946536689996719360e-02
4.088355228304862976e-02
4.309099912643432617e-01
3.076731562614440918e-01
1.547717601060867310e-01
0.000000000000000000e+00
0.000000000000000000e+00
8.828489184379577637e-01
1.710130572319030762e-01
1.091472029685974121e+00
2.866330742835998535e-01
3.378221988677978516e-01
6.093381404876708984e+00
1.072387322783470154e-01
1.481171790510416031e-02
6.846442818641662598e-01
3.799558281898498535e-01
6.384646296501159668e-01
3.037520051002502441e-01
1.622604370117187500e+00
7.294450700283050537e-02
3.244931399822235107e-01
1.087857127189636230e+00
5.479838326573371887e-02
0.000000000000000000e+00
2.148214131593704224e-01
3.512903749942779541e-01
0.000000000000000000e+00
9.455299377441406250e-02
6.906587630510330200e-02
9.146075248718261719e-01
1.537771821022033691e-01
1.439690470695495605e+00
7.357025519013404846e-03
2.189761549234390259e-01
0.000000000000000000e+00
1.749017685651779175e-01
3.373062610626220703e-01
5.315814632922410965e-03
3.726652860641479492e-01
8.194824308156967163e-02
0.000000000000000000e+00
0.000000000000000000e+00
0.000000000000000000e+00
3.883663654327392578e+00
4.704070985317230225e-01
6.256894022226333618e-02
1.853581666946411133e-01
0.000000000000000000e+00
9.362553358078002930e-01
1.018424868583679199e+00
0.000000000000000000e+00
2.982650995254516602e-01
0.000000000000000000e+00
3.688816726207733154e-02
8.582278341054916382e-02
7.954317331314086914e-01
1.027456760406494141e+00
1.691758483648300171e-01
2.658815355971455574e-03
6.711359024047851562e-01
6.687754392623901367e-02
2.773893773555755615e-01
4.363833740353584290e-02
1.730982214212417603e-02
0.000000000000000000e+00
7.817580550909042358e-02
0.000000000000000000e+00
2.895426452159881592e-01
9.518522769212722778e-02
5.981393158435821533e-02
9.110659956932067871e-01
5.585191845893859863e-01
4.912496089935302734e+00
6.735959649085998535e-01
3.691318929195404053e-01
4.957043528556823730e-01
4.559937398880720139e-03
3.441875576972961426e-01
4.585746824741363525e-01
2.847505807876586914e-01
3.746617436408996582e-01
2.933391332626342773e-01
1.728942990303039551e-01
4.332127571105957031e-01
1.043723225593566895e+00
1.648128867149353027e+00
3.941603600978851318e-01
2.613477468490600586e+00
2.364744693040847778e-01
2.405237406492233276e-02
5.329871773719787598e-01
1.023608565330505371e+00
4.496420323848724365e-01
1.958054117858409882e-02
1.251238584518432617e-01
3.576030433177947998e-01
2.091291993856430054e-01
0.000000000000000000e+00
5.345785021781921387e-01
2.087367773056030273e-01
1.102768927812576294e-01
9.798594750463962555e-03
3.515697717666625977e-01
7.583296895027160645e-01
2.955561690032482147e-02
6.434133648872375488e-01
1.104634553194046021e-01
1.327960133552551270e+00
1.453420147299766541e-03
8.066482096910476685e-02
1.470872317440807819e-03
6.393593270331621170e-03
1.756501495838165283e-01
4.830947816371917725e-01
8.595501780509948730e-01
0.000000000000000000e+00
3.109871149063110352e-01
2.335753589868545532e-01
1.483598053455352783e-01
2.446374446153640747e-01
2.467032223939895630e-01
9.600824117660522461e-02
0.000000000000000000e+00
1.440529674291610718e-01
2.226296812295913696e-01
3.189398944377899170e-01
7.655327022075653076e-02
1.491649746894836426e+00
1.132605522871017456e-01
2.558974325656890869e-01
3.803350687026977539e+00
2.625333368778228760e-01
1.290366649627685547e-01
8.679898381233215332e-01
0.000000000000000000e+00
7.064707279205322266e-01
1.341111660003662109e-01
0.000000000000000000e+00
1.275093674659729004e+00
3.936786949634552002e-01
1.869238317012786865e-01
1.248992085456848145e+00
2.348604440689086914e+00
1.062526822090148926e+00
4.486278593540191650e-01
1.350953895598649979e-02
3.068566322326660156e-02
2.096841335296630859e-01
4.373015463352203369e-01
5.405668169260025024e-02
2.436189204454421997e-01
6.096475720405578613e-01
9.665903449058532715e-02
3.568466603755950928e-01
9.838608652353286743e-02
3.310092449188232422e+00
1.201870799064636230e+00
1.014031991362571716e-01
7.049974799156188965e-02
3.072195947170257568e-01
4.993559792637825012e-02
1.142319440841674805e+00
5.720179527997970581e-03
4.499576389789581299e-01
2.831801474094390869e-01
4.581194519996643066e-01
2.023139148950576782e-01
1.467568874359130859e-01
1.170531362295150757e-01
7.091317791491746902e-03
2.706848978996276855e-01
2.422072142362594604e-01
2.096612155437469482e-01
1.291864871978759766e+00
2.653392791748046875e+00
1.332593858242034912e-01
7.061734795570373535e-01
0.000000000000000000e+00
6.303046345710754395e-01
0.000000000000000000e+00
3.656555414199829102e-01
1.123726367950439453e+00
0.000000000000000000e+00
1.098622202873229980e+00
5.819240212440490723e-02
4.590884596109390259e-02
0.000000000000000000e+00
9.051366448402404785e-01
7.506105583161115646e-03
1.683191061019897461e+00
4.801606237888336182e-01
1.687763184309005737e-01
0.000000000000000000e+00
8.919886350631713867e-01
7.803206443786621094e-01
3.491147980093955994e-02
1.968806087970733643e-01
0.000000000000000000e+00
2.338850021362304688e+00
1.438250303268432617e+00
1.705795168876647949e+00
2.230658382177352905e-02
8.048558235168457031e-01
7.617409527301788330e-02
2.218270063400268555e+00
2.147415637969970703e+00
3.219125047326087952e-02
2.193069010972976685e-01
5.353217720985412598e-01
1.561383008956909180e+00
0.000000000000000000e+00
8.074104189872741699e-01
1.110693931579589844e+00
1.009867310523986816e+00
3.092777431011199951e-01
2.132069133222103119e-02
3.429079651832580566e-01
8.334798365831375122e-02
6.216388195753097534e-02
4.893577992916107178e-01
0.000000000000000000e+00
3.962812200188636780e-02
7.249991893768310547e-01
3.382237434387207031e+00
1.933556795120239258e-01
7.217863202095031738e-01
9.214211106300354004e-01
1.271872818470001221e-01
9.047033637762069702e-02
1.100140884518623352e-01
0.000000000000000000e+00
9.680393934249877930e-01
1.852934621274471283e-02
3.519964516162872314e-01
4.080712497234344482e-01
1.792184412479400635e-01
6.156041845679283142e-02
1.276484012603759766e+00
6.122646927833557129e-01
6.627181768417358398e-01
2.248856276273727417e-01
0.000000000000000000e+00
6.660550236701965332e-01
7.984548807144165039e-01
0.000000000000000000e+00
2.125357389450073242e-01
3.411176204681396484e-01
1.086125373840332031e+00
1.728002905845642090e+00
2.937064468860626221e-01
8.667311072349548340e-02
4.204962849617004395e-01
2.011537551879882812e-02
1.541955582797527313e-02
1.920908689498901367e-01
1.915054470300674438e-01
2.091939151287078857e-01
5.434700846672058105e-01
2.902714014053344727e-01
3.600536147132515907e-03
6.520057320594787598e-01
0.000000000000000000e+00
2.987073361873626709e-01
1.909296400845050812e-02
6.372537612915039062e-01
1.190059781074523926e+00
4.801240265369415283e-01
1.561373025178909302e-01
9.277774021029472351e-03
1.620856374502182007e-01
9.066915512084960938e-01
2.344573885202407837e-01
1.345487311482429504e-02
1.918400675058364868e-01
3.513833522796630859e+00
3.702742159366607666e-01
4.719278812408447266e-01
5.217442661523818970e-02
1.050479486584663391e-01
3.689066171646118164e-01
1.050664186477661133e+00
1.139433383941650391e+00
0.000000000000000000e+00
1.924392282962799072e-01
5.156161785125732422e-01
0.000000000000000000e+00
9.606691598892211914e-01
1.027279853820800781e+00
2.090931385755538940e-01
1.173312544822692871e+00
6.456181406974792480e-02
2.513003945350646973e-01
4.526094347238540649e-02
9.903897643089294434e-01
5.545539781451225281e-02
9.883331060409545898e-01
7.255589962005615234e-01
2.465505897998809814e-02
4.357006251811981201e-01
2.102062106132507324e-01
6.049970388412475586e-01
3.351344764232635498e-01
9.560826234519481659e-03
7.207468748092651367e-01
2.379288911819458008e+00
8.500239253044128418e-02
1.312835700809955597e-02
0.000000000000000000e+00
4.119187891483306885e-01
1.256941556930541992e+00
1.253493189811706543e+00
1.676575660705566406e+00
8.720805644989013672e-01
2.935003340244293213e-01
1.099933981895446777e+00
3.375399857759475708e-03
1.332886866293847561e-03
3.427210077643394470e-02
3.372917890548706055e+00
9.719983935356140137e-01
2.582499980926513672e-01
1.531410813331604004e+00
1.073020845651626587e-01
2.001097500324249268e-01
2.645123898983001709e-01
3.292869329452514648e-01
4.472825527191162109e+00
3.571842610836029053e-01
3.185578286647796631e-01
2.615740299224853516e-01
6.033496856689453125e+00
3.959233313798904419e-02
8.679385781288146973e-01
7.339634299278259277e-01
4.802159033715724945e-03
1.357223689556121826e-01
1.143214941024780273e+00
5.276126265525817871e-01
5.688522756099700928e-02
1.015721559524536133e+00
4.124273546040058136e-03
5.869052186608314514e-02
0.000000000000000000e+00
6.578809618949890137e-01
6.485535949468612671e-02
7.903046607971191406e-01
0.000000000000000000e+00
5.499482527375221252e-02
1.377336978912353516e-01
1.806088536977767944e-01
1.554602533578872681e-01
9.154965728521347046e-02
0.000000000000000000e+00
1.212966322898864746e+00
0.000000000000000000e+00
8.113388419151306152e-01
8.256734162569046021e-02
0.000000000000000000e+00
3.004305362701416016e-01
3.986218571662902832e-02
2.017327956855297089e-02
9.462977200746536255e-02
1.441802978515625000e-01
3.636332452297210693e-01
0.000000000000000000e+00
8.570789545774459839e-02
1.966467052698135376e-01
5.127527713775634766e-01
0.000000000000000000e+00
1.920723472721874714e-03
8.189830929040908813e-02
8.319465443491935730e-03
0.000000000000000000e+00
4.669893160462379456e-02
4.234935641288757324e-01
3.284453451633453369e-01
0.000000000000000000e+00
4.378033638000488281e+00
5.625987052917480469e-02
8.333081603050231934e-01
8.104987144470214844e-01
1.357019394636154175e-01
0.000000000000000000e+00
0.000000000000000000e+00
0.000000000000000000e+00
5.290898084640502930e-01
5.122045278549194336e-01
1.059740707278251648e-01
1.222355723381042480e+00
0.000000000000000000e+00
2.291984111070632935e-01
1.713792234659194946e-01
4.491574764251708984e-01
2.941959798336029053e-01
3.496366739273071289e+00
7.807655930519104004e-01
6.915928330272436142e-03
1.515876412391662598e+00
4.691898822784423828e-01
1.597393602132797241e-01
1.440822958946228027e+00
3.506105422973632812e+00
3.439482152462005615e-01
1.579925715923309326e-01
3.225260078907012939e-01
1.992879621684551239e-02
0.000000000000000000e+00
2.532617887482047081e-03
2.106234431266784668e-01
1.629089474678039551e+00
4.930072277784347534e-02
6.275764107704162598e-01
1.021987348794937134e-01
0.000000000000000000e+00
5.715529322624206543e-01
1.032519638538360596e-01
3.940722048282623291e-01
2.165108919143676758e+00
2.373844623565673828e+00
5.595631599426269531e-01
4.809581860899925232e-02
4.128007292747497559e-01
7.991703227162361145e-03
2.450618743896484375e+00
8.738362789154052734e-01
9.199091792106628418e-01
3.832448959350585938e+00
4.856255948543548584e-01
3.501720130443572998e-01
1.022691488265991211e+00
5.727974697947502136e-03
5.508851632475852966e-02
4.331096410751342773e-01
3.783459067344665527e-01
4.499012231826782227e-02
1.534472227096557617e+00
2.659841060638427734e+00
2.125157713890075684e-01
3.449213743209838867e+00
0.000000000000000000e+00
7.363727092742919922e-01
1.148409008979797363e+00
1.182528018951416016e+00
3.640772700309753418e-01
1.221546173095703125e+00
1.427697092294692993e-01
8.029977679252624512e-01
9.570915251970291138e-03
3.056193888187408447e-01
2.196962013840675354e-02
0.000000000000000000e+00
9.784852862358093262e-01
1.388156533241271973e+00
1.638799458742141724e-01
3.393421322107315063e-02
5.923780202865600586e-01
3.981814906001091003e-02
3.089649379253387451e-01
0.000000000000000000e+00
1.726420044898986816e+00
5.483017116785049438e-02
8.328348398208618164e-01
8.657486736774444580e-02
0.000000000000000000e+00
5.358020961284637451e-02
1.517449617385864258e-01
8.169600367546081543e-02
1.826988458633422852e-01
2.313953079283237457e-02
6.494739651679992676e-02
6.661157608032226562e-01
0.000000000000000000e+00
1.218223214149475098e+00
3.018447430804371834e-03
4.325469732284545898e-01
8.054441213607788086e-02
8.107506632804870605e-01
0.000000000000000000e+00
1.345372945070266724e-02
5.938434600830078125e-01
2.922260165214538574e-01
4.229511022567749023e-01
6.204745173454284668e-01
1.973439007997512817e-02
1.435125231742858887e+00
2.613895416259765625e+00
1.009262084960937500e+00
5.883566141128540039e-01
3.401603996753692627e-01
1.473200600594282150e-02
6.169630587100982666e-02
8.272257633507251740e-03
3.527113934978842735e-03
1.321091949939727783e-01
1.413894653320312500e+00
0.000000000000000000e+00
2.851195573806762695e+00
2.888726256787776947e-02
3.677852630615234375e+00
1.143240556120872498e-01
6.000204011797904968e-02
1.375922858715057373e-01
2.377802431583404541e-01
7.820187807083129883e-01
6.929357349872589111e-02
0.000000000000000000e+00
6.058093309402465820e-01
5.693574249744415283e-02
0.000000000000000000e+00
1.369487881660461426e+00
6.012073159217834473e-01
2.390939593315124512e-01
3.678819239139556885e-01
3.178044781088829041e-02
2.856614440679550171e-02
0.000000000000000000e+00
7.947137206792831421e-02
1.644042087718844414e-03
3.857605695724487305e+00
3.319926857948303223e-01
6.889567971229553223e-01
1.284801661968231201e-01
1.315363645553588867e+00
2.244677990674972534e-01
0.000000000000000000e+00
5.822853446006774902e-01
2.688939869403839111e-02
1.201317429542541504e+00
1.861215084791183472e-01
5.229715257883071899e-02
0.000000000000000000e+00
1.129235178232192993e-01
3.914697170257568359e-01
1.033253908157348633e+00
1.618506461381912231e-01
1.172720193862915039e+00
1.780693531036376953e-01
4.218681454658508301e-01
3.848444819450378418e-01
2.138273000717163086e+00
3.745089173316955566e-01
2.668807506561279297e-01
4.385761022567749023e-01
1.630214601755142212e-02
2.646805047988891602e-01
3.003406524658203125e-01
2.652823686599731445e+00
2.387552410364151001e-01
6.494148075580596924e-02
8.048470020294189453e-01
1.572269573807716370e-02
1.396387517452239990e-01
8.149079233407974243e-02
4.403936676681041718e-03
6.552001088857650757e-02
1.715869903564453125e-01
5.620828270912170410e-02
3.934270441532135010e-01
1.062747184187173843e-02
2.926624438259750605e-04
5.803192034363746643e-02
3.946208953857421875e-02
9.493510723114013672e-01
5.826688408851623535e-01
1.082934997975826263e-02
1.234466075897216797e+00
5.561062097549438477e-01
4.740753650665283203e+00
3.860386312007904053e-01
3.708467781543731689e-01
3.333874940872192383e-01
0.000000000000000000e+00
2.175181388854980469e+00
1.578942537307739258e+00
4.339190423488616943e-01
5.422432422637939453e-01
3.960968926548957825e-02
5.209187269210815430e-01
1.374716907739639282e-01
3.424275517463684082e-01
2.856869101524353027e-01
3.124889731407165527e-01
1.038399100303649902e+00
2.821425676345825195e+00
1.294186353683471680e+00
1.489946395158767700e-01
0.000000000000000000e+00
6.213240027427673340e-01
1.877886503934860229e-01
1.935922503471374512e-01
2.190341949462890625e-01
0.000000000000000000e+00
2.661320380866527557e-02
3.293682336807250977e-01
2.502833306789398193e-01
8.050188422203063965e-02
6.693392395973205566e-01
0.000000000000000000e+00
7.724091410636901855e-01
0.000000000000000000e+00
6.125440001487731934e-01
2.263878285884857178e-01
2.449776411056518555e+00
4.167434215545654297e+00
0.000000000000000000e+00
2.338346093893051147e-02
3.309767271275632083e-05
6.098635494709014893e-02
3.492715060710906982e-01
9.935061633586883545e-02
0.000000000000000000e+00
1.865302473306655884e-01
6.081143394112586975e-03
0.000000000000000000e+00
1.906373500823974609e-01
1.688765406608581543e+00
1.978811994194984436e-02
9.773254394531250000e-01
7.313477396965026855e-01
2.123071849346160889e-01
2.082514911890029907e-01
6.110358238220214844e-01
1.706577241420745850e-01
2.895290851593017578e-01
9.514226764440536499e-02
0.000000000000000000e+00
4.600962623953819275e-03
5.609490275382995605e-01
3.835411965847015381e-01
2.392726950347423553e-03
9.771109819412231445e-01
2.168537974357604980e-01
1.005163416266441345e-01
7.769432663917541504e-01
8.843909949064254761e-03
1.227366924285888672e-02
2.221990525722503662e-01
3.953549563884735107e-01
1.123460680246353149e-01
8.945246338844299316e-01
1.923462599515914917e-01
0.000000000000000000e+00
5.434287190437316895e-01
1.993479765951633453e-02
9.781188368797302246e-01
5.706995129585266113e-01
8.524115681648254395e-01
1.587501168251037598e+00
3.811713159084320068e-01
1.821979731321334839e-01
2.928044795989990234e-01
0.000000000000000000e+00
1.213159933686256409e-01
3.100026845932006836e-01
2.547733187675476074e-01
1.061535626649856567e-01
5.624170303344726562e-01
6.871259808540344238e-01
4.974926635622978210e-02
6.740769147872924805e-01
3.358544036746025085e-02
1.233792424201965332e+00
2.630283832550048828e-01
3.267911821603775024e-02
1.973739713430404663e-01
3.036834597587585449e-01
0.000000000000000000e+00
5.047354698181152344e-01
5.799629688262939453e-01
5.414438247680664062e-01
0.000000000000000000e+00
1.210421919822692871e+00
0.000000000000000000e+00
1.373466700315475464e-01
4.823632240295410156e-01
6.516260504722595215e-01
1.493473649024963379e+00
7.100987434387207031e-02
0.000000000000000000e+00
5.365700344555079937e-04
1.746049821376800537e-01
7.673919200897216797e-02
0.000000000000000000e+00
1.522520035505294800e-01
4.246754199266433716e-02
0.000000000000000000e+00
1.762402892112731934e+00
4.521251916885375977e-01
4.475475549697875977e-01
0.000000000000000000e+00
0.000000000000000000e+00
3.199939727783203125e+00
2.286511808633804321e-01
7.875065505504608154e-02
0.000000000000000000e+00
5.262885689735412598e-01
2.871787846088409424e-01
4.030073881149291992e-01
7.810102701187133789e-01
7.199203595519065857e-03
5.077058672904968262e-01
1.134149208664894104e-01
3.185793757438659668e-01
4.823713004589080811e-01
0.000000000000000000e+00
7.886963486671447754e-01
7.348628044128417969e-01
1.443592160940170288e-01
8.714859485626220703e-01
8.839348554611206055e-01
9.612490981817245483e-02
4.045550227165222168e-01
1.485251307487487793e+00
0.000000000000000000e+00
1.000136375427246094e+00
0.000000000000000000e+00
1.740867793560028076e-01
9.421587735414505005e-02
8.062826842069625854e-02
4.496533274650573730e-01
1.302172183990478516e+00
6.128189563751220703e-01
5.132425427436828613e-01
2.870359718799591064e-01
2.377892732620239258e+00
1.704826951026916504e-01
2.114020824432373047e+00
2.408434450626373291e-02
1.485636472702026367e+00
3.435254693031311035e-01
3.124969899654388428e-01
2.734189294278621674e-02
8.485682308673858643e-03
1.150765493512153625e-01
9.405167102813720703e-01
1.227118372917175293e-01
6.017681956291198730e-02
1.354141086339950562e-01
1.514203250408172607e-01
1.573478102684020996e+00
1.446564868092536926e-02
8.673556447029113770e-01
1.671291440725326538e-01
2.384889125823974609e-01
4.136285483837127686e-01
1.266560107469558716e-01
3.380278497934341431e-02
1.260540783405303955e-01
6.671486794948577881e-02
2.207304239273071289e+00
6.418763101100921631e-02
3.428842544555664062e+00
1.135288476943969727e+00
4.908063411712646484e-01
2.792524695396423340e-01
5.748533010482788086e-01
7.068015336990356445e-01
4.687258005142211914e-01
6.874233484268188477e-02
1.877515166997909546e-01
7.592392712831497192e-02
2.084473967552185059e-01
6.262238025665283203e-01
0.000000000000000000e+00
3.026575148105621338e-01
1.717450320720672607e-01
1.019246354699134827e-01
8.170466423034667969e-01
1.161782145500183105e+00
2.201979875564575195e+00
4.101641178131103516e-01
2.969702892005443573e-02
1.450169831514358521e-01
5.037042498588562012e-02
3.136989355087280273e+00
1.013362780213356018e-01
7.079096436500549316e-01
5.371552109718322754e-01
1.021618302911520004e-02
0.000000000000000000e+00
3.062135353684425354e-02
1.929123550653457642e-01
7.462795823812484741e-02
0.000000000000000000e+00
0.000000000000000000e+00
1.807274222373962402e+00
2.791167497634887695e+00
1.241748571395874023e+00
8.885898441076278687e-02
1.960609341040253639e-03
1.392907947301864624e-01
1.272282838821411133e+00
1.877846568822860718e-02
3.819068968296051025e-01
4.617021977901458740e-01
1.563341617584228516e-01
7.356289774179458618e-02
1.904825121164321899e-01
4.002779722213745117e-02
5.040300264954566956e-02
1.221469759941101074e+00
5.794765353202819824e-01
4.518942534923553467e-01
8.507432937622070312e-01
7.503212094306945801e-01
3.638468449935317039e-03
4.127034544944763184e-02
1.781278371810913086e+00
4.564221501350402832e-01
7.939707636833190918e-01
2.187985740602016449e-02
2.084124088287353516e+00
8.005447983741760254e-01
7.984456419944763184e-01
8.537187576293945312e-01
3.597860038280487061e-02
6.478986144065856934e-02
2.708346582949161530e-02
4.257562637329101562e+00
7.766600847244262695e-01
1.425353169441223145e+00
3.147267401218414307e-01
0.000000000000000000e+00
9.952857345342636108e-02
8.599726855754852295e-02
4.161269664764404297e+00
3.658547163009643555e+00
1.102994680404663086e+00
2.091296762228012085e-02
0.000000000000000000e+00
6.975306570529937744e-02
1.175020337104797363e-01
2.974955439567565918e-01
1.155039370059967041e-01
0.000000000000000000e+00
5.356311798095703125e-01
0.000000000000000000e+00
6.337354779243469238e-01
2.705965042114257812e+00
2.669610269367694855e-02
0.000000000000000000e+00
5.048967599868774414e-01
2.413068115711212158e-01
4.071274101734161377e-01
0.000000000000000000e+00
8.598943948745727539e-01
9.264317341148853302e-03
2.277811765670776367e-01
9.388832449913024902e-01
0.000000000000000000e+00
3.154341503977775574e-02
8.077419996261596680e-01
1.058830842375755310e-01
1.602370641194283962e-03
9.939406514167785645e-01
1.240593865513801575e-01
4.092243313789367676e-02
1.097389221191406250e+00
1.378477931022644043e+00
3.149591982364654541e-01
2.812929153442382812e+00
1.310342907905578613e+00
0.000000000000000000e+00
1.615416109561920166e-01
1.681216806173324585e-02
8.036080002784729004e-01
3.011004328727722168e-01
1.242102622985839844e+00
1.088430434465408325e-01
1.542958915233612061e-01
9.762784093618392944e-02
6.477585434913635254e-01
2.046912908554077148e-01
1.359390318393707275e-01
1.377461999654769897e-01
0.000000000000000000e+00
1.298413395881652832e+00
1.222576051950454712e-01
3.440085947513580322e-01
6.665408611297607422e-02
5.351236090064048767e-02
4.352491796016693115e-01
3.951865673065185547e+00
5.125086903572082520e-01
1.440425589680671692e-02
8.554456382989883423e-02
3.566587865352630615e-01
5.361637473106384277e-01
4.692048300057649612e-03
6.190565181896090508e-04
2.097160577774047852e+00
3.127145469188690186e-01
0.000000000000000000e+00
1.931381672620773315e-01
2.273645401000976562e-01
9.938461184501647949e-01
1.129455491900444031e-01
1.308220028877258301e+00
1.108334437012672424e-01
2.527271397411823273e-02
8.297100663185119629e-02
6.778560578823089600e-02
6.107403039932250977e-01
6.922739744186401367e-02
5.847225338220596313e-02
1.075518201105296612e-03
0.000000000000000000e+00
8.065052628517150879e-01
1.607741862535476685e-01
2.820130109786987305e+00
4.533650279045104980e-01
1.913165487349033356e-02
1.188642024993896484e+00
5.409822463989257812e-01
5.839321017265319824e-01
6.282644867897033691e-01
3.854517936706542969e+00
3.274266123771667480e-01
2.569762766361236572e-01
1.104142237454652786e-02
2.652672827243804932e-01
3.949101865291595459e-01
1.582742631435394287e-01
6.625998765230178833e-02
1.765491515398025513e-01
9.835723042488098145e-01
2.296158075332641602e+00
1.228515982627868652e+00
2.723421335220336914e+00
1.809808164834976196e-01
3.709216117858886719e-01
0.000000000000000000e+00
5.630502104759216309e-02
4.132480826228857040e-03
3.697359561920166016e+00
3.588673844933509827e-02
2.251367568969726562e+00
3.349859267473220825e-02
7.468377947807312012e-01
2.039228333160281181e-03
4.078075289726257324e-02
1.813099086284637451e-01
1.116572618484497070e+00
1.936543583869934082e-01
0.000000000000000000e+00
8.764517903327941895e-01
1.828993409872055054e-01
3.519557118415832520e-01
1.120315566658973694e-01
4.155430197715759277e-02
1.107038781046867371e-01
2.718933105468750000e+00
3.188090324401855469e+00
1.626190543174743652e-01
2.203198522329330444e-01
4.244314730167388916e-01
1.306951761245727539e+00
1.112263053655624390e-01
6.249588727951049805e-01
1.720019727945327759e-01
2.631284594535827637e-01
2.012562513351440430e+00
4.521485567092895508e-01
0.000000000000000000e+00
8.942710757255554199e-01
6.952868402004241943e-02
3.006696002557873726e-03
3.704244792461395264e-01
5.848324894905090332e-01
1.068538948893547058e-01
0.000000000000000000e+00
4.421805441379547119e-01
7.696210741996765137e-01
0.000000000000000000e+00
5.774821639060974121e-01
2.032355070114135742e+00
3.110274076461791992e-01
2.910059392452239990e-01
9.442690759897232056e-02
7.190276980400085449e-01
5.284619927406311035e-01
0.000000000000000000e+00
0.000000000000000000e+00
2.651306614279747009e-02
2.696764469146728516e-01
2.829461574554443359e+00
1.628044247627258301e-01
0.000000000000000000e+00
1.099907010793685913e-01
1.679897308349609375e-01
5.712101981043815613e-02
4.294959828257560730e-02
7.667541503906250000e-01
1.609004288911819458e-01
8.993186950683593750e-01
1.792918331921100616e-02
2.961844205856323242e+00
1.638951599597930908e-01
1.923060655593872070e+00
1.130349636077880859e+00
0.000000000000000000e+00
0.000000000000000000e+00
0.000000000000000000e+00
2.871237277984619141e+00
7.558657228946685791e-02
1.360273808240890503e-01
3.208191096782684326e-01
7.182361185550689697e-02
1.184234261512756348e+00
1.154362782835960388e-01
1.619480997323989868e-01
3.397571444511413574e-01
1.704722642898559570e+00
1.464212313294410706e-02
2.521569728851318359e-01
4.790855050086975098e-01
1.888805150985717773e+00
1.621765941381454468e-01
3.288600921630859375e+00
1.286106944084167480e+00
2.340743839740753174e-01
1.077221274375915527e+00
9.945572018623352051e-01
7.743431925773620605e-01
3.379701375961303711e-01
0.000000000000000000e+00
0.000000000000000000e+00
1.021351456642150879e+00
1.931250095367431641e-01
3.480159118771553040e-02
6.812107563018798828e-01
1.640001982450485229e-01
4.498936533927917480e-01
1.151854395866394043e+00
6.443170309066772461e-01
5.002484843134880066e-02
4.809669256210327148e-01
1.459585666656494141e+00
8.863545060157775879e-01
5.123839378356933594e-01
4.476544260978698730e-01
5.515186190605163574e-01
8.622226119041442871e-02
5.985695719718933105e-01
9.707239866256713867e-01
6.607146859169006348e-01
2.837063558399677277e-02
5.866141244769096375e-02
8.206036686897277832e-02
3.920495271682739258e+00
9.025422930717468262e-01
5.980411171913146973e-01
1.772884875535964966e-01
1.670367479324340820e+00
0.000000000000000000e+00
0.000000000000000000e+00
8.543155193328857422e-01
5.801857709884643555e-01
1.983704604208469391e-02
3.071370124816894531e+00
2.109658718109130859e-02
3.262598812580108643e-01
0.000000000000000000e+00
3.869547247886657715e-01
1.288892507553100586e+00
3.626772016286849976e-02
0.000000000000000000e+00
4.583781361579895020e-01
1.288678884506225586e+00
4.818527400493621826e-01
6.534785032272338867e-01
4.181116521358489990e-01
2.468269169330596924e-01
9.026619791984558105e-01
0.000000000000000000e+00
4.476439952850341797e-01
1.903212815523147583e-02
7.442894577980041504e-02
6.415591239929199219e-01
1.861853748559951782e-01
1.943895816802978516e-01
1.561681985855102539e+00
6.806244850158691406e-01
3.257097482681274414e+00
2.361924620345234871e-03
8.599027246236801147e-02
5.005762353539466858e-02
4.631330072879791260e-01
4.389652982354164124e-02
7.610339522361755371e-01
0.000000000000000000e+00
1.072579622268676758e-02
3.280176594853401184e-02
2.042102098464965820e+00
0.000000000000000000e+00
4.424237608909606934e-01
1.023171097040176392e-01
1.327044069766998291e-01
6.182420626282691956e-02
9.532389640808105469e-01
4.818018153309822083e-02
6.482680439949035645e-01
3.672248601913452148e+00
0.000000000000000000e+00
0.000000000000000000e+00
5.102358460426330566e-01
3.264613449573516846e-02
0.000000000000000000e+00
0.000000000000000000e+00
1.190930366516113281e+00
5.088350176811218262e-01
2.850338816642761230e-01
4.015748500823974609e+00
4.673423767089843750e-01
1.324899792671203613e+00
3.142282009124755859e+00
2.474237382411956787e-01
6.416865438222885132e-02
4.766174405813217163e-02
0.000000000000000000e+00
1.558264531195163727e-02
1.033832430839538574e+00
4.427658393979072571e-02
3.819353133440017700e-02
0.000000000000000000e+00
4.415599629282951355e-02
6.948714703321456909e-02
4.315624758601188660e-02
4.598627388477325439e-01
6.967233028262853622e-03
6.481795310974121094e-01
6.808977723121643066e-01
1.192366480827331543e-01
2.903003394603729248e-01
1.003604829311370850e-01
6.411701202392578125e+00
3.867376595735549927e-02
1.126362755894660950e-01
5.141212940216064453e-01
1.425062179565429688e+00
1.192807927727699280e-01
1.621335893869400024e-01
6.096024513244628906e-01
1.285891056060791016e+00
5.734615400433540344e-02
2.401843786239624023e+00
1.274365425109863281e+00
1.288056373596191406e+00
1.181566566228866577e-01
8.448362350463867188e-01
5.172278881072998047e-01
5.120072960853576660e-01
1.150034904479980469e+00
4.300328716635704041e-02
1.510346084833145142e-01
5.606961250305175781e-01
4.018884658813476562e+00
0.000000000000000000e+00
1.873442530632019043e-01
3.344038724899291992e-01
3.451694250106811523e-01
8.813551627099514008e-03
2.311836957931518555e+00
1.349962595850229263e-02
0.000000000000000000e+00
7.025052309036254883e-01
0.000000000000000000e+00
8.978822082281112671e-02
0.000000000000000000e+00
1.660774111747741699e+00
2.384225875139236450e-01
3.268684744834899902e-01
4.443457722663879395e-01
1.394175738096237183e-01
0.000000000000000000e+00
3.964398503303527832e-01
3.424808084964752197e-01
1.815455079078674316e+00
7.660100609064102173e-02
8.354218006134033203e-01
6.525089740753173828e-01
3.210646510124206543e-01
4.624779894948005676e-02
1.123947978019714355e+00
1.837653160095214844e+00
2.601444721221923828e-01
1.043869275599718094e-02
0.000000000000000000e+00
3.494190275669097900e-01
3.503423035144805908e-01
1.224061608314514160e+00
0.000000000000000000e+00
4.997853189706802368e-02
8.627229928970336914e-02
1.607343196868896484e+00
7.919277250766754150e-02
2.273057848215103149e-01
1.264696661382913589e-02
1.640596985816955566e-01
1.430508613586425781e+00
4.457771182060241699e-01
0.000000000000000000e+00
3.087192535400390625e+00
3.189841032028198242e+00
1.063814833760261536e-01
8.792734742164611816e-01
9.044395387172698975e-02
4.900867044925689697e-01
5.743022076785564423e-03
5.480168461799621582e-01
3.991356611251831055e+00
3.885051310062408447e-01
6.393582373857498169e-02
0.000000000000000000e+00
1.384280562400817871e+00
3.060691617429256439e-02
6.528546810150146484e-01
6.610536575317382812e-01
1.259272098541259766e-01
0.000000000000000000e+00
1.227932944893836975e-01
4.651610851287841797e-01
0.000000000000000000e+00
2.223362177610397339e-01
1.084999442100524902e-01
7.147147506475448608e-02
7.271329164505004883e-01
1.940470933914184570e-01
1.122745275497436523e-01
7.335950136184692383e-01
1.341723650693893433e-01
1.445717364549636841e-01
4.771222472190856934e-01
6.433728933334350586e-01
2.642211131751537323e-02
0.000000000000000000e+00
3.348162397742271423e-02
2.596846222877502441e-01
2.761201620101928711e+00
8.364393115043640137e-01
9.410655498504638672e-01
4.618239104747772217e-01
9.781755805015563965e-01
1.448458194732666016e+00
1.033457756042480469e+01
1.405429374426603317e-02
2.639898061752319336e-01
1.486058682203292847e-01
8.495625108480453491e-03
1.996951252222061157e-01
9.565140008926391602e-01
0.000000000000000000e+00
3.168700933456420898e-01
1.932795196771621704e-01
1.013610325753688812e-02
3.937890380620956421e-02
3.419853150844573975e-01
5.534911751747131348e-01
3.113470554351806641e+00
9.104722179472446442e-03
1.690559089183807373e-02
0.000000000000000000e+00
2.635769844055175781e-01
0.000000000000000000e+00
1.983949780464172363e+00
3.443369269371032715e-01
9.727389216423034668e-01
5.862310528755187988e-01
0.000000000000000000e+00
2.321942448616027832e-01
6.292473673820495605e-01
8.000692129135131836e-01
3.028362691402435303e-01
1.438658237457275391e-01
4.211191833019256592e-01
4.517933353781700134e-02
0.000000000000000000e+00
9.918680787086486816e-01
8.917745202779769897e-02
1.847131490707397461e+00
3.124929666519165039e-01
6.243105232715606689e-02
0.000000000000000000e+00
9.022904038429260254e-01
1.301876664161682129e+00
9.034749120473861694e-02
3.635484695434570312e+00
2.086490206420421600e-02
2.684311270713806152e-01
4.050242900848388672e-01
1.483317911624908447e-01
2.414407283067703247e-01
6.256615519523620605e-01
1.462912917137145996e+00
8.423408269882202148e-01
8.297501504421234131e-02
0.000000000000000000e+00
4.365856349468231201e-01
6.741085648536682129e-01
8.369107842445373535e-01
3.060263156890869141e+00
5.496330857276916504e-01
7.673094421625137329e-02
2.782019376754760742e-01
4.980691149830818176e-02
1.053207755088806152e+00
4.107382595539093018e-01
9.142372757196426392e-02
5.003097057342529297e-01
1.838598847389221191e-01
3.456423044204711914e+00
1.895915627479553223e+00
1.477963328361511230e+00
0.000000000000000000e+00
4.203543812036514282e-02
3.794670104980468750e-03
4.127170145511627197e-01
4.201538562774658203e-01
1.525088667869567871e+00
3.532091379165649414e-01
1.717778444290161133e+00
2.389078855514526367e+00
1.749991774559020996e+00
2.799524068832397461e-01
3.756444454193115234e-01
4.142665863037109375e-01
1.951411925256252289e-02
2.865674793720245361e-01
0.000000000000000000e+00
4.704987630248069763e-02
4.334103465080261230e-01
0.000000000000000000e+00
5.672456324100494385e-02
0.000000000000000000e+00
2.721561491489410400e-01
1.561463624238967896e-01
6.488068960607051849e-03
2.319728285074234009e-01
1.368190050125122070e-01
3.020548820495605469e-01
5.618731305003166199e-02
8.567342162132263184e-01
9.113788008689880371e-01
2.556357145309448242e+00
5.396947264671325684e-02
1.046909987926483154e-01
7.330530881881713867e-01
7.006900012493133545e-02
0.000000000000000000e+00
1.367883086204528809e-01
2.288794964551925659e-01
4.266935586929321289e-01
2.070210874080657959e-01
1.528533399105072021e-01
1.567458957433700562e-01
1.599068492650985718e-01
3.913207352161407471e-02
3.407548367977142334e-01
3.164020925760269165e-02
1.582674384117126465e-01
1.446406096220016479e-01
1.052734479308128357e-01
4.386283084750175476e-02
6.765202153474092484e-03
2.165483534336090088e-01
1.728892028331756592e-01
2.802321314811706543e-02
0.000000000000000000e+00
1.612261682748794556e-01
1.643908768892288208e-01
0.000000000000000000e+00
2.563793659210205078e+00
7.456192970275878906e-01
1.875099390745162964e-01
6.378669738769531250e-01
9.037220478057861328e-02
8.663080334663391113e-01
3.758106231689453125e-01
3.407007455825805664e-01
1.432958841323852539e+00
2.390636652708053589e-01
3.115035295486450195e-01
0.000000000000000000e+00
1.797597259283065796e-01
8.839946240186691284e-02
3.712136447429656982e-01
4.851240813732147217e-01
1.907969832420349121e+00
9.017329812049865723e-01
1.123861968517303467e-01
2.528471313416957855e-02
1.272156685590744019e-01
2.047881633043289185e-01
1.178162470459938049e-01
1.251676082611083984e-01
8.076848089694976807e-02
5.259794592857360840e-01
1.981255412101745605e-01
1.612005978822708130e-01
0.000000000000000000e+00
5.704998504370450974e-03
2.305090665817260742e+00
1.133046820759773254e-01
5.303034558892250061e-02
1.925866603851318359e-01
0.000000000000000000e+00
8.425194770097732544e-02
3.463888764381408691e-01
0.000000000000000000e+00
6.491202116012573242e-02
1.385796233080327511e-03
0.000000000000000000e+00
5.493993759155273438e-01
1.282655358314514160e+00
3.298984840512275696e-03
6.200767755508422852e-01
1.843806803226470947e-01
6.785039901733398438e-01
7.145193964242935181e-02
1.023149788379669189e-01
7.510390877723693848e-02
1.305420249700546265e-01
1.034143686294555664e+00
0.000000000000000000e+00
5.912907421588897705e-02
8.093920350074768066e-01
1.767367005348205566e+00
2.351143062114715576e-01
6.630956530570983887e-01
1.143953949213027954e-01
6.798200607299804688e-01
0.000000000000000000e+00
2.545471191406250000e-01
1.290383815765380859e+00
5.771461874246597290e-03
0.000000000000000000e+00
7.874459028244018555e-02
1.755839586257934570e-01
1.817394234240055084e-02
1.325320452451705933e-01
2.178648486733436584e-02
1.411111056804656982e-01
5.547151565551757812e-01
5.584235191345214844e-01
1.234931871294975281e-01
7.287764549255371094e-01
0.000000000000000000e+00
1.099511161446571350e-01
2.064776718616485596e-01
9.550611674785614014e-02
0.000000000000000000e+00
9.409664869308471680e-01
9.394115954637527466e-02
0.000000000000000000e+00
4.773544669151306152e-01
7.455994486808776855e-01
5.200653672218322754e-01
4.374371469020843506e-01
2.204447239637374878e-01
2.518581748008728027e-01
3.041871190071105957e-01
3.598761931061744690e-02
8.069196343421936035e-01
2.074997723102569580e-01
7.527039051055908203e-01
2.106375619769096375e-02
1.237728834152221680e+00
2.570287585258483887e-01
5.030382871627807617e-01
3.387432396411895752e-01
9.367957711219787598e-01
8.272867649793624878e-02
5.395842790603637695e-01
4.216366112232208252e-01
3.979364037513732910e-02
4.963667094707489014e-01
1.101160049438476562e+00
4.448967874050140381e-01
5.759143233299255371e-01
6.648526787757873535e-01
3.765008598566055298e-02
2.336179912090301514e-01
0.000000000000000000e+00
4.247668385505676270e-02
1.812120154500007629e-02
1.602428406476974487e-01
1.004006981849670410e+00
5.472065806388854980e-01
1.214436814188957214e-01
1.779474765062332153e-01
6.865850687026977539e-01
1.353647410869598389e-01
5.467860698699951172e-01
6.780682504177093506e-02
2.276880852878093719e-02
1.427898108959197998e-01
6.210578680038452148e-01
3.118906170129776001e-02
4.168407917022705078e-01
6.687083840370178223e-01
1.442093253135681152e+00
1.165866479277610779e-01
1.539780855178833008e+00
8.937261253595352173e-02
3.120120167732238770e-01
5.007516741752624512e-01
9.106873273849487305e-01
1.119591236114501953e+00
1.100566148757934570e+00
3.978654444217681885e-01
9.098146557807922363e-01
2.010417543351650238e-02
1.256579067558050156e-02
1.518033146858215332e-01
3.595753908157348633e-01
3.332372307777404785e-01
5.494564771652221680e-01
7.306334972381591797e-01
1.180681511759757996e-01
1.576174497604370117e+00
3.154926598072052002e-01
3.770955801010131836e-01
1.120891198515892029e-01
9.192870140075683594e+00
1.211934924125671387e+00
1.354390978813171387e-01
1.291343808174133301e+00
3.426114320755004883e-01
0.000000000000000000e+00
9.169113039970397949e-01
1.151223301887512207e+00
1.150791764259338379e+00
5.932567715644836426e-01
0.000000000000000000e+00
4.735416173934936523e-02
3.450869023799896240e-01
3.241052106022834778e-02
9.779305458068847656e-01
1.866284161806106567e-01
3.005010783672332764e-01
0.000000000000000000e+00
2.328832864761352539e+00
3.058017253875732422e+00
2.161725461483001709e-01
2.411244511604309082e-01
7.347177714109420776e-03
9.852300882339477539e-01
6.661768257617950439e-02
2.986877202987670898e+00
1.440766006708145142e-01
9.220988154411315918e-01
3.946147859096527100e-01
1.303746551275253296e-01
1.138481050729751587e-01
5.375737190246582031e+00
1.271502375602722168e-01
7.082546949386596680e-01
0.000000000000000000e+00
2.597559928894042969e+00
1.825839839875698090e-02
3.347124159336090088e-02
1.192261949181556702e-01
1.907463818788528442e-01
2.704374492168426514e-01
1.228971406817436218e-01
6.344446539878845215e-01
1.106619164347648621e-01
0.000000000000000000e+00
2.841150462627410889e-01
2.136558853089809418e-02
1.830080032348632812e+00
1.154431939125061035e+00
4.315795004367828369e-01
1.127502560615539551e+00
2.226524800062179565e-01
5.481930375099182129e-01
2.246997654438018799e-01
0.000000000000000000e+00
2.426123619079589844e-02
0.000000000000000000e+00
1.410980820655822754e-01
1.075435727834701538e-01
1.293867826461791992e+00
0.000000000000000000e+00
1.509310364723205566e+00
0.000000000000000000e+00
0.000000000000000000e+00
1.066092848777770996e+00
5.613329410552978516e-01
1.320683479309082031e+00
1.229807436466217041e-01
1.601561531424522400e-02
0.000000000000000000e+00
1.723117083311080933e-01
0.000000000000000000e+00
4.197108745574951172e-01
1.307151675224304199e+00
1.951291561126708984e-01
4.003379121422767639e-02
8.612185120582580566e-01
4.048869013786315918e-01
8.287917077541351318e-02
1.774742156267166138e-01
4.816877469420433044e-02
2.307572215795516968e-01
3.141291141510009766e-01
1.896725445985794067e-01
2.468199580907821655e-01
3.223381757736206055e+00
1.313935756683349609e+00
9.643841385841369629e-01
5.601191520690917969e-01
2.573542594909667969e+00
5.499320626258850098e-01
5.361932516098022461e-01
6.459718197584152222e-02
0.000000000000000000e+00
1.227860927581787109e+00
1.463650465011596680e-01
7.915450930595397949e-01
6.597719192504882812e-01
1.308040469884872437e-01
1.060691714286804199e+00
1.841136217117309570e+00
0.000000000000000000e+00
2.808704078197479248e-01
2.924121320247650146e-01
2.438670635223388672e+00
2.678760699927806854e-02
6.082097440958023071e-02
4.396768659353256226e-02
0.000000000000000000e+00
3.335881829261779785e-01
4.818514585494995117e-01
2.868886888027191162e-01
3.053954839706420898e-01
3.248541653156280518e-01
0.000000000000000000e+00
2.885380387306213379e-01
6.240150332450866699e-01
9.008371829986572266e-01
1.870004460215568542e-02
9.423597157001495361e-02
6.274907588958740234e-01
1.926498889923095703e+00
1.431870907545089722e-01
7.020771503448486328e-01
2.033951044082641602e+00
0.000000000000000000e+00
9.122490286827087402e-01
8.479977846145629883e-01
3.773209825158119202e-02
2.478517442941665649e-01
8.979496359825134277e-01
2.628840804100036621e-01
4.780053794384002686e-01
1.286146879196166992e+00
2.998375333845615387e-02
0.000000000000000000e+00
1.646856032311916351e-02
6.341443061828613281e-01
7.597379088401794434e-01
3.097190856933593750e-01
2.728980183601379395e-01
0.000000000000000000e+00
2.526356875896453857e-01
0.000000000000000000e+00
1.995303869247436523e+00
1.398926734924316406e+00
5.026603341102600098e-01
1.973865389823913574e+00
5.376431345939636230e-01
2.611573934555053711e-01
1.620337963104248047e-01
2.060374021530151367e-01
2.309893816709518433e-02
3.368708491325378418e-01
1.265845656394958496e+00
1.453138887882232666e-01
2.060583606362342834e-02
9.113596081733703613e-01
2.079382725059986115e-02
4.356605410575866699e-01
1.817132532596588135e-01
2.084063291549682617e-01
3.114504516124725342e-01
1.404438138008117676e+00
2.401029169559478760e-01
2.954145669937133789e-01
2.532779276371002197e-01
1.140987753868103027e+00
0.000000000000000000e+00
4.631917476654052734e-01
8.307986259460449219e-01
5.276942253112792969e-01
1.478060334920883179e-01
2.116570323705673218e-01
1.338439434766769409e-01
6.393716484308242798e-02
2.584231197834014893e-01
0.000000000000000000e+00
7.172440178692340851e-03
4.748821556568145752e-01
1.230753660202026367e-01
2.246170639991760254e-01
0.000000000000000000e+00
2.646539174020290375e-02
6.772329211235046387e-01
3.909103572368621826e-01
1.267231404781341553e-01
1.916395127773284912e-01
1.732206821441650391e+00
8.437433242797851562e-01
1.102846190333366394e-01
4.024038016796112061e-01
0.000000000000000000e+00
5.358915403485298157e-02
6.457787156105041504e-01
3.693159669637680054e-02
1.296903252601623535e+00
1.935651898384094238e-02
5.185214519500732422e+00
1.292570471763610840e+00
2.008190937340259552e-02
4.311329126358032227e-01
