8.220295421779155731e-04
4.021842032670974731e-02
2.126467414200305939e-03
4.389204680919647217e-01
4.634372889995574951e-01
6.360512226819992065e-02
1.225526213645935059e+00
1.342494189739227295e-01
3.472328484058380127e-01
2.459768533706665039e+00
3.787299990653991699e-01
1.834451854228973389e-01
1.417903900146484375e-01
2.292668260633945465e-02
3.160560131072998047e-01
3.555468618869781494e-01
4.396363496780395508e-01
2.832795083522796631e-01
2.529629170894622803e-01
1.155136078596115112e-01
3.810340911149978638e-02
1.645522564649581909e-01
7.288960814476013184e-01
6.673439592123031616e-02
8.363348245620727539e-01
3.641868233680725098e-01
4.112689793109893799e-01
8.178277015686035156e-01
2.312816679477691650e-01
7.003366947174072266e-01
1.023777574300765991e-01
5.607830882072448730e-01
3.730694949626922607e-01
0.000000000000000000e+00
5.184892416000366211e-01
5.598936229944229126e-02
0.000000000000000000e+00
4.536946415901184082e-01
8.286613225936889648e-02
8.745778799057006836e-01
1.447846740484237671e-02
3.931665718555450439e-01
3.360543772578239441e-02
7.502407431602478027e-01
3.259005025029182434e-02
6.572827100753784180e-01
8.723046183586120605e-01
8.998302817344665527e-01
1.735115200281143188e-01
6.514263749122619629e-01
7.010068744421005249e-02
1.284855484962463379e+00
5.126211047172546387e-01
6.611370444297790527e-01
1.068371683359146118e-01
6.584004759788513184e-01
3.940003812313079834e-01
1.740093678236007690e-01
2.073623239994049072e-02
1.457680344581604004e+00
1.881211280822753906e+00
1.510014683008193970e-01
4.766644835472106934e-01
6.065708398818969727e-01
1.180406451225280762e+00
9.476494044065475464e-02
2.887723743915557861e-01
9.757833480834960938e-01
1.654987782239913940e-01
2.304394245147705078e+00
5.083794593811035156e-01
7.753197550773620605e-01
5.629246830940246582e-01
0.000000000000000000e+00
1.594193093478679657e-02
1.336782425642013550e-01
2.632724344730377197e-01
7.780847549438476562e-01
6.361294388771057129e-01
1.917755156755447388e-01
4.864073693752288818e-01
1.114962249994277954e-01
9.160336107015609741e-03
0.000000000000000000e+00
3.444710671901702881e-01
4.359259605407714844e-01
2.425682246685028076e-01
1.450460404157638550e-01
1.964685320854187012e-02
4.151972830295562744e-01
1.201814636588096619e-01
5.344524979591369629e-02
1.750138700008392334e-01
8.516800403594970703e-02
8.711187243461608887e-01
0.000000000000000000e+00
2.640872960910201073e-03
0.000000000000000000e+00
1.147650241851806641e+00
1.505115270614624023e+00
2.349834591150283813e-01
6.682428121566772461e-01
1.023552298545837402e+00
0.000000000000000000e+00
5.691185221076011658e-02
1.521706581115722656e-01
1.862219721078872681e-01
1.903063654899597168e-01
3.650896996259689331e-02
1.813809752464294434e+00
3.766126558184623718e-02
4.889136254787445068e-01
3.303710818290710449e-01
6.154860183596611023e-02
3.867039084434509277e-01
4.273507595062255859e-01
2.575774192810058594e-01
1.044518500566482544e-01
8.382149040699005127e-03
1.866141438484191895e+00
6.251114606857299805e-01
4.279251396656036377e-01
1.717316865921020508e+00
5.149105191230773926e-01
1.711429834365844727e+00
0.000000000000000000e+00
2.008977234363555908e-01
8.716523051261901855e-01
3.092095255851745605e-01
3.088533133268356323e-02
1.269666254520416260e-01
4.276517033576965332e-01
5.352069139480590820e-01
2.847011089324951172e-01
3.105399012565612793e-01
0.000000000000000000e+00
6.565352678298950195e-01
9.310340881347656250e-02
1.111871719360351562e+00
2.138697206974029541e-01
8.950283527374267578e-01
5.611471831798553467e-02
2.907530069351196289e+00
1.032500624656677246e+00
1.144833266735076904e-01
2.659066915512084961e-01
4.265718162059783936e-01
1.834119856357574463e-02
1.468205302953720093e-01
0.000000000000000000e+00
1.479853391647338867e-01
2.186256349086761475e-01
2.691432237625122070e-01
5.206059813499450684e-01
4.865669608116149902e-01
2.764368616044521332e-02
2.447963505983352661e-01
2.762237191200256348e-01
1.274098753929138184e-01
1.306442856788635254e+00
5.871436595916748047e-01
6.107662320137023926e-01
1.254024147987365723e+00
5.560897290706634521e-02
5.737441778182983398e-02
6.615162491798400879e-01
1.312552951276302338e-02
2.161880731582641602e+00
2.392542362213134766e-01
1.629892587661743164e-01
1.078013982623815536e-02
1.362035989761352539e+00
7.469667792320251465e-01
1.038263440132141113e+00
2.004206617129966617e-04
9.298740327358245850e-02
2.982052229344844818e-02
1.335357576608657837e-01
0.000000000000000000e+00
1.228265538811683655e-01
7.148907184600830078e-01
0.000000000000000000e+00
4.368763417005538940e-02
1.985491961240768433e-01
3.681893646717071533e-02
1.018540747463703156e-02
3.674835711717605591e-02
5.941014289855957031e-01
2.817849069833755493e-02
9.037459641695022583e-02
5.928721744567155838e-03
3.041149973869323730e-01
2.196353301405906677e-02
9.416319429874420166e-02
7.394535094499588013e-02
9.721086621284484863e-01
0.000000000000000000e+00
2.393515110015869141e-01
9.597198963165283203e-01
2.892356514930725098e-01
2.508251927793025970e-02
6.745494902133941650e-02
1.377854794263839722e-01
7.682213187217712402e-02
0.000000000000000000e+00
1.592948317527770996e+00
2.163555771112442017e-01
1.964816898107528687e-01
0.000000000000000000e+00
1.498026847839355469e-01
4.456992745399475098e-01
2.379093021154403687e-01
2.696111798286437988e-01
3.192880153656005859e-01
4.250289797782897949e-01
6.231055408716201782e-02
8.597269058227539062e-01
1.086437821388244629e+00
3.180025815963745117e-01
0.000000000000000000e+00
2.388492524623870850e-01
1.260443590581417084e-03
3.359853744506835938e+00
1.617092788219451904e-01
7.211522012948989868e-02
1.072139620780944824e+00
2.123060673475265503e-01
1.703100681304931641e+00
0.000000000000000000e+00
0.000000000000000000e+00
5.121194198727607727e-02
6.030371785163879395e-01
1.103096842765808105e+00
0.000000000000000000e+00
3.397904932498931885e-01
6.556557416915893555e-01
1.421712636947631836e-01
7.111669331789016724e-02
1.250594407320022583e-01
6.048902124166488647e-02
5.188119038939476013e-02
0.000000000000000000e+00
0.000000000000000000e+00
2.683768235146999359e-02
7.526508718729019165e-02
0.000000000000000000e+00
3.229885399341583252e-01
7.028592824935913086e-01
1.653703600168228149e-01
3.790716171264648438e+00
4.936487972736358643e-02
1.213637925684452057e-02
2.055091112852096558e-01
3.733762502670288086e-01
0.000000000000000000e+00
6.289016008377075195e-01
9.526991844177246094e-01
2.136104106903076172e-01
2.010322511196136475e-01
2.412055283784866333e-01
3.058594167232513428e-01
5.215443968772888184e-01
3.478655815124511719e+00
0.000000000000000000e+00
6.119848489761352539e-01
3.691433072090148926e-01
3.901340067386627197e-01
5.527364090085029602e-02
9.879709482192993164e-01
2.111043214797973633e+00
3.006921410560607910e-01
1.450687497854232788e-01
8.752092719078063965e-01
9.427308291196823120e-02
2.282037138938903809e-01
1.502503037452697754e+00
1.402589529752731323e-01
3.273993134498596191e-01
1.383716762065887451e-01
1.230778824537992477e-02
5.196874961256980896e-02
2.760516703128814697e-01
1.302324980497360229e-02
4.265638887882232666e-01
1.516081213951110840e+00
3.493774235248565674e-01
1.467210352420806885e-01
1.331118680536746979e-02
2.084710299968719482e-01
1.072733253240585327e-01
3.897421061992645264e-02
2.392085939645767212e-01
3.491694852709770203e-02
3.305940330028533936e-02
2.193316966295242310e-01
8.521242141723632812e-01
4.273097962141036987e-03
5.938341617584228516e-01
1.248754747211933136e-02
1.408854592591524124e-02
2.028412371873855591e-01
7.125152945518493652e-01
3.334310948848724365e-01
0.000000000000000000e+00
2.629646658897399902e-01
2.326305508613586426e-01
3.026445806026458740e-01
2.381146103143692017e-01
5.085954666137695312e-01
1.014032308012247086e-02
2.990217506885528564e-02
5.356968641281127930e-01
3.555405735969543457e-01
1.721833646297454834e-01
2.222237288951873779e-01
0.000000000000000000e+00
4.583184421062469482e-01
4.432885441929101944e-03
6.649363636970520020e-01
6.710058450698852539e-01
4.735221564769744873e-01
1.251051574945449829e-02
2.486855387687683105e-01
3.479292690753936768e-01
8.009778857231140137e-01
2.719193100929260254e-01
1.521674990653991699e-01
0.000000000000000000e+00
9.626797586679458618e-02
2.143543481826782227e+00
0.000000000000000000e+00
4.280875027179718018e-01
0.000000000000000000e+00
6.225845813751220703e-01
2.664992570877075195e+00
3.273747395724058151e-03
1.019498944282531738e+00
2.088639587163925171e-01
1.119115710258483887e+00
4.126851558685302734e-01
6.141556501388549805e-01
9.050008058547973633e-01
1.466032743453979492e+00
7.991153001785278320e-02
0.000000000000000000e+00
0.000000000000000000e+00
0.000000000000000000e+00
2.177323549985885620e-01
4.961737394332885742e-01
0.000000000000000000e+00
2.334292680025100708e-01
0.000000000000000000e+00
1.204983711242675781e+00
6.893523931503295898e-01
3.610098361968994141e-01
1.107887551188468933e-02
1.597620695829391479e-01
2.583734095096588135e-01
3.732479214668273926e-01
6.961119771003723145e-01
0.000000000000000000e+00
5.571748614311218262e-01
7.535127401351928711e-01
2.148577272891998291e-01
7.456515450030565262e-03
7.521941512823104858e-02
1.771942973136901855e+00
2.692900411784648895e-02
3.340804576873779297e-01
5.532909035682678223e-01
7.524353861808776855e-01
1.632586002349853516e+00
4.400558769702911377e-03
2.643677890300750732e-01
7.331248521804809570e-01
0.000000000000000000e+00
6.003836542367935181e-02
0.000000000000000000e+00
1.391569137573242188e+00
0.000000000000000000e+00
1.035796523094177246e+00
8.801563084125518799e-02
2.336356341838836670e-01
2.294592559337615967e-02
4.340740144252777100e-01
3.504574894905090332e-01
0.000000000000000000e+00
3.701476752758026123e-02
6.836285591125488281e-01
0.000000000000000000e+00
1.179635763168334961e+00
2.473290562629699707e-01
6.508982926607131958e-02
2.289918065071105957e-01
0.000000000000000000e+00
1.191405773162841797e+01
1.573517322540283203e-01
6.428970694541931152e-01
0.000000000000000000e+00
4.041012749075889587e-02
1.104363799095153809e-01
1.681620925664901733e-01
6.670967489480972290e-02
5.004046019166707993e-03
8.192017078399658203e-01
3.932773768901824951e-01
4.932997003197669983e-02
1.424208760261535645e+00
1.347607374191284180e-01
5.664361268281936646e-02
1.733361035585403442e-01
7.841411232948303223e-02
6.538333296775817871e-01
0.000000000000000000e+00
9.410791844129562378e-02
3.606255054473876953e-01
4.615881145000457764e-01
2.378315106034278870e-02
1.370939761400222778e-01
7.506925463676452637e-01
0.000000000000000000e+00
1.828079819679260254e+00
1.150066498667001724e-02
8.504141867160797119e-02
1.202504873275756836e+00
3.905140757560729980e-01
2.416868925094604492e+00
2.301927059888839722e-01
5.334158241748809814e-02
5.676165968179702759e-02
6.060155630111694336e-01
5.153539776802062988e-01
9.809691905975341797e-01
9.829314798116683960e-02
1.715342700481414795e-02
9.109559059143066406e-01
1.591437935829162598e+00
2.873890995979309082e-01
5.339285135269165039e-01
1.025391593575477600e-01
2.764756977558135986e-01
0.000000000000000000e+00
2.050124555826187134e-01
1.191677004098892212e-01
1.940075874328613281e+00
8.485425263643264771e-02
5.920981764793395996e-01
8.143444545567035675e-03
6.716825533658266068e-03
4.790001809597015381e-01
1.430895328521728516e-01
1.061917066574096680e+00
6.354926824569702148e-01
1.527463436126708984e+00
1.352443248033523560e-01
2.877783775329589844e-01
9.045922160148620605e-01
9.035737812519073486e-02
1.782918453216552734e+00
2.150355093181133270e-02
1.595076769590377808e-01
2.616676688194274902e-01
9.403194785118103027e-01
1.972025036811828613e-01
2.000576630234718323e-02
0.000000000000000000e+00
4.078608751296997070e-02
1.745312094688415527e+00
1.258891820907592773e+00
9.135746210813522339e-02
1.700551509857177734e-01
1.126726388931274414e+00
7.244819402694702148e-02
6.106426715850830078e-01
9.619791507720947266e-01
1.722046256065368652e+00
3.905326826497912407e-03
2.683753967285156250e-01
1.556200623512268066e+00
1.200882066041231155e-02
0.000000000000000000e+00
5.487079024314880371e-01
1.245628446340560913e-01
1.289764493703842163e-01
5.183758586645126343e-02
6.541968882083892822e-02
0.000000000000000000e+00
3.370740711688995361e-01
3.883700370788574219e-01
1.069381833076477051e+00
1.088545098900794983e-01
0.000000000000000000e+00
2.106038331985473633e-01
1.574243605136871338e-01
4.583213925361633301e-01
7.089590281248092651e-02
3.345475912094116211e+00
3.439396858215332031e+00
5.686868429183959961e-01
5.960404276847839355e-01
1.584829092025756836e-01
3.858172101899981499e-03
1.093072667717933655e-01
0.000000000000000000e+00
4.840156733989715576e-01
1.303509354591369629e+00
4.803429916501045227e-02
2.510168552398681641e-01
7.667470574378967285e-01
5.286730080842971802e-02
1.354525685310363770e-01
1.838547438383102417e-01
6.207817196846008301e-01
2.016021966934204102e+00
6.871071457862854004e-01
5.021337270736694336e-01
7.056800723075866699e-01
1.030645370483398438e-01
0.000000000000000000e+00
4.307088553905487061e-01
1.190388426184654236e-01
4.221561551094055176e-01
1.097317814826965332e+00
3.408376276493072510e-01
3.327006995677947998e-01
1.992280244827270508e+00
0.000000000000000000e+00
3.107384145259857178e-01
7.725125551223754883e-01
0.000000000000000000e+00
3.292864859104156494e-01
1.943052113056182861e-01
2.177049160003662109e+00
4.878440871834754944e-03
3.379815578460693359e+00
7.044073343276977539e-01
2.417204529047012329e-01
0.000000000000000000e+00
4.257419407367706299e-01
4.148971736431121826e-01
8.970144204795360565e-03
3.751872805878520012e-03
2.943799495697021484e-01
3.091309666633605957e-01
0.000000000000000000e+00
1.051588296890258789e+00
1.674932003021240234e+00
1.550055295228958130e-01
2.409090811852365732e-04
3.703305125236511230e-01
0.000000000000000000e+00
2.475411146879196167e-01
4.647854864597320557e-01
1.611129194498062134e-01
5.230850577354431152e-01
2.415221035480499268e-01
7.094001770019531250e-02
8.416779339313507080e-02
1.633851051330566406e+00
1.667976230382919312e-01
1.503301411867141724e-01
2.060632407665252686e-02
1.271862626075744629e+00
1.239482760429382324e-01
8.226805925369262695e-02
3.327861428260803223e-01
1.612973511219024658e-01
6.912577152252197266e-01
1.166048571467399597e-01
6.651818156242370605e-01
2.563693821430206299e-01
9.086681157350540161e-02
1.626884937286376953e-01
0.000000000000000000e+00
8.364069461822509766e-01
8.411256968975067139e-02
5.293422937393188477e-02
1.956054270267486572e-01
1.122927144169807434e-01
6.027228832244873047e-01
5.964167714118957520e-01
1.044683814048767090e+00
0.000000000000000000e+00
9.269549846649169922e-01
0.000000000000000000e+00
1.648413777351379395e+00
1.928053647279739380e-01
3.151169419288635254e-01
1.933637142181396484e+00
3.071717917919158936e-01
1.077175140380859375e-02
1.908142089843750000e+00
2.362163178622722626e-02
5.985741615295410156e-01
0.000000000000000000e+00
1.267900466918945312e+00
5.795837938785552979e-02
8.045425415039062500e-01
5.949059128761291504e-01
1.558023214340209961e+00
9.573407769203186035e-01
7.098796963691711426e-02
2.580852210521697998e-01
8.575932979583740234e-01
4.891613125801086426e-02
3.898146450519561768e-01
0.000000000000000000e+00
4.033948481082916260e-02
5.916671156883239746e-01
9.665085077285766602e-01
1.099409088492393494e-01
3.439618349075317383e-01
1.763068437576293945e-01
3.719181120395660400e-01
1.917986571788787842e-02
3.310330957174301147e-02
3.216203451156616211e-01
0.000000000000000000e+00
1.303360342979431152e+00
3.882182836532592773e-01
1.421872526407241821e-01
3.855145070701837540e-03
4.839542135596275330e-02
2.156140506267547607e-01
4.645382761955261230e-01
7.672888040542602539e-01
1.588954962790012360e-02
2.064494639635086060e-01
6.726378798484802246e-01
1.050378322601318359e+00
7.869083881378173828e-01
5.097582936286926270e-01
9.386538267135620117e-01
9.220567345619201660e-02
3.077707812190055847e-02
9.729704260826110840e-02
5.195732414722442627e-02
1.117249131202697754e+00
1.185522675514221191e-01
1.945378482341766357e-01
4.542735964059829712e-02
1.780518531799316406e+00
7.046088576316833496e-01
7.093471288681030273e-02
4.709303081035614014e-01
5.703854374587535858e-03
1.017694830894470215e+00
9.932400286197662354e-02
2.516656398773193359e+00
6.138907074928283691e-01
6.254509091377258301e-01
1.145519137382507324e+00
1.951142847537994385e-01
2.966660261154174805e+00
1.075730621814727783e-01
4.965591728687286377e-01
1.004479050636291504e+00
8.057496696710586548e-02
0.000000000000000000e+00
1.271812796592712402e+00
5.329700112342834473e-01
8.436568826436996460e-02
7.668698430061340332e-01
5.170102119445800781e-01
4.589097797870635986e-01
0.000000000000000000e+00
6.554214954376220703e-01
1.800668090581893921e-01
7.046994566917419434e-01
7.992538809776306152e-01
0.000000000000000000e+00
6.882462501525878906e-01
0.000000000000000000e+00
2.306376934051513672e+00
9.917975217103958130e-02
1.877843886613845825e-01
6.647992730140686035e-01
0.000000000000000000e+00
5.749208927154541016e-01
1.229572668671607971e-01
1.546806097030639648e-01
0.000000000000000000e+00
2.672864198684692383e-01
1.619227230548858643e-01
2.842441797256469727e-01
3.478551283478736877e-03
8.994130790233612061e-02
0.000000000000000000e+00
1.089658215641975403e-01
5.509924516081809998e-02
3.216497600078582764e-01
8.352304995059967041e-02
0.000000000000000000e+00
1.358532011508941650e-01
1.086774110794067383e+00
0.000000000000000000e+00
1.390649825334548950e-01
9.618794322013854980e-01
3.399587273597717285e-01
1.020377874374389648e+00
2.273550033569335938e+00
1.212294995784759521e-01
4.749866947531700134e-02
2.979612648487091064e-01
0.000000000000000000e+00
0.000000000000000000e+00
3.873703535646200180e-03
4.373556375503540039e-02
4.559682682156562805e-02
8.214699029922485352e-01
1.436925083398818970e-01
4.001007974147796631e-01
0.000000000000000000e+00
9.125174582004547119e-02
0.000000000000000000e+00
4.438605308532714844e-01
7.924996018409729004e-01
5.030388236045837402e-01
5.318786576390266418e-02
1.700671613216400146e-01
1.182968355715274811e-02
1.793703794479370117e+00
1.791895776987075806e-01
1.805651783943176270e-01
1.028648257255554199e+00
5.356467515230178833e-02
1.043229103088378906e+00
3.346980810165405273e-01
5.074126720428466797e-01
1.131267845630645752e-01
1.865687221288681030e-01
1.306001901626586914e+00
1.654652357101440430e-01
7.437465190887451172e-01
2.630850300192832947e-02
4.498830437660217285e-01
8.666452765464782715e-02
6.506457924842834473e-01
3.801367059350013733e-02
5.508893728256225586e-01
1.590502977371215820e+00
1.132753044366836548e-01
0.000000000000000000e+00
1.953996866941452026e-01
2.229257106781005859e+00
1.391566872596740723e+00
1.939228177070617676e+00
9.502038955688476562e-01
5.846920609474182129e-02
7.461616992950439453e-01
2.967246435582637787e-02
7.057050466537475586e-01
8.348064497113227844e-03
3.542028069496154785e-01
1.725299954414367676e-01
3.748304545879364014e-01
1.647355794906616211e+00
0.000000000000000000e+00
2.419136524200439453e+00
1.649853110313415527e+00
4.222881495952606201e-01
1.813446171581745148e-02
2.242643833160400391e-01
7.063124328851699829e-02
1.215800046920776367e+00
4.639692902565002441e-01
8.733702898025512695e-01
1.911755651235580444e-02
9.781630337238311768e-02
2.761023998260498047e+00
8.085587024688720703e-01
5.165144056081771851e-02
2.096062153577804565e-01
1.882585138082504272e-02
9.306775927543640137e-01
9.317931532859802246e-01
1.960891366004943848e+00
0.000000000000000000e+00
1.531871199607849121e+00
2.961176931858062744e-01
3.591172099113464355e-01
7.931348681449890137e-02
7.797717452049255371e-01
1.437650620937347412e-01
2.766981720924377441e-02
7.464103102684020996e-01
3.533125221729278564e-01
2.485104463994503021e-02
6.161820888519287109e-01
1.688295960426330566e+00
1.850718021392822266e+00
0.000000000000000000e+00
2.519499659538269043e-01
0.000000000000000000e+00
0.000000000000000000e+00
1.498749852180480957e-01
0.000000000000000000e+00
9.045079350471496582e-01
1.445268690586090088e-01
1.394683569669723511e-01
1.029117107391357422e+00
5.501584410667419434e-01
9.823429584503173828e-01
5.799949541687965393e-02
1.941285282373428345e-01
1.397431612014770508e+00
1.734573543071746826e-01
4.908575057983398438e+00
1.020287990570068359e+00
1.252584531903266907e-02
1.134055405855178833e-01
2.025376707315444946e-01
2.287633419036865234e-01
2.179004848003387451e-01
0.000000000000000000e+00
6.503127217292785645e-01
8.705390095710754395e-01
9.516628459095954895e-03
5.220628157258033752e-02
6.190419197082519531e-02
3.090261248871684074e-03
4.441777989268302917e-02
1.846051514148712158e-01
1.341349124908447266e+00
5.499508976936340332e-01
3.732044994831085205e-02
1.121852025389671326e-01
4.660501610487699509e-03
9.493363089859485626e-03
1.654235124588012695e-01
6.720049679279327393e-02
7.481295466423034668e-01
4.761272072792053223e-01
1.203423142433166504e-01
1.281399011611938477e+00
4.233153164386749268e-01
2.018965221941471100e-02
1.648701541125774384e-02
0.000000000000000000e+00
1.799697130918502808e-01
1.049130782485008240e-02
3.345909833908081055e+00
7.056325674057006836e-01
4.036748707294464111e-01
1.546941548585891724e-01
6.297115087509155273e-01
4.805926382541656494e-01
1.821949601173400879e+00
8.762711286544799805e-01
5.881990790367126465e-01
1.752000674605369568e-02
1.939162015914916992e-01
9.920313954353332520e-01
1.169319171458482742e-02
8.987573385238647461e-01
9.545238316059112549e-02
1.510200500488281250e-01
5.178109742701053619e-03
2.603454515337944031e-02
1.025410890579223633e-01
1.110355034470558167e-01
7.131487727165222168e-01
6.484364271163940430e-01
3.138447999954223633e+00
2.697865486145019531e+00
2.807862162590026855e-01
0.000000000000000000e+00
8.073758482933044434e-01
4.000710323452949524e-02
1.019752144813537598e+00
3.880465626716613770e-01
8.856838941574096680e-01
4.188889563083648682e-01
3.773781955242156982e-01
4.845083225518465042e-03
0.000000000000000000e+00
3.161148726940155029e-01
1.184704184532165527e+00
9.635660648345947266e-01
6.646057590842247009e-03
9.180148690938949585e-02
1.578226312994956970e-02
5.866394639015197754e-01
6.214042194187641144e-03
3.044836819171905518e-01
4.654040336608886719e-01
4.544280469417572021e-03
2.334131002426147461e-01
2.935180068016052246e-01
2.748562991619110107e-01
2.520117163658142090e-01
0.000000000000000000e+00
7.191772460937500000e-01
3.101751022040843964e-02
2.040448486804962158e-01
1.102320909500122070e+00
1.426733136177062988e-01
2.931358814239501953e+00
9.923942685127258301e-01
3.038356602191925049e-01
1.285252422094345093e-01
5.530026555061340332e-01
3.326103091239929199e-01
2.767784297466278076e-01
1.185307741165161133e+00
1.108318805694580078e+00
1.429616212844848633e+00
5.872035622596740723e-01
9.864091873168945312e-02
1.492587625980377197e-01
0.000000000000000000e+00
1.812675893306732178e-01
5.053431987762451172e-01
6.717549562454223633e-01
1.090225577354431152e+00
9.578685462474822998e-02
8.032429814338684082e-01
3.389339521527290344e-02
2.110644243657588959e-02
1.286138445138931274e-01
8.027631640434265137e-01
7.167739272117614746e-01
6.252431273460388184e-01
4.170622527599334717e-01
1.431557834148406982e-01
2.859347343444824219e+00
5.122499465942382812e-01
3.734008371829986572e-01
0.000000000000000000e+00
3.832548856735229492e-01
3.107828199863433838e-01
3.890926241874694824e-01
2.467612177133560181e-01
1.066666126251220703e+00
3.407985568046569824e-01
0.000000000000000000e+00
1.087346747517585754e-01
1.560379862785339355e+00
4.475526511669158936e-01
1.234468147158622742e-01
1.074828356504440308e-01
3.161457777023315430e-01
7.861941456794738770e-01
1.028566136956214905e-01
1.197315573692321777e+00
4.433960467576980591e-02
1.403289381414651871e-02
2.790012359619140625e-01
4.343770444393157959e-01
4.532802477478981018e-02
0.000000000000000000e+00
2.044429183006286621e-01
5.879740118980407715e-01
2.715271897614002228e-02
5.693391710519790649e-02
5.077861547470092773e-01
5.311365723609924316e-01
1.324484199285507202e-01
1.793338544666767120e-02
9.572721272706985474e-02
5.012763142585754395e-01
2.071143984794616699e-01
1.329089403152465820e+00
2.722060494124889374e-02
1.196264505386352539e+00
2.813645005226135254e-01
0.000000000000000000e+00
5.440333485603332520e-01
7.987541556358337402e-01
2.234854549169540405e-02
1.248382568359375000e+00
1.070321798324584961e+00
0.000000000000000000e+00
1.707799434661865234e-01
1.880587451159954071e-02
3.562140166759490967e-01
1.360193967819213867e+00
0.000000000000000000e+00
0.000000000000000000e+00
1.333049833774566650e-01
2.528797984123229980e-01
2.675548493862152100e-01
9.924426674842834473e-03
2.856345474720001221e-01
2.485900558531284332e-02
7.252211123704910278e-02
2.734518349170684814e-01
7.753610610961914062e-01
4.928922057151794434e-01
6.521400064229965210e-02
4.985799312591552734e+00
2.656711935997009277e-01
2.564255595207214355e-01
2.901705503463745117e-01
6.227449327707290649e-02
2.928485870361328125e-01
1.479105710983276367e+00
0.000000000000000000e+00
9.477079510688781738e-01
2.713354110717773438e+00
3.003139495849609375e-01
8.194359019398689270e-03
3.221686482429504395e-01
9.691269695758819580e-02
4.529252350330352783e-01
1.660627275705337524e-01
3.505362570285797119e-01
3.432195663452148438e+00
4.859442710876464844e-01
1.980568766593933105e+00
1.127819716930389404e-02
4.609606266021728516e-01
4.436973929405212402e-01
0.000000000000000000e+00
2.607084274291992188e+00
7.539942115545272827e-02
2.910725772380828857e-01
2.750642299652099609e-01
1.146863341331481934e+00
6.410796642303466797e-01
2.803071215748786926e-02
6.004700064659118652e-01
0.000000000000000000e+00
1.606417745351791382e-01
1.082417741417884827e-01
0.000000000000000000e+00
3.201166391372680664e-01
0.000000000000000000e+00
2.283758819103240967e-01
4.088952541351318359e-01
1.351300161331892014e-02
1.706332445144653320e+00
1.932392362505197525e-03
0.000000000000000000e+00
9.146370887756347656e-01
0.000000000000000000e+00
1.094574809074401855e+00
4.597892519086599350e-03
0.000000000000000000e+00
6.295160949230194092e-02
2.162876576185226440e-01
2.474793344736099243e-01
2.328383028507232666e-01
1.579404324293136597e-01
0.000000000000000000e+00
4.007111489772796631e-01
1.322962939739227295e-01
2.389919757843017578e-01
3.126701712608337402e-01
1.085442528128623962e-01
5.307957157492637634e-02
1.540442466735839844e+00
1.224512830376625061e-01
2.302331663668155670e-02
4.650662839412689209e-02
0.000000000000000000e+00
5.675342306494712830e-02
9.210544228553771973e-01
1.567628234624862671e-01
2.616507746279239655e-02
1.202008798718452454e-01
2.130292654037475586e-01
8.204184472560882568e-02
9.873475879430770874e-02
1.781751960515975952e-02
0.000000000000000000e+00
1.742311753332614899e-03
1.251165866851806641e+00
1.273779988288879395e+00
2.658760547637939453e-01
6.913266777992248535e-01
2.229757457971572876e-01
2.383867740631103516e+00
2.101972579956054688e+00
2.109278917312622070e+00
3.654146790504455566e-01
2.155300825834274292e-01
4.595581907778978348e-03
1.262470006942749023e+00
5.139382556080818176e-03
2.436920642852783203e+00
3.149913623929023743e-02
1.937324404716491699e-01
7.831652164459228516e-01
5.394207686185836792e-02
8.449890613555908203e-01
3.222906216979026794e-02
5.029493477195501328e-03
6.257845461368560791e-02
0.000000000000000000e+00
4.437511861324310303e-01
3.124309182167053223e-01
3.242458999156951904e-01
1.428689002990722656e+00
1.845908463001251221e-01
3.411291912198066711e-02
0.000000000000000000e+00
2.093841433525085449e-01
1.311754226684570312e+00
2.005847245454788208e-01
9.233382940292358398e-01
2.660332806408405304e-02
6.009208038449287415e-02
1.010170355439186096e-01
3.033257424831390381e-01
1.954749375581741333e-01
0.000000000000000000e+00
2.151069194078445435e-01
2.030278444290161133e-01
6.863617300987243652e-01
3.432709574699401855e-01
7.564812153577804565e-02
1.686018407344818115e-01
9.205424189567565918e-01
7.301518440246582031e+00
3.264853060245513916e-01
5.556978657841682434e-02
9.398192763328552246e-01
4.255716502666473389e-02
1.352515697479248047e+00
0.000000000000000000e+00
1.219541579484939575e-01
3.986015021800994873e-01
2.896546125411987305e-01
6.761212348937988281e-01
5.013346672058105469e-01
5.272210240364074707e-01
0.000000000000000000e+00
1.323374509811401367e-01
1.076568067073822021e-01
1.811728179454803467e-01
8.582372069358825684e-01
1.908171921968460083e-01
1.458110094070434570e+00
9.483118355274200439e-02
2.440891712903976440e-01
8.667764663696289062e-01
1.250753641128540039e+00
0.000000000000000000e+00
3.190694609656929970e-03
4.399054050445556641e-01
1.928183913230895996e+00
0.000000000000000000e+00
2.047321200370788574e-01
2.536934055387973785e-02
1.048485115170478821e-01
1.040779948234558105e-01
0.000000000000000000e+00
7.905220985412597656e-01
5.573692321777343750e-01
2.202476561069488525e-01
0.000000000000000000e+00
1.785767078399658203e-01
7.211450487375259399e-03
1.753819137811660767e-01
1.786575838923454285e-02
0.000000000000000000e+00
2.359763979911804199e-01
8.595781326293945312e-01
0.000000000000000000e+00
4.500625729560852051e-01
1.828383952379226685e-01
1.261921286582946777e+00
4.783651828765869141e-01
2.608978450298309326e-01
8.381243348121643066e-01
2.405643463134765625e-01
2.748492732644081116e-02
2.559005320072174072e-01
1.068137809634208679e-01
1.377833187580108643e-01
3.989079268649220467e-04
4.081448912620544434e-01
4.307842552661895752e-01
2.369347661733627319e-01
2.654068171977996826e-02
2.380080461502075195e+00
3.915828466415405273e-01
3.641868829727172852e-01
6.776671856641769409e-02
2.784916758537292480e-01
0.000000000000000000e+00
9.109077975153923035e-03
1.532794356346130371e+00
2.977170050144195557e-01
2.174617797136306763e-01
9.605371952056884766e-01
0.000000000000000000e+00
8.220060467720031738e-01
0.000000000000000000e+00
0.000000000000000000e+00
2.222632616758346558e-01
1.832060952438041568e-04
2.107179015874862671e-01
1.824298053979873657e-01
5.227966308593750000e-01
0.000000000000000000e+00
3.570453524589538574e-01
7.480968832969665527e-01
4.776616096496582031e-01
1.952417790889739990e-01
8.563293144106864929e-03
5.202231928706169128e-03
2.686676740646362305e+00
3.085405565798282623e-02
1.398994624614715576e-01
1.617714315652847290e-01
1.116472482681274414e+00
0.000000000000000000e+00
0.000000000000000000e+00
2.146880514919757843e-02
2.271728068590164185e-01
3.238403201103210449e-01
2.218775302171707153e-01
4.712950289249420166e-01
4.411642253398895264e-01
1.016939133405685425e-01
5.500164628028869629e-02
1.016385406255722046e-01
6.810690164566040039e-01
7.740023732185363770e-01
2.103349685668945312e+00
2.435669600963592529e-01
1.646875292062759399e-01
0.000000000000000000e+00
1.043456554412841797e+00
0.000000000000000000e+00
3.311187624931335449e-01
1.212724577635526657e-02
2.556844055652618408e-02
9.701697826385498047e-01
2.629572525620460510e-02
1.141243815422058105e+00
7.525958418846130371e-01
3.264802694320678711e-01
4.566777944564819336e-01
5.129577592015266418e-02
1.354286670684814453e-01
1.688742637634277344e+00
2.015786409378051758e+00
1.252310574054718018e-01
7.223823666572570801e-01
4.728276729583740234e-01
1.501152478158473969e-02
9.287271648645401001e-02
5.123559385538101196e-03
8.973903954029083252e-02
8.525002747774124146e-02
2.321370989084243774e-01
1.657035648822784424e-01
1.887658238410949707e-01
1.471980214118957520e-01
1.436004638671875000e-01
4.553856253623962402e-01
3.135591745376586914e-01
2.175089567899703979e-01
3.752749264240264893e-01
1.781821548938751221e-01
5.828583613038063049e-02
5.609168410301208496e-01
2.536787465214729309e-02
4.414464950561523438e+00
7.812477648258209229e-02
1.676192432641983032e-01
3.357359394431114197e-02
2.758531868457794189e-01
3.737085964530706406e-03
3.091499581933021545e-02
4.568152129650115967e-01
2.573734521865844727e-01
1.628315150737762451e-01
0.000000000000000000e+00
3.398735523223876953e-01
5.938619840890169144e-03
2.487312406301498413e-01
1.305247068405151367e+00
1.933224499225616455e-01
2.245294153690338135e-01
8.652466535568237305e-01
1.703511364758014679e-02
2.312703430652618408e-01
0.000000000000000000e+00
9.431985206902027130e-03
7.650258541107177734e-01
1.508055806159973145e+00
3.924080133438110352e-01
2.747614681720733643e-01
7.184016704559326172e-01
4.623095095157623291e-01
1.007811576128005981e-01
3.713150918483734131e-01
1.367735117673873901e-01
4.329244792461395264e-01
3.719938695430755615e-01
3.055051565170288086e-01
1.094274520874023438e-01
1.014683023095130920e-01
2.320510864257812500e+00
1.156414866447448730e+00
2.158298343420028687e-02
8.185755461454391479e-03
1.203046560287475586e+00
5.436162948608398438e-01
2.400379925966262817e-01
2.559013962745666504e-01
0.000000000000000000e+00
8.986949175596237183e-02
2.151148393750190735e-02
1.003277778625488281e+00
1.031000018119812012e-01
1.038297265768051147e-01
6.057388964109122753e-04
1.152368545532226562e+00
0.000000000000000000e+00
1.129239127039909363e-01
2.884120345115661621e-01
4.520668089389801025e-01
7.608121037483215332e-01
1.028028875589370728e-01
1.177942976355552673e-01
0.000000000000000000e+00
2.606355845928192139e-01
3.190388679504394531e-01
8.669128268957138062e-02
5.529199838638305664e-01
2.649981379508972168e-01
1.487729072570800781e+00
2.558977603912353516e-01
2.958588004112243652e-01
0.000000000000000000e+00
9.082511812448501587e-02
2.331580668687820435e-01
7.050971388816833496e-01
1.424188762903213501e-01
6.122291088104248047e-01
2.301018953323364258e+00
4.841156303882598877e-01
1.381406933069229126e-01
6.674935221672058105e-01
1.210212484002113342e-01
4.089183509349822998e-01
4.441264271736145020e-02
1.287767887115478516e+00
1.660147666931152344e+00
1.186728000640869141e+00
1.948806405067443848e+00
7.811495661735534668e-02
4.575262367725372314e-01
0.000000000000000000e+00
0.000000000000000000e+00
4.000646173954010010e-01
2.911575734615325928e-01
0.000000000000000000e+00
1.040383219718933105e+00
2.986110448837280273e+00
2.697058916091918945e-01
3.391553089022636414e-02
1.029199242591857910e+00
0.000000000000000000e+00
2.362997680902481079e-01
3.703080415725708008e-01
2.522600889205932617e+00
1.548424959182739258e+00
2.271094918251037598e-02
8.355091810226440430e-01
4.929910898208618164e-01
4.488001167774200439e-01
3.488213717937469482e-01
9.840407371520996094e-01
4.564543068408966064e-01
2.693289220333099365e-01
3.917248249053955078e-01
1.340158224105834961e+00
1.541076660156250000e+00
2.144235074520111084e-01
1.438205838203430176e-01
1.608748793601989746e+00
1.657726243138313293e-02
3.337353467941284180e-02
1.351507186889648438e+00
2.766236662864685059e-01
5.476971715688705444e-02
1.750695943832397461e+00
4.982328712940216064e-01
0.000000000000000000e+00
2.840633094310760498e-01
0.000000000000000000e+00
9.525478817522525787e-03
7.719656080007553101e-02
5.025490522384643555e-01
0.000000000000000000e+00
6.333100050687789917e-02
1.070635318756103516e+00
6.792944073677062988e-01
4.938614964485168457e-01
8.225813508033752441e-03
2.473887950181961060e-01
8.970888853073120117e-01
1.801593065261840820e+00
1.199974305927753448e-02
6.955143809318542480e-02
0.000000000000000000e+00
1.910312660038471222e-02
2.314299903810024261e-02
2.024376392364501953e-01
9.754499197006225586e-01
2.636492848396301270e-01
1.493281871080398560e-01
3.827362507581710815e-02
3.251776695251464844e-01
7.070223242044448853e-02
2.004917711019515991e-03
9.001828432083129883e-01
1.330408006906509399e-01
1.833541989326477051e-01
2.384396940469741821e-01
5.408104658126831055e-01
1.242246478796005249e-02
0.000000000000000000e+00
9.245609492063522339e-02
4.939760640263557434e-02
5.452925339341163635e-02
1.174365282058715820e+00
7.658525556325912476e-02
4.236930847167968750e+00
1.080393552780151367e+00
8.939244598150253296e-02
6.343255639076232910e-01
0.000000000000000000e+00
7.016489505767822266e-01
1.263012085109949112e-02
1.868361681699752808e-01
7.101426124572753906e-01
6.221904885023832321e-03
5.005037784576416016e-01
4.212798118591308594e+00
2.821095585823059082e-01
4.484200477600097656e+00
2.007208615541458130e-01
1.459524512290954590e+00
9.683915972709655762e-01
2.252401262521743774e-01
3.382778167724609375e-01
2.196352034807205200e-01
4.786856174468994141e-01
1.721572756767272949e+00
2.477600574493408203e-01
3.966765642166137695e+00
0.000000000000000000e+00
9.910304844379425049e-02
0.000000000000000000e+00
8.714832365512847900e-02
2.376727581024169922e+00
3.499721884727478027e-01
8.534225076436996460e-02
2.444839328527450562e-01
4.376068711280822754e-02
1.087997183203697205e-01
3.434717357158660889e-01
5.529156327247619629e-01
4.913696646690368652e-02
1.896542869508266449e-02
2.153724431991577148e-01
1.707432419061660767e-01
0.000000000000000000e+00
1.179760694503784180e+00
4.312808811664581299e-01
1.210756972432136536e-02
2.830861210823059082e-01
2.834425680339336395e-02
2.933670878410339355e-01
4.248605966567993164e-01
2.943890914320945740e-02
1.153773721307516098e-02
5.166749954223632812e-01
1.023251891136169434e+00
4.775840323418378830e-03
0.000000000000000000e+00
4.173356592655181885e-01
4.057044163346290588e-02
4.894458949565887451e-01
1.311515551060438156e-02
3.438524603843688965e-01
7.065009474754333496e-01
0.000000000000000000e+00
1.740723490715026855e+00
1.508005261421203613e-01
0.000000000000000000e+00
9.332084059715270996e-01
0.000000000000000000e+00
2.623599767684936523e-01
1.860605478286743164e-01
1.475167647004127502e-02
1.120279058814048767e-01
5.811284482479095459e-02
5.994126200675964355e-01
0.000000000000000000e+00
0.000000000000000000e+00
9.703496098518371582e-01
9.729380011558532715e-01
7.400020956993103027e-01
1.882577836513519287e-01
4.358134046196937561e-02
2.205413728952407837e-01
1.492472887039184570e-01
1.182558387517929077e-02
6.387037038803100586e-02
6.236010789871215820e-01
7.572268843650817871e-01
4.669864475727081299e-02
4.189234375953674316e-01
2.014555692672729492e+00
9.680547714233398438e-01
6.866977214813232422e-01
0.000000000000000000e+00
4.869476258754730225e-01
8.799144029617309570e-01
1.443783342838287354e-01
2.087076306343078613e-01
8.695146441459655762e-01
8.860459923744201660e-02
3.858162760734558105e-01
7.796381115913391113e-01
8.293132483959197998e-02
8.704710006713867188e-02
1.434898853302001953e+00
2.486468791961669922e+00
3.721322864294052124e-02
0.000000000000000000e+00
4.749809950590133667e-02
1.413511484861373901e-01
1.097970381379127502e-01
4.361241683363914490e-02
1.880767345428466797e+00
4.197437465190887451e-01
1.034439206123352051e+00
0.000000000000000000e+00
9.616903066635131836e-01
2.625288367271423340e-01
4.073693156242370605e-01
2.050687186419963837e-02
0.000000000000000000e+00
2.522783912718296051e-02
4.594638645648956299e-01
2.433679580688476562e+00
0.000000000000000000e+00
5.281826481223106384e-02
9.236244112253189087e-02
6.015757322311401367e-01
4.691661521792411804e-02
0.000000000000000000e+00
1.548731327056884766e-01
1.353235095739364624e-01
0.000000000000000000e+00
1.220303177833557129e+00
4.653035700321197510e-01
5.003437399864196777e-01
8.645601272583007812e-01
2.232026308774948120e-02
2.467209547758102417e-01
8.686084300279617310e-02
3.145379712805151939e-03
7.063180208206176758e-02
2.248221635818481445e-01
3.927990794181823730e-01
1.188047885894775391e+00
2.831967547535896301e-02
5.180754661560058594e+00
0.000000000000000000e+00
6.775926947593688965e-01
0.000000000000000000e+00
7.739120721817016602e-02
1.751966029405593872e-02
2.250027656555175781e+00
8.608537167310714722e-02
1.203827559947967529e-01
3.269966244697570801e-01
1.670249104499816895e-01
9.946655035018920898e-01
1.187548279762268066e+00
3.545373082160949707e-01
2.348073005676269531e+00
1.583604961633682251e-01
1.129473000764846802e-01
2.312875986099243164e-01
6.683190912008285522e-02
3.152982294559478760e-01
3.970634639263153076e-01
2.510396391153335571e-02
1.962591148912906647e-02
7.586728334426879883e-01
6.276047229766845703e-02
8.107518404722213745e-02
9.210341423749923706e-02
1.494323015213012695e-01
2.724204063415527344e-01
1.110761761665344238e-01
9.599061012268066406e-01
2.464792281389236450e-01
0.000000000000000000e+00
1.059266090393066406e+00
2.642225623130798340e-01
1.451655775308609009e-01
4.052178561687469482e-01
1.924376189708709717e-02
3.000777959823608398e-01
1.920390576124191284e-01
3.203577995300292969e-01
9.050919413566589355e-01
2.376420974731445312e+00
3.005823306739330292e-02
1.290235575288534164e-02
2.606096565723419189e-01
3.976923227310180664e-01
1.325521945953369141e+00
1.455695629119873047e+00
2.084350585937500000e-01
7.199352264404296875e+00
4.753090143203735352e-01
3.052378259599208832e-02
0.000000000000000000e+00
2.674422264099121094e-01
1.137440562248229980e+00
2.138042449951171875e-01
9.683350324630737305e-01
0.000000000000000000e+00
1.617969393730163574e+00
4.084756672382354736e-01
2.051073074340820312e+00
6.072279438376426697e-02
0.000000000000000000e+00
4.534433409571647644e-02
1.534996032714843750e+00
9.817792773246765137e-01
2.333495020866394043e-01
9.030613899230957031e-01
1.630468815565109253e-01
1.678230285644531250e+00
4.971236288547515869e-01
0.000000000000000000e+00
1.053503036499023438e+00
1.244118250906467438e-02
7.362753152847290039e-02
3.719186484813690186e-01
1.561992615461349487e-02
6.033293008804321289e-01
1.387947648763656616e-01
5.634607076644897461e-01
5.390062928199768066e-02
0.000000000000000000e+00
4.285721108317375183e-03
6.985061764717102051e-01
1.091043353080749512e-01
4.193816706538200378e-02
6.699855625629425049e-02
1.279774069786071777e+00
2.333559542894363403e-01
2.761592566967010498e-01
0.000000000000000000e+00
7.776250690221786499e-02
1.225182600319385529e-02
5.097312927246093750e-01
1.500255942344665527e+00
2.212475799024105072e-02
2.722614109516143799e-01
1.431961655616760254e-01
2.526619434356689453e-01
0.000000000000000000e+00
7.107816636562347412e-02
3.136985599994659424e-01
1.338193416595458984e-01
1.899475753307342529e-01
2.494053691625595093e-01
4.939322173595428467e-01
1.736004590988159180e+00
5.780562059953808784e-04
1.440905034542083740e-02
7.980143278837203979e-02
1.459959596395492554e-01
1.082874387502670288e-01
3.247665464878082275e-01
1.750171303749084473e+00
3.419574260711669922e+00
4.018445014953613281e-01
1.870566904544830322e-01
5.742044653743505478e-03
3.921801969408988953e-02
1.376662985421717167e-03
3.249736726284027100e-01
2.244723737239837646e-01
3.132717609405517578e-01
5.587046146392822266e-01
2.524423301219940186e-01
8.689959049224853516e-01
2.162925899028778076e-01
9.058952331542968750e-02
0.000000000000000000e+00
7.511029839515686035e-01
3.148877024650573730e-01
2.027620226144790649e-01
5.228284597396850586e-01
3.402207791805267334e-01
2.634579502046108246e-02
3.052764534950256348e-01
1.343385428190231323e-01
1.248388513922691345e-01
1.032443940639495850e-01
7.312049269676208496e-01
1.623419165611267090e+00
2.081217765808105469e+00
4.618926048278808594e-01
0.000000000000000000e+00
6.225517392158508301e-01
4.390814900398254395e-01
6.522741913795471191e-02
4.524644464254379272e-02
2.136099576950073242e+00
1.719337254762649536e-01
3.610062599182128906e-01
0.000000000000000000e+00
1.503294944763183594e+00
2.152993679046630859e+00
6.183472275733947754e-02
0.000000000000000000e+00
3.385600149631500244e-01
8.171841502189636230e-02
4.049606323242187500e-01
1.622652858495712280e-01
2.258910387754440308e-01
3.227683901786804199e-01
5.397183895111083984e+00
4.881167318671941757e-03
5.022088885307312012e-01
7.592736184597015381e-02
5.629919003695249557e-03
2.269991338253021240e-01
3.183901786804199219e+00
3.857593238353729248e-01
2.031195722520351410e-02
1.393058300018310547e-01
4.828279018402099609e-01
8.405171334743499756e-02
0.000000000000000000e+00
6.975648999214172363e-01
5.681973695755004883e-01
3.811634182929992676e-01
7.105723023414611816e-02
7.418324798345565796e-02
1.107480302453041077e-01
3.088544309139251709e-01
9.295216202735900879e-02
4.979374110698699951e-01
1.078444838523864746e+00
1.957572937011718750e+00
3.024555929005146027e-02
1.208544731140136719e+00
5.839820504188537598e-01
1.202138960361480713e-01
2.228494137525558472e-01
2.469548396766185760e-02
1.270368695259094238e-01
4.612275660037994385e-01
1.516019225120544434e+00
2.417220324277877808e-01
3.608861565589904785e-01
4.410125613212585449e-01
7.411915659904479980e-01
4.756233394145965576e-01
2.237313985824584961e-01
9.107048511505126953e-01
9.180590510368347168e-01
1.232148706912994385e-02
1.910814940929412842e-01
1.880970783531665802e-02
1.228906393051147461e+00
2.910180687904357910e-01
2.357183396816253662e-02
2.506342232227325439e-01
1.364302486181259155e-01
7.467224597930908203e-01
1.469784617424011230e+00
2.108866572380065918e-01
2.245841771364212036e-01
1.074061751365661621e+00
0.000000000000000000e+00
4.248785674571990967e-01
1.757569611072540283e-01
8.373790383338928223e-01
8.873292058706283569e-02
2.328462153673171997e-01
8.247057199478149414e-01
5.270218476653099060e-03
2.023288249969482422e+00
0.000000000000000000e+00
1.360463052988052368e-01
5.510305240750312805e-02
1.201377958059310913e-01
9.800278395414352417e-02
0.000000000000000000e+00
5.247750282287597656e-01
2.011485025286674500e-02
4.080998525023460388e-02
7.054166495800018311e-02
0.000000000000000000e+00
1.767312586307525635e-01
0.000000000000000000e+00
3.327401876449584961e-01
4.961010068655014038e-02
7.037096023559570312e-01
9.760309755802154541e-02
1.438975613564252853e-02
9.787536263465881348e-01
0.000000000000000000e+00
4.635160788893699646e-02
0.000000000000000000e+00
6.596707701683044434e-01
3.827968537807464600e-01
1.083562225103378296e-01
2.589549720287322998e-01
2.194823324680328369e-02
3.149599432945251465e-01
0.000000000000000000e+00
1.842625260353088379e+00
5.234675481915473938e-02
5.961934104561805725e-03
1.400941312313079834e-01
1.105703711509704590e-01
6.585472822189331055e-01
3.592332005500793457e-01
9.154894948005676270e-02
3.360877186059951782e-02
0.000000000000000000e+00
9.175616502761840820e-01
3.151385784149169922e-01
4.483420848846435547e-01
4.582678079605102539e-01
7.384929060935974121e-02
1.990776896476745605e+00
7.489959895610809326e-02
6.687317043542861938e-02
1.316875815391540527e+00
0.000000000000000000e+00
6.864496469497680664e-01
2.092876583337783813e-01
1.538048870861530304e-02
1.431306004524230957e+00
3.996093034744262695e+00
3.780900239944458008e-01
2.584910094738006592e-01
7.818654179573059082e-02
6.440128684043884277e-01
8.152505010366439819e-02
2.442016005516052246e-01
0.000000000000000000e+00
4.363247394561767578e+00
1.625004410743713379e+00
8.405627608299255371e-01
8.684469386935234070e-03
1.121599152684211731e-01
0.000000000000000000e+00
1.645021289587020874e-01
1.105951547622680664e+00
1.940172910690307617e-01
3.755736052989959717e-01
1.346217870712280273e+00
9.378512501716613770e-01
2.456075549125671387e-01
3.477772176265716553e-01
7.699940204620361328e-01
1.590402126312255859e+00
6.319828629493713379e-01
1.770919680595397949e+00
2.541317641735076904e-01
4.790624976158142090e-02
3.569311499595642090e-01
9.423563480377197266e-01
4.072924703359603882e-02
1.819637417793273926e-01
2.484692959114909172e-03
3.209376811981201172e+00
6.051710844039916992e-01
2.569728791713714600e-01
7.768022418022155762e-01
1.366069763898849487e-01
1.221981793642044067e-01
2.031940668821334839e-01
3.370849192142486572e-01
5.683399736881256104e-02
7.312164902687072754e-01
1.067524626851081848e-01
3.330220282077789307e-02
0.000000000000000000e+00
2.748641967773437500e-01
3.081988310441374779e-03
9.069420695304870605e-01
1.766638010740280151e-01
1.130804717540740967e-01
1.579129099845886230e-01
6.749804019927978516e-01
2.727245911955833435e-03
1.614641631022095680e-03
3.820519745349884033e-01
3.945532143115997314e-01
0.000000000000000000e+00
1.602993533015251160e-02
5.893557071685791016e-01
1.835572905838489532e-02
1.553087830543518066e+00
4.022909328341484070e-03
1.805474609136581421e-01
0.000000000000000000e+00
3.717758925631642342e-03
1.860645532608032227e+00
5.648897886276245117e-01
2.408073097467422485e-02
3.335253298282623291e-01
4.014775156974792480e-02
1.041987299919128418e+00
2.463698089122772217e-01
3.156578838825225830e-01
1.601861119270324707e-01
1.940423101186752319e-01
7.779002189636230469e-01
2.116836756467819214e-01
2.160803526639938354e-01
3.450233042240142822e-01
0.000000000000000000e+00
1.647745221853256226e-01
4.135265350341796875e-01
4.171610772609710693e-01
7.922901511192321777e-01
1.824619412422180176e+00
8.326331377029418945e-01
1.841025710105895996e+00
8.878744244575500488e-01
1.378440022468566895e+00
1.301856994628906250e+00
8.052924871444702148e-01
4.092614650726318359e-01
4.520631432533264160e-01
8.576222658157348633e-01
2.195322699844837189e-02
6.874707937240600586e-01
1.010403931140899658e-01
8.691746741533279419e-02
8.438896536827087402e-01
6.214240193367004395e-01
1.605420261621475220e-01
3.273922801017761230e-01
3.556041046977043152e-03
3.613405704498291016e+00
2.585063502192497253e-02
1.920618534088134766e+00
1.318992394953966141e-02
2.451939880847930908e-01
8.814043551683425903e-02
1.550057649612426758e+00
8.049443960189819336e-01
1.696735620498657227e-01
4.092506468296051025e-01
1.446313858032226562e-01
4.409528896212577820e-02
1.759227871894836426e+00
3.028948783874511719e+00
5.372325889766216278e-03
9.234647154808044434e-01
5.396169424057006836e-02
5.051193758845329285e-02
1.535513252019882202e-02
4.812469184398651123e-01
3.558384776115417480e-01
9.666133671998977661e-02
3.000582218170166016e+00
1.973333954811096191e-01
1.218201756477355957e+00
9.281333088874816895e-01
1.220721006393432617e-01
0.000000000000000000e+00
0.000000000000000000e+00
4.771114587783813477e-01
1.316022779792547226e-02
0.000000000000000000e+00
3.697522580623626709e-01
0.000000000000000000e+00
1.381765305995941162e-02
3.626373708248138428e-01
2.008058547973632812e+00
1.259335726499557495e-01
2.749503254890441895e-01
1.378384791314601898e-02
8.476206660270690918e-02
2.460861951112747192e-01
8.359532803297042847e-02
1.619689822196960449e+00
1.284061074256896973e-01
1.071217775344848633e+00
4.415535926818847656e-01
1.105806045234203339e-02
1.406369507312774658e-01
2.979879640042781830e-02
2.051026523113250732e-01
1.477411985397338867e+00
1.200685277581214905e-01
3.512706235051155090e-02
3.351250663399696350e-02
8.450534194707870483e-02
2.788091003894805908e-01
0.000000000000000000e+00
1.743017286062240601e-01
1.407576203346252441e-01
5.307893827557563782e-02
2.127252578735351562e+00
2.161702327430248260e-02
3.821872472763061523e-01
1.369492989033460617e-02
3.127965331077575684e-02
6.625107675790786743e-02
1.707752466201782227e+00
2.023916393518447876e-01
7.797878701239824295e-03
4.163443297147750854e-02
7.128802537918090820e-01
2.907869517803192139e-01
2.654932253062725067e-02
6.086984872817993164e-01
1.891163587570190430e-01
4.277399182319641113e-02
9.882243275642395020e-01
9.035134315490722656e-01
1.766328960657119751e-01
6.075414419174194336e-01
1.538353506475687027e-02
3.979090750217437744e-01
1.134838983416557312e-01
1.721808314323425293e-01
1.408682465553283691e-01
6.123596429824829102e-02
4.198425412178039551e-01
3.922413885593414307e-01
3.292032480239868164e-01
1.968697547912597656e+00
8.645501732826232910e-02
1.333668977022171021e-01
3.127340376377105713e-01
5.259154438972473145e-01
1.310774087905883789e+00
8.002267032861709595e-02
4.218845665454864502e-01
