6.521235406398773193e-02
0.000000000000000000e+00
0.000000000000000000e+00
4.985194802284240723e-01
6.156549453735351562e-01
1.120294332504272461e+00
2.217626124620437622e-01
0.000000000000000000e+00
1.200647950172424316e-01
3.616549968719482422e+00
7.275428157299757004e-03
3.008629083633422852e-01
0.000000000000000000e+00
0.000000000000000000e+00
1.472565531730651855e-01
1.169053316116333008e-01
3.723537027835845947e-01
5.406354665756225586e-01
5.642145499587059021e-02
3.081155009567737579e-02
0.000000000000000000e+00
2.702503092586994171e-02
1.370596140623092651e-01
3.922242522239685059e-01
7.187611423432826996e-03
5.019465684890747070e-01
1.181931719183921814e-01
8.439928889274597168e-01
7.636567950248718262e-02
0.000000000000000000e+00
7.692378163337707520e-01
0.000000000000000000e+00
4.115510284900665283e-01
2.718585915863513947e-02
0.000000000000000000e+00
2.958914041519165039e-01
1.889250427484512329e-02
1.348818063735961914e+00
0.000000000000000000e+00
4.463642835617065430e-02
1.562779247760772705e-01
5.832893848419189453e-01
0.000000000000000000e+00
1.739560008049011230e+00
0.000000000000000000e+00
0.000000000000000000e+00
9.472330212593078613e-01
9.861364215612411499e-02
2.273443937301635742e-01
1.239780783653259277e-01
1.733175367116928101e-01
1.056457042694091797e+00
0.000000000000000000e+00
3.829137980937957764e-01
2.134610200300812721e-03
8.787406980991363525e-02
0.000000000000000000e+00
7.966915518045425415e-02
1.238840147852897644e-01
8.111298829317092896e-02
4.034343659877777100e-01
6.474835276603698730e-01
1.022431373596191406e+00
4.439166560769081116e-02
1.004151344299316406e+00
2.380945682525634766e-01
1.569040268659591675e-01
7.827593088150024414e-01
1.664545536041259766e-01
0.000000000000000000e+00
1.136255338788032532e-01
4.597723186016082764e-01
7.415564358234405518e-02
0.000000000000000000e+00
0.000000000000000000e+00
3.365037143230438232e-01
1.146275624632835388e-01
3.322024941444396973e-01
1.831198111176490784e-02
2.044213563203811646e-02
3.453913450241088867e+00
2.399264574050903320e-01
1.614931225776672363e-02
3.581445515155792236e-01
1.316253691911697388e-01
2.801115810871124268e-01
6.502471864223480225e-02
7.055805530399084091e-03
5.911419913172721863e-02
7.804264128208160400e-02
1.024779379367828369e-01
2.442917553707957268e-03
0.000000000000000000e+00
0.000000000000000000e+00
0.000000000000000000e+00
8.778060227632522583e-02
6.014717370271682739e-02
3.256724476814270020e-01
9.255632758140563965e-02
8.014925122261047363e-01
0.000000000000000000e+00
5.839782357215881348e-01
5.850997567176818848e-01
2.913535386323928833e-02
1.070209220051765442e-01
2.365790754556655884e-01
5.437885969877243042e-02
1.384120061993598938e-02
1.258424967527389526e-01
5.685274124145507812e+00
3.846067190170288086e-02
1.244205385446548462e-01
3.992637246847152710e-02
9.471733570098876953e-01
1.973672389984130859e+00
2.660059742629528046e-02
4.350919425487518311e-01
2.467226237058639526e-02
0.000000000000000000e+00
5.731790065765380859e-01
5.337634086608886719e-01
9.440879523754119873e-02
7.822223305702209473e-01
5.203566551208496094e-01
1.328660100698471069e-01
1.123655494302511215e-02
1.221588253974914551e+00
6.459739524871110916e-03
5.407068412750959396e-03
2.296937257051467896e-01
3.786376714706420898e-01
1.284607592970132828e-02
4.999567568302154541e-02
1.337295174598693848e+00
3.753860294818878174e-01
0.000000000000000000e+00
1.163099557161331177e-01
1.023894250392913818e-01
1.997190237045288086e+00
3.339695453643798828e+00
1.238012239336967468e-01
2.380014210939407349e-01
7.872193306684494019e-02
1.706685572862625122e-01
9.507751464843750000e-02
0.000000000000000000e+00
1.448802184313535690e-03
0.000000000000000000e+00
5.635060742497444153e-02
7.927171885967254639e-02
1.433768719434738159e-01
2.542104106396436691e-03
6.591552495956420898e-01
8.001927137374877930e-01
2.156311571598052979e-01
0.000000000000000000e+00
3.555534034967422485e-02
2.078093737363815308e-01
1.953674666583538055e-02
0.000000000000000000e+00
5.372752621769905090e-02
3.207751363515853882e-02
4.024627208709716797e-01
4.140703380107879639e-02
4.181176126003265381e-01
1.155769705772399902e+00
0.000000000000000000e+00
0.000000000000000000e+00
2.127872407436370850e-01
4.920786321163177490e-01
6.805367022752761841e-02
0.000000000000000000e+00
1.925384879112243652e+00
3.226590752601623535e-01
0.000000000000000000e+00
3.613021373748779297e-01
0.000000000000000000e+00
1.385510265827178955e-01
3.297179937362670898e-01
1.373313367366790771e-01
2.584483921527862549e-01
2.005685091018676758e+00
2.281596511602401733e-01
6.484799087047576904e-03
0.000000000000000000e+00
2.585302591323852539e+00
8.442708253860473633e-01
8.904769420623779297e-01
9.187871217727661133e-02
2.435745000839233398e-01
2.705712243914604187e-02
1.264220923185348511e-01
8.512763679027557373e-02
2.009792804718017578e+00
1.588660106062889099e-02
2.210439555346965790e-02
3.220820426940917969e-01
2.105726480484008789e+00
6.803876161575317383e-02
1.334635764360427856e-01
1.194085240364074707e+00
0.000000000000000000e+00
1.363410949707031250e-01
1.125916652381420135e-02
1.867077872157096863e-02
6.829152107238769531e-01
0.000000000000000000e+00
9.382524341344833374e-02
0.000000000000000000e+00
1.305144131183624268e-01
3.525484800338745117e-01
0.000000000000000000e+00
3.110528737306594849e-02
2.163507416844367981e-02
9.660877287387847900e-03
0.000000000000000000e+00
1.899973154067993164e-01
5.688599944114685059e-01
5.011493712663650513e-02
1.779105067253112793e+00
3.424709439277648926e-01
1.446288973093032837e-01
2.455103874206542969e+00
3.430106043815612793e-01
0.000000000000000000e+00
1.033779978752136230e+00
3.279140591621398926e-01
2.169372439384460449e-01
2.168941497802734375e-02
2.077992074191570282e-02
0.000000000000000000e+00
1.539671719074249268e-01
2.828697681427001953e+00
4.031739011406898499e-02
0.000000000000000000e+00
3.870946168899536133e-01
2.682268619537353516e-01
3.593868017196655273e-02
8.877408108673989773e-04
4.306826367974281311e-02
0.000000000000000000e+00
3.893661126494407654e-02
1.751740574836730957e-01
1.379436612129211426e+00
1.242551207542419434e+00
1.010761559009552002e-01
3.000476583838462830e-02
0.000000000000000000e+00
2.893497645854949951e-01
1.497561857104301453e-02
1.889172755181789398e-02
5.498870015144348145e-01
1.972383707761764526e-01
1.581864804029464722e-01
0.000000000000000000e+00
1.198729872703552246e-01
1.257064223289489746e+00
4.614806547760963440e-02
6.147905588150024414e-01
2.062583416700363159e-01
9.121432900428771973e-01
1.465404391288757324e+00
2.705805003643035889e-01
2.871983870863914490e-02
1.473152339458465576e-01
0.000000000000000000e+00
1.198276784271001816e-02
2.750705741345882416e-02
3.075777530670166016e+00
7.245631814002990723e-01
4.059357047080993652e-01
0.000000000000000000e+00
1.831387728452682495e-01
9.793512225151062012e-01
8.829215764999389648e-01
5.854306817054748535e-01
8.649631589651107788e-02
1.256030499935150146e-01
2.164792537689208984e+00
1.393905095756053925e-02
4.410298168659210205e-02
1.999400323256850243e-03
0.000000000000000000e+00
2.175497822463512421e-02
3.310987651348114014e-01
1.074648499488830566e+00
0.000000000000000000e+00
7.492151856422424316e-02
3.830361366271972656e-01
1.178761795163154602e-01
0.000000000000000000e+00
6.492637395858764648e-01
7.796574831008911133e-01
7.437416352331638336e-03
1.623376607894897461e-01
2.328755892813205719e-02
2.003439366817474365e-01
0.000000000000000000e+00
4.899407923221588135e-02
7.602081298828125000e-01
1.409370899200439453e-01
7.736086845397949219e-03
7.068967819213867188e-01
4.482878148555755615e-01
0.000000000000000000e+00
0.000000000000000000e+00
7.811590433120727539e-01
2.757135927677154541e-01
7.035059481859207153e-02
1.134300157427787781e-01
0.000000000000000000e+00
2.579075098037719727e-01
9.159494191408157349e-02
1.594892293214797974e-01
8.933613300323486328e-01
5.421173572540283203e-01
2.741106033325195312e+00
0.000000000000000000e+00
2.848493866622447968e-02
1.472174763679504395e+00
1.587425768375396729e-01
9.642586112022399902e-02
8.552759289741516113e-01
1.650182530283927917e-03
1.366619393229484558e-02
0.000000000000000000e+00
1.459363698959350586e-01
8.766796439886093140e-03
5.002638325095176697e-03
1.036541908979415894e-01
0.000000000000000000e+00
1.014401078224182129e+00
2.639463245868682861e-01
3.686867237091064453e+00
7.413165569305419922e-01
3.593348339200019836e-02
0.000000000000000000e+00
2.934128418564796448e-02
0.000000000000000000e+00
7.023093849420547485e-02
4.788450598716735840e-01
3.824322819709777832e-01
3.068606853485107422e-01
4.741302728652954102e-01
4.332181811332702637e-02
2.808418497443199158e-02
3.924334421753883362e-02
3.170210123062133789e+00
0.000000000000000000e+00
1.561530865728855133e-02
3.535915017127990723e-01
5.203170180320739746e-01
3.044708967208862305e+00
0.000000000000000000e+00
4.530040323734283447e-01
1.270310580730438232e-01
8.178899437189102173e-02
5.861158370971679688e-01
4.483357071876525879e-02
3.845930695533752441e-01
0.000000000000000000e+00
5.248575210571289062e-01
3.497302159667015076e-02
1.402002573013305664e-01
0.000000000000000000e+00
0.000000000000000000e+00
3.948291540145874023e-01
1.385737180709838867e+00
1.114040389657020569e-01
9.224337339401245117e-02
4.865677356719970703e-01
2.703299559652805328e-02
3.630541637539863586e-02
1.649479120969772339e-01
1.303874254226684570e+00
0.000000000000000000e+00
5.100522041320800781e-01
2.668375670909881592e-01
9.776539802551269531e-01
2.731452882289886475e-01
8.197914958000183105e-01
2.690417289733886719e+00
1.367223449051380157e-03
1.954722106456756592e-01
3.829598799347877502e-02
1.529936678707599640e-02
5.543387494981288910e-03
9.769234806299209595e-03
3.598934412002563477e-01
2.233806401491165161e-01
1.116285800933837891e+00
1.644033432006835938e+00
0.000000000000000000e+00
3.464557230472564697e-02
2.912133038043975830e-01
5.719118118286132812e+00
1.032855749130249023e+00
0.000000000000000000e+00
2.011005766689777374e-02
0.000000000000000000e+00
3.904325654730200768e-03
5.068514943122863770e-01
1.244323793798685074e-02
4.010518074035644531e+00
5.072376132011413574e-02
8.681949973106384277e-01
0.000000000000000000e+00
1.715601533651351929e-01
6.590026021003723145e-01
8.617260307073593140e-02
8.302732110023498535e-01
2.968919463455677032e-03
0.000000000000000000e+00
0.000000000000000000e+00
1.980050683021545410e+00
0.000000000000000000e+00
1.167441755533218384e-01
1.487876176834106445e-01
1.013542488217353821e-01
8.260449767112731934e-02
5.943446233868598938e-02
5.288627147674560547e-01
1.378612637519836426e+00
0.000000000000000000e+00
2.481908537447452545e-02
4.255524575710296631e-01
5.906091213226318359e+00
4.788995981216430664e-01
3.455330803990364075e-02
5.951685830950737000e-02
4.466103613376617432e-01
4.287229105830192566e-02
4.663147032260894775e-01
0.000000000000000000e+00
0.000000000000000000e+00
6.226615309715270996e-01
9.463388323783874512e-01
2.884037676267325878e-04
0.000000000000000000e+00
6.904923357069492340e-03
7.386233657598495483e-02
4.836584255099296570e-02
0.000000000000000000e+00
1.600399017333984375e-01
5.646965503692626953e-01
1.647625803947448730e+00
6.327322870492935181e-02
0.000000000000000000e+00
3.444305434823036194e-02
9.694523178040981293e-03
1.024986624717712402e+00
3.910253345966339111e-01
0.000000000000000000e+00
4.110577583312988281e+00
0.000000000000000000e+00
1.571770161390304565e-01
9.624289721250534058e-02
9.441590309143066406e-01
6.530497074127197266e-01
3.173024952411651611e-02
1.188722997903823853e-01
0.000000000000000000e+00
0.000000000000000000e+00
2.551386058330535889e-01
3.762661814689636230e-01
1.197546124458312988e-01
0.000000000000000000e+00
1.024443149566650391e+00
0.000000000000000000e+00
2.815609872341156006e-01
5.579626932740211487e-02
3.141497611999511719e+00
4.667209982872009277e-01
1.964763551950454712e-01
1.066784262657165527e+00
9.898691773414611816e-01
1.579885184764862061e-02
8.979375958442687988e-01
3.404343366622924805e+00
3.257865551859140396e-03
1.647746376693248749e-02
1.114615425467491150e-01
3.979819118976593018e-01
2.466985136270523071e-01
7.088022232055664062e-01
1.238599768839776516e-03
0.000000000000000000e+00
7.026318460702896118e-02
4.487993717193603516e-01
2.623081021010875702e-02
9.899623692035675049e-02
1.220964477397501469e-03
1.464215666055679321e-01
5.131170153617858887e-01
1.556843146681785583e-02
1.927227526903152466e-01
2.499527484178543091e-01
1.931252479553222656e+00
3.778392374515533447e-01
0.000000000000000000e+00
0.000000000000000000e+00
1.701432652771472931e-02
6.403642892837524414e-02
0.000000000000000000e+00
2.047805070877075195e+00
6.681820750236511230e-01
5.396128296852111816e-01
1.540348529815673828e-01
8.191622495651245117e-01
3.889661133289337158e-01
3.097182810306549072e-01
3.022338449954986572e-01
2.931580245494842529e-01
1.170641660690307617e+00
5.412517189979553223e-01
3.327292501926422119e-01
2.063114881515502930e+00
1.377115249633789062e-01
3.234955668449401855e-01
1.607872359454631805e-02
2.575685977935791016e-01
2.013701200485229492e-01
3.794610500335693359e-01
8.816437721252441406e-01
0.000000000000000000e+00
1.262866139411926270e+00
1.097238883376121521e-01
0.000000000000000000e+00
1.807208172976970673e-02
2.835671305656433105e-01
1.600304126739501953e+00
1.389994859695434570e+00
3.451948286965489388e-03
4.246341884136199951e-01
8.625468015670776367e-01
2.138470113277435303e-02
4.541847109794616699e-02
7.890357971191406250e-01
3.853397667407989502e-01
1.093938827514648438e+00
0.000000000000000000e+00
2.989463508129119873e-01
4.525747150182723999e-02
1.312678214162588120e-02
5.756459236145019531e-01
3.115485422313213348e-02
2.396393537521362305e+00
9.763587266206741333e-02
2.268717810511589050e-02
1.240115284919738770e+00
0.000000000000000000e+00
0.000000000000000000e+00
4.985941648483276367e-01
3.296111151576042175e-02
9.897068738937377930e-01
7.427987456321716309e-02
2.320814132690429688e+00
0.000000000000000000e+00
1.279179155826568604e-01
1.084804651327431202e-03
2.017505168914794922e-01
3.362911194562911987e-02
1.507519483566284180e-01
1.000593826174736023e-01
0.000000000000000000e+00
4.021034240722656250e-01
5.789908766746520996e-01
0.000000000000000000e+00
1.137123703956604004e-01
7.374143227934837341e-03
0.000000000000000000e+00
1.156073331832885742e+00
6.372950971126556396e-02
3.056698665022850037e-02
8.211166858673095703e-01
2.110955953598022461e+00
0.000000000000000000e+00
7.832143306732177734e-01
7.696957141160964966e-02
1.528588682413101196e-01
0.000000000000000000e+00
1.429366469383239746e-01
0.000000000000000000e+00
9.092172384262084961e-01
2.070275880396366119e-02
2.319300360977649689e-02
1.987462164834141731e-03
1.963703036308288574e-01
7.147806882858276367e-01
6.054974719882011414e-02
0.000000000000000000e+00
6.306122541427612305e-01
0.000000000000000000e+00
2.307223528623580933e-01
0.000000000000000000e+00
7.614548206329345703e-01
1.728157699108123779e-01
2.161690711975097656e+00
4.854334592819213867e-01
9.739417433738708496e-01
0.000000000000000000e+00
2.387683987617492676e-01
5.592510700225830078e-01
3.354915618896484375e+00
8.109236955642700195e-01
1.037724763154983521e-01
1.089861895889043808e-02
2.370866835117340088e-01
0.000000000000000000e+00
1.268604159355163574e+00
5.055327899754047394e-03
0.000000000000000000e+00
2.663485892117023468e-02
8.124931156635284424e-02
3.393439054489135742e-01
9.739865660667419434e-01
5.647103302180767059e-03
1.926289349794387817e-01
1.550578474998474121e+00
1.058330535888671875e-01
2.260675281286239624e-01
7.085151970386505127e-03
0.000000000000000000e+00
5.404385924339294434e-02
5.137592554092407227e-01
1.047654628753662109e+00
6.523122638463973999e-02
1.306154727935791016e+00
1.961963772773742676e-01
5.528210103511810303e-02
1.434168577194213867e+00
0.000000000000000000e+00
1.474629640579223633e+00
1.071735098958015442e-01
3.483468294143676758e-02
0.000000000000000000e+00
1.831311583518981934e-01
6.706026196479797363e-01
3.983173370361328125e-01
2.574662212282419205e-04
1.413836628198623657e-01
1.018488049507141113e+00
2.539544701576232910e-01
1.565011739730834961e-01
1.957658678293228149e-01
4.549732804298400879e-02
1.354900896549224854e-01
2.243106961250305176e-01
2.598598897457122803e-01
0.000000000000000000e+00
1.424286365509033203e-01
0.000000000000000000e+00
2.363603189587593079e-02
1.366583108901977539e+00
1.064327359199523926e-01
1.237080525606870651e-02
3.637606203556060791e-01
3.454357385635375977e-02
3.116389214992523193e-01
4.637498557567596436e-01
2.196789979934692383e+00
1.533116586506366730e-02
7.449082136154174805e-01
9.129046648740768433e-02
1.935118585824966431e-01
4.957540035247802734e-01
5.615906715393066406e-01
5.347533822059631348e-01
0.000000000000000000e+00
1.270718276500701904e-01
0.000000000000000000e+00
1.144250869750976562e+00
1.695972383022308350e-01
1.579980482347309589e-03
1.351955533027648926e-01
4.119238629937171936e-02
6.790455579757690430e-01
4.532932043075561523e-01
5.967084318399429321e-03
2.898120321333408356e-02
2.555834650993347168e-01
1.484210137277841568e-02
0.000000000000000000e+00
2.207938954234123230e-02
5.055361986160278320e-01
4.496139287948608398e-02
6.419758200645446777e-01
9.933024644851684570e-01
2.189324609935283661e-02
9.539776295423507690e-02
6.919698715209960938e-01
4.308758974075317383e-01
9.028518572449684143e-03
8.213033676147460938e-01
0.000000000000000000e+00
3.829483175650238991e-03
1.960880458354949951e-01
0.000000000000000000e+00
3.363909199833869934e-02
7.327184826135635376e-02
7.639971375465393066e-01
6.150403246283531189e-02
7.916009426116943359e-02
0.000000000000000000e+00
2.878931909799575806e-02
6.553889065980911255e-02
0.000000000000000000e+00
6.918084621429443359e-02
7.165284156799316406e-01
5.452957153320312500e-01
8.023707568645477295e-02
1.966939717531204224e-01
2.221185863018035889e-01
4.339084625244140625e-01
2.887504696846008301e-01
0.000000000000000000e+00
1.939025893807411194e-02
8.124064654111862183e-02
7.079497575759887695e-01
1.325560957193374634e-01
0.000000000000000000e+00
1.221120283007621765e-01
1.510003209114074707e-01
0.000000000000000000e+00
1.477044105529785156e+00
1.166877970099449158e-01
1.916866153478622437e-01
2.104994058609008789e+00
1.571525186300277710e-01
2.969327569007873535e-01
3.413404896855354309e-02
3.217886900529265404e-03
3.557317256927490234e-01
6.864089518785476685e-02
0.000000000000000000e+00
4.870856925845146179e-02
4.850504174828529358e-02
8.786590695381164551e-01
3.157928213477134705e-02
3.071703761816024780e-02
5.087173581123352051e-01
0.000000000000000000e+00
4.186716303229331970e-02
7.283327635377645493e-03
5.195180326700210571e-02
4.603100195527076721e-02
7.295279949903488159e-02
2.804473638534545898e-01
0.000000000000000000e+00
5.806693434715270996e-01
4.684500694274902344e-01
5.955223441123962402e-01
2.501120790839195251e-02
3.368633687496185303e-01
0.000000000000000000e+00
8.383204340934753418e-01
4.018608331680297852e-01
0.000000000000000000e+00
5.013788938522338867e-01
1.042145729064941406e+00
0.000000000000000000e+00
4.400545656681060791e-01
3.056297004222869873e-01
7.229318469762802124e-02
1.221911787986755371e+00
2.873521447181701660e-01
0.000000000000000000e+00
2.543011009693145752e-01
1.223070263862609863e+00
1.567143440246582031e+00
5.512831266969442368e-03
0.000000000000000000e+00
3.115352690219879150e-01
1.251356601715087891e+00
1.193785443902015686e-01
1.401124119758605957e+00
2.222326993942260742e-01
3.336326777935028076e-01
1.069424629211425781e+00
4.032079875469207764e-02
9.059296548366546631e-02
4.656390249729156494e-01
0.000000000000000000e+00
6.285435557365417480e-01
2.370710134506225586e+00
2.880893945693969727e-01
1.400210261344909668e-01
2.560611963272094727e-01
2.092870473861694336e+00
3.446657657623291016e-01
1.080657020211219788e-01
1.301146596670150757e-01
6.428189277648925781e-01
1.448493450880050659e-01
1.113521337509155273e+00
7.137630134820938110e-02
1.180491223931312561e-01
2.639554142951965332e-01
9.052396416664123535e-01
1.735472232103347778e-01
1.068517208099365234e+00
1.255257725715637207e-01
2.062116622924804688e+00
0.000000000000000000e+00
4.615517556667327881e-01
1.152587234973907471e-01
2.217194736003875732e-01
8.395807743072509766e-01
3.888153314590454102e+00
1.441418379545211792e-01
2.423104047775268555e+00
0.000000000000000000e+00
6.034008413553237915e-02
5.047078132629394531e-01
1.855054348707199097e-01
1.295951366424560547e+00
1.133153215050697327e-01
7.275225520133972168e-01
5.796386003494262695e-01
0.000000000000000000e+00
0.000000000000000000e+00
6.424456369131803513e-03
5.788608454167842865e-03
1.316288411617279053e-01
3.221074044704437256e-01
0.000000000000000000e+00
9.227170795202255249e-02
1.019144803285598755e-02
0.000000000000000000e+00
1.964807748794555664e+00
0.000000000000000000e+00
3.557767346501350403e-02
9.978508204221725464e-02
8.628537761978805065e-04
9.929077699780464172e-03
0.000000000000000000e+00
0.000000000000000000e+00
2.405250370502471924e-01
1.764621883630752563e-01
1.492756485939025879e+00
2.637243568897247314e-01
1.014359831809997559e+00
2.759345769882202148e-01
0.000000000000000000e+00
1.137028168886899948e-02
1.131175756454467773e-01
2.493520528078079224e-01
3.790525346994400024e-02
2.077289581298828125e+00
4.798931479454040527e-01
0.000000000000000000e+00
0.000000000000000000e+00
5.174559354782104492e-02
1.027200743556022644e-01
3.307879716157913208e-02
3.132962882518768311e-01
2.797301858663558960e-03
2.608145028352737427e-02
8.977307006716728210e-03
3.468771651387214661e-02
8.952839672565460205e-02
3.406088799238204956e-03
8.824859559535980225e-02
8.119646459817886353e-03
5.630515217781066895e-01
2.196443527936935425e-01
0.000000000000000000e+00
6.716548651456832886e-02
0.000000000000000000e+00
3.009130001068115234e+00
5.614973306655883789e-01
0.000000000000000000e+00
3.046527802944183350e-01
2.971621155738830566e-01
2.810723707079887390e-02
4.043686203658580780e-04
2.035831451416015625e+00
4.927964210510253906e-01
1.914990097284317017e-01
1.800680398941040039e+00
6.092654466629028320e-01
1.098551079630851746e-01
6.798466295003890991e-02
5.418264120817184448e-02
6.360986828804016113e-01
4.279260337352752686e-01
1.893598400056362152e-02
2.419261485338211060e-01
1.977462768554687500e-01
3.848377466201782227e-01
3.297595977783203125e+00
6.348524093627929688e-01
1.006946444511413574e+00
6.209320947527885437e-02
3.432782590389251709e-01
0.000000000000000000e+00
1.105916857719421387e+00
2.769096493721008301e-01
4.357128143310546875e-01
6.709562987089157104e-02
6.312365084886550903e-02
4.566256701946258545e-02
6.644026041030883789e-01
3.793731331825256348e-02
4.183911383152008057e-01
6.787790060043334961e-01
1.378161430358886719e+00
1.207195878028869629e+00
0.000000000000000000e+00
2.116599529981613159e-01
2.926899194717407227e-01
0.000000000000000000e+00
3.236534539610147476e-03
0.000000000000000000e+00
7.771319746971130371e-01
1.277137994766235352e-01
6.088594347238540649e-02
6.445480138063430786e-02
7.659140229225158691e-02
1.156856194138526917e-01
7.092703133821487427e-02
2.774152457714080811e-01
4.078127443790435791e-03
4.330872595310211182e-01
1.172132417559623718e-02
4.778454005718231201e-01
6.051033020019531250e+00
2.708407342433929443e-01
1.468732357025146484e-01
5.247320979833602905e-02
7.588882446289062500e-01
5.517121776938438416e-02
1.662232130765914917e-01
1.463592529296875000e+00
2.759792327880859375e+00
1.950834318995475769e-02
0.000000000000000000e+00
4.803312197327613831e-02
1.512124836444854736e-01
0.000000000000000000e+00
7.695177942514419556e-02
1.282276391983032227e+00
6.230051070451736450e-02
8.025811612606048584e-02
1.224136710166931152e+00
1.370800137519836426e-01
3.882928751409053802e-03
1.352999359369277954e-01
2.584560513496398926e-01
7.840821892023086548e-02
0.000000000000000000e+00
3.274061158299446106e-02
1.985007822513580322e-01
8.494298458099365234e-01
2.271397858858108521e-01
4.717801213264465332e-01
5.788787007331848145e-01
2.862753868103027344e-01
2.295748330652713776e-02
8.154889345169067383e-01
1.197750493884086609e-01
8.238611221313476562e-01
4.995851218700408936e-01
4.498114064335823059e-02
1.171973440796136856e-02
3.562608957290649414e+00
1.756100952625274658e-01
7.954004406929016113e-02
2.208303451538085938e+00
3.593128547072410583e-02
6.292518973350524902e-02
6.532347761094570160e-03
1.616856813430786133e+00
3.359521627426147461e-01
2.631355822086334229e-01
1.166072607040405273e+00
1.483229041099548340e+00
0.000000000000000000e+00
7.310966849327087402e-01
1.115722116082906723e-02
2.280632704496383667e-01
3.336085975170135498e-01
1.453226506710052490e-01
1.564124375581741333e-01
0.000000000000000000e+00
7.867452502250671387e-01
2.232020953670144081e-03
5.212463065981864929e-02
1.106847659684717655e-03
0.000000000000000000e+00
2.757315635681152344e-01
0.000000000000000000e+00
1.636092662811279297e-01
0.000000000000000000e+00
2.231379598379135132e-01
1.603039205074310303e-01
4.537599980831146240e-01
7.964026927947998047e-02
1.474045813083648682e-01
1.124179363250732422e-02
2.528745830059051514e-01
9.252627380192279816e-03
0.000000000000000000e+00
2.794725596904754639e-01
2.516303062438964844e-01
0.000000000000000000e+00
0.000000000000000000e+00
1.816474050283432007e-01
1.025571394711732864e-02
1.089559346437454224e-01
1.141064520925283432e-02
7.669957280158996582e-01
1.258668452501296997e-01
2.851793766021728516e-01
1.626811146736145020e+00
2.356943190097808838e-01
5.855103135108947754e-01
6.615148484706878662e-02
5.730392038822174072e-02
1.333782076835632324e+00
0.000000000000000000e+00
6.656666994094848633e-01
2.674280852079391479e-02
3.082912862300872803e-01
7.395942509174346924e-02
1.472147833555936813e-02
1.585191786289215088e-01
0.000000000000000000e+00
2.268346399068832397e-02
2.599936127662658691e-01
7.463678121566772461e-01
1.813609838485717773e+00
2.666855789721012115e-02
9.445139765739440918e-02
0.000000000000000000e+00
4.697037637233734131e-01
0.000000000000000000e+00
2.892108559608459473e-01
0.000000000000000000e+00
0.000000000000000000e+00
4.372247494757175446e-03
3.913483023643493652e-02
8.241211622953414917e-02
6.278448104858398438e-01
0.000000000000000000e+00
8.748423457145690918e-01
1.198737844824790955e-01
8.831428736448287964e-02
1.694835424423217773e-01
8.726668357849121094e-01
5.647909045219421387e-01
2.910234034061431885e-01
8.586909770965576172e-01
0.000000000000000000e+00
7.299180328845977783e-02
2.528407843783497810e-03
6.235874891281127930e-01
7.263974547386169434e-01
1.951664872467517853e-02
2.980469763278961182e-01
0.000000000000000000e+00
2.495341747999191284e-01
4.473059624433517456e-02
3.959024846553802490e-01
0.000000000000000000e+00
1.034888788126409054e-03
5.504010617733001709e-02
8.363911509513854980e-02
0.000000000000000000e+00
4.620125889778137207e-01
0.000000000000000000e+00
1.291183233261108398e-01
1.312707066535949707e+00
4.482677280902862549e-01
8.548830747604370117e-01
2.340003848075866699e-02
1.064550783485174179e-02
0.000000000000000000e+00
3.660484552383422852e+00
1.883498549461364746e+00
4.624229073524475098e-01
2.361430376768112183e-01
1.268056392669677734e+00
4.073264896869659424e-01
1.912188343703746796e-02
2.031324207782745361e-01
2.653996460139751434e-03
1.979680359363555908e-01
2.959388867020606995e-02
0.000000000000000000e+00
0.000000000000000000e+00
6.219347119331359863e-01
0.000000000000000000e+00
1.051706552505493164e+00
2.940280176699161530e-02
5.668077245354652405e-02
1.675847917795181274e-01
5.001129508018493652e-01
5.002147704362869263e-02
1.259890556335449219e+00
3.067856431007385254e-01
3.181914985179901123e-02
3.039930760860443115e-02
3.893274813890457153e-02
5.508963949978351593e-03
9.187684059143066406e-01
1.940792612731456757e-02
3.338192403316497803e-01
6.620752811431884766e-02
7.233754396438598633e-01
1.169402450323104858e-01
3.616734594106674194e-02
6.799989193677902222e-02
8.660674840211868286e-02
3.625212907791137695e+00
1.337783224880695343e-02
0.000000000000000000e+00
1.530245989561080933e-01
2.214711531996726990e-02
2.321182191371917725e-01
6.464140415191650391e-01
1.743670366704463959e-02
5.343143641948699951e-02
4.035825133323669434e-01
1.413921266794204712e-01
6.277598142623901367e-01
2.111861407756805420e-01
6.849479675292968750e-02
2.577870786190032959e-01
0.000000000000000000e+00
6.260437369346618652e-01
0.000000000000000000e+00
1.407792419195175171e-01
0.000000000000000000e+00
6.433678865432739258e-01
2.105256617069244385e-01
0.000000000000000000e+00
2.067334890365600586e+00
6.878029704093933105e-01
5.516284108161926270e-01
0.000000000000000000e+00
1.406499743461608887e-01
0.000000000000000000e+00
8.213707804679870605e-02
3.148226141929626465e-01
1.119612455368041992e-01
2.251538634300231934e-01
0.000000000000000000e+00
1.262736916542053223e+00
1.309558153152465820e+00
7.721305489540100098e-01
2.831872552633285522e-03
1.456790715456008911e-01
2.152766436338424683e-01
2.599970251321792603e-02
3.511256873607635498e-01
8.808447420597076416e-02
2.065703086555004120e-02
1.327462792396545410e-01
0.000000000000000000e+00
2.457052946090698242e+00
0.000000000000000000e+00
1.420842409133911133e-01
1.458452701568603516e+00
1.540454290807247162e-02
1.336537837982177734e+00
0.000000000000000000e+00
3.127268850803375244e-01
8.380396962165832520e-01
2.339120954275131226e-01
9.888833016157150269e-02
2.978455042466521263e-03
2.501028478145599365e-01
1.370549667626619339e-02
0.000000000000000000e+00
3.871225565671920776e-02
1.326406359672546387e+00
3.224853575229644775e-01
7.489863038063049316e-02
1.577614396810531616e-01
1.890085451304912567e-02
2.876731753349304199e-01
0.000000000000000000e+00
1.389427483081817627e-01
1.117812514305114746e+00
2.910961955785751343e-02
2.288750559091567993e-01
3.939832374453544617e-02
1.888425588607788086e+00
2.846425175666809082e-01
0.000000000000000000e+00
3.191311061382293701e-01
2.739548981189727783e-01
4.346064627170562744e-01
3.139145374298095703e-01
6.917456537485122681e-02
0.000000000000000000e+00
2.860933728516101837e-02
6.192137673497200012e-02
4.929575696587562561e-02
8.539829403162002563e-02
2.960721254348754883e-01
0.000000000000000000e+00
3.448259532451629639e-01
1.954755932092666626e-02
3.294885857030749321e-03
1.534546017646789551e-01
0.000000000000000000e+00
0.000000000000000000e+00
1.692131161689758301e-01
1.325297713279724121e+00
9.362486749887466431e-02
0.000000000000000000e+00
1.005851030349731445e-01
1.536619663238525391e-01
1.521415114402770996e-01
1.107926070690155029e-01
1.121420145034790039e+00
6.623993515968322754e-01
6.237599253654479980e-01
3.234377801418304443e-01
0.000000000000000000e+00
1.814275622367858887e+00
1.580249816179275513e-01
0.000000000000000000e+00
0.000000000000000000e+00
9.315051436424255371e-01
0.000000000000000000e+00
4.755277335643768311e-01
0.000000000000000000e+00
3.368906378746032715e-01
1.013266324996948242e+00
3.276540935039520264e-01
2.677692770957946777e-01
4.606540501117706299e-01
3.335788547992706299e-01
7.905334234237670898e-01
3.924453258514404297e-01
5.691863298416137695e-01
8.567436039447784424e-02
3.984545171260833740e-02
6.031274423003196716e-02
5.634651333093643188e-02
8.774742484092712402e-02
0.000000000000000000e+00
0.000000000000000000e+00
0.000000000000000000e+00
1.976922526955604553e-02
2.793717682361602783e-01
0.000000000000000000e+00
1.043126463890075684e+00
7.041538953781127930e-01
1.095912218093872070e+00
6.926289200782775879e-01
2.538829445838928223e-01
1.705571077764034271e-02
5.893197376281023026e-03
4.354852676391601562e+00
8.929426968097686768e-02
6.351296305656433105e-01
6.846638768911361694e-02
5.492214560508728027e-01
9.922112226486206055e-01
3.945900127291679382e-02
7.256060093641281128e-02
0.000000000000000000e+00
1.770313456654548645e-02
2.527515292167663574e-01
3.383220732212066650e-02
2.661323845386505127e-01
2.031174451112747192e-01
0.000000000000000000e+00
2.648179531097412109e-01
3.249158710241317749e-02
1.729080229997634888e-01
2.954957008361816406e+00
0.000000000000000000e+00
6.454769521951675415e-03
8.059989809989929199e-01
0.000000000000000000e+00
4.738076031208038330e-02
7.378768175840377808e-02
0.000000000000000000e+00
2.741123676300048828e+00
4.814920127391815186e-01
8.102633804082870483e-02
5.473637022078037262e-03
8.736698627471923828e-01
9.714387655258178711e-01
0.000000000000000000e+00
2.038930803537368774e-01
0.000000000000000000e+00
4.369756951928138733e-02
4.523051530122756958e-02
5.412592291831970215e-01
1.312747150659561157e-01
5.135324597358703613e-02
4.479659795761108398e-01
1.288047060370445251e-03
9.342233650386333466e-03
9.072729386389255524e-03
2.757308781147003174e-01
9.504091143608093262e-01
0.000000000000000000e+00
0.000000000000000000e+00
2.706388570368289948e-02
1.672201007604598999e-01
1.451150178909301758e-01
3.057492375373840332e-01
2.392187342047691345e-02
3.863672614097595215e-01
9.884675741195678711e-01
6.172433122992515564e-02
6.795819401741027832e-01
0.000000000000000000e+00
2.469455748796463013e-01
4.254544973373413086e-01
2.465658903121948242e+00
9.283825010061264038e-02
4.192769154906272888e-02
9.573724865913391113e-01
1.710089206695556641e+00
7.825938463211059570e-01
6.139135360717773438e-01
1.487045898102223873e-03
3.078065626323223114e-02
3.717006444931030273e-01
1.698041707277297974e-02
1.782870106399059296e-02
1.495880007743835449e+00
1.454623043537139893e-01
7.634085416793823242e-02
1.310822553932666779e-02
5.105491727590560913e-02
2.085791677236557007e-01
1.342687129974365234e+00
1.574669219553470612e-02
1.999961386900395155e-04
6.435029208660125732e-03
1.603299379348754883e-01
0.000000000000000000e+00
2.271798372268676758e+00
1.264235854148864746e+00
6.637769341468811035e-01
5.797129869461059570e-02
5.607330799102783203e-01
0.000000000000000000e+00
7.171296328306198120e-02
2.714160084724426270e-01
0.000000000000000000e+00
1.023518323898315430e+00
3.792402148246765137e-02
2.282270044088363647e-02
7.723261602222919464e-03
6.319151073694229126e-02
0.000000000000000000e+00
2.925162017345428467e-01
3.733510673046112061e-01
4.324390590190887451e-01
1.887058019638061523e-01
0.000000000000000000e+00
5.525459051132202148e-01
1.578976958990097046e-01
0.000000000000000000e+00
3.304013609886169434e-01
7.448912411928176880e-02
6.268569231033325195e-01
2.223202228546142578e+00
1.061874389648437500e+00
3.436146974563598633e-01
5.602020025253295898e-02
0.000000000000000000e+00
9.113357663154602051e-01
4.831131100654602051e-01
1.604985632002353668e-02
0.000000000000000000e+00
9.288898110389709473e-01
2.919989526271820068e-01
3.616444468498229980e-01
6.631085872650146484e-01
1.310296170413494110e-02
5.377944186329841614e-02
1.866223573684692383e+00
1.049403548240661621e-01
0.000000000000000000e+00
3.149331212043762207e-01
4.851478338241577148e-01
1.691393703222274780e-01
8.216647803783416748e-02
9.423680603504180908e-03
6.355710029602050781e-01
1.214774996042251587e-01
1.054746881127357483e-01
6.027781218290328979e-02
8.291596174240112305e-01
0.000000000000000000e+00
1.574092544615268707e-02
4.187077581882476807e-01
4.146251678466796875e-01
1.277509797364473343e-02
1.827845424413681030e-01
0.000000000000000000e+00
8.769173175096511841e-02
3.280524909496307373e-02
3.623816728591918945e+00
1.468787044286727905e-01
6.105926036834716797e-01
0.000000000000000000e+00
1.943751573562622070e-01
2.819138206541538239e-02
1.837353780865669250e-02
0.000000000000000000e+00
3.736374080181121826e-01
3.848099112510681152e-01
5.177748799324035645e-01
1.775483414530754089e-02
0.000000000000000000e+00
2.633937895298004150e-01
0.000000000000000000e+00
4.373189061880111694e-02
2.505428791046142578e-01
5.522107705473899841e-02
0.000000000000000000e+00
0.000000000000000000e+00
3.620401769876480103e-02
1.997447848320007324e+00
1.614657416939735413e-02
2.627596855163574219e-01
3.447655737400054932e-01
4.566631838679313660e-02
0.000000000000000000e+00
0.000000000000000000e+00
8.060288429260253906e-01
4.137337952852249146e-02
2.337256968021392822e-01
1.001377105712890625e-01
0.000000000000000000e+00
4.538084030151367188e+00
1.671643972396850586e+00
7.530379295349121094e-01
3.334345221519470215e-01
5.348304510116577148e-01
4.399497993290424347e-03
0.000000000000000000e+00
2.274473607540130615e-01
3.669663965702056885e-01
8.067489415407180786e-02
6.590650677680969238e-01
0.000000000000000000e+00
0.000000000000000000e+00
6.226895451545715332e-01
0.000000000000000000e+00
1.038786247372627258e-01
4.108804166316986084e-01
1.604616641998291016e-01
3.301049470901489258e-01
1.405486371368169785e-02
0.000000000000000000e+00
2.920196354389190674e-01
6.882065534591674805e-02
0.000000000000000000e+00
7.458279728889465332e-01
1.103769242763519287e-01
3.566356897354125977e-01
2.714567482471466064e-01
4.810944795608520508e-01
6.842684149742126465e-01
0.000000000000000000e+00
0.000000000000000000e+00
1.598713546991348267e-01
2.101674973964691162e-01
4.097516089677810669e-02
2.500542812049388885e-02
0.000000000000000000e+00
1.887981593608856201e-02
4.019745290279388428e-01
0.000000000000000000e+00
0.000000000000000000e+00
0.000000000000000000e+00
6.828997135162353516e-01
4.133810475468635559e-02
2.240681350231170654e-01
0.000000000000000000e+00
5.099598765373229980e-01
4.401316642761230469e-01
5.680172443389892578e-01
9.255073666572570801e-01
5.715614650398492813e-03
1.682596057653427124e-01
2.893082499504089355e-01
3.499276936054229736e-01
2.508753240108489990e-01
0.000000000000000000e+00
0.000000000000000000e+00
3.429032266139984131e-01
2.789424419403076172e+00
4.741724729537963867e-01
1.446491777896881104e-01
1.084189936518669128e-01
3.272059559822082520e-01
2.094893217086791992e+00
5.204309225082397461e-01
9.157866984605789185e-02
6.290833652019500732e-02
0.000000000000000000e+00
1.440598666667938232e-01
0.000000000000000000e+00
1.841725707054138184e-01
0.000000000000000000e+00
1.090575531125068665e-01
6.238564252853393555e-01
6.837440282106399536e-02
1.371174585074186325e-02
4.409750998020172119e-01
1.413764804601669312e-01
6.861485242843627930e-01
4.042278602719306946e-02
1.438718199729919434e+00
2.363148927688598633e-01
1.536124944686889648e-01
9.202184155583381653e-04
0.000000000000000000e+00
7.244324684143066406e-01
1.890612244606018066e-01
5.716497078537940979e-02
3.057290613651275635e-01
9.899213910102844238e-01
2.471464499831199646e-02
3.020991384983062744e-01
1.620988994836807251e-01
2.444359958171844482e-01
1.303229760378599167e-02
2.927823737263679504e-02
2.623917341232299805e+00
3.361028432846069336e-01
0.000000000000000000e+00
1.248537003993988037e-01
6.248337626457214355e-01
1.328800991177558899e-02
1.537967920303344727e-01
1.051692874170839787e-03
4.769315421581268311e-01
2.272005230188369751e-01
2.214218229055404663e-01
7.930346131324768066e-01
2.916420996189117432e-01
8.767251856625080109e-04
9.104721993207931519e-02
2.359267473220825195e-01
3.147729039192199707e-01
1.090188771486282349e-01
4.424004256725311279e-02
3.857169765979051590e-03
0.000000000000000000e+00
4.134956002235412598e-01
1.058521866798400879e+00
1.839380860328674316e-01
5.429599285125732422e-01
1.013224348425865173e-01
8.669919371604919434e-01
6.199746858328580856e-04
9.582967758178710938e-01
0.000000000000000000e+00
1.266976725310087204e-02
2.984321117401123047e-01
1.877455413341522217e-01
4.775537848472595215e-01
3.768623590469360352e+00
0.000000000000000000e+00
3.947222232818603516e-01
3.141672313213348389e-01
7.530422806739807129e-01
8.715512156486511230e-01
3.227540478110313416e-02
2.184202075004577637e-01
3.047931194305419922e-01
1.196166407316923141e-02
5.947536230087280273e-02
2.975356340408325195e+00
1.051590219140052795e-01
1.859612762928009033e-02
4.410300254821777344e+00
0.000000000000000000e+00
0.000000000000000000e+00
2.518497705459594727e-01
3.831744566559791565e-02
9.198159724473953247e-02
4.467309266328811646e-02
0.000000000000000000e+00
9.949215650558471680e-01
2.378493309020996094e+00
4.583920165896415710e-02
0.000000000000000000e+00
1.313537657260894775e-01
1.397379785776138306e-01
0.000000000000000000e+00
5.265615507960319519e-02
8.410090208053588867e-02
0.000000000000000000e+00
4.995945375412702560e-03
2.093814909458160400e-01
8.481389842927455902e-03
1.472259014844894409e-01
3.428587615489959717e-01
0.000000000000000000e+00
8.051505684852600098e-02
1.496707797050476074e-01
1.727599054574966431e-01
9.545517154037952423e-03
2.620501756668090820e+00
1.007875613868236542e-02
0.000000000000000000e+00
9.192680567502975464e-02
3.871444240212440491e-02
2.924315333366394043e-01
7.944374084472656250e-01
1.091121360659599304e-01
3.259423375129699707e-01
1.656907796859741211e-01
0.000000000000000000e+00
3.596472740173339844e-02
2.976779043674468994e-01
1.394810825586318970e-01
3.094848394393920898e-01
3.672314584255218506e-01
1.499282568693161011e-02
1.483928442001342773e+00
1.525989770889282227e-01
1.256953030824661255e-01
1.558825722895562649e-03
0.000000000000000000e+00
7.715619802474975586e-01
1.728617548942565918e-01
1.699632778763771057e-02
1.453532576560974121e+00
1.423611938953399658e-01
0.000000000000000000e+00
8.214985579252243042e-02
0.000000000000000000e+00
4.965664744377136230e-01
5.361001938581466675e-02
3.573132678866386414e-02
1.178095489740371704e-02
1.126355767250061035e+00
5.355067253112792969e-01
2.425200939178466797e+00
0.000000000000000000e+00
9.481529146432876587e-02
3.677943488582968712e-03
2.177939862012863159e-01
1.300014555454254150e-02
2.232639789581298828e-01
7.017195690423250198e-03
0.000000000000000000e+00
0.000000000000000000e+00
6.325864195823669434e-01
2.069948613643646240e-01
4.050159454345703125e-01
2.925845980644226074e-02
3.542906045913696289e-01
3.949010670185089111e-01
6.252552866935729980e-01
0.000000000000000000e+00
0.000000000000000000e+00
8.153838664293289185e-02
0.000000000000000000e+00
1.551359742879867554e-01
1.182253137230873108e-01
7.045458555221557617e-01
0.000000000000000000e+00
0.000000000000000000e+00
4.187411814928054810e-02
0.000000000000000000e+00
0.000000000000000000e+00
7.538111209869384766e-01
3.798567056655883789e-01
0.000000000000000000e+00
4.707801938056945801e-01
1.329626291990280151e-01
1.718872599303722382e-02
3.826778009533882141e-02
0.000000000000000000e+00
4.154139459133148193e-01
1.140357136726379395e+00
5.818693041801452637e-01
5.143882632255554199e-01
1.249336451292037964e-02
1.234225835651159286e-02
2.530654147267341614e-02
1.878795981407165527e+00
0.000000000000000000e+00
0.000000000000000000e+00
0.000000000000000000e+00
0.000000000000000000e+00
5.688255280256271362e-02
0.000000000000000000e+00
1.072531286627054214e-02
6.701244711875915527e-01
2.231676131486892700e-01
3.002811782062053680e-02
5.769025161862373352e-02
0.000000000000000000e+00
1.828046560287475586e+00
1.620203256607055664e-01
6.314394413493573666e-04
2.088063955307006836e-01
9.330713748931884766e-02
7.518718950450420380e-03
4.045297205448150635e-02
3.317494690418243408e-02
7.715457081794738770e-01
4.499365091323852539e-01
2.107109501957893372e-02
0.000000000000000000e+00
1.737854123115539551e+00
0.000000000000000000e+00
1.568936347961425781e+00
8.610582351684570312e-01
0.000000000000000000e+00
0.000000000000000000e+00
1.332286596298217773e-01
1.246956348419189453e+00
1.114304661750793457e-01
6.201226115226745605e-01
4.932437837123870850e-01
6.438216567039489746e-01
2.082592844963073730e-01
3.181063756346702576e-02
1.710193604230880737e-01
7.754542827606201172e-01
1.118714332580566406e+00
0.000000000000000000e+00
0.000000000000000000e+00
7.216794788837432861e-02
3.520262539386749268e-01
0.000000000000000000e+00
1.413383960723876953e+00
6.816126108169555664e-01
0.000000000000000000e+00
3.324240148067474365e-01
1.336160451173782349e-01
2.516835555434226990e-02
8.397022634744644165e-02
1.871372163295745850e-01
8.210591971874237061e-02
2.109006643295288086e-01
0.000000000000000000e+00
3.692315146327018738e-02
3.262032195925712585e-02
1.404617309570312500e+00
3.520135581493377686e-01
1.150641202926635742e+00
9.625793248414993286e-02
2.590670585632324219e-01
3.186619877815246582e-01
1.097240149974822998e-01
1.638566970825195312e+00
0.000000000000000000e+00
0.000000000000000000e+00
1.906934142112731934e+00
0.000000000000000000e+00
7.288005352020263672e-01
2.420574873685836792e-01
0.000000000000000000e+00
4.074696600437164307e-01
1.345177143812179565e-01
1.650879979133605957e-01
2.301811985671520233e-02
3.155260533094406128e-02
6.954934000968933105e-01
6.482346057891845703e-01
3.172298148274421692e-02
2.832641080021858215e-02
0.000000000000000000e+00
4.396844208240509033e-01
1.419527530670166016e+00
3.627940639853477478e-02
2.250017225742340088e-01
8.451535552740097046e-02
7.686577439308166504e-01
1.944314956665039062e+00
1.499711871147155762e-01
7.566325366497039795e-02
1.714667528867721558e-01
5.654868483543395996e-02
1.783581972122192383e+00
8.590212464332580566e-01
9.248673319816589355e-01
1.329733729362487793e-01
2.441722303628921509e-01
8.419326622970402241e-04
6.456444412469863892e-02
3.188952803611755371e-01
2.311322093009948730e-01
7.309439778327941895e-02
1.700042933225631714e-01
4.688900429755449295e-03
1.184576600790023804e-01
5.349700897932052612e-02
0.000000000000000000e+00
3.035967238247394562e-02
5.020587146282196045e-02
2.548527419567108154e-01
0.000000000000000000e+00
5.067382380366325378e-02
1.006160303950309753e-01
1.647920012474060059e-01
3.096881806850433350e-01
0.000000000000000000e+00
2.348699569702148438e+00
0.000000000000000000e+00
1.206800192594528198e-01
6.627063155174255371e-01
2.228111326694488525e-01
5.802534054964780807e-03
4.208682850003242493e-02
0.000000000000000000e+00
7.644266635179519653e-02
0.000000000000000000e+00
2.704032324254512787e-02
3.764555603265762329e-02
1.495805829763412476e-01
3.521337985992431641e+00
3.479061648249626160e-02
1.258812658488750458e-02
4.892295002937316895e-01
0.000000000000000000e+00
5.695332288742065430e-01
4.228194057941436768e-02
2.507161349058151245e-02
8.186653256416320801e-01
1.313404887914657593e-01
2.137199975550174713e-02
1.709117293357849121e+00
0.000000000000000000e+00
8.992623090744018555e-01
0.000000000000000000e+00
1.587909907102584839e-01
2.614927589893341064e-01
1.813136227428913116e-02
1.076229810714721680e+00
0.000000000000000000e+00
7.592555284500122070e-01
1.416415572166442871e+00
1.840751245617866516e-02
1.531245470046997070e+00
2.554469108581542969e+00
4.855642616748809814e-01
2.084780298173427582e-02
1.890635467134416103e-03
4.076940119266510010e-01
2.442549727857112885e-02
3.390379846096038818e-01
7.002565264701843262e-01
0.000000000000000000e+00
1.144355908036231995e-02
5.636432766914367676e-02
1.270547807216644287e-01
1.340218037366867065e-01
0.000000000000000000e+00
2.785726450383663177e-03
1.089932441711425781e+00
3.132334351539611816e-02
1.409647017717361450e-01
6.179444193840026855e-01
3.170208632946014404e-02
6.544903516769409180e-01
3.986465279012918472e-03
4.684647619724273682e-01
1.770681142807006836e-01
0.000000000000000000e+00
6.021654009819030762e-01
3.770340383052825928e-01
4.586911201477050781e-01
1.925451308488845825e-01
6.302132010459899902e-01
5.212521553039550781e-01
1.193432211875915527e+00
1.190951228141784668e+00
4.901597201824188232e-01
1.910693496465682983e-01
4.127949178218841553e-01
1.314833462238311768e-01
3.858444392681121826e-01
1.337992493063211441e-02
1.274341493844985962e-01
1.170387268066406250e-01
2.055660247802734375e+00
7.371864318847656250e-01
6.517188549041748047e-01
3.627249598503112793e-01
7.122066020965576172e-01
3.708892967551946640e-03
2.830176591873168945e+00
1.016387939453125000e-01
1.581286936998367310e-01
5.440714582800865173e-02
2.083926461637020111e-02
1.373117044568061829e-02
0.000000000000000000e+00
1.524468138813972473e-02
8.946385979652404785e-02
9.237229228019714355e-01
9.655880928039550781e-01
1.074937637895345688e-02
8.038645982742309570e-02
4.327643290162086487e-02
2.182156324386596680e+00
8.235773444175720215e-02
4.695543646812438965e-01
1.098489686846733093e-01
1.079999953508377075e-01
2.422768920660018921e-01
2.701549232006072998e-01
2.619338929653167725e-01
2.319798946380615234e+00
1.680651307106018066e+00
1.441104114055633545e-01
2.646680176258087158e-01
8.439785838127136230e-01
0.000000000000000000e+00
1.448386758565902710e-01
1.358892202377319336e+00
3.164929747581481934e-01
2.575528621673583984e-01
0.000000000000000000e+00
2.339462786912918091e-01
3.179495781660079956e-02
0.000000000000000000e+00
3.820908963680267334e-01
0.000000000000000000e+00
1.090423703193664551e+00
7.851443290710449219e-01
4.623028635978698730e-02
0.000000000000000000e+00
5.422393083572387695e-01
5.278867483139038086e-02
2.519065737724304199e-01
6.063546985387802124e-02
3.502652347087860107e-01
1.093449071049690247e-01
9.718951582908630371e-01
7.066513299942016602e-01
9.155311621725559235e-03
0.000000000000000000e+00
2.212713718414306641e+00
5.650402903556823730e-01
0.000000000000000000e+00
3.801951408386230469e-01
2.499689757823944092e-01
2.804886400699615479e-01
9.563383460044860840e-02
4.627580940723419189e-02
8.009858131408691406e-01
1.336242854595184326e-01
0.000000000000000000e+00
3.730912804603576660e-01
2.984284656122326851e-03
0.000000000000000000e+00
2.727276980876922607e-01
0.000000000000000000e+00
1.064541004598140717e-02
1.020057275891304016e-01
3.987099826335906982e-01
1.817316561937332153e-01
3.939850330352783203e-01
2.371739298105239868e-01
3.349169492721557617e-01
1.212341710925102234e-01
7.019771933555603027e-01
2.679481804370880127e-01
0.000000000000000000e+00
6.511299014091491699e-01
5.566066596657037735e-03
7.690327167510986328e-01
0.000000000000000000e+00
3.423611521720886230e-01
5.711989104747772217e-02
4.329313933849334717e-01
1.055601090192794800e-01
2.156227678060531616e-01
4.618786871433258057e-01
7.829347997903823853e-02
2.272516489028930664e-01
9.940973483026027679e-03
5.887794122099876404e-02
2.740042805671691895e-01
4.126019030809402466e-02
1.558032274246215820e+00
4.114710688591003418e-01
1.815933547914028168e-02
3.843817487359046936e-02
1.212383359670639038e-01
5.198120474815368652e-01
1.572337597608566284e-01
9.234865196049213409e-03
3.851821422576904297e-01
4.683369398117065430e-02
0.000000000000000000e+00
9.490378201007843018e-02
7.712552547454833984e-01
2.436519622802734375e+00
1.050084382295608521e-01
2.191346436738967896e-01
4.783122241497039795e-02
1.850191690027713776e-02
3.841301053762435913e-02
9.588932245969772339e-02
0.000000000000000000e+00
0.000000000000000000e+00
2.701542899012565613e-02
2.982278913259506226e-02
1.707134246826171875e-01
0.000000000000000000e+00
8.346498943865299225e-04
0.000000000000000000e+00
7.979471683502197266e-01
4.308473435230553150e-04
1.904541254043579102e-01
9.702165424823760986e-02
0.000000000000000000e+00
4.253813624382019043e-01
2.358523197472095490e-02
0.000000000000000000e+00
1.626026034355163574e-01
6.084453463554382324e-01
7.407496124505996704e-02
6.211591958999633789e-01
1.002842560410499573e-01
0.000000000000000000e+00
2.028414905071258545e-01
0.000000000000000000e+00
8.610769361257553101e-02
1.717693507671356201e-01
0.000000000000000000e+00
9.617394953966140747e-02
4.999381955713033676e-03
1.792019605636596680e+00
3.893079608678817749e-02
2.040666788816452026e-01
2.157830476760864258e+00
6.973393261432647705e-02
1.538081318140029907e-01
0.000000000000000000e+00
9.850692749023437500e-01
6.754847764968872070e-01
3.312175571918487549e-01
2.024612873792648315e-01
