1.111185923218727112e-01
8.034203201532363892e-03
1.639726758003234863e-02
3.560638129711151123e-01
0.000000000000000000e+00
3.402714729309082031e-01
6.091318130493164062e-01
5.457556843757629395e-01
6.045495867729187012e-01
3.505367755889892578e+00
0.000000000000000000e+00
2.797005474567413330e-01
1.022315025329589844e+00
6.889408826828002930e-01
1.340770870447158813e-01
5.296519398689270020e-02
1.761898249387741089e-01
2.210833132266998291e-01
8.847217075526714325e-03
4.652182105928659439e-03
3.422529995441436768e-01
1.991150155663490295e-02
4.270800352096557617e-01
9.816773235797882080e-02
3.794716894626617432e-01
8.480364084243774414e-02
5.136803388595581055e-01
0.000000000000000000e+00
0.000000000000000000e+00
1.931226812303066254e-03
4.084226191043853760e-01
6.960003972053527832e-01
9.446430206298828125e-02
1.438298523426055908e-01
1.193236947059631348e+00
5.601555109024047852e-02
5.309160798788070679e-02
6.379884481430053711e-01
2.414505630731582642e-01
4.303978085517883301e-01
1.877156794071197510e-01
3.358818292617797852e-01
3.322041630744934082e-01
1.242912650108337402e+00
1.171834096312522888e-01
2.799039781093597412e-01
5.702719688415527344e-01
1.170756071805953979e-01
4.972819983959197998e-01
7.990707159042358398e-01
4.127638936042785645e-01
3.652045726776123047e-01
1.235229372978210449e+00
1.104669332504272461e+00
0.000000000000000000e+00
1.100162602961063385e-02
3.686222434043884277e-02
3.155865371227264404e-01
1.408081501722335815e-01
7.318634390830993652e-01
5.032149553298950195e-01
1.013227365911006927e-02
3.729974925518035889e-01
6.582418829202651978e-02
3.691194057464599609e-01
7.024195194244384766e-01
1.471847414970397949e+00
4.422364532947540283e-01
1.845493167638778687e-01
1.010227873921394348e-01
6.128327250480651855e-01
8.792518973350524902e-01
8.013073354959487915e-03
2.046298980712890625e-02
5.744780227541923523e-02
2.960409402847290039e+00
1.651817202568054199e+00
1.134832948446273804e-01
1.067960619926452637e+00
8.301055990159511566e-03
1.217743992805480957e+00
3.053705692291259766e-01
2.492910474538803101e-01
2.638875134289264679e-02
2.460606098175048828e+00
2.692115306854248047e-02
1.193393394351005554e-02
0.000000000000000000e+00
3.664068132638931274e-02
3.024905025959014893e-01
8.846715092658996582e-02
4.207477718591690063e-02
1.984367892146110535e-02
2.649671863764524460e-03
5.374590680003166199e-02
9.292931109666824341e-02
4.687170684337615967e-01
1.017348617315292358e-01
0.000000000000000000e+00
2.915827631950378418e-01
3.230998516082763672e-01
7.120251059532165527e-01
1.847814321517944336e+00
3.585761878639459610e-03
8.608859032392501831e-02
1.323269605636596680e+00
1.126287579536437988e-01
1.445188224315643311e-01
6.047477573156356812e-02
4.766983509063720703e+00
4.187012091279029846e-02
7.547841668128967285e-01
6.843315958976745605e-01
2.773682594299316406e+00
1.256957836449146271e-02
1.478873845189809799e-02
9.708674624562263489e-03
4.438954889774322510e-01
0.000000000000000000e+00
5.885802954435348511e-02
1.878237366676330566e+00
1.028566360473632812e+00
2.317600727081298828e+00
1.430322170257568359e+00
4.125970304012298584e-01
9.201971441507339478e-02
3.353651762008666992e-01
5.327712297439575195e-01
1.049524098634719849e-01
2.733623981475830078e-01
4.174392521381378174e-01
3.251898288726806641e-01
9.291149675846099854e-02
7.119595259428024292e-02
9.925448894500732422e-02
1.911938488483428955e-01
7.398179769515991211e-01
0.000000000000000000e+00
1.291155576705932617e+00
1.102403640747070312e+00
2.652645111083984375e+00
1.475027054548263550e-01
6.150837540626525879e-01
1.239381358027458191e-01
3.636942505836486816e-01
1.927537322044372559e-01
1.691385060548782349e-01
6.165566667914390564e-02
7.407289743423461914e-01
2.397005707025527954e-01
0.000000000000000000e+00
2.102760523557662964e-01
1.133581474423408508e-01
6.813223958015441895e-01
5.802505016326904297e-01
5.182567983865737915e-02
6.023073568940162659e-02
4.279482960700988770e-01
6.458401679992675781e-02
1.693352125585079193e-02
2.118858337402343750e+00
6.355234980583190918e-02
1.609469414688646793e-03
4.779493510723114014e-01
3.457047343254089355e-01
1.530016660690307617e+00
0.000000000000000000e+00
8.392855525016784668e-02
1.155380979180335999e-01
1.389685273170471191e-01
1.527498662471771240e-02
1.816229969263076782e-01
1.403933286666870117e+00
1.034701392054557800e-01
5.742468405514955521e-03
3.542991280555725098e-01
2.225303500890731812e-01
2.051333636045455933e-01
1.592560410499572754e+00
6.412418931722640991e-02
1.965828388929367065e-01
4.648563563823699951e-01
5.439394116401672363e-01
3.986787497997283936e-01
8.116303943097591400e-04
1.607912182807922363e-01
4.167950749397277832e-01
7.007232904434204102e-01
0.000000000000000000e+00
9.854284673929214478e-02
4.382776618003845215e-01
4.807278513908386230e-01
5.999561399221420288e-03
8.079989552497863770e-01
4.662753082811832428e-03
3.290764093399047852e-01
0.000000000000000000e+00
6.337755918502807617e-01
2.550358176231384277e-01
2.824230194091796875e-01
3.036121428012847900e-01
1.394089404493570328e-02
9.765679948031902313e-03
1.900414377450942993e-01
9.608537554740905762e-01
1.029796957969665527e+00
4.432258009910583496e-02
1.974400132894515991e-01
6.401104386895895004e-03
6.014953926205635071e-02
0.000000000000000000e+00
0.000000000000000000e+00
0.000000000000000000e+00
5.881904065608978271e-02
1.495186686515808105e-01
1.238056302070617676e+00
1.161087870597839355e+00
4.404060542583465576e-01
3.363856971263885498e-01
1.546168625354766846e-01
2.367099285125732422e+00
0.000000000000000000e+00
3.218635916709899902e-01
6.253536790609359741e-02
0.000000000000000000e+00
1.129221677780151367e+00
0.000000000000000000e+00
5.935434699058532715e-01
2.168256342411041260e-01
2.912498079240322113e-02
5.745654180645942688e-02
0.000000000000000000e+00
9.682658314704895020e-02
0.000000000000000000e+00
7.856187969446182251e-02
4.038041085004806519e-02
1.091209352016448975e-01
3.452609181404113770e-01
4.446950554847717285e-01
0.000000000000000000e+00
7.811024785041809082e-01
3.007976152002811432e-02
0.000000000000000000e+00
3.528815209865570068e-01
7.135629653930664062e-01
7.207215577363967896e-02
6.313558816909790039e-01
3.469063667580485344e-03
8.515620976686477661e-02
1.035286903381347656e+00
2.060583084821701050e-01
1.111279964447021484e+00
2.037891596555709839e-01
1.076969027519226074e+00
1.166984289884567261e-01
3.511523306369781494e-01
8.323395252227783203e-02
0.000000000000000000e+00
0.000000000000000000e+00
3.839398622512817383e-01
1.802826672792434692e-01
1.495734810829162598e+00
5.286361575126647949e-01
3.492760658264160156e-01
1.578172326087951660e+00
6.898666024208068848e-01
1.748046278953552246e-02
7.826256006956100464e-02
5.640150308609008789e-01
1.261061523109674454e-02
2.745158970355987549e-01
1.392724364995956421e-01
2.440800368785858154e-01
2.363473176956176758e-01
4.696252048015594482e-01
1.125068426132202148e+00
1.455695927143096924e-01
4.602402448654174805e-02
6.700762510299682617e-01
1.106772646307945251e-01
0.000000000000000000e+00
4.167821407318115234e-01
0.000000000000000000e+00
2.879545688629150391e-01
2.374356031417846680e+00
1.879446983337402344e+00
1.287169754505157471e-01
2.909505665302276611e-01
1.277608871459960938e-01
5.503822565078735352e-01
5.683625936508178711e-01
9.137707352638244629e-01
1.327012777328491211e+00
4.210104346275329590e-01
3.880643546581268311e-01
1.008117720484733582e-01
9.100310504436492920e-02
7.386895269155502319e-02
1.673372928053140640e-03
2.632797509431838989e-02
1.855317205190658569e-01
9.900088310241699219e-01
3.381627202033996582e-01
2.646430581808090210e-02
0.000000000000000000e+00
7.992858290672302246e-01
8.348051309585571289e-01
3.306770324707031250e-02
7.637683302164077759e-02
4.796273261308670044e-02
0.000000000000000000e+00
6.676244735717773438e-02
7.770506292581558228e-02
0.000000000000000000e+00
4.538663387298583984e+00
0.000000000000000000e+00
2.988536596298217773e+00
0.000000000000000000e+00
1.001533389091491699e+00
1.959601402282714844e+00
1.348666399717330933e-01
1.069000214338302612e-01
5.348427295684814453e-01
2.408424913883209229e-01
2.293703705072402954e-01
0.000000000000000000e+00
4.206330180168151855e-01
1.075887203216552734e+00
8.196481317281723022e-02
6.230406761169433594e-01
1.276826858520507812e+00
1.632409214973449707e+00
2.097858190536499023e-01
2.301748991012573242e-01
3.099769651889801025e-01
1.099817976355552673e-01
6.797337532043457031e-02
5.788863301277160645e-01
5.780505761504173279e-02
0.000000000000000000e+00
6.748113036155700684e-01
0.000000000000000000e+00
1.286092996597290039e-01
2.525199651718139648e-01
1.449395716190338135e-02
1.817054629325866699e+00
2.260556444525718689e-02
3.120080530643463135e-01
4.524430334568023682e-01
2.898883819580078125e-02
5.202873423695564270e-02
1.121635660529136658e-01
1.258696079254150391e+00
3.208057880401611328e-01
1.766968816518783569e-01
0.000000000000000000e+00
4.116637706756591797e-01
1.483236998319625854e-02
4.340986609458923340e-01
1.169366482645273209e-02
3.259313702583312988e-01
2.367625087499618530e-01
5.101591348648071289e-02
1.537534952163696289e+00
0.000000000000000000e+00
8.380932211875915527e-01
3.677644014358520508e+00
2.161874063313007355e-02
5.628578066825866699e-01
2.608432434499263763e-03
3.443363666534423828e+00
1.675686120986938477e+00
1.694374531507492065e-01
4.241196811199188232e-02
5.517907068133354187e-02
5.770913958549499512e-01
2.918701246380805969e-02
0.000000000000000000e+00
2.763037443161010742e+00
2.712712883949279785e-01
9.489529728889465332e-01
3.093449175357818604e-01
1.600485742092132568e-01
6.604536175727844238e-01
2.475061267614364624e-01
1.827600225806236267e-02
0.000000000000000000e+00
1.219390332698822021e-01
4.794891551136970520e-02
3.261163234710693359e-01
1.187379837036132812e+00
1.596308350563049316e-01
0.000000000000000000e+00
1.133052706718444824e-01
2.886205017566680908e-01
7.879785060882568359e+00
2.838699519634246826e-01
0.000000000000000000e+00
1.763013303279876709e-01
1.101420074701309204e-01
5.069931596517562866e-02
9.214486926794052124e-02
0.000000000000000000e+00
3.281827926635742188e+00
9.359123557806015015e-02
2.198072895407676697e-02
1.465026661753654480e-02
1.982619643211364746e+00
1.529433369636535645e+00
2.333967015147209167e-02
2.933205068111419678e-01
8.989581465721130371e-02
4.760887101292610168e-02
1.200458221137523651e-02
1.588343232870101929e-01
7.417372427880764008e-03
2.337803691625595093e-01
4.272833466529846191e-02
1.422774642705917358e-01
9.098141789436340332e-01
8.256877958774566650e-02
6.740125417709350586e-01
5.050302743911743164e-01
6.493331864476203918e-03
2.282927036285400391e-01
3.522410988807678223e-01
3.068796157836914062e+00
4.248366951942443848e-01
5.117115378379821777e-02
9.364323690533638000e-03
2.810578942298889160e-01
4.969897214323282242e-03
1.250229626893997192e-01
3.655419945716857910e-01
5.955407023429870605e-02
3.101380348205566406e+00
1.286338567733764648e-01
1.384486109018325806e-01
2.357051819562911987e-01
7.074920535087585449e-01
7.074807584285736084e-02
5.167042016983032227e-01
2.803187258541584015e-02
1.122990623116493225e-01
6.320306658744812012e-01
2.925640940666198730e-01
9.104264974594116211e-01
8.813618868589401245e-02
1.465229749679565430e+00
9.704933315515518188e-02
5.247703194618225098e-01
1.276823759078979492e+00
2.341952472925186157e-01
1.559036731719970703e+00
8.498897403478622437e-02
4.956449270248413086e-01
8.560447096824645996e-01
3.236085653305053711e+00
1.594220161437988281e+00
0.000000000000000000e+00
0.000000000000000000e+00
1.234236657619476318e-01
1.254282236099243164e+00
2.116527780890464783e-02
2.593676328659057617e+00
1.186515212059020996e+00
5.247873067855834961e-02
1.001685261726379395e+00
7.685291767120361328e-01
8.857207298278808594e-01
9.436412453651428223e-01
1.008202314376831055e+00
8.584690690040588379e-01
1.457432508468627930e+00
1.156491756439208984e+00
3.958014726638793945e+00
5.952953919768333435e-02
4.891970753669738770e-02
1.787278652191162109e+00
8.378067016601562500e-01
5.595263559371232986e-03
2.393031418323516846e-01
1.346978306770324707e+00
4.644887149333953857e-01
0.000000000000000000e+00
1.094742678105831146e-02
1.457040198147296906e-02
2.763305008411407471e-01
4.355607330799102783e-01
2.550655305385589600e-01
2.791353315114974976e-02
2.256990224123001099e-01
1.817666143178939819e-01
7.716534286737442017e-02
4.541306570172309875e-02
5.517008900642395020e-01
5.548157542943954468e-02
1.245251774787902832e+00
4.067170023918151855e-01
5.397838354110717773e-02
7.058092206716537476e-02
1.260187476873397827e-02
1.995240002870559692e-01
1.732259094715118408e-01
8.051874041557312012e-01
5.991956591606140137e-01
1.187063813209533691e+00
0.000000000000000000e+00
1.035540476441383362e-01
1.738157629966735840e+00
7.114756703376770020e-01
4.338703155517578125e-01
1.519322752952575684e+00
3.013874292373657227e-01
5.126906633377075195e-01
1.164152547717094421e-01
0.000000000000000000e+00
6.228338927030563354e-02
5.743337050080299377e-02
7.667592912912368774e-02
3.825955688953399658e-01
0.000000000000000000e+00
1.578452944755554199e+00
3.358056783676147461e+00
2.471864670515060425e-01
1.134203910827636719e+00
1.105655059218406677e-01
9.289041757583618164e-01
1.109745621681213379e+00
3.508462309837341309e-01
7.676773071289062500e-01
2.361698865890502930e+00
3.909391760826110840e-01
3.764204680919647217e-01
6.319221973419189453e+00
1.134065628051757812e+00
1.641122251749038696e-01
1.638216227293014526e-01
2.580745518207550049e-01
1.517671704292297363e+00
0.000000000000000000e+00
2.831489145755767822e-01
5.831467732787132263e-02
1.940965205430984497e-01
4.182552099227905273e-01
2.334799617528915405e-01
2.189296111464500427e-02
1.715709716081619263e-01
0.000000000000000000e+00
1.431622982025146484e+00
1.234851852059364319e-01
0.000000000000000000e+00
6.858075410127639771e-02
3.386920690536499023e-02
2.966749072074890137e-01
2.050507254898548126e-02
1.948667466640472412e-01
6.499919891357421875e-01
5.398036241531372070e-01
5.997369885444641113e-01
2.098022997379302979e-01
2.393072098493576050e-01
8.945900797843933105e-01
5.397877097129821777e-01
1.106574572622776031e-02
3.198915719985961914e-01
3.225939273834228516e-01
1.363948639482259750e-02
4.594670534133911133e-01
4.553529992699623108e-02
2.652959525585174561e-01
5.263364911079406738e-01
2.076055109500885010e-01
1.126682385802268982e-02
1.565191149711608887e+00
1.944575011730194092e-01
2.226718366146087646e-01
4.540185034275054932e-01
1.045879006385803223e+00
7.119301557540893555e-01
1.825893223285675049e-01
9.454787522554397583e-02
3.499567881226539612e-02
7.469497621059417725e-03
0.000000000000000000e+00
3.783410787582397461e-01
7.439079880714416504e-02
2.483256012201309204e-01
3.965654075145721436e-01
6.240664124488830566e-01
2.742491364479064941e-01
1.559473752975463867e+00
9.574279934167861938e-02
1.501669734716415405e-01
1.164817530661821365e-02
1.290916353464126587e-01
7.222341839224100113e-03
2.762761354446411133e+00
1.728375196456909180e+00
5.915716290473937988e-01
9.332007914781570435e-02
7.168290019035339355e-02
2.886763215065002441e-01
2.687783479690551758e+00
7.082976698875427246e-01
0.000000000000000000e+00
2.482028119266033173e-02
1.135405153036117554e-01
3.391908109188079834e-01
1.094590723514556885e-01
0.000000000000000000e+00
6.269764304161071777e-01
3.403908014297485352e-01
3.536761403083801270e-01
1.208351731300354004e+00
6.900010257959365845e-02
1.938128918409347534e-01
2.227669507265090942e-01
3.825956489890813828e-03
1.181591272354125977e+00
1.142465546727180481e-01
7.468809187412261963e-02
0.000000000000000000e+00
1.803699582815170288e-01
1.597427646629512310e-03
1.346242129802703857e-01
7.961260080337524414e-01
5.405268669128417969e-01
1.759517788887023926e-01
2.254971504211425781e+00
2.557936429977416992e+00
3.216077014803886414e-02
5.966417193412780762e-01
1.002774462103843689e-01
9.480854123830795288e-02
7.430571913719177246e-01
2.831882834434509277e-01
6.063368916511535645e-01
8.968969583511352539e-01
3.093039058148860931e-02
3.497893810272216797e-01
6.356751918792724609e+00
1.141791701316833496e+00
2.016092389822006226e-01
7.089793086051940918e-01
2.990724444389343262e-01
7.413292527198791504e-01
2.735426723957061768e-01
6.796493530273437500e-01
0.000000000000000000e+00
2.380090713500976562e+00
0.000000000000000000e+00
1.866585731506347656e+00
9.592366814613342285e-01
8.149672299623489380e-02
1.216938376426696777e+00
1.040916219353675842e-01
6.567489355802536011e-02
1.162221804261207581e-01
4.945136904716491699e-01
5.907546281814575195e-01
0.000000000000000000e+00
1.699166536331176758e+00
7.231770157814025879e-01
5.441200137138366699e-01
1.186812818050384521e-01
3.992972895503044128e-02
1.360465772449970245e-02
1.814994961023330688e-01
2.625442743301391602e+00
1.759984791278839111e-01
2.097412943840026855e-01
2.845838107168674469e-02
1.054019331932067871e+00
5.448716226965188980e-03
3.024254925549030304e-02
1.834605485200881958e-01
6.458014249801635742e-02
7.281199097633361816e-01
9.543505311012268066e-02
0.000000000000000000e+00
1.383575648069381714e-01
3.869254142045974731e-02
5.906666517257690430e-01
3.559457138180732727e-02
0.000000000000000000e+00
2.099841833114624023e-01
6.506516784429550171e-02
3.359462916851043701e-01
2.038078755140304565e-01
2.375260591506958008e-01
1.140020266175270081e-01
2.969163060188293457e-01
1.078088507056236267e-01
1.346466243267059326e-01
2.076345384120941162e-01
4.319521486759185791e-01
1.914127916097640991e-01
4.378395974636077881e-01
3.729097545146942139e-01
3.579855442047119141e+00
5.203128457069396973e-01
1.857854872941970825e-01
6.389963626861572266e-01
5.317683331668376923e-03
1.443025171756744385e-01
0.000000000000000000e+00
0.000000000000000000e+00
3.029145114123821259e-02
3.074074685573577881e-01
6.633772980421781540e-03
1.067392453551292419e-01
2.759110331535339355e-01
4.055277407169342041e-01
5.981439948081970215e-01
0.000000000000000000e+00
2.138036191463470459e-01
5.820255875587463379e-01
3.134814202785491943e-01
2.105600014328956604e-02
1.433889567852020264e-01
0.000000000000000000e+00
6.660734070464968681e-04
1.264329552650451660e-01
1.251047849655151367e+00
4.142142236232757568e-01
8.394225835800170898e-01
2.882217168807983398e-01
2.264086902141571045e-02
3.357842564582824707e-01
3.786120936274528503e-02
2.453986555337905884e-01
4.476096853613853455e-02
6.739202737808227539e-01
5.568037275224924088e-03
0.000000000000000000e+00
9.708818979561328888e-03
1.530902266502380371e+00
1.653853058815002441e-01
1.079048439860343933e-01
2.658771991729736328e+00
1.806297302246093750e-01
2.015336304903030396e-01
0.000000000000000000e+00
3.862163066864013672e+00
4.290899634361267090e-01
1.493904590606689453e+00
2.913973093032836914e+00
1.309265047311782837e-01
1.087198778986930847e-02
1.099400445818901062e-01
1.566651463508605957e-01
4.884903877973556519e-02
0.000000000000000000e+00
6.352176070213317871e-01
2.355539351701736450e-01
9.433946609497070312e-01
1.486541777849197388e-01
1.706884264945983887e+00
1.270329475402832031e+00
0.000000000000000000e+00
2.507197380065917969e+00
1.879993230104446411e-01
8.220112323760986328e-02
0.000000000000000000e+00
1.443097293376922607e-01
1.698685884475708008e-01
0.000000000000000000e+00
0.000000000000000000e+00
2.833121061325073242e+00
7.082351446151733398e-01
5.097992420196533203e-01
2.233597755432128906e+00
6.664761304855346680e-01
4.968053996562957764e-01
3.274152278900146484e-01
0.000000000000000000e+00
7.503046095371246338e-02
4.431552886962890625e-01
0.000000000000000000e+00
3.536129295825958252e-01
5.038853287696838379e-01
4.481180105358362198e-03
4.909979924559593201e-02
1.000473856925964355e+00
3.378640413284301758e-01
0.000000000000000000e+00
2.526514828205108643e-01
3.206633031368255615e-02
3.752014413475990295e-02
1.152728125452995300e-01
1.554853618144989014e-01
1.853563934564590454e-01
1.046800255775451660e+00
4.047457873821258545e-02
3.570490777492523193e-01
3.854706287384033203e-01
2.209704220294952393e-01
5.945229530334472656e-01
6.719563901424407959e-02
2.079996615648269653e-01
5.132532119750976562e-01
6.794519424438476562e+00
5.881345868110656738e-01
7.013483904302120209e-03
3.347196150571107864e-03
1.772502437233924866e-02
4.619009792804718018e-01
5.668437480926513672e-01
4.934041202068328857e-02
3.716105967760086060e-02
0.000000000000000000e+00
1.029319688677787781e-02
4.620211664587259293e-03
1.320797600783407688e-03
5.403349995613098145e-01
6.635572314262390137e-01
2.474320679903030396e-01
6.816138327121734619e-02
3.981097787618637085e-02
1.938866972923278809e-01
2.984858453273773193e-01
1.483158767223358154e-01
6.066163629293441772e-02
6.844389438629150391e-02
3.202896714210510254e-01
7.738858461380004883e-01
2.281894236803054810e-01
7.484514117240905762e-01
6.193701177835464478e-02
1.083485782146453857e-03
2.985564768314361572e-01
4.959190785884857178e-01
8.477148413658142090e-02
5.874768495559692383e-01
3.987503051757812500e-01
5.226821303367614746e-01
4.853086918592453003e-02
1.911580562591552734e-02
7.294729351997375488e-01
0.000000000000000000e+00
4.774372279644012451e-01
2.080208659172058105e-01
1.480487287044525146e-01
3.200873434543609619e-01
4.953271448612213135e-01
0.000000000000000000e+00
1.259311586618423462e-01
1.930371284484863281e+00
3.500894904136657715e-01
3.811256885528564453e-01
1.640777736902236938e-01
1.955228149890899658e-01
8.516895771026611328e-01
0.000000000000000000e+00
1.910511702299118042e-01
3.141218423843383789e-01
0.000000000000000000e+00
4.993732273578643799e-01
3.051467835903167725e-01
5.569254606962203979e-02
8.133048415184020996e-01
4.501734375953674316e-01
0.000000000000000000e+00
0.000000000000000000e+00
1.337888240814208984e+00
1.889676041901111603e-02
1.607581377029418945e-01
6.588936597108840942e-02
6.718208193778991699e-01
7.989880442619323730e-01
5.784300565719604492e-01
1.248380064964294434e+00
5.506687760353088379e-01
1.740995496511459351e-01
4.251467436552047729e-02
1.476701974868774414e+00
8.636397868394851685e-02
7.565100789070129395e-01
0.000000000000000000e+00
2.879781462252140045e-02
8.730096369981765747e-02
3.272476494312286377e-01
1.011076450347900391e+00
6.988325715065002441e-02
2.416825592517852783e-01
7.583325356245040894e-02
2.593175470829010010e-01
1.162966251373291016e+00
1.166674613952636719e+00
5.866253376007080078e-01
2.051015198230743408e-01
7.445299625396728516e-01
1.835823804140090942e-02
3.029477596282958984e-01
9.147005528211593628e-02
0.000000000000000000e+00
1.562967896461486816e+00
7.563168406486511230e-01
1.135826706886291504e-01
4.159468412399291992e-01
2.568657509982585907e-02
8.047042787075042725e-02
2.657619118690490723e-01
1.054047584533691406e+00
3.885303497314453125e+00
1.147531986236572266e+00
1.347441673278808594e+00
5.249488949775695801e-01
0.000000000000000000e+00
5.611097067594528198e-02
1.046269759535789490e-02
3.846982717514038086e-01
4.771358072757720947e-01
7.003985345363616943e-02
4.106601774692535400e-01
3.248520791530609131e-01
0.000000000000000000e+00
1.382737904787063599e-01
4.521056711673736572e-01
2.195504307746887207e-02
4.783078134059906006e-01
0.000000000000000000e+00
1.454194068908691406e+00
6.652570366859436035e-01
2.220316380262374878e-01
1.912891149520874023e+00
8.912216126918792725e-02
5.769088491797447205e-02
5.554032698273658752e-02
3.413351997733116150e-02
1.611024490557610989e-03
8.004834055900573730e-01
3.266424655914306641e+00
1.794421970844268799e-01
2.814019024372100830e-01
6.397656351327896118e-02
2.262601137161254883e+00
1.880304515361785889e-01
7.170075923204421997e-02
1.702229976654052734e-01
1.002020955085754395e+00
8.183977752923965454e-02
1.494037210941314697e-01
3.403234779834747314e-01
7.461814284324645996e-01
9.650350809097290039e-01
1.135340690612792969e+00
9.333607554435729980e-02
3.340778648853302002e-01
7.420950382947921753e-02
7.227140665054321289e-01
0.000000000000000000e+00
4.153976738452911377e-01
6.428214311599731445e-01
1.499453037977218628e-01
8.874614536762237549e-02
6.141623854637145996e-02
7.395599968731403351e-04
0.000000000000000000e+00
1.322068214416503906e+00
2.625379860401153564e-01
6.073542237281799316e-01
3.362593799829483032e-02
0.000000000000000000e+00
5.048431828618049622e-02
5.190992262214422226e-03
1.484209299087524414e-01
2.402762174606323242e-01
4.123235940933227539e-01
4.575167298316955566e-01
1.009338349103927612e-01
2.453764081001281738e-01
8.852795511484146118e-02
1.469962447881698608e-01
7.518846392631530762e-01
8.045736551284790039e-01
8.957633376121520996e-01
1.384364347904920578e-02
4.676377028226852417e-02
5.159361958503723145e-01
1.147746682167053223e+00
3.878329321742057800e-02
8.080892562866210938e-01
4.751000702381134033e-01
0.000000000000000000e+00
5.930719375610351562e-01
5.126760601997375488e-01
4.372922237962484360e-03
7.054067403078079224e-02
5.021266937255859375e-01
1.671410351991653442e-01
0.000000000000000000e+00
2.215744704008102417e-01
8.067122101783752441e-02
0.000000000000000000e+00
3.810956478118896484e-01
4.385298117995262146e-02
1.154829636216163635e-01
3.143499493598937988e-01
4.827965199947357178e-01
6.790971755981445312e-02
3.962172269821166992e-01
6.415450572967529297e-01
2.049353867769241333e-01
3.320462405681610107e-01
0.000000000000000000e+00
6.688563227653503418e-01
1.521899998188018799e-01
2.674482166767120361e-01
8.096514344215393066e-01
2.034646570682525635e-01
2.354273572564125061e-02
2.518551051616668701e-01
1.084169507026672363e+00
1.138977110385894775e-01
1.503919512033462524e-01
1.072623014450073242e+00
1.023782849311828613e+00
0.000000000000000000e+00
3.058057650923728943e-02
4.061181843280792236e-01
2.113824896514415741e-02
5.454624295234680176e-01
4.399435818195343018e-01
2.038850337266921997e-01
0.000000000000000000e+00
1.956009306013584137e-02
1.689512431621551514e-01
8.582870960235595703e-01
4.023043811321258545e-02
7.183969486504793167e-03
1.887130856513977051e+00
3.043835423886775970e-02
1.274626255035400391e-01
5.295136570930480957e-02
3.255351781845092773e-01
3.212475776672363281e-01
1.606642454862594604e-02
0.000000000000000000e+00
0.000000000000000000e+00
1.297941505908966064e-01
2.973642051219940186e-01
8.188365399837493896e-02
1.492285579442977905e-01
6.446222960948944092e-02
8.221486210823059082e-02
1.298102736473083496e-01
3.437258601188659668e-01
1.209348678588867188e+00
2.120313048362731934e-01
6.748501658439636230e-01
1.359256982803344727e+00
4.655162692070007324e-01
2.705063223838806152e-01
1.867306977510452271e-01
1.765547394752502441e-01
1.502306014299392700e-01
3.226454555988311768e-01
2.724495157599449158e-02
1.159662902355194092e-01
4.040478169918060303e-01
2.878092825412750244e-01
3.315497338771820068e-01
8.683112859725952148e-01
1.097979024052619934e-01
1.735420703887939453e+00
9.436932206153869629e-02
0.000000000000000000e+00
2.182014584541320801e-01
1.523221969604492188e+00
1.006532646715641022e-02
1.550845146179199219e+00
1.001387238502502441e+00
2.107769012451171875e+00
7.189188003540039062e-01
1.903461217880249023e-01
2.035107091069221497e-02
9.350978136062622070e-01
1.559731006622314453e+00
4.656462669372558594e-01
1.076793551445007324e+00
5.095606297254562378e-02
8.426216989755630493e-02
2.275300770998001099e-02
1.175155416131019592e-01
1.845031790435314178e-02
4.415338933467864990e-01
8.693630993366241455e-02
8.839213103055953979e-02
1.015605852007865906e-01
3.488910198211669922e-01
4.691058397293090820e-02
0.000000000000000000e+00
3.887847065925598145e-01
3.936084359884262085e-02
1.255912631750106812e-01
4.432536065578460693e-01
2.669619023799896240e-01
4.440925121307373047e-01
9.300602599978446960e-03
1.281229019165039062e+00
1.321977470070123672e-02
3.258265927433967590e-02
3.518490791320800781e-01
4.528094828128814697e-02
2.204561047255992889e-02
3.942121267318725586e-01
4.262109845876693726e-02
2.794226169586181641e+00
7.237919606268405914e-03
1.239427030086517334e-01
9.678128361701965332e-01
1.279131770133972168e-01
1.866407632827758789e+00
4.726836085319519043e-01
9.016840457916259766e-01
3.108830451965332031e-01
2.848846316337585449e-01
2.337564706802368164e+00
3.965546786785125732e-01
1.453337222337722778e-01
6.120559945702552795e-02
1.171375632286071777e+00
3.975317776203155518e-01
3.511087223887443542e-02
1.489001274108886719e+00
0.000000000000000000e+00
0.000000000000000000e+00
0.000000000000000000e+00
8.332677483558654785e-01
2.183254621922969818e-02
4.396247863769531250e-02
1.907388269901275635e-01
1.329500794410705566e+00
1.428059041500091553e-01
1.025089979171752930e+00
6.612695753574371338e-02
1.529465895146131516e-02
4.631364718079566956e-02
3.115913867950439453e-01
4.645776152610778809e-01
4.474335610866546631e-01
6.545460969209671021e-02
9.235829114913940430e-01
7.500457763671875000e-01
1.865545064210891724e-01
1.454894542694091797e-01
2.192263305187225342e-02
1.496852189302444458e-01
6.567904353141784668e-01
2.151305601000785828e-02
5.765863656997680664e-01
1.853158771991729736e-01
0.000000000000000000e+00
2.080954313278198242e-01
8.919788151979446411e-02
1.364119350910186768e-01
1.168300509452819824e-01
4.989186301827430725e-03
7.964434027671813965e-01
2.237140573561191559e-02
1.527498662471771240e-01
9.388297200202941895e-01
3.708428442478179932e-01
2.977348268032073975e-01
8.291298151016235352e-02
1.280082225799560547e+00
7.622045930474996567e-03
4.311178028583526611e-01
3.979166597127914429e-02
9.341876208782196045e-02
1.187333464622497559e+00
2.414754964411258698e-02
6.471582502126693726e-02
1.212004646658897400e-01
3.624072670936584473e-01
7.330211997032165527e-01
0.000000000000000000e+00
6.922630220651626587e-02
6.975039839744567871e-01
3.830825984477996826e-01
1.519966721534729004e-01
4.983872473239898682e-01
1.906008720397949219e+00
4.630066156387329102e-01
1.445749104022979736e-01
5.917842686176300049e-02
6.115159392356872559e-02
4.415583983063697815e-02
2.895244359970092773e-01
1.846442371606826782e-01
1.510621309280395508e-01
7.893842458724975586e-02
1.748477965593338013e-01
5.073942244052886963e-03
3.479067236185073853e-02
6.019897386431694031e-02
3.240015208721160889e-01
4.795757681131362915e-02
7.833437621593475342e-02
1.777533628046512604e-02
3.759796619415283203e-01
5.324246287345886230e-01
1.556819770485162735e-02
1.231406852602958679e-01
3.999135456979274750e-03
5.043307319283485413e-03
0.000000000000000000e+00
6.339938193559646606e-02
0.000000000000000000e+00
5.543780699372291565e-02
1.285166852176189423e-02
1.318832039833068848e+00
2.699727416038513184e-01
2.414407953619956970e-02
3.396783769130706787e-02
0.000000000000000000e+00
3.011194616556167603e-02
7.769140601158142090e-02
4.994792044162750244e-01
1.534768819808959961e+00
4.399778544902801514e-01
2.084024399518966675e-01
5.636458843946456909e-02
5.561208724975585938e-02
5.898837000131607056e-02
2.603693902492523193e-01
2.836504718288779259e-03
1.127579249441623688e-02
1.636623442173004150e-01
6.931268572807312012e-01
1.073113918304443359e+00
4.253789037466049194e-02
5.120079964399337769e-02
2.738202810287475586e+00
1.553720533847808838e-01
0.000000000000000000e+00
4.375915527343750000e-01
2.112022340297698975e-01
1.865941286087036133e+00
1.018389612436294556e-01
3.143232166767120361e-01
1.581201329827308655e-02
2.015932649374008179e-01
4.050453752279281616e-02
5.088674649596214294e-02
1.871277950704097748e-02
2.087589949369430542e-01
8.972960710525512695e-01
5.891501903533935547e+00
1.721695251762866974e-02
6.219005584716796875e-02
1.790440559387207031e+00
1.505542159080505371e+00
2.392552793025970459e-02
1.288679093122482300e-01
6.137750625610351562e+00
5.118406414985656738e-01
9.351762384176254272e-02
1.129973530769348145e-01
1.010824680328369141e+00
3.050369024276733398e-01
1.051524579524993896e-01
3.995797410607337952e-02
0.000000000000000000e+00
1.831405758857727051e-01
9.667550027370452881e-02
2.369576133787631989e-02
1.298574656248092651e-01
4.359718263149261475e-01
8.608359098434448242e-02
2.550890147686004639e-01
1.280294358730316162e-01
1.090036481618881226e-01
4.431201457977294922e+00
7.728378474712371826e-02
6.102390214800834656e-02
0.000000000000000000e+00
0.000000000000000000e+00
0.000000000000000000e+00
8.787190169095993042e-02
3.394025564193725586e-01
1.426140785217285156e+00
7.603438496589660645e-01
2.298243343830108643e-01
1.195878372527658939e-03
2.327557355165481567e-01
9.221430420875549316e-01
5.414256453514099121e-02
1.298545580357313156e-02
1.118493914604187012e+00
4.850718975067138672e-01
1.077376492321491241e-02
1.143965683877468109e-02
0.000000000000000000e+00
1.401852816343307495e-01
2.419061660766601562e+00
7.490491271018981934e-01
1.527173370122909546e-01
2.868779301643371582e-01
8.186873793601989746e-01
5.168433785438537598e-01
2.699072360992431641e-01
2.728427648544311523e-01
3.429430425167083740e-01
1.810101509094238281e+00
2.078281342983245850e-01
1.081803560256958008e+00
6.814209371805191040e-02
1.896566711366176605e-02
5.546111464500427246e-01
1.376912295818328857e-01
2.537576854228973389e-01
0.000000000000000000e+00
7.140836119651794434e-01
2.100419253110885620e-01
4.534271359443664551e-01
7.209974527359008789e-02
4.152987599372863770e-01
1.064657568931579590e+00
1.336877346038818359e+00
1.247417330741882324e+00
0.000000000000000000e+00
4.622908234596252441e-01
3.753159046173095703e-01
3.137733936309814453e+00
5.131494402885437012e-01
6.985241174697875977e-02
9.154281020164489746e-02
1.172781884670257568e-01
1.760526418685913086e+00
3.036311864852905273e-01
2.540240287780761719e-01
3.194161504507064819e-02
2.006186991930007935e-01
1.624837517738342285e-02
1.690966606140136719e+00
5.626024603843688965e-01
3.592047095298767090e-02
1.505556851625442505e-01
1.232570037245750427e-01
2.213726043701171875e+00
2.586902856826782227e+00
1.650545746088027954e-01
4.381721466779708862e-02
4.106238856911659241e-02
4.504450261592864990e-01
0.000000000000000000e+00
1.302491780370473862e-02
2.777970135211944580e-01
2.912318706512451172e-01
3.008527159690856934e-01
7.442867010831832886e-02
3.912790492177009583e-02
1.060145646333694458e-01
1.319959461688995361e-01
6.220617294311523438e-01
1.501652412116527557e-02
2.224945276975631714e-02
1.837483607232570648e-02
3.182945549488067627e-01
2.292590856552124023e+00
1.596546471118927002e-01
5.966727733612060547e-01
6.896069645881652832e-02
1.824622303247451782e-01
6.605484485626220703e-01
1.422242403030395508e+00
9.151440262794494629e-01
2.174513638019561768e-01
1.154214024543762207e+00
5.388607978820800781e-01
1.171723604202270508e+00
3.425999581813812256e-01
7.573309540748596191e-02
4.183523356914520264e-01
2.856564521789550781e-01
5.233599804341793060e-04
4.571308195590972900e-01
1.571245491504669189e-02
0.000000000000000000e+00
1.183546066284179688e+00
8.861198425292968750e-01
3.133739531040191650e-01
8.219149112701416016e-01
7.231475319713354111e-03
3.673573732376098633e-01
2.815532125532627106e-02
3.537635318934917450e-03
1.248667716979980469e+00
0.000000000000000000e+00
4.906593561172485352e-01
1.786567829549312592e-02
6.060010194778442383e-01
1.835525035858154297e-01
9.165478870272636414e-03
3.762520477175712585e-02
9.402880072593688965e-02
2.540034987032413483e-02
1.087903045117855072e-02
0.000000000000000000e+00
0.000000000000000000e+00
1.153781056404113770e+00
1.937801599502563477e+00
7.267347574234008789e-01
1.134364724159240723e+00
0.000000000000000000e+00
0.000000000000000000e+00
3.209584057331085205e-01
7.827712222933769226e-03
1.084839105606079102e-01
4.592561244964599609e+00
3.428814560174942017e-02
2.466202527284622192e-01
9.765797257423400879e-01
2.766622044146060944e-02
1.414643377065658569e-01
0.000000000000000000e+00
8.660870194435119629e-01
3.814619481563568115e-01
8.589203655719757080e-02
2.687965631484985352e-01
1.480805277824401855e-01
7.901995778083801270e-01
1.817178010940551758e+00
0.000000000000000000e+00
4.993255808949470520e-02
2.319567603990435600e-03
2.994134426116943359e-01
1.204257132485508919e-03
6.710227727890014648e-01
1.491901993751525879e+00
5.224194526672363281e-01
5.065352320671081543e-01
9.523887038230895996e-01
6.647674739360809326e-02
2.262800782918930054e-01
7.485870718955993652e-01
6.318369507789611816e-02
1.166541054844856262e-01
0.000000000000000000e+00
2.093921750783920288e-01
1.057824790477752686e-01
1.176179572939872742e-01
2.719737123697996140e-03
4.414166137576103210e-02
3.379708766937255859e+00
0.000000000000000000e+00
7.402225136756896973e-01
2.365272939205169678e-01
7.684129476547241211e-02
3.215604305267333984e+00
5.428727865219116211e-01
3.965308666229248047e+00
9.974804520606994629e-01
2.145969308912754059e-02
9.211522340774536133e-02
6.100817322731018066e-01
1.120441034436225891e-01
2.819561362266540527e-01
1.052419096231460571e-01
0.000000000000000000e+00
2.972137331962585449e-01
1.049440354108810425e-01
7.068700790405273438e-01
2.803524211049079895e-02
9.865678548812866211e-01
1.106499880552291870e-02
1.286676377058029175e-01
5.140987038612365723e-01
4.987419396638870239e-02
1.412490964867174625e-03
1.127839740365743637e-02
1.045126542448997498e-01
7.084869146347045898e-01
1.010513585060834885e-02
0.000000000000000000e+00
3.878272771835327148e-01
8.400225639343261719e-01
5.351663008332252502e-02
2.055507618933916092e-03
2.615436315536499023e-01
1.168253183364868164e+00
6.043175235390663147e-02
3.389583110809326172e+00
7.602188736200332642e-02
0.000000000000000000e+00
4.665550589561462402e-01
4.395966231822967529e-02
6.321132183074951172e-02
9.970941394567489624e-02
1.786789059638977051e+00
2.685750275850296021e-02
2.572324126958847046e-02
4.187283292412757874e-02
0.000000000000000000e+00
6.854790449142456055e-01
1.703911572694778442e-01
1.921943783760070801e+00
4.319427609443664551e-01
1.915421128273010254e+00
1.354009509086608887e+00
1.036487799137830734e-02
3.155883774161338806e-02
1.328978221863508224e-02
1.261473912745714188e-02
1.062547683715820312e+00
1.490748822689056396e-01
1.595078468322753906e+00
0.000000000000000000e+00
1.398095130920410156e+00
2.315553836524486542e-03
2.987917959690093994e-01
8.117411136627197266e-01
0.000000000000000000e+00
3.684540092945098877e-01
2.397834807634353638e-01
1.599538326263427734e-01
4.462626278400421143e-01
1.350943595170974731e-01
2.952426075935363770e-01
3.063486516475677490e-01
1.475699841976165771e-01
0.000000000000000000e+00
2.568494081497192383e-01
3.461631536483764648e-01
2.004305422306060791e-01
6.734844297170639038e-02
2.184765040874481201e-01
1.692496538162231445e-01
4.323001801967620850e-01
1.008482336997985840e+00
1.341362833976745605e+00
7.217268943786621094e-01
1.053135544061660767e-01
2.527754008769989014e-01
5.085759758949279785e-01
1.287170290946960449e+00
4.249520599842071533e-01
8.490833640098571777e-02
3.515804186463356018e-02
0.000000000000000000e+00
0.000000000000000000e+00
3.846497461199760437e-02
1.543135493993759155e-01
4.654234740883111954e-03
4.812607914209365845e-02
4.001972451806068420e-02
3.177501261234283447e-02
4.359553158283233643e-01
9.909616410732269287e-02
1.608417779207229614e-01
3.168513774871826172e-01
5.406771183013916016e+00
5.328859090805053711e-01
9.885434992611408234e-03
3.873217403888702393e-01
5.332181230187416077e-03
4.626100957393646240e-01
1.634622693061828613e+00
1.543980836868286133e+00
6.268177628517150879e-01
2.021244168281555176e-01
5.615671873092651367e-01
1.311558961868286133e+00
1.256856322288513184e-01
4.802914142608642578e+00
2.266413271427154541e-01
1.111651360988616943e-01
6.707838177680969238e-01
8.106476813554763794e-02
4.806120991706848145e-01
1.273179501295089722e-01
2.502683997154235840e-01
8.496460318565368652e-01
3.865034282207489014e-01
1.412750780582427979e-01
1.131664589047431946e-01
4.979578405618667603e-02
1.014643907546997070e+00
5.700067043304443359e+00
8.492234945297241211e-01
4.923754185438156128e-02
5.153878927230834961e-01
1.354048401117324829e-01
5.811197757720947266e-01
0.000000000000000000e+00
2.992798089981079102e-01
1.056562066078186035e+00
1.603719890117645264e-01
9.416536092758178711e-01
3.558436036109924316e-01
8.106237510219216347e-04
5.750042200088500977e-01
3.496654704213142395e-02
8.860336989164352417e-02
7.855432629585266113e-01
1.605387926101684570e-01
0.000000000000000000e+00
3.806880116462707520e-02
1.102792024612426758e+00
4.262935817241668701e-01
1.024250290356576443e-03
5.071112886071205139e-03
5.516139790415763855e-03
2.564372494816780090e-03
3.764811456203460693e-01
3.595372196286916733e-03
1.342991828918457031e+00
2.140177646651864052e-03
7.397244572639465332e-01
1.780885620974004269e-03
4.134503602981567383e-01
0.000000000000000000e+00
1.589606404304504395e+00
1.464682072401046753e-01
4.757856726646423340e-01
3.244446590542793274e-02
4.173439145088195801e-01
1.920478977262973785e-02
3.150452077388763428e-01
4.494390785694122314e-01
1.878375262022018433e-01
0.000000000000000000e+00
7.946212589740753174e-02
2.335818670690059662e-02
7.032131552696228027e-01
3.793058633804321289e+00
0.000000000000000000e+00
0.000000000000000000e+00
2.791128307580947876e-02
1.508094668388366699e-01
3.453364074230194092e-01
1.348442435264587402e+00
3.308674320578575134e-02
3.167492747306823730e-01
2.463909685611724854e-01
3.344800695776939392e-02
7.334417104721069336e-02
7.810945510864257812e-01
4.501439630985260010e-02
2.422756329178810120e-02
2.073106020689010620e-01
1.697257518768310547e+00
3.946984708309173584e-01
2.118866592645645142e-01
1.586079478263854980e+00
3.593338131904602051e-01
3.329151272773742676e-01
4.338752627372741699e-01
2.439099363982677460e-02
4.310071095824241638e-02
1.977783143520355225e-01
4.297832548618316650e-01
5.783359520137310028e-03
2.717071473598480225e-01
0.000000000000000000e+00
3.128383457660675049e-01
2.157733291387557983e-01
9.336146712303161621e-02
2.401125431060791016e-01
1.841978877782821655e-01
9.984263181686401367e-01
8.264609426259994507e-02
3.589825630187988281e-01
2.161891311407089233e-01
1.671348661184310913e-01
3.601800501346588135e-01
1.775184571743011475e-01
3.177028894424438477e-01
2.279896289110183716e-01
0.000000000000000000e+00
3.074495121836662292e-02
1.912155002355575562e-01
3.065045475959777832e-01
5.827578902244567871e-02
7.581245303153991699e-01
6.057337522506713867e-01
5.572064518928527832e-01
9.780889749526977539e-02
2.649593949317932129e-01
1.407008409500122070e+00
9.193270653486251831e-02
0.000000000000000000e+00
1.369808614253997803e-01
8.725308626890182495e-02
0.000000000000000000e+00
1.916688233613967896e-01
3.720769286155700684e-01
1.876822263002395630e-01
1.030022725462913513e-01
3.669011965394020081e-02
0.000000000000000000e+00
3.316911160945892334e-01
0.000000000000000000e+00
1.091684699058532715e-01
2.413512706756591797e+00
2.959955632686614990e-01
1.055130660533905029e-01
5.574042797088623047e-01
4.653050899505615234e-01
1.156501412391662598e+00
2.162480540573596954e-02
2.278904244303703308e-02
1.535697728395462036e-01
1.989497058093547821e-02
4.659779835492372513e-03
2.505747135728597641e-03
2.616123557090759277e-01
4.065793752670288086e-01
5.265018939971923828e-01
2.162822484970092773e-01
1.090030431747436523e+00
1.184907928109169006e-01
5.392783135175704956e-02
8.463464975357055664e-01
1.786705702543258667e-01
2.740211009979248047e+00
1.006410121917724609e+00
9.587853401899337769e-02
9.725441336631774902e-01
0.000000000000000000e+00
3.311710059642791748e-01
2.296504497528076172e+00
2.851033210754394531e-01
1.474586278200149536e-01
3.962341248989105225e-01
1.448105275630950928e-01
4.719102382659912109e-01
8.041244745254516602e-01
6.482633948326110840e-02
2.827284932136535645e-01
8.902214765548706055e-01
1.234400868415832520e-01
4.308499991893768311e-01
1.497818976640701294e-01
5.796198733150959015e-03
4.289327934384346008e-02
1.006171777844429016e-01
3.194487392902374268e-01
1.248095184564590454e-01
9.578709490597248077e-03
2.186779677867889404e-02
4.559669494628906250e-01
2.119928151369094849e-01
1.167398411780595779e-02
1.441222280263900757e-01
0.000000000000000000e+00
2.490578174591064453e+00
1.162572279572486877e-01
2.016481161117553711e+00
3.737333714962005615e-01
8.601668477058410645e-01
4.125653207302093506e-01
4.796536266803741455e-02
3.289686441421508789e-01
2.813732437789440155e-02
6.408850662410259247e-03
4.111691713333129883e-01
6.383120268583297729e-02
4.260755181312561035e-01
3.736439943313598633e-01
9.378004819154739380e-02
4.845105409622192383e-01
7.249007374048233032e-02
6.764699816703796387e-01
3.043269217014312744e-01
5.855395793914794922e-01
4.653341323137283325e-02
1.376918554306030273e+00
3.225177824497222900e-01
1.417891263961791992e+00
1.451170742511749268e-01
4.297076225280761719e+00
3.237239420413970947e-01
1.372542232275009155e-01
9.272672235965728760e-03
1.148797631263732910e+00
3.951335325837135315e-03
2.954817116260528564e-01
1.035656809806823730e+00
5.845913290977478027e-01
1.950073391199111938e-01
3.558702766895294189e-02
2.525622844696044922e-01
4.462321400642395020e-01
2.737930536270141602e+00
0.000000000000000000e+00
4.607539176940917969e-01
1.153526827692985535e-01
7.280987501144409180e-01
0.000000000000000000e+00
9.102195501327514648e-02
2.013964802026748657e-01
1.602026075124740601e-02
1.240872964262962341e-01
1.137215256690979004e+00
1.378062553703784943e-02
2.479953527450561523e+00
1.534316223114728928e-02
2.922150790691375732e-01
5.803760290145874023e-01
7.457152605056762695e-01
4.767206013202667236e-01
0.000000000000000000e+00
1.629642546176910400e-01
1.282486617565155029e-01
1.015988960862159729e-01
1.094666361808776855e+00
3.713020086288452148e-01
7.017935812473297119e-02
3.993163704872131348e-01
7.825329154729843140e-02
9.366432577371597290e-02
6.548535823822021484e-02
1.175645142793655396e-01
2.119226902723312378e-01
1.169203445315361023e-01
5.327644944190979004e-01
5.420559272170066833e-02
1.368094086647033691e-01
3.628854453563690186e-01
2.418579310178756714e-01
2.209703810513019562e-02
4.683625996112823486e-01
1.356869935989379883e-02
1.885803043842315674e-01
5.154609680175781250e-03
1.592466235160827637e-01
2.445763535797595978e-02
7.615856528282165527e-01
5.602261424064636230e-01
1.166615411639213562e-01
0.000000000000000000e+00
9.952288120985031128e-02
5.061851143836975098e-01
1.036331709474325180e-02
1.339415311813354492e-01
1.695276260375976562e+00
1.157148361206054688e+00
0.000000000000000000e+00
4.904328882694244385e-01
8.043564856052398682e-02
4.739657044410705566e-01
1.078695416450500488e+00
1.879502892494201660e+00
4.349632561206817627e-02
6.516852974891662598e-01
1.420901529490947723e-02
2.577438578009605408e-02
0.000000000000000000e+00
1.546177148818969727e+00
1.786996722221374512e-01
1.403059810400009155e-01
4.908453524112701416e-01
0.000000000000000000e+00
1.298116743564605713e-01
1.015020087361335754e-01
1.451270878314971924e-01
2.311786636710166931e-03
3.743808269500732422e-01
0.000000000000000000e+00
8.325405716896057129e-01
9.879938364028930664e-01
1.961929798126220703e-01
1.526428818702697754e+00
0.000000000000000000e+00
3.486987650394439697e-01
7.641214132308959961e-01
5.705819129943847656e-01
9.189655780792236328e-01
4.645418524742126465e-01
1.603046953678131104e-01
7.275671958923339844e-01
7.850837707519531250e-02
5.489487051963806152e-01
1.839390754699707031e+00
1.997712850570678711e-01
2.503432147204875946e-02
2.214006632566452026e-01
1.504871845245361328e-01
8.499264121055603027e-01
4.676454886794090271e-02
3.839011192321777344e-01
1.867124319076538086e+00
5.969090461730957031e-01
6.368223428726196289e-01
9.013730883598327637e-01
8.431023359298706055e-01
0.000000000000000000e+00
4.933775588870048523e-02
0.000000000000000000e+00
2.538047134876251221e-01
9.195808321237564087e-02
1.454867515712976456e-02
3.069980442523956299e-01
9.212707169353961945e-03
0.000000000000000000e+00
1.697755903005599976e-01
3.161489591002464294e-02
2.193673253059387207e-01
2.889423072338104248e-01
0.000000000000000000e+00
0.000000000000000000e+00
7.378370165824890137e-01
1.336693856865167618e-02
2.107252836227416992e+00
2.024257034063339233e-01
2.559878826141357422e-01
0.000000000000000000e+00
1.707070350646972656e+00
9.794252514839172363e-01
3.315840661525726318e-01
1.389071941375732422e-01
1.187016129493713379e+00
1.384248882532119751e-01
7.599867135286331177e-02
6.954078078269958496e-01
1.453353047370910645e+00
3.037072122097015381e-01
5.256161093711853027e-01
1.969169825315475464e-01
7.777263224124908447e-02
2.750739157199859619e-01
1.176101714372634888e-01
0.000000000000000000e+00
1.265292521566152573e-03
4.698319733142852783e-01
5.341735109686851501e-02
0.000000000000000000e+00
4.129911065101623535e-01
1.167411580681800842e-01
3.570724725723266602e-01
2.659617364406585693e-01
6.232480406761169434e-01
2.468443959951400757e-01
1.259784102439880371e-01
6.227732896804809570e-01
2.682591415941715240e-02
0.000000000000000000e+00
2.082573175430297852e-01
2.637554883956909180e+00
1.106992483139038086e+00
1.132581308484077454e-01
5.665820837020874023e-01
0.000000000000000000e+00
3.146373853087425232e-02
3.017978370189666748e-01
1.692329719662666321e-02
1.959938853979110718e-01
2.613484561443328857e-01
7.842562347650527954e-02
7.360002398490905762e-02
6.010701879858970642e-02
2.931166589260101318e-01
0.000000000000000000e+00
6.371734291315078735e-02
3.203969001770019531e-01
4.339418560266494751e-02
2.350908219814300537e-01
1.206876412034034729e-01
1.404338628053665161e-01
2.897967584431171417e-02
3.765953183174133301e-01
5.564701557159423828e-01
1.154560446739196777e+00
6.582359075546264648e-01
0.000000000000000000e+00
8.576907515525817871e-01
1.037678360939025879e+00
7.603718638420104980e-01
1.416097402572631836e+00
0.000000000000000000e+00
1.593226552009582520e+00
5.202069878578186035e-01
2.125047147274017334e-02
1.321899533271789551e+00
0.000000000000000000e+00
1.519285440444946289e-01
1.997522860765457153e-01
9.720836579799652100e-02
0.000000000000000000e+00
0.000000000000000000e+00
2.413736581802368164e-01
2.661149203777313232e-01
1.410136222839355469e+00
1.876403689384460449e-01
4.257623255252838135e-01
2.933405339717864990e-01
5.285266041755676270e-01
1.974606364965438843e-01
8.161504268646240234e-01
3.490527153015136719e+00
1.561908423900604248e-01
1.111468970775604248e-01
4.800337255001068115e-01
7.542286813259124756e-02
9.545994997024536133e-01
2.275906354188919067e-01
4.524048864841461182e-01
3.303133249282836914e-01
9.416014701128005981e-02
6.554759144783020020e-01
2.673872373998165131e-02
1.117980107665061951e-01
9.114853292703628540e-02
6.724035739898681641e-02
8.376738429069519043e-02
2.205072641372680664e-01
1.275362912565469742e-02
2.410154603421688080e-02
0.000000000000000000e+00
2.381156571209430695e-02
8.703031390905380249e-02
1.168467774987220764e-01
6.913428902626037598e-01
0.000000000000000000e+00
3.720476105809211731e-02
3.295438587665557861e-01
3.577269017696380615e-01
5.441048741340637207e-02
1.322342395782470703e+00
5.302434042096138000e-02
7.307098060846328735e-02
9.243403673171997070e-01
1.886788755655288696e-01
8.900044113397598267e-02
1.849149167537689209e-01
4.928056895732879639e-02
2.805159389972686768e-01
1.862107589840888977e-02
1.937444880604743958e-02
5.603768825531005859e-01
6.847521662712097168e-01
0.000000000000000000e+00
3.374496847391128540e-02
5.567550063133239746e-01
2.964259684085845947e-02
7.089237682521343231e-03
2.460954152047634125e-02
3.462572768330574036e-02
2.162830978631973267e-01
6.892766952514648438e-01
9.792917966842651367e-01
6.384885907173156738e-01
0.000000000000000000e+00
1.013250574469566345e-01
