4.183767139911651611e-01
3.723125159740447998e-02
1.418647170066833496e-01
3.520545065402984619e-01
2.795550823211669922e-01
2.198938578367233276e-01
6.736630797386169434e-01
8.796703815460205078e-02
2.669927597045898438e+00
6.443127632141113281e+00
4.470268636941909790e-02
5.606466531753540039e-01
5.260977745056152344e-01
8.763141930103302002e-02
3.617359399795532227e-01
1.207227945327758789e+00
2.183252871036529541e-01
1.707298159599304199e-01
1.735138148069381714e-01
1.593400478363037109e+00
3.716213703155517578e-01
6.120105087757110596e-02
1.654335111379623413e-01
1.875879243016242981e-02
9.597328305244445801e-01
3.219748437404632568e-01
4.374348521232604980e-01
4.147785604000091553e-01
6.780672073364257812e-01
6.058454979211091995e-03
6.426594257354736328e-01
1.034491956233978271e-01
5.967510864138603210e-02
3.601477146148681641e-01
2.976792454719543457e-01
6.419408321380615234e-02
0.000000000000000000e+00
1.061820030212402344e+00
5.142769813537597656e-01
3.439263999462127686e-01
0.000000000000000000e+00
2.195891365408897400e-02
4.560460895299911499e-02
1.548856258392333984e+00
1.392602268606424332e-02
1.214526653289794922e+00
1.089173316955566406e+00
6.252292990684509277e-01
9.406056404113769531e-01
5.970910787582397461e-01
1.025214716792106628e-01
2.030067294836044312e-01
1.878310739994049072e-01
6.799497604370117188e-01
0.000000000000000000e+00
1.673144847154617310e-01
3.192666769027709961e-01
9.473178535699844360e-03
6.192079186439514160e-02
8.445701003074645996e-02
4.383309781551361084e-01
2.994932532310485840e-01
2.057887613773345947e-01
2.664074897766113281e-01
1.812643527984619141e+00
4.209920465946197510e-01
9.873507618904113770e-01
1.296027779579162598e+00
4.875050485134124756e-01
1.118810921907424927e-01
2.073160648345947266e+00
1.814347267150878906e+00
5.489166453480720520e-02
1.682946085929870605e-01
3.243131637573242188e-01
1.550632238388061523e+00
3.660482883453369141e+00
2.033091336488723755e-01
1.274791061878204346e-01
8.191999047994613647e-02
1.254125237464904785e+00
6.564883589744567871e-01
3.273227214813232422e-01
1.111238356679677963e-02
7.446983456611633301e-01
2.044757008552551270e-01
5.513096451759338379e-01
2.331699281930923462e-01
6.434684246778488159e-02
2.758160233497619629e-01
3.744834065437316895e-01
1.526115775108337402e+00
3.881648778915405273e-01
1.309039443731307983e-02
9.903065115213394165e-02
0.000000000000000000e+00
5.088327527046203613e-01
2.849737644195556641e+00
2.253717631101608276e-01
6.335046887397766113e-01
4.325374364852905273e-01
1.584329128265380859e+00
3.050550818443298340e-01
2.227063989266753197e-03
5.350447297096252441e-01
7.128129005432128906e-01
0.000000000000000000e+00
6.976812481880187988e-01
2.259348332881927490e-01
7.915788173675537109e+00
0.000000000000000000e+00
1.981592029333114624e-01
1.566936850547790527e+00
1.458103418350219727e+00
3.930762410163879395e-02
3.457999089732766151e-03
1.482252180576324463e-01
8.274948596954345703e-02
2.674465775489807129e-01
1.471375077962875366e-01
8.745982050895690918e-01
7.650851607322692871e-01
1.115014076232910156e+00
1.370756179094314575e-01
1.254404932260513306e-01
6.031037494540214539e-02
5.702493190765380859e-01
1.204134941101074219e+00
1.079817712306976318e-01
5.856391042470932007e-02
1.565173149108886719e+00
3.375840485095977783e-01
4.255108237266540527e-01
1.461575508117675781e+00
7.057324647903442383e-01
7.988008856773376465e-02
5.217697098851203918e-02
1.978147923946380615e-01
1.273631572723388672e+00
1.349262475967407227e+00
2.717270255088806152e-01
2.955722808837890625e-01
1.202613472938537598e+00
2.546368539333343506e-01
1.236483361572027206e-02
4.600225090980529785e-01
8.707979321479797363e-01
6.142179369926452637e-01
6.827520132064819336e-01
3.622897267341613770e-01
5.090616270899772644e-02
2.033589780330657959e-01
1.475613843649625778e-02
1.403537631034851074e+00
9.142445325851440430e-01
6.916577368974685669e-02
2.311837524175643921e-01
1.371801346540451050e-01
9.142392873764038086e-02
1.600835770368576050e-01
2.318806350231170654e-01
5.524968504905700684e-01
2.685643136501312256e-01
1.450478136539459229e-01
8.548945188522338867e-02
9.891382455825805664e-01
9.415651857852935791e-02
7.405738234519958496e-01
1.392959952354431152e+00
1.309078574180603027e+00
7.087218761444091797e-01
2.486097365617752075e-01
1.776791930198669434e+00
0.000000000000000000e+00
4.271180927753448486e-02
5.651821494102478027e-01
0.000000000000000000e+00
5.675936862826347351e-02
1.336687058210372925e-01
1.241875052452087402e+00
5.542216897010803223e-01
4.730589389801025391e-01
6.698437035083770752e-02
5.412437319755554199e-01
1.390404347330331802e-02
5.129511952400207520e-01
7.606853842735290527e-01
2.061096429824829102e-01
3.482833802700042725e-01
9.978300333023071289e-01
2.951724827289581299e-01
1.775320053100585938e+00
4.747672080993652344e-01
3.650578498840332031e+00
4.646579548716545105e-02
5.716840028762817383e-01
6.504911184310913086e-02
1.455972790718078613e+00
2.492887526750564575e-01
2.098311632871627808e-01
2.354735508561134338e-02
6.294427812099456787e-02
2.476216107606887817e-01
1.643673777580261230e-01
6.448879139497876167e-04
5.575866103172302246e-01
5.927085280418395996e-01
1.606351733207702637e+00
2.973560243844985962e-02
8.988578617572784424e-02
6.160194873809814453e-01
6.111042201519012451e-02
2.740544378757476807e-01
3.760012388229370117e-01
5.290071964263916016e-01
1.357079505920410156e+00
3.766851872205734253e-02
1.411737561225891113e+00
4.366293549537658691e-02
1.580699086189270020e+00
6.195792555809020996e-01
2.106293104588985443e-02
7.696329951286315918e-01
2.824631631374359131e-01
4.259510338306427002e-01
1.837793886661529541e-01
1.079494133591651917e-02
1.183334946632385254e+00
0.000000000000000000e+00
1.730802655220031738e-01
2.733899513259530067e-03
4.601310789585113525e-01
1.545437574386596680e+00
0.000000000000000000e+00
0.000000000000000000e+00
1.634943485260009766e-01
1.244862228631973267e-01
3.647355139255523682e-01
3.407808393239974976e-02
2.390593439340591431e-01
1.829949766397476196e-01
1.432902693748474121e+00
1.567929983139038086e-01
8.219525218009948730e-01
3.695078939199447632e-02
1.354799866676330566e+00
2.822741866111755371e-03
5.292213559150695801e-01
3.100246191024780273e-03
1.060306310653686523e+00
0.000000000000000000e+00
4.957915246486663818e-01
2.183687686920166016e-01
3.129149079322814941e-01
0.000000000000000000e+00
2.380887567996978760e-01
2.328360974788665771e-01
1.346453577280044556e-01
1.864235997200012207e-01
3.793970942497253418e-01
0.000000000000000000e+00
1.198499679565429688e+00
2.142899274826049805e+00
2.240903116762638092e-02
3.648096919059753418e-01
3.893958404660224915e-02
1.504657566547393799e-01
1.441229939460754395e+00
1.192563697695732117e-01
3.104377985000610352e-01
6.050654649734497070e-01
2.078798770904541016e+00
1.541146486997604370e-01
1.760719716548919678e-01
4.301857575774192810e-02
3.718450069427490234e+00
4.867943823337554932e-01
3.239861726760864258e-01
1.953077197074890137e+00
1.201258972287178040e-01
1.190166361629962921e-02
1.774090677499771118e-01
2.309055477380752563e-01
4.586665034294128418e-01
2.570458173751831055e+00
3.188277482986450195e-01
0.000000000000000000e+00
3.331424593925476074e-01
4.231587946414947510e-01
2.635880410671234131e-01
2.420817464590072632e-01
1.105206370353698730e+00
4.042462445795536041e-03
8.386020362377166748e-02
0.000000000000000000e+00
3.007351756095886230e-01
3.933823704719543457e-01
9.438781999051570892e-03
2.731512486934661865e-01
3.311393558979034424e-01
0.000000000000000000e+00
8.222749829292297363e-01
8.461799025535583496e-01
2.796978056430816650e-01
5.779770612716674805e-01
7.263381481170654297e-01
1.816717386245727539e-01
6.654578447341918945e-01
3.384862542152404785e-01
3.428835272789001465e-01
2.755388617515563965e-01
8.776247501373291016e-01
5.078291893005371094e-01
1.167962312698364258e+00
6.000151392072439194e-03
7.421302199363708496e-01
3.248030424118041992e+00
5.613382458686828613e-01
9.130619764328002930e-01
9.838721752166748047e-01
5.921090766787528992e-02
0.000000000000000000e+00
9.149937033653259277e-01
9.440869092941284180e-02
4.161295294761657715e-01
4.204148948192596436e-01
1.446018964052200317e-01
2.309164255857467651e-01
8.422963321208953857e-02
8.189216852188110352e-01
1.713830232620239258e-02
1.170738577842712402e+00
6.482283473014831543e-01
1.657764613628387451e-01
6.017335057258605957e-01
9.502337127923965454e-02
1.545314677059650421e-02
2.439954131841659546e-01
6.555781364440917969e-01
2.420644611120223999e-01
1.085287570953369141e+00
6.993135809898376465e-01
1.059493720531463623e-01
8.832406997680664062e-01
3.285472095012664795e-02
1.810242049396038055e-02
7.641972508281469345e-03
3.132445812225341797e-01
3.194239139556884766e-01
1.859924569725990295e-02
3.097829103469848633e+00
1.006000488996505737e-01
8.904777765274047852e-01
5.613096356391906738e-01
1.331497542560100555e-02
2.099173367023468018e-01
8.241111636161804199e-01
7.094920277595520020e-01
4.064233005046844482e-01
2.934539914131164551e-01
3.589653968811035156e-01
2.107259035110473633e+00
3.264281749725341797e-01
3.493853379040956497e-03
4.217387735843658447e-01
3.214175403118133545e-01
1.602354884147644043e+00
1.623457431793212891e+00
4.216922521591186523e-01
1.955672167241573334e-02
6.309844851493835449e-01
4.846473336219787598e-01
3.197705000638961792e-02
3.479928523302078247e-02
5.766064524650573730e-01
1.768579483032226562e-01
8.260632157325744629e-01
5.182201042771339417e-02
3.316157102584838867e+00
1.938913315534591675e-01
1.364283263683319092e-01
9.412481188774108887e-01
2.352433837950229645e-02
4.998717457056045532e-02
1.022589087486267090e+00
8.486846834421157837e-02
0.000000000000000000e+00
7.082043681293725967e-03
1.703384518623352051e-02
1.346412114799022675e-02
2.301774978637695312e+00
1.698864400386810303e-01
2.203197404742240906e-02
1.117379888892173767e-01
7.058131098747253418e-01
3.914012670516967773e+00
3.448644280433654785e-01
0.000000000000000000e+00
2.056052982807159424e-01
2.167267352342605591e-01
3.268990293145179749e-02
9.500523209571838379e-01
4.205340892076492310e-02
4.263456165790557861e-02
1.926260255277156830e-02
1.871074177324771881e-02
2.325337082147598267e-01
5.189601898193359375e+00
5.385653972625732422e-01
0.000000000000000000e+00
1.896237015724182129e+00
6.840457320213317871e-01
4.283255040645599365e-01
1.078901365399360657e-01
1.778840661048889160e+00
4.076196625828742981e-02
5.049872025847434998e-02
1.751856654882431030e-01
1.104900956153869629e+00
7.846786975860595703e-01
2.059043757617473602e-02
6.933626532554626465e-01
5.941144824028015137e-01
1.512124657630920410e+00
8.405225351452827454e-03
2.642178833484649658e-01
4.824246883392333984e+00
1.990551054477691650e-01
4.419025033712387085e-02
1.141820326447486877e-01
1.435420393943786621e+00
7.739952951669692993e-02
3.273168951272964478e-02
1.834034025669097900e-01
1.274688838748261333e-04
6.724736690521240234e-01
3.378674983978271484e+00
3.209220767021179199e-01
1.302404999732971191e-01
5.184469372034072876e-02
2.011687606573104858e-01
0.000000000000000000e+00
5.307445675134658813e-02
1.111630350351333618e-01
3.442218899726867676e-02
2.784656882286071777e-01
4.813503623008728027e-01
1.682340621948242188e+00
8.168238401412963867e-02
2.643769793212413788e-02
1.102299332618713379e+00
3.415387496352195740e-02
5.334127694368362427e-02
4.502315521240234375e+00
3.580488860607147217e-01
1.564884424209594727e+00
1.020086765289306641e+00
2.780227959156036377e-01
4.292508363723754883e-01
0.000000000000000000e+00
1.646931767463684082e-01
1.360779851675033569e-01
9.492184519767761230e-01
1.363275498151779175e-01
4.107328057289123535e-01
3.436309695243835449e-01
5.102779865264892578e-01
1.288981795310974121e+00
1.341469138860702515e-01
3.786455392837524414e-01
1.427889317274093628e-01
4.154964447021484375e+00
2.861842215061187744e-01
6.242039203643798828e-01
1.201182365417480469e+00
1.180602669715881348e+00
6.730743497610092163e-02
4.822482764720916748e-01
1.467433333396911621e+00
2.134198188781738281e+00
1.919909715652465820e-01
5.751858353614807129e-01
6.031621098518371582e-01
9.319393634796142578e-01
2.061167359352111816e-01
4.325685277581214905e-02
4.992580115795135498e-01
9.963095188140869141e-02
8.953547477722167969e-01
1.652438938617706299e-01
0.000000000000000000e+00
3.150580525398254395e-01
2.331595122814178467e-01
5.706537365913391113e-01
1.532552242279052734e+00
4.036980569362640381e-01
4.217634499073028564e-01
3.216815233230590820e+00
9.992752075195312500e-01
8.295402526855468750e-01
0.000000000000000000e+00
1.099739596247673035e-01
1.550435274839401245e-01
0.000000000000000000e+00
3.723878145217895508e+00
3.889232575893402100e-01
5.848928093910217285e-01
7.282754033803939819e-02
1.878341734409332275e-01
2.719545364379882812e-01
1.850708961486816406e+00
8.052449673414230347e-02
2.286463260650634766e+00
1.011494323611259460e-01
8.534750938415527344e-01
1.061188653111457825e-01
4.979972541332244873e-01
1.290479421615600586e+00
6.730875968933105469e-01
1.219049468636512756e-01
2.350886106491088867e+00
2.248511761426925659e-01
2.186601161956787109e-01
1.502183198928833008e+00
4.989172331988811493e-03
4.670380592346191406e+00
4.260511994361877441e-01
3.938440680503845215e-01
5.334850549697875977e-01
1.200418397784233093e-01
6.993019580841064453e-01
2.388069629669189453e+00
8.050670474767684937e-02
8.486601710319519043e-02
1.519714832305908203e+00
1.480254054069519043e+00
3.367286324501037598e-01
5.936260223388671875e-01
9.565626829862594604e-02
1.645997166633605957e-02
9.407538920640945435e-02
3.806156516075134277e-01
2.853803932666778564e-01
6.129446625709533691e-01
2.855558097362518311e-01
7.643961161375045776e-02
3.963434219360351562e+00
9.249242544174194336e-01
1.748796254396438599e-01
4.549655616283416748e-01
3.064907900989055634e-02
2.355051599442958832e-02
2.670669369399547577e-02
0.000000000000000000e+00
2.241324037313461304e-01
1.238233298063278198e-01
7.377929687500000000e-01
2.230203151702880859e-01
1.472382433712482452e-02
7.216675281524658203e-01
1.290991187095642090e+00
6.922438275068998337e-03
8.278213739395141602e-01
1.072494506835937500e+00
7.668553385883569717e-03
2.162222862243652344e+00
2.580783665180206299e-01
2.729077935218811035e-01
1.024727225303649902e-01
0.000000000000000000e+00
1.722956895828247070e+00
1.831643842160701752e-02
1.344935745000839233e-01
0.000000000000000000e+00
8.663133978843688965e-01
1.796758621931076050e-01
4.335072636604309082e-01
9.709217548370361328e-01
9.722043275833129883e-01
7.063143849372863770e-01
4.846684634685516357e-01
2.078514695167541504e-01
2.128062993288040161e-01
3.119806945323944092e-01
6.050343066453933716e-02
1.452144682407379150e-01
9.643096476793289185e-02
5.041247606277465820e-01
9.533984065055847168e-01
0.000000000000000000e+00
4.407665431499481201e-01
1.675221323966979980e+00
3.143272101879119873e-01
4.698374867439270020e-01
2.227094769477844238e-01
1.577082991600036621e+00
0.000000000000000000e+00
1.145940780639648438e+00
7.303432375192642212e-02
3.044642508029937744e-01
7.167432457208633423e-02
1.827265322208404541e-01
1.373184621334075928e-01
3.300136089324951172e+00
5.192027613520622253e-02
0.000000000000000000e+00
1.649637818336486816e-01
1.009097397327423096e-01
2.120200544595718384e-02
3.122714161872863770e-01
2.796948552131652832e-01
1.029264107346534729e-01
5.592501759529113770e-01
1.005412936210632324e-01
9.643900990486145020e-01
2.661974728107452393e-01
1.614979952573776245e-01
1.390169143676757812e+00
3.702014684677124023e-01
2.441514134407043457e-01
1.688896864652633667e-01
2.493379712104797363e-01
2.646360099315643311e-01
5.141425132751464844e-02
9.808411598205566406e-01
8.867244124412536621e-01
1.821293383836746216e-01
5.821019411087036133e-01
4.327102303504943848e-01
1.929588317871093750e-01
2.538291737437248230e-02
7.060875296592712402e-01
3.472464084625244141e-01
1.247415021061897278e-01
4.461497962474822998e-01
6.366869062185287476e-02
2.011295557022094727e-01
3.343254804611206055e+00
5.685100555419921875e-01
0.000000000000000000e+00
3.520150482654571533e-01
1.567131638526916504e+00
8.044403791427612305e-01
2.735846340656280518e-01
1.120639443397521973e+00
9.780510067939758301e-01
4.461879432201385498e-01
2.200785428285598755e-01
5.769283771514892578e-01
7.669835090637207031e-01
7.360433340072631836e-01
4.543161988258361816e-01
1.074357509613037109e+00
5.144958019256591797e+00
1.490625143051147461e-01
9.552034735679626465e-01
1.240695118904113770e+00
3.231208324432373047e-01
3.281632363796234131e-01
4.003758430480957031e-01
2.119292974472045898e+00
3.585714101791381836e-01
4.040292263031005859e+00
2.316581755876541138e-01
4.360982179641723633e-01
1.357543766498565674e-01
1.159371584653854370e-01
2.494269758462905884e-01
3.516193479299545288e-02
9.197855740785598755e-02
1.253725767135620117e+00
7.856081724166870117e-01
0.000000000000000000e+00
3.774362325668334961e+00
3.638309836387634277e-01
7.044287919998168945e-01
1.498533487319946289e+00
5.543394386768341064e-02
6.863530874252319336e-01
0.000000000000000000e+00
5.396928191184997559e-01
8.804829120635986328e-01
1.581854075193405151e-01
3.669697940349578857e-01
5.138071775436401367e-01
5.794941633939743042e-02
8.719802498817443848e-01
4.640060067176818848e-01
5.608022958040237427e-02
1.668874770402908325e-01
2.039399862289428711e+00
6.582811474800109863e-01
2.674875855445861816e-01
1.296083688735961914e+00
3.297810256481170654e-02
2.725584246218204498e-02
2.387104779481887817e-01
3.565270602703094482e-01
4.472224041819572449e-02
1.766672283411026001e-01
3.103916168212890625e+00
2.115439623594284058e-01
2.109748870134353638e-01
3.840603590011596680e+00
3.689516484737396240e-01
4.322881102561950684e-01
1.708321124315261841e-01
0.000000000000000000e+00
1.264402627944946289e+00
7.100420594215393066e-01
9.558876752853393555e-01
7.568616420030593872e-02
0.000000000000000000e+00
5.828217044472694397e-02
3.136207163333892822e-01
2.042068354785442352e-02
5.285029411315917969e-01
3.784613311290740967e-01
6.755341291427612305e-01
3.127483651041984558e-03
1.245620567351579666e-02
1.550991296768188477e+00
4.576640725135803223e-01
3.595066368579864502e-01
1.211485981941223145e+00
2.887019217014312744e-01
1.081527620553970337e-01
1.718929409980773926e+00
2.305212765932083130e-01
1.146108061075210571e-01
2.298577725887298584e-01
1.748220324516296387e-01
6.949867010116577148e-01
1.262776494026184082e+00
1.449846290051937103e-02
1.342332482337951660e+00
1.239390373229980469e+00
3.328262567520141602e-01
3.837132826447486877e-02
0.000000000000000000e+00
7.682904601097106934e-01
6.153309345245361328e-01
6.237559020519256592e-02
3.165130913257598877e-01
1.690607190132141113e+00
5.406504273414611816e-01
3.157367706298828125e-01
1.336013674736022949e+00
1.135833039879798889e-01
4.924314916133880615e-01
1.088093400001525879e+00
1.585579663515090942e-01
2.965382635593414307e-01
7.311505675315856934e-01
1.872428655624389648e-01
2.501857280731201172e-02
3.920274078845977783e-01
5.408091545104980469e-01
1.301724910736083984e+00
2.031216144561767578e+00
3.119244575500488281e-01
1.897175550460815430e+00
5.937314406037330627e-02
9.368887543678283691e-02
6.623749732971191406e-01
8.031412214040756226e-02
5.089340358972549438e-02
3.865303993225097656e-01
6.852037310600280762e-01
0.000000000000000000e+00
6.191376224160194397e-02
1.153394579887390137e-01
1.255854070186614990e-01
3.694463521242141724e-02
1.243283599615097046e-01
1.286230802536010742e+00
2.199981063604354858e-01
4.850096628069877625e-02
6.836758852005004883e-01
1.350875645875930786e-01
9.485447406768798828e-01
0.000000000000000000e+00
2.642655670642852783e-01
8.850041031837463379e-02
6.862481832504272461e-01
1.062207460403442383e+00
2.514282464981079102e-01
2.569617927074432373e-01
1.807675719261169434e+00
8.560621142387390137e-01
4.173417687416076660e-01
1.948232799768447876e-01
1.836406588554382324e-01
3.220727201551198959e-03
2.517393603920936584e-02
4.593944847583770752e-01
1.141753196716308594e+00
4.027901962399482727e-02
1.023451805114746094e+00
7.909628003835678101e-02
2.022564411163330078e+00
1.989942342042922974e-01
8.673334121704101562e-01
0.000000000000000000e+00
8.141783624887466431e-02
6.297395378351211548e-02
1.043166995048522949e+00
1.000734806060791016e+00
8.056805729866027832e-01
2.721019387245178223e-01
5.651780590415000916e-02
2.271168306469917297e-02
8.727432042360305786e-02
1.187164187431335449e-01
0.000000000000000000e+00
7.031082510948181152e-01
9.454958885908126831e-02
4.537970125675201416e-01
8.463494479656219482e-02
1.443613041192293167e-02
2.696176059544086456e-03
0.000000000000000000e+00
6.363898515701293945e-01
7.116899639368057251e-02
8.185564875602722168e-01
2.061087489128112793e-01
4.756899476051330566e-01
8.585271239280700684e-01
1.792670339345932007e-01
1.244843721389770508e+00
6.257826462388038635e-03
4.483297094702720642e-02
3.378743529319763184e-01
1.378897547721862793e+00
1.534800678491592407e-01
5.489165335893630981e-02
2.293212890625000000e+00
1.025698900222778320e+00
1.126157522201538086e+00
1.178629636764526367e+00
1.752439290285110474e-01
5.628664016723632812e+00
6.559384465217590332e-01
3.606141358613967896e-02
4.555063545703887939e-01
3.142057418823242188e+00
7.393500208854675293e-02
5.164938420057296753e-02
1.136579990386962891e+00
0.000000000000000000e+00
8.444593548774719238e-01
9.431210160255432129e-02
3.946073949337005615e-01
7.284036278724670410e-02
9.272231161594390869e-02
8.611737191677093506e-02
1.659546732902526855e+00
6.721508689224720001e-03
2.764160633087158203e-01
1.593230813741683960e-01
4.853922501206398010e-02
6.351984739303588867e-01
1.026941180229187012e+00
1.784020960330963135e-01
1.039823889732360840e-01
3.797848224639892578e+00
1.933783479034900665e-02
3.438542485237121582e-01
1.386529654264450073e-01
3.641155004501342773e+00
2.892594411969184875e-02
8.160650730133056641e-02
7.222155928611755371e-01
1.192879676818847656e-02
1.429523676633834839e-01
5.296823382377624512e-01
2.628111280500888824e-02
1.354089230298995972e-01
1.591404080390930176e-01
5.271109193563461304e-02
0.000000000000000000e+00
2.810582332313060760e-02
1.921605318784713745e-01
8.492788672447204590e-02
2.640300989151000977e-01
2.725529670715332031e+00
9.050006419420242310e-02
2.458858042955398560e-01
3.598008155822753906e-01
1.930876135826110840e+00
1.636189699172973633e+00
3.402895927429199219e-01
2.082673788070678711e+00
1.346490979194641113e-01
1.834643125534057617e+00
1.597478389739990234e+00
9.247021079063415527e-01
3.508753478527069092e-01
3.642645180225372314e-01
7.922261357307434082e-01
5.422178506851196289e-01
6.484449505805969238e-01
2.432236522436141968e-01
1.793669164180755615e-01
3.006751537322998047e-01
8.407547473907470703e-01
5.204094648361206055e-01
2.894454717636108398e+00
7.649643421173095703e-01
3.352260589599609375e-02
2.232602238655090332e-02
9.141934514045715332e-01
7.006191611289978027e-01
2.132172882556915283e-01
3.303544521331787109e-01
3.766789436340332031e-01
8.839127421379089355e-01
1.651675812900066376e-02
8.831319399178028107e-03
8.471278548240661621e-01
2.852122068405151367e+00
2.072345763444900513e-01
8.286054246127605438e-03
6.331560611724853516e-01
2.278557270765304565e-01
8.457548022270202637e-01
1.814332962036132812e+00
6.397784948348999023e-01
2.676135860383510590e-02
2.086807973682880402e-02
3.419104516506195068e-01
3.169609978795051575e-02
0.000000000000000000e+00
5.028041601181030273e-01
3.252100944519042969e+00
2.118803113698959351e-01
0.000000000000000000e+00
3.422333002090454102e-01
1.256985902786254883e+00
1.257165223360061646e-01
5.256758928298950195e-01
6.690145730972290039e-01
5.688235759735107422e-01
2.673701345920562744e-01
1.611731886863708496e+00
1.714433729648590088e-01
3.963278979063034058e-02
2.738734185695648193e-01
2.336117267608642578e+00
3.434831276535987854e-02
0.000000000000000000e+00
6.523485481739044189e-02
1.881304234266281128e-01
2.802551388740539551e-01
7.623831033706665039e-01
8.511902093887329102e-01
5.455595850944519043e-01
5.430767536163330078e-01
6.756290048360824585e-02
1.119403094053268433e-01
2.907784938812255859e+00
1.887741565704345703e+00
2.949616126716136932e-02
0.000000000000000000e+00
7.020676136016845703e-02
3.463866114616394043e-01
8.575809001922607422e-02
1.656670451164245605e+00
1.258927226066589355e+00
2.044381499290466309e-01
7.209136337041854858e-02
1.282057642936706543e+00
8.282945752143859863e-01
6.845837831497192383e-01
3.022467158734798431e-02
2.823530137538909912e-01
3.723597526550292969e-01
2.334104061126708984e+00
4.708741605281829834e-02
1.248890981078147888e-01
2.813837490975856781e-02
1.531638622283935547e+00
1.404851675033569336e-02
3.888682126998901367e-01
6.451461315155029297e-01
5.372303538024425507e-03
3.739185631275177002e-02
1.100473165512084961e+00
1.032803803682327271e-01
3.323591873049736023e-02
2.649766921997070312e+00
2.995256185531616211e-01
2.072205096483230591e-01
2.271027863025665283e-01
2.982418835163116455e-01
4.944292828440666199e-02
6.460294127464294434e-02
9.517824649810791016e-01
4.885914921760559082e-02
2.073251008987426758e+00
2.338167190551757812e+00
1.499863993376493454e-02
2.325251996517181396e-01
6.765683740377426147e-02
2.145551204681396484e+00
7.491893321275711060e-02
1.833906024694442749e-02
1.201835751533508301e+00
4.348435252904891968e-02
1.482805967330932617e+00
1.055911481380462646e-01
1.442118883132934570e+00
6.528922319412231445e-01
2.537853717803955078e-01
5.885217666625976562e+00
1.183399915695190430e+00
3.264388442039489746e-01
1.799580901861190796e-01
1.042385399341583252e-01
0.000000000000000000e+00
1.123950351029634476e-02
2.132587909698486328e+00
5.886020138859748840e-02
9.962297677993774414e-01
3.647964447736740112e-02
1.387394405901432037e-02
4.299307167530059814e-01
2.635916322469711304e-02
1.539494872093200684e+00
1.761038452386856079e-01
3.467573970556259155e-02
2.788698375225067139e-01
2.332757711410522461e+00
9.486088156700134277e-01
6.247284412384033203e-01
2.864373624324798584e-01
1.206048250198364258e+00
1.277697086334228516e+00
4.414778351783752441e-01
0.000000000000000000e+00
3.864051699638366699e-01
6.061544418334960938e-01
3.746153786778450012e-03
1.155290126800537109e+00
8.064705729484558105e-01
1.265845417976379395e+00
9.616737365722656250e-01
3.754681050777435303e-01
4.179075732827186584e-02
2.658250093460083008e+00
5.653882026672363281e-01
2.111835330724716187e-01
3.356039896607398987e-02
2.108626216650009155e-01
0.000000000000000000e+00
7.309868186712265015e-02
0.000000000000000000e+00
3.488911688327789307e-01
1.402616202831268311e-01
5.840729549527168274e-02
1.971086412668228149e-01
9.437208175659179688e-01
2.177895307540893555e-01
1.445815443992614746e+00
9.592341631650924683e-02
7.377675734460353851e-03
1.719515323638916016e-01
3.469860553741455078e-02
9.524986147880554199e-01
2.406246185302734375e+00
3.158521950244903564e-01
1.425515413284301758e-01
3.917081832885742188e+00
5.740852355957031250e-01
2.734315633773803711e+00
6.692466735839843750e-01
2.620428800582885742e-01
4.809884428977966309e-01
4.101265221834182739e-02
1.045029088854789734e-01
8.815505355596542358e-02
2.390880584716796875e-01
1.659491658210754395e-01
1.666409075260162354e-01
8.155866712331771851e-02
2.662792429327964783e-02
6.786489859223365784e-03
3.523259982466697693e-02
8.856785297393798828e-01
8.116843551397323608e-02
2.233817875385284424e-01
1.816377282142639160e+00
0.000000000000000000e+00
3.142424300312995911e-02
1.527494788169860840e-01
1.348536345176398754e-03
3.263225555419921875e-01
6.425059437751770020e-01
1.015947341918945312e+00
1.659899234771728516e+00
2.023959398269653320e+00
7.940674573183059692e-02
1.127826347947120667e-01
2.942833863198757172e-02
1.265523433685302734e-01
1.687161207199096680e+00
0.000000000000000000e+00
7.200444117188453674e-03
4.088415503501892090e-01
9.985086917877197266e-01
1.038295626640319824e-01
1.753462702035903931e-01
4.832441508769989014e-01
4.036163687705993652e-01
2.169747114181518555e+00
3.396651744842529297e-01
1.885424852371215820e-01
1.374865174293518066e+00
2.477438449859619141e-01
1.988171786069869995e-02
0.000000000000000000e+00
6.517697572708129883e-01
2.402665317058563232e-01
2.362731248140335083e-01
1.401191711425781250e+00
7.960669994354248047e-01
2.057627439498901367e-01
3.043435811996459961e-01
1.729300022125244141e-01
1.459271181374788284e-02
2.614765465259552002e-01
1.358948498964309692e-01
3.305536881089210510e-02
1.583745926618576050e-01
1.435642361640930176e+00
9.182465076446533203e-01
1.112093999981880188e-01
1.839896678924560547e+00
3.514249324798583984e+00
5.610294342041015625e-01
2.861228212714195251e-02
2.068993151187896729e-01
2.188795208930969238e-01
6.079897284507751465e-02
3.839824795722961426e-01
3.052773475646972656e-01
1.341436356306076050e-01
1.103086233139038086e+00
2.510720014572143555e+00
1.651896595954895020e+00
1.582516908645629883e+00
2.275554090738296509e-01
1.161475256085395813e-01
5.798847880214452744e-03
8.815613389015197754e-01
1.243647281080484390e-02
1.297614812850952148e+00
0.000000000000000000e+00
2.763525724411010742e+00
3.066555596888065338e-03
3.566300272941589355e-01
8.326355218887329102e-01
5.775901675224304199e-01
1.219839379191398621e-01
2.305552482604980469e+00
1.292726993560791016e+00
6.474038958549499512e-01
7.814877629280090332e-01
1.121395587921142578e+00
4.157153964042663574e-01
5.644755065441131592e-02
3.419272303581237793e-01
1.798318773508071899e-01
2.875584959983825684e-01
1.208344936370849609e+00
3.311112821102142334e-01
8.310159295797348022e-02
1.172251820564270020e+00
4.739702045917510986e-01
5.574663281440734863e-01
3.873071372509002686e-01
2.191749513149261475e-01
2.978066802024841309e-01
6.116831898689270020e-01
6.647397279739379883e-01
0.000000000000000000e+00
1.533634901046752930e+00
2.124038524925708771e-02
8.428786396980285645e-01
1.800599843263626099e-01
1.728148758411407471e-01
0.000000000000000000e+00
4.219594597816467285e-01
5.233545303344726562e-01
9.734062552452087402e-01
2.627829462289810181e-02
9.113329648971557617e-02
3.631086051464080811e-01
2.428160309791564941e-01
3.814561367034912109e-01
4.958982765674591064e-02
7.081182301044464111e-02
6.078658103942871094e-01
2.256596647202968597e-02
3.661628663539886475e-01
7.762479037046432495e-02
3.066768646240234375e-01
9.095709919929504395e-01
4.040820989757776260e-03
2.479217574000358582e-02
1.217382431030273438e+00
2.344965636730194092e-01
9.212165325880050659e-02
1.268344163894653320e+00
1.412874311208724976e-01
1.619638204574584961e+00
2.327640056610107422e-01
6.844639778137207031e-01
1.555024683475494385e-01
2.587639540433883667e-02
4.503216147422790527e-01
3.438416242599487305e+00
7.220863103866577148e-01
1.291639804840087891e-01
1.696493178606033325e-01
4.109031558036804199e-01
0.000000000000000000e+00
1.096299052238464355e+00
9.037989377975463867e-02
4.790324270725250244e-01
3.628941774368286133e-01
5.923987627029418945e-01
1.364436864852905273e+00
5.800018906593322754e-01
1.968062758445739746e+00
4.818300604820251465e-01
1.079615831375122070e+00
4.567573666572570801e-01
5.803124308586120605e-01
8.977261185646057129e-01
4.617205262184143066e-01
2.058101147413253784e-01
1.095893159508705139e-01
5.883586592972278595e-03
2.349972277879714966e-01
5.200706422328948975e-03
8.121858835220336914e-01
5.460426211357116699e-01
9.757548570632934570e-01
2.582122385501861572e-01
2.008337020874023438e+00
2.468915730714797974e-01
2.119654417037963867e-01
1.268182843923568726e-01
5.234191417694091797e-01
2.479526519775390625e+00
5.581138655543327332e-02
1.822122097015380859e+00
1.820835947990417480e+00
5.644680857658386230e-01
9.152820110321044922e-01
0.000000000000000000e+00
1.482307538390159607e-02
1.940106749534606934e+00
3.466342762112617493e-02
1.111228317022323608e-01
0.000000000000000000e+00
3.234679102897644043e-01
7.483819872140884399e-02
7.081021368503570557e-02
4.267432987689971924e-01
1.364839971065521240e-01
1.278428912162780762e+00
2.392715960741043091e-01
3.236488252878189087e-02
2.039995670318603516e+00
1.133247688412666321e-01
1.549944430589675903e-01
6.585489511489868164e-01
8.998127281665802002e-02
8.798137307167053223e-01
1.617543548345565796e-01
2.662359923124313354e-02
3.255071640014648438e-01
7.887551188468933105e-01
9.706751257181167603e-02
2.142902612686157227e-01
1.091653853654861450e-01
1.767582632601261139e-02
7.055351883172988892e-02
6.709699034690856934e-01
4.928097128868103027e-01
2.601055502891540527e-01
7.221824489533901215e-03
1.027281045913696289e+00
1.481773853302001953e-01
9.575932025909423828e-01
6.782811284065246582e-01
6.834983229637145996e-01
2.522228062152862549e-01
4.438617452979087830e-02
4.567320346832275391e-01
5.128368735313415527e-01
2.402609772980213165e-02
1.014657318592071533e-01
6.695627421140670776e-02
1.738556101918220520e-02
1.255000352859497070e+00
5.048559904098510742e-01
5.869797314517199993e-04
2.714561484754085541e-02
7.817346602678298950e-02
5.664075613021850586e-01
1.071574091911315918e+00
6.113517284393310547e-01
7.820005416870117188e-01
6.786757707595825195e-01
2.584357559680938721e-02
7.507346570491790771e-02
1.180350314825773239e-02
9.617152810096740723e-02
1.737570047378540039e+00
1.314569950103759766e+00
7.267198562622070312e-01
4.793979823589324951e-01
4.392375946044921875e-01
5.420598983764648438e-01
2.446291446685791016e-01
4.865683019161224365e-01
3.794542048126459122e-03
4.375109076499938965e-01
4.902590438723564148e-02
6.178118586540222168e-01
1.875116825103759766e-01
3.039514422416687012e-01
2.227973699569702148e+00
0.000000000000000000e+00
8.364356309175491333e-02
3.370746970176696777e-01
2.295922517776489258e+00
0.000000000000000000e+00
8.026539683341979980e-01
1.133751869201660156e+00
2.500977993011474609e+00
1.157584190368652344e+00
1.097203791141510010e-02
4.718890190124511719e-01
1.070454955101013184e+00
2.072129994630813599e-01
1.671408861875534058e-01
8.423821330070495605e-01
8.446272015571594238e-01
1.436038464307785034e-01
2.377570979297161102e-02
9.100418686866760254e-01
1.063214913010597229e-01
6.187708973884582520e-01
1.499108225107192993e-01
0.000000000000000000e+00
3.646553516387939453e+00
9.682209491729736328e-01
9.798202514648437500e-01
1.536881446838378906e+00
6.784749031066894531e-01
1.174271583557128906e+00
3.558259606361389160e-01
7.837788760662078857e-02
1.893642991781234741e-01
1.148375511169433594e+00
1.951639205217361450e-01
3.930083811283111572e-01
9.588627219200134277e-01
2.863947868347167969e+00
1.477612257003784180e+00
2.054186463356018066e-01
6.842719018459320068e-02
1.144965887069702148e+00
3.455908969044685364e-02
3.379974365234375000e-01
1.490281820297241211e+00
2.995494008064270020e-01
0.000000000000000000e+00
1.117899298667907715e+00
4.138409793376922607e-01
8.945849724113941193e-03
7.797072529792785645e-01
2.428301811218261719e+00
3.153353035449981689e-01
0.000000000000000000e+00
1.767381727695465088e-01
2.267408370971679688e-02
3.775150179862976074e-01
2.115343064069747925e-01
4.789406657218933105e-01
3.122549295425415039e+00
1.772544682025909424e-01
1.394505379721522331e-04
9.276441335678100586e-01
1.200104281306266785e-01
2.542483210563659668e-01
7.182718813419342041e-02
5.233980715274810791e-03
3.777624666690826416e-02
3.975206520408391953e-03
1.334380984306335449e+00
4.450790584087371826e-01
4.644883632659912109e+00
6.508007645606994629e-02
7.392641156911849976e-02
2.205465078353881836e+00
4.327278137207031250e-01
5.160190165042877197e-03
2.581442594528198242e+00
1.512784510850906372e-01
4.492112994194030762e-02
8.006627857685089111e-02
1.033101752400398254e-01
9.434992820024490356e-02
3.150905370712280273e-01
1.699350357055664062e+00
1.309112310409545898e-01
0.000000000000000000e+00
4.260711669921875000e-01
7.294160127639770508e-02
4.107304573059082031e+00
2.075614213943481445e+00
2.429081052541732788e-01
1.289846301078796387e+00
8.180778026580810547e-01
3.625933080911636353e-02
3.249075412750244141e-01
2.362072765827178955e-01
9.430170059204101562e-01
6.496765613555908203e-01
1.118029236793518066e+00
5.355623722076416016e+00
1.774337887763977051e-01
2.500036001205444336e+00
4.600879192352294922e+00
7.591573894023895264e-02
1.539375424385070801e+00
3.174072504043579102e-01
6.618713736534118652e-01
5.462325811386108398e-01
3.388612270355224609e-01
6.448748707771301270e-01
2.806056737899780273e+00
1.680137753486633301e+00
1.590173505246639252e-02
5.072638019919395447e-02
2.535777568817138672e+00
1.169509649276733398e+00
3.237583637237548828e-01
5.856158733367919922e-01
4.530657768249511719e+00
3.619950711727142334e-01
1.503931134939193726e-01
1.117075532674789429e-01
1.290530562400817871e+00
3.892511874437332153e-02
2.812200970947742462e-02
5.704252719879150391e-01
6.933350563049316406e-01
1.637455701828002930e+00
0.000000000000000000e+00
5.284442522679455578e-05
3.850455880165100098e-01
7.815839648246765137e-01
3.895607590675354004e-02
9.671066403388977051e-01
1.297814100980758667e-01
1.428834944963455200e-01
2.278127819299697876e-01
5.863069891929626465e-01
5.296190828084945679e-02
1.818650841712951660e+00
2.513346195220947266e+00
1.277374029159545898e-01
1.725157164037227631e-02
1.661718368530273438e+00
1.639013737440109253e-01
4.326868653297424316e-01
2.241958677768707275e-02
9.206926450133323669e-03
5.698920413851737976e-02
4.540605068206787109e+00
7.234870195388793945e-01
1.760987639427185059e-01
3.295449614524841309e-01
2.672533392906188965e-01
3.895621001720428467e-02
8.291904628276824951e-02
4.662175774574279785e-01
1.827555179595947266e+00
2.174862474203109741e-01
3.114025592803955078e-01
1.887138187885284424e-01
7.106936573982238770e-01
1.145609974861145020e+00
7.638822197914123535e-01
2.246661663055419922e+00
1.417595744132995605e+00
5.475788712501525879e-01
1.070132613182067871e+00
1.480173021554946899e-01
6.013953685760498047e-01
1.380865454673767090e+00
1.950689315795898438e+00
2.101464197039604187e-02
3.653951734304428101e-02
4.770147502422332764e-01
4.210385322570800781e+00
5.990191102027893066e-01
6.952808052301406860e-02
3.064224682748317719e-02
8.557008504867553711e-01
4.889841377735137939e-02
1.994010090827941895e+00
1.429187953472137451e-01
2.359406799077987671e-01
6.939776539802551270e-01
1.515226215124130249e-01
4.617004096508026123e-01
8.182136416435241699e-01
1.206713393330574036e-01
1.661418795585632324e+00
1.570407271385192871e+00
3.659586310386657715e-01
1.263918448239564896e-02
2.447585463523864746e-01
3.969101309776306152e-01
2.426872849464416504e-01
1.455462694168090820e+00
3.248741626739501953e+00
2.295395582914352417e-01
4.593256488442420959e-02
2.887236885726451874e-02
1.948003172874450684e+00
5.045737624168395996e-01
9.092801809310913086e-01
1.549989357590675354e-02
6.648401021957397461e-01
1.332711726427078247e-01
5.383880734443664551e-01
3.172998726367950439e-01
1.347449779510498047e+00
1.506060361862182617e-01
1.047078520059585571e-01
3.293688595294952393e-02
1.667378544807434082e-01
1.374575734138488770e+00
0.000000000000000000e+00
1.952410191297531128e-01
5.623805522918701172e-01
2.417677342891693115e-01
7.888511419296264648e-01
3.265199959278106689e-01
7.883728146553039551e-01
1.856041103601455688e-01
1.275991946458816528e-01
2.289770364761352539e+00
2.996315956115722656e-01
9.880587458610534668e-03
2.830584943294525146e-01
2.953354120254516602e-01
6.784960627555847168e-01
2.186411060392856598e-02
7.164721488952636719e+00
3.553009405732154846e-02
2.132759809494018555e+00
3.089534342288970947e-01
7.103071361780166626e-02
2.871546149253845215e-01
8.258853554725646973e-01
7.562480866909027100e-02
3.452538847923278809e-01
4.913177490234375000e-01
2.725594043731689453e-01
4.712139070034027100e-01
1.938804388046264648e-01
1.221924126148223877e-01
2.447340250015258789e+00
4.266603663563728333e-02
1.664138026535511017e-02
1.184838771820068359e+00
7.506505250930786133e-01
3.036210238933563232e-01
2.987672090530395508e-01
5.168832540512084961e-01
8.742775321006774902e-01
4.945024102926254272e-02
1.206738948822021484e+00
1.599427610635757446e-01
1.849973201751708984e-01
1.044696450233459473e+00
8.246055245399475098e-02
1.444930076599121094e+00
9.749232530593872070e-01
2.765011191368103027e-01
0.000000000000000000e+00
1.555991917848587036e-01
1.235802292823791504e+00
2.621490359306335449e-01
6.536964178085327148e-01
0.000000000000000000e+00
0.000000000000000000e+00
2.155666239559650421e-02
7.752346396446228027e-01
2.460221201181411743e-01
1.496423482894897461e+00
1.544481754302978516e+00
4.524934664368629456e-02
2.144697159528732300e-01
7.275111228227615356e-02
1.888114959001541138e-01
3.550302505493164062e+00
6.181745529174804688e-01
9.197217226028442383e-01
2.099526077508926392e-01
1.152533572167158127e-03
1.612771153450012207e-01
1.984449177980422974e-01
1.418506383895874023e+00
9.833970069885253906e-01
1.884075522422790527e+00
4.817606508731842041e-02
1.037330105900764465e-01
1.231131330132484436e-01
6.214061737060546875e+00
1.189902901649475098e+00
1.097804680466651917e-01
2.618434727191925049e-01
6.355252265930175781e-01
1.435586094856262207e+00
2.873492240905761719e+00
5.989165902137756348e-01
3.763480782508850098e-01
7.686679065227508545e-02
2.391481250524520874e-01
4.707355797290802002e-02
5.941906571388244629e-02
1.415392637252807617e+00
2.279624156653881073e-02
1.751405477523803711e+00
1.724819898605346680e+00
1.800052635371685028e-02
1.609512865543365479e-01
6.065942719578742981e-02
3.053510487079620361e-01
1.180027723312377930e+00
1.714883148670196533e-01
1.532826304435729980e+00
0.000000000000000000e+00
3.463972806930541992e-01
1.730997204780578613e+00
0.000000000000000000e+00
3.522005677223205566e-01
6.862048506736755371e-01
3.243312835693359375e-01
1.289928257465362549e-01
3.460611999034881592e-01
9.663539528846740723e-01
3.865501880645751953e-01
5.907273665070533752e-02
0.000000000000000000e+00
1.751923084259033203e+00
1.442136801779270172e-02
1.323678791522979736e-01
2.661291956901550293e-01
3.847464621067047119e-01
1.148539066314697266e+00
0.000000000000000000e+00
6.571835279464721680e-02
3.235253691673278809e-01
1.104730367660522461e+00
5.263300538063049316e-01
1.699477195739746094e+00
1.182294368743896484e+00
7.172225117683410645e-01
1.362598985433578491e-01
1.846896409988403320e+00
8.163183927536010742e-02
1.472446799278259277e+00
0.000000000000000000e+00
4.505680501461029053e-01
0.000000000000000000e+00
3.023503124713897705e-01
7.314166426658630371e-01
1.848166465759277344e+00
5.280179530382156372e-02
4.833078086376190186e-01
6.190492510795593262e-01
1.635304987430572510e-01
2.811358571052551270e-01
4.803390800952911377e-01
1.667942292988300323e-02
1.601703092455863953e-02
6.775223612785339355e-01
9.254891425371170044e-03
1.011624583043158054e-03
1.520053744316101074e+00
5.927732586860656738e-01
4.271496832370758057e-01
1.972622424364089966e-01
2.675656974315643311e-02
1.289174437522888184e+00
3.122455906122922897e-03
1.012510731816291809e-01
7.393168807029724121e-01
7.978744059801101685e-02
1.296386599540710449e+00
5.836839675903320312e-01
5.611056089401245117e-01
2.394131422042846680e-01
1.433535575866699219e+00
5.432012304663658142e-02
7.323023080825805664e-01
1.276592612266540527e+00
1.831777989864349365e-01
3.785791099071502686e-01
0.000000000000000000e+00
8.114733099937438965e-01
3.160827094689011574e-03
7.685100659728050232e-03
1.059479713439941406e+00
1.267351582646369934e-02
3.479012846946716309e-01
5.595893412828445435e-02
6.363856792449951172e-01
7.525548338890075684e-01
9.927662611007690430e-01
1.613967120647430420e-02
2.234698086977005005e-01
9.215599857270717621e-03
1.491653174161911011e-02
1.177173182368278503e-01
1.351725697517395020e+00
3.433476686477661133e-01
3.406631574034690857e-02
0.000000000000000000e+00
1.631613373756408691e-01
2.505199611186981201e-01
4.776576533913612366e-02
1.063840612769126892e-01
7.382448911666870117e-01
6.145790964365005493e-02
1.545094251632690430e-01
6.891493797302246094e-01
1.228571981191635132e-01
8.354324102401733398e-01
3.232827410101890564e-02
2.852256894111633301e-01
2.011799514293670654e-01
1.532450467348098755e-01
4.203150272369384766e-01
2.830644249916076660e-01
1.776063680648803711e+00
6.842118501663208008e-02
1.968606188893318176e-02
2.712621986865997314e-01
2.662939392030239105e-02
3.359367847442626953e-01
6.830922961235046387e-01
0.000000000000000000e+00
4.162483215332031250e-01
4.229692816734313965e-01
1.217711210250854492e+00
3.232393413782119751e-02
1.014889717102050781e+00
1.614678800106048584e-01
2.033486127853393555e+00
6.594279780983924866e-03
3.602719902992248535e-01
5.153467878699302673e-02
5.946999192237854004e-01
3.937142342329025269e-02
5.219103395938873291e-02
2.342683076858520508e-01
1.077753305435180664e+00
6.278346776962280273e-01
3.314818143844604492e+00
1.621717959642410278e-01
1.463994741439819336e+00
7.878825664520263672e-01
6.617004983127117157e-03
4.566291570663452148e-01
2.352130174636840820e+00
8.594062328338623047e-01
1.251298040151596069e-01
2.875015139579772949e-01
6.906623952090740204e-03
2.360533922910690308e-01
1.207548752427101135e-01
1.315723359584808350e-01
5.268332958221435547e-01
1.594985127449035645e+00
0.000000000000000000e+00
6.622490286827087402e-01
6.295233219861984253e-02
1.479026913642883301e+00
1.364329010248184204e-01
1.128358766436576843e-02
8.790395855903625488e-01
1.527739882469177246e+00
2.078854888677597046e-01
5.827580094337463379e-01
3.051640987396240234e-01
5.240582302212715149e-02
5.474997758865356445e-01
5.258486270904541016e-01
1.842672228813171387e-01
2.967963814735412598e-01
8.593745231628417969e-01
2.518675327301025391e-01
6.191439628601074219e-01
9.131095409393310547e-01
2.039379328489303589e-01
1.281540542840957642e-01
0.000000000000000000e+00
3.663040325045585632e-02
6.871090531349182129e-01
3.910573124885559082e-01
2.718611657619476318e-01
5.516098141670227051e-01
1.206056475639343262e-01
6.425990462303161621e-01
6.776878237724304199e-01
0.000000000000000000e+00
6.021138429641723633e-01
1.030357241630554199e+00
5.044373869895935059e-01
4.813489317893981934e-02
2.548637688159942627e-01
1.195472031831741333e-01
2.585655637085437775e-02
1.500000655651092529e-01
2.950355708599090576e-01
2.376206666231155396e-01
3.934553861618041992e-01
1.684749573469161987e-01
5.069108009338378906e-01
0.000000000000000000e+00
4.739180564880371094e+00
1.659461855888366699e+00
1.962937116622924805e-01
4.351829886436462402e-01
3.194082498550415039e+00
3.370390236377716064e-01
1.326571851968765259e-01
1.590633243322372437e-01
1.105491280555725098e+00
7.405307888984680176e-02
9.260538816452026367e-01
2.171321362257003784e-01
2.098762094974517822e-01
7.571820616722106934e-01
3.385171294212341309e-02
1.506410360336303711e+00
7.405571341514587402e-01
7.864795625209808350e-02
1.860314793884754181e-02
9.581210017204284668e-01
9.131380170583724976e-02
3.046462833881378174e-01
2.843394994735717773e+00
2.988155484199523926e-01
6.054295897483825684e-01
3.799136281013488770e-01
4.411246299743652344e+00
3.082734823226928711e+00
1.611865758895874023e-01
4.904927313327789307e-01
1.698776364326477051e+00
3.650752007961273193e-01
1.890385508537292480e+00
1.376781612634658813e-01
6.737487316131591797e-01
8.628817796707153320e-01
1.419008851051330566e+00
3.034027814865112305e+00
1.577763408422470093e-01
1.805575191974639893e-01
6.462938189506530762e-01
6.275495397858321667e-04
1.580411314964294434e+00
1.173936009407043457e+00
1.201339483261108398e+00
4.139391481876373291e-01
2.666173577308654785e-01
4.199171364307403564e-01
1.362613916397094727e+00
1.678674668073654175e-01
3.471015952527523041e-03
1.051625728607177734e+00
1.259469836950302124e-01
7.682076096534729004e-01
1.355169899761676788e-02
0.000000000000000000e+00
1.071374490857124329e-01
4.553402066230773926e-01
1.542204767465591431e-01
1.677579134702682495e-01
7.433036565780639648e-01
6.547696590423583984e-01
1.592952758073806763e-01
3.602667897939682007e-02
1.644399762153625488e-01
9.264340996742248535e-01
3.044672906398773193e-01
6.261180043220520020e-01
1.402981638908386230e+00
1.276505291461944580e-01
2.271684169769287109e+00
8.307240009307861328e-01
8.400804996490478516e-01
9.702510200440883636e-03
2.246756404638290405e-01
1.334263980388641357e-01
1.583413243293762207e+00
6.603559255599975586e-01
9.573942422866821289e-02
6.161141991615295410e-01
4.155493736267089844e+00
3.582664728164672852e-01
7.006269097328186035e-01
5.481430515646934509e-02
3.139337301254272461e-01
1.060287728905677795e-01
6.957766413688659668e-01
2.015010267496109009e-01
4.317417368292808533e-02
4.055132389068603516e+00
9.059590846300125122e-02
3.068132638931274414e+00
4.653540551662445068e-01
2.348166227340698242e+00
4.576293379068374634e-02
6.482014060020446777e-01
1.128691434860229492e+00
6.831081956624984741e-02
2.969095706939697266e-01
8.120485544204711914e-01
2.375383526086807251e-01
2.423768863081932068e-02
1.147163957357406616e-01
1.905321359634399414e+00
3.054683506488800049e-01
1.240397542715072632e-01
1.360586844384670258e-02
7.877640724182128906e-01
1.116536036133766174e-01
0.000000000000000000e+00
2.551677823066711426e-01
1.398175239562988281e+00
2.562891840934753418e-01
2.085599750280380249e-01
2.624466419219970703e-01
1.528999328613281250e+00
0.000000000000000000e+00
8.205373287200927734e-01
1.242239832878112793e+00
6.537993550300598145e-01
4.568982124328613281e-01
6.758483052253723145e-01
5.044366717338562012e-01
1.466532796621322632e-01
4.112972319126129150e-01
5.567209720611572266e-01
1.308234632015228271e-01
6.029739975929260254e-01
1.016617417335510254e+00
2.198069393634796143e-01
9.069950580596923828e-01
1.373921394348144531e+00
3.729610145092010498e-01
1.351633220911026001e-01
8.189096450805664062e-01
1.500091552734375000e-01
1.466735243797302246e+00
7.621184587478637695e-01
3.525649905204772949e-01
2.727550864219665527e-01
7.367236614227294922e-01
1.756944507360458374e-01
1.410708874464035034e-01
1.059266030788421631e-01
3.149847686290740967e-01
5.098783373832702637e-01
1.271291732788085938e+00
1.145855560898780823e-01
4.776566624641418457e-01
0.000000000000000000e+00
6.574967503547668457e-02
1.423804283142089844e+00
2.184159755706787109e-01
1.308815121650695801e+00
2.348473295569419861e-02
8.257412165403366089e-02
2.729828655719757080e-02
2.998959720134735107e-01
0.000000000000000000e+00
4.214143753051757812e-02
3.598740324378013611e-02
5.323877558112144470e-02
0.000000000000000000e+00
1.318838167935609818e-02
4.276444911956787109e-01
1.526682674884796143e-01
3.633388876914978027e-01
9.668339788913726807e-02
0.000000000000000000e+00
1.497767269611358643e-01
5.418794751167297363e-01
0.000000000000000000e+00
3.421975374221801758e-01
5.694694519042968750e-01
2.584846317768096924e-02
0.000000000000000000e+00
1.063430309295654297e+00
2.064018510282039642e-02
3.425846397876739502e-01
1.338403820991516113e-01
5.683784484863281250e-01
2.569210249930620193e-03
1.629057079553604126e-01
5.276986956596374512e-01
3.569320440292358398e-01
1.293713152408599854e-01
1.076054453849792480e+00
2.096880413591861725e-02
1.689607143402099609e+00
1.435968726873397827e-01
4.725963249802589417e-02
3.308039903640747070e-02
3.199312984943389893e-01
3.948590159416198730e-01
9.893446415662765503e-02
8.066685199737548828e-01
3.240692019462585449e-01
1.044181883335113525e-01
4.332093298435211182e-01
0.000000000000000000e+00
1.752637922763824463e-01
1.961821317672729492e-01
3.384013891220092773e+00
0.000000000000000000e+00
0.000000000000000000e+00
2.059040069580078125e-01
