6.538249435834586620e-04
3.197543621063232422e-01
0.000000000000000000e+00
1.571429252624511719e+00
1.080252416431903839e-02
1.193218491971492767e-02
1.915153115987777710e-02
3.384786844253540039e-01
1.873412966728210449e+00
4.222811222076416016e+00
0.000000000000000000e+00
2.300057858228683472e-01
0.000000000000000000e+00
1.146147102117538452e-01
1.933308243751525879e-01
6.140961498022079468e-02
9.893387556076049805e-01
3.017445504665374756e-01
0.000000000000000000e+00
1.479724526405334473e+00
3.037168271839618683e-02
9.767773002386093140e-02
0.000000000000000000e+00
0.000000000000000000e+00
1.137045794166624546e-03
7.952969521284103394e-02
3.136679762974381447e-03
0.000000000000000000e+00
1.304474622011184692e-01
4.035208523273468018e-01
8.135251402854919434e-01
0.000000000000000000e+00
3.231820762157440186e-01
1.386088281869888306e-01
8.664500713348388672e-02
4.983282387256622314e-01
6.405668705701828003e-02
9.460411667823791504e-01
1.584336608648300171e-01
6.952549815177917480e-01
1.681278795003890991e-01
3.607321679592132568e-01
2.081064321100711823e-02
1.949321150779724121e+00
3.273580968379974365e-02
1.665258966386318207e-02
1.696161925792694092e-01
0.000000000000000000e+00
4.459062218666076660e-02
2.409163951873779297e+00
8.959429711103439331e-02
1.096876978874206543e+00
7.712076306343078613e-01
2.480417042970657349e-01
4.407408833503723145e-02
4.171239957213401794e-02
0.000000000000000000e+00
2.392431199550628662e-01
5.115919113159179688e-01
1.878173649311065674e-01
5.459204196929931641e+00
8.177388310432434082e-01
4.450457096099853516e-01
6.561217829585075378e-03
3.016932308673858643e-01
2.400918453931808472e-01
6.320629715919494629e-01
6.095412969589233398e-01
4.964311793446540833e-02
8.794501423835754395e-02
2.258855402469635010e-01
1.387452244758605957e+00
4.420704394578933716e-02
5.767007172107696533e-02
9.012403339147567749e-02
1.267427444458007812e+00
2.997481226921081543e-01
2.318298965692520142e-01
7.405263185501098633e-02
4.952806234359741211e-02
3.551865577697753906e+00
0.000000000000000000e+00
1.482938677072525024e-01
3.093747198581695557e-01
8.698247075080871582e-01
2.814791202545166016e+00
2.697590887546539307e-01
0.000000000000000000e+00
1.232880949974060059e-01
2.532016932964324951e-01
4.774086475372314453e-01
0.000000000000000000e+00
5.075371824204921722e-03
1.038586255162954330e-02
1.239424273371696472e-01
0.000000000000000000e+00
1.757289320230484009e-01
1.377963900566101074e+00
1.206007897853851318e-01
2.093455493450164795e-01
0.000000000000000000e+00
7.294408082962036133e-01
1.412068009376525879e+00
5.691762566566467285e-01
0.000000000000000000e+00
1.522935628890991211e-01
1.908444333821535110e-03
1.544576436281204224e-01
1.549607366323471069e-01
4.414531707763671875e+00
1.365193072706460953e-02
1.490960717201232910e+00
1.033902168273925781e-01
3.903310775756835938e+00
0.000000000000000000e+00
9.136480093002319336e-02
5.093460157513618469e-02
0.000000000000000000e+00
0.000000000000000000e+00
7.123668491840362549e-02
4.627442657947540283e-01
5.824812054634094238e-01
1.965135484933853149e-01
6.516746245324611664e-03
7.848568260669708252e-03
5.224746465682983398e-02
1.351545095443725586e+00
0.000000000000000000e+00
0.000000000000000000e+00
3.574687540531158447e-01
0.000000000000000000e+00
4.701104015111923218e-03
1.058900728821754456e-02
1.743831634521484375e-01
8.891967535018920898e-01
1.052273530513048172e-02
3.870972692966461182e-01
3.116021454334259033e-01
5.448159575462341309e-01
3.182449936866760254e-01
2.606894448399543762e-02
8.930785953998565674e-02
4.843142256140708923e-02
1.227098703384399414e-01
9.139426797628402710e-02
4.487665891647338867e-01
1.374280750751495361e-01
4.137089475989341736e-02
5.954052209854125977e-01
3.210370987653732300e-02
6.401506066322326660e-02
3.284562262706458569e-04
1.294457446783781052e-02
1.159766465425491333e-01
1.288937687873840332e+00
0.000000000000000000e+00
2.013825327157974243e-01
5.527864098548889160e-01
7.928341627120971680e-02
3.028793632984161377e-02
4.611933529376983643e-01
2.444974482059478760e-01
1.323316395282745361e-01
6.261676549911499023e-02
3.887744545936584473e-01
6.288349628448486328e-01
9.985490702092647552e-03
0.000000000000000000e+00
7.536298036575317383e-02
2.006242513656616211e+00
1.939500719308853149e-01
2.239358127117156982e-01
6.690379381179809570e-01
2.098487913608551025e-01
2.778264507651329041e-02
2.320037037134170532e-01
1.229237648658454418e-03
0.000000000000000000e+00
6.839323043823242188e-01
1.368708070367574692e-02
0.000000000000000000e+00
5.395973205566406250e+00
4.289804492145776749e-03
4.676541984081268311e-01
8.803386986255645752e-02
1.663414478302001953e+00
2.241624146699905396e-02
2.319792658090591431e-02
7.138699293136596680e-02
2.183084338903427124e-01
4.449464753270149231e-02
3.102594986557960510e-02
7.491814345121383667e-02
1.129364132881164551e+00
0.000000000000000000e+00
8.422536849975585938e-01
0.000000000000000000e+00
8.648469299077987671e-02
7.386577129364013672e-02
8.872538805007934570e-02
0.000000000000000000e+00
3.607771098613739014e-01
3.612932562828063965e-02
2.087888121604919434e-01
0.000000000000000000e+00
5.829104036092758179e-02
0.000000000000000000e+00
1.089072227478027344e+00
0.000000000000000000e+00
8.207713067531585693e-02
2.066909968852996826e-01
1.000994965434074402e-01
1.158763542771339417e-01
0.000000000000000000e+00
0.000000000000000000e+00
7.425836473703384399e-02
1.214823350310325623e-01
3.052014391869306564e-03
4.865366816520690918e-01
1.925522275269031525e-02
4.015460610389709473e-01
5.075995344668626785e-03
1.289943814277648926e+00
1.340324401855468750e+00
0.000000000000000000e+00
6.222526431083679199e-01
1.487320289015769958e-02
1.846841420046985149e-03
1.042792648077011108e-01
0.000000000000000000e+00
0.000000000000000000e+00
0.000000000000000000e+00
2.686656713485717773e-01
1.334320157766342163e-01
0.000000000000000000e+00
2.232601791620254517e-01
4.743354022502899170e-02
2.810221612453460693e-01
0.000000000000000000e+00
2.925558248534798622e-03
6.798510998487472534e-02
7.678185403347015381e-02
7.014347356744110584e-04
3.282079100608825684e-01
1.805685907602310181e-01
8.260747045278549194e-02
1.462345272302627563e-01
1.454161107540130615e-01
5.708111450076103210e-02
0.000000000000000000e+00
7.014737725257873535e-01
3.781038522720336914e-01
0.000000000000000000e+00
1.030046865344047546e-01
0.000000000000000000e+00
0.000000000000000000e+00
3.057265877723693848e-01
1.603323617018759251e-03
4.653026163578033447e-02
3.227373585104942322e-02
1.308293789625167847e-01
5.017505884170532227e-01
3.996886312961578369e-01
2.283149212598800659e-01
5.953448265790939331e-02
6.389965116977691650e-02
0.000000000000000000e+00
1.212896347045898438e+00
1.279240489006042480e+00
8.858129382133483887e-01
0.000000000000000000e+00
5.084722489118576050e-02
1.970516741275787354e-01
2.583987116813659668e-01
1.509130466729402542e-03
0.000000000000000000e+00
1.399109244346618652e+00
5.410363897681236267e-03
5.660142421722412109e+00
1.375357247889041901e-02
0.000000000000000000e+00
1.448205299675464630e-02
1.360466517508029938e-02
3.241692855954170227e-02
7.459240406751632690e-02
1.772643208503723145e+00
0.000000000000000000e+00
5.185916423797607422e-01
3.760242089629173279e-02
1.198611736297607422e+00
1.304797768592834473e+00
3.099214984104037285e-03
8.865761756896972656e-01
5.105416178703308105e-01
0.000000000000000000e+00
7.738200947642326355e-03
1.465721242129802704e-02
0.000000000000000000e+00
2.906310744583606720e-02
2.228930145502090454e-01
1.524005979299545288e-01
0.000000000000000000e+00
2.492230534553527832e-01
0.000000000000000000e+00
8.524978160858154297e-02
0.000000000000000000e+00
2.416857182979583740e-01
7.101592421531677246e-02
6.389721632003784180e-01
7.906640879809856415e-03
2.611436247825622559e-01
5.072829723358154297e-01
1.401235163211822510e-02
0.000000000000000000e+00
1.536673959344625473e-02
3.719753399491310120e-02
1.840531826019287109e+00
1.268039941787719727e-01
3.244614228606224060e-03
5.355748906731605530e-02
0.000000000000000000e+00
1.346286665648221970e-02
1.832876801490783691e-01
0.000000000000000000e+00
3.836466372013092041e-02
1.655851602554321289e+00
0.000000000000000000e+00
3.697555977851152420e-03
1.157361734658479691e-02
6.794996261596679688e-01
1.547366231679916382e-01
4.098690032958984375e+00
4.282206296920776367e-01
8.123221993446350098e-01
1.072267413139343262e+00
0.000000000000000000e+00
2.466426789760589600e-01
7.779365871101617813e-03
6.771416664123535156e-01
4.349995404481887817e-03
5.355337858200073242e-01
6.513798236846923828e-02
1.530149765312671661e-02
2.684754371643066406e+00
2.185993082821369171e-02
4.747061803936958313e-02
1.504153609275817871e-01
3.901384830474853516e+00
2.748597264289855957e-01
0.000000000000000000e+00
1.102590203285217285e+00
5.145327374339103699e-02
1.467916369438171387e+00
3.581798169761896133e-03
2.073725871741771698e-02
3.694978728890419006e-02
1.327891945838928223e-01
1.153985112905502319e-01
5.803856626152992249e-02
4.901036992669105530e-02
7.231152057647705078e-02
1.218061149120330811e-01
0.000000000000000000e+00
6.327504664659500122e-02
2.124231681227684021e-02
6.326278671622276306e-03
2.373567581176757812e+00
6.495640277862548828e-01
0.000000000000000000e+00
1.361754834651947021e-01
1.102429628372192383e+00
2.547098994255065918e-01
0.000000000000000000e+00
7.803202420473098755e-02
0.000000000000000000e+00
2.454717457294464111e-02
0.000000000000000000e+00
0.000000000000000000e+00
2.253242969512939453e+00
1.128349602222442627e-01
2.908408343791961670e-01
2.049202680587768555e+00
2.387303300201892853e-02
8.361495137214660645e-01
6.866508722305297852e-01
1.715614795684814453e-01
4.133382067084312439e-02
3.132559731602668762e-02
6.073661446571350098e-01
6.691612303256988525e-02
2.740335226058959961e+00
8.964312076568603516e-02
1.006793752312660217e-01
0.000000000000000000e+00
3.480443358421325684e-02
3.088103234767913818e-01
1.142881512641906738e-01
3.003671169281005859e-01
1.408400107175111771e-02
1.099323388189077377e-02
4.757133424282073975e-01
6.579887866973876953e-02
0.000000000000000000e+00
1.208530664443969727e+00
4.030032828450202942e-02
2.688062191009521484e-01
3.208051249384880066e-02
6.800072193145751953e-01
6.892561912536621094e-01
1.885615438222885132e-01
7.411493659019470215e-01
1.158318365924060345e-03
9.421002119779586792e-02
9.860967285931110382e-03
2.467550516128540039e+00
1.908389478921890259e-01
2.769106999039649963e-02
2.107995934784412384e-02
7.529611140489578247e-02
1.316483497619628906e+00
5.269228667020797729e-02
1.999395191669464111e-01
1.727178692817687988e-01
2.863061241805553436e-02
3.091288171708583832e-02
4.646925449371337891e+00
3.925897359848022461e+00
3.137562572956085205e-01
5.868695974349975586e-01
5.261031985282897949e-01
2.926733255386352539e+00
4.579607546329498291e-01
1.512740254402160645e-01
6.388817913830280304e-03
2.143515506759285927e-03
7.018834948539733887e-01
8.160327076911926270e-01
1.095739081501960754e-01
1.019746541976928711e+00
1.318837851285934448e-01
6.297145038843154907e-02
7.159748673439025879e-02
0.000000000000000000e+00
5.623514056205749512e-01
6.096118316054344177e-02
1.403667330741882324e+00
7.679110858589410782e-03
2.897136099636554718e-02
2.995745278894901276e-02
1.079337745904922485e-01
5.563275143504142761e-02
0.000000000000000000e+00
6.571887060999870300e-03
9.703913927078247070e-01
2.379063889384269714e-02
3.223898708820343018e-01
1.461845934391021729e-01
9.119988419115543365e-03
1.942325830459594727e-01
6.609057635068893433e-02
0.000000000000000000e+00
4.534310996532440186e-01
0.000000000000000000e+00
0.000000000000000000e+00
0.000000000000000000e+00
5.829579234123229980e-01
1.016714721918106079e-01
1.011730134487152100e-01
2.078354954719543457e-01
3.750269412994384766e-01
1.562578529119491577e-01
1.959958791732788086e+00
0.000000000000000000e+00
1.513737082481384277e+00
1.110965132713317871e+00
2.492233753204345703e+00
4.398313909769058228e-02
2.101582527160644531e+00
2.014398813247680664e+00
9.976790100336074829e-02
0.000000000000000000e+00
1.704329401254653931e-01
2.217361330986022949e-02
2.699485063552856445e+00
5.521099567413330078e-01
0.000000000000000000e+00
0.000000000000000000e+00
5.631750226020812988e-01
3.161335587501525879e-01
0.000000000000000000e+00
7.015821989625692368e-03
6.109089851379394531e-01
1.297162324190139771e-01
1.085222512483596802e-02
2.918770909309387207e-01
8.296498656272888184e-02
4.499130323529243469e-02
1.295862317085266113e+00
4.721237812191247940e-03
1.476521968841552734e+00
1.346319168806076050e-01
1.341642439365386963e-01
8.314101397991180420e-02
0.000000000000000000e+00
3.008371829986572266e+00
6.335360407829284668e-01
1.492668241262435913e-01
2.890515327453613281e-02
4.810168966650962830e-02
1.255442738533020020e+00
2.952326834201812744e-01
2.186808288097381592e-01
3.079550573602318764e-03
2.377283871173858643e-01
3.835831403732299805e+00
1.271514501422643661e-02
1.819340705871582031e+00
3.132189989089965820e+00
0.000000000000000000e+00
0.000000000000000000e+00
6.327451467514038086e-01
1.491744630038738251e-02
2.284312620759010315e-03
2.227516412734985352e+00
0.000000000000000000e+00
2.980899333953857422e+00
9.958985447883605957e-02
3.531260192394256592e-01
5.717289075255393982e-02
3.132213354110717773e-01
1.762550354003906250e+00
8.343528509140014648e-01
1.260899901390075684e-01
6.626260876655578613e-01
7.102475762367248535e-01
1.729220338165760040e-02
0.000000000000000000e+00
3.375384211540222168e-01
0.000000000000000000e+00
1.277034580707550049e-01
0.000000000000000000e+00
0.000000000000000000e+00
1.178841710090637207e+00
3.014104068279266357e-02
4.540432617068290710e-02
1.449646241962909698e-02
2.191072225570678711e+00
5.655545741319656372e-02
1.364415418356657028e-02
5.603954792022705078e-01
0.000000000000000000e+00
8.433811366558074951e-03
1.131063327193260193e-02
0.000000000000000000e+00
6.003770828247070312e-01
0.000000000000000000e+00
8.839518576860427856e-02
1.506197601556777954e-01
1.479045301675796509e-01
2.913621366024017334e-01
2.930749058723449707e-01
2.037369459867477417e-01
7.972444891929626465e-01
4.962063133716583252e-01
1.540683209896087646e-01
2.127248644828796387e-01
6.748844683170318604e-02
0.000000000000000000e+00
0.000000000000000000e+00
2.126523852348327637e-01
5.589779615402221680e-01
2.874867618083953857e-01
2.203175872564315796e-01
3.416815400123596191e-01
9.050272107124328613e-01
8.295932412147521973e-02
0.000000000000000000e+00
0.000000000000000000e+00
0.000000000000000000e+00
2.350890040397644043e-01
2.755487263202667236e-01
2.198961377143859863e-01
3.648075163364410400e-01
4.162578284740447998e-01
2.591038681566715240e-02
3.648575022816658020e-02
0.000000000000000000e+00
1.175077185034751892e-01
2.593101263046264648e-01
1.463969051837921143e-01
7.268407940864562988e-01
1.430688351392745972e-01
0.000000000000000000e+00
2.966026961803436279e-01
0.000000000000000000e+00
1.464491933584213257e-01
1.863008923828601837e-02
1.980657100677490234e+00
9.593561887741088867e-01
2.034677267074584961e-01
4.243111610412597656e-02
3.445513844490051270e-01
1.816244050860404968e-02
2.072436809539794922e+00
1.713536143302917480e+00
1.744267344474792480e-02
1.196744367480278015e-01
2.537749707698822021e-01
1.355733126401901245e-01
6.241028010845184326e-02
1.086722686886787415e-01
2.953820228576660156e-01
6.889759749174118042e-02
0.000000000000000000e+00
2.602919816970825195e+00
7.490242481231689453e+00
3.084312379360198975e-01
2.047862391918897629e-03
4.170448780059814453e+00
1.203164458274841309e+00
0.000000000000000000e+00
0.000000000000000000e+00
0.000000000000000000e+00
0.000000000000000000e+00
9.519343376159667969e-01
1.591390743851661682e-02
3.119939565658569336e-01
1.358699083328247070e+00
2.483330853283405304e-02
8.158569782972335815e-02
4.854655265808105469e-01
0.000000000000000000e+00
6.884454488754272461e-01
0.000000000000000000e+00
1.353460848331451416e-01
4.399830847978591919e-02
5.834514275193214417e-02
6.817888617515563965e-01
1.857876181602478027e+00
0.000000000000000000e+00
2.264626920223236084e-01
3.550241291522979736e-01
3.552562713623046875e+00
2.056522369384765625e-01
1.904726624488830566e+00
4.011883735656738281e-01
3.970662057399749756e-01
0.000000000000000000e+00
1.211274191737174988e-01
2.199090957641601562e+00
1.234737411141395569e-01
7.045275997370481491e-04
1.890692114830017090e+00
7.211764454841613770e-01
4.578054323792457581e-02
2.036895304918289185e-01
4.507783353328704834e-01
7.393593192100524902e-01
5.991653539240360260e-03
9.937896132469177246e-01
9.071458578109741211e-01
2.046293346211314201e-03
1.341130677610635757e-02
2.560130087658762932e-03
1.281521003693342209e-02
1.473584413528442383e+00
2.435334026813507080e-01
6.644340753555297852e-01
7.366379499435424805e-01
0.000000000000000000e+00
2.090551331639289856e-02
1.476472139358520508e+00
1.989384442567825317e-01
5.527337789535522461e-01
9.157225489616394043e-02
1.706995606422424316e+00
1.445136189460754395e+00
3.233318030834197998e-01
5.517762154340744019e-02
5.497188493609428406e-02
0.000000000000000000e+00
2.215679362416267395e-02
1.729813404381275177e-02
0.000000000000000000e+00
0.000000000000000000e+00
5.834025144577026367e-02
3.737253665924072266e+00
0.000000000000000000e+00
8.338073641061782837e-02
0.000000000000000000e+00
4.960981905460357666e-01
2.520511392503976822e-03
6.370732188224792480e-02
6.862229108810424805e-01
7.633261382579803467e-02
0.000000000000000000e+00
2.229748368263244629e-01
4.539636522531509399e-02
0.000000000000000000e+00
3.223606586456298828e+00
2.127704620361328125e-01
1.548281032592058182e-02
1.573536992073059082e-01
2.417365610599517822e-01
1.961810290813446045e-01
2.766930265352129936e-03
1.139640808105468750e-02
0.000000000000000000e+00
1.239525154232978821e-01
1.938156932592391968e-01
7.357345428317785263e-03
2.495965510606765747e-01
4.740664958953857422e-01
1.318918824195861816e+00
1.375556830316781998e-02
1.242284663021564484e-02
0.000000000000000000e+00
5.488533899188041687e-02
3.324963450431823730e-01
1.093888878822326660e-01
3.783407434821128845e-02
0.000000000000000000e+00
3.497633710503578186e-02
2.234303951263427734e-02
1.347929388284683228e-01
2.802434265613555908e-01
1.181092485785484314e-01
1.026784926652908325e-01
7.988450676202774048e-02
1.140722930431365967e-01
2.930796938017010689e-03
0.000000000000000000e+00
7.156252861022949219e-01
4.794799983501434326e-01
2.849384248256683350e-01
1.170911267399787903e-01
0.000000000000000000e+00
9.885133802890777588e-02
6.622561067342758179e-02
0.000000000000000000e+00
2.124964952468872070e+00
2.212055586278438568e-02
1.969641149044036865e-01
5.257355421781539917e-02
1.612823307514190674e-01
0.000000000000000000e+00
0.000000000000000000e+00
7.345984578132629395e-01
5.629196390509605408e-02
1.909694790840148926e+00
6.742363572120666504e-01
8.197828531265258789e-01
2.252548038959503174e-01
2.020159214735031128e-01
1.669635325670242310e-01
3.671813607215881348e-01
5.004420876502990723e-02
2.751548588275909424e-01
5.327321216464042664e-02
3.594064414501190186e-01
0.000000000000000000e+00
3.568380832672119141e+00
5.445741415023803711e-01
8.715783059597015381e-02
3.054816722869873047e+00
0.000000000000000000e+00
0.000000000000000000e+00
5.739480257034301758e-01
7.823406159877777100e-02
5.086934566497802734e-01
1.645436510443687439e-02
7.640226185321807861e-02
6.781814098358154297e-01
3.155407428741455078e+00
9.966728687286376953e-01
9.616680741310119629e-01
5.415365472435951233e-02
2.536507844924926758e+00
2.644779205322265625e+00
3.781629959121346474e-03
0.000000000000000000e+00
6.669216752052307129e-01
1.318157911300659180e-01
1.637633442878723145e-01
1.290000796318054199e+00
4.248361662030220032e-02
3.951735049486160278e-02
8.308885246515274048e-02
1.341970413923263550e-01
4.599777609109878540e-02
1.395841687917709351e-01
1.500886026769876480e-02
2.872422933578491211e+00
5.705671012401580811e-02
1.480035334825515747e-01
1.024888753890991211e-01
5.250853137113153934e-04
1.823723502457141876e-02
1.667444594204425812e-02
8.427497744560241699e-01
1.292517900466918945e+00
0.000000000000000000e+00
6.246293783187866211e-01
6.790778636932373047e-01
1.087227836251258850e-01
8.476127982139587402e-01
1.790635404177010059e-03
0.000000000000000000e+00
1.167550802230834961e+00
8.825390040874481201e-02
1.570766091346740723e+00
0.000000000000000000e+00
1.558179259300231934e-01
1.757752597332000732e-01
0.000000000000000000e+00
2.295981794595718384e-01
2.310741990804672241e-01
1.041244119405746460e-01
0.000000000000000000e+00
2.097744643688201904e-01
5.586911365389823914e-02
1.450949907302856445e-01
2.786638773977756500e-02
1.256722450256347656e+00
1.633361354470252991e-02
0.000000000000000000e+00
0.000000000000000000e+00
1.514540892094373703e-02
0.000000000000000000e+00
2.960268974304199219e+00
4.766781628131866455e-02
1.504314690828323364e-02
8.132150024175643921e-02
3.437096774578094482e-01
0.000000000000000000e+00
1.942918822169303894e-02
2.122718393802642822e-01
1.041597351431846619e-01
2.602993883192539215e-02
1.098808765411376953e+00
1.391139030456542969e+00
3.080476261675357819e-02
3.765848651528358459e-02
0.000000000000000000e+00
7.600188255310058594e-03
6.955564618110656738e-01
2.076296508312225342e-01
4.088737070560455322e-01
6.623926758766174316e-01
7.472445815801620483e-02
5.681081116199493408e-02
0.000000000000000000e+00
3.588494658470153809e-01
2.512895762920379639e-01
0.000000000000000000e+00
2.086620219051837921e-02
0.000000000000000000e+00
8.453997969627380371e-02
9.882725477218627930e-01
0.000000000000000000e+00
2.283659428358078003e-01
1.845699101686477661e-01
1.265214562416076660e+00
2.239938825368881226e-01
1.731547713279724121e-01
8.080508559942245483e-02
0.000000000000000000e+00
3.563995361328125000e-01
0.000000000000000000e+00
1.710190653800964355e+00
8.931443095207214355e-01
8.588053169660270214e-04
5.428044199943542480e-01
2.936088293790817261e-02
0.000000000000000000e+00
2.709042280912399292e-02
4.848908483982086182e-01
2.790309488773345947e-01
9.529636055231094360e-02
7.218927145004272461e-01
1.197354078292846680e+00
7.642924785614013672e-02
5.439512133598327637e-01
2.821636497974395752e-01
2.029810100793838501e-01
1.756861209869384766e-01
4.908595085144042969e-01
5.928010344505310059e-01
6.748308986425399780e-02
2.654863297939300537e-01
1.018863558769226074e+00
2.274137437343597412e-01
1.205536723136901855e+00
4.676630795001983643e-01
1.174220681190490723e+00
2.742554619908332825e-02
1.535654664039611816e+00
0.000000000000000000e+00
1.978504061698913574e-01
1.255457103252410889e-01
1.239374637603759766e+00
3.594987094402313232e-01
0.000000000000000000e+00
5.131518468260765076e-02
1.576990485191345215e-01
9.315223097801208496e-01
2.715554535388946533e-01
2.347877264022827148e+00
1.605712808668613434e-02
3.670715391635894775e-01
1.150010973215103149e-01
0.000000000000000000e+00
0.000000000000000000e+00
0.000000000000000000e+00
1.914738416671752930e+00
4.064104557037353516e-01
7.646008580923080444e-02
2.427933737635612488e-02
0.000000000000000000e+00
8.915853500366210938e-02
7.958333194255828857e-02
1.443048954010009766e+00
4.181545376777648926e-01
5.661395192146301270e-01
2.245922014117240906e-02
1.454415917396545410e+00
5.814319133758544922e+00
2.003352046012878418e-01
2.377495914697647095e-01
0.000000000000000000e+00
0.000000000000000000e+00
4.488233476877212524e-02
0.000000000000000000e+00
5.136095881462097168e-01
8.574296832084655762e-01
1.126333624124526978e-01
0.000000000000000000e+00
0.000000000000000000e+00
8.821000903844833374e-02
2.438958585262298584e-01
1.492125242948532104e-01
1.141341209411621094e+00
0.000000000000000000e+00
1.347817573696374893e-02
9.886819869279861450e-03
2.859356440603733063e-02
5.092689767479896545e-02
1.071995347738265991e-01
2.149888873100280762e-02
1.049281097948551178e-02
1.163233742117881775e-01
0.000000000000000000e+00
0.000000000000000000e+00
2.796588838100433350e-01
1.544105410575866699e-01
2.101593464612960815e-01
1.807167567312717438e-02
0.000000000000000000e+00
2.997303754091262817e-02
1.419150084257125854e-01
2.982491731643676758e+00
1.827548742294311523e+00
2.035120874643325806e-01
3.457972407341003418e-01
1.730999723076820374e-02
2.648940086364746094e-01
1.380664408206939697e-01
9.191036820411682129e-01
2.625520944595336914e+00
3.235850036144256592e-01
0.000000000000000000e+00
1.008190438151359558e-01
3.539220988750457764e-01
7.260622382164001465e-01
0.000000000000000000e+00
3.515754267573356628e-02
1.427708387374877930e+00
5.385999679565429688e-01
1.018425263464450836e-02
0.000000000000000000e+00
1.005932241678237915e-01
0.000000000000000000e+00
0.000000000000000000e+00
2.301452914252877235e-03
3.693401217460632324e-01
9.699906110763549805e-01
6.488248109817504883e-01
2.964456379413604736e-02
0.000000000000000000e+00
2.796261548995971680e+00
6.224205493927001953e-01
2.235028520226478577e-02
4.673591554164886475e-01
0.000000000000000000e+00
7.111861705780029297e-01
0.000000000000000000e+00
3.422130644321441650e-01
8.802258372306823730e-01
0.000000000000000000e+00
2.089959859848022461e+00
0.000000000000000000e+00
1.940032094717025757e-01
1.590011119842529297e-01
0.000000000000000000e+00
4.466228187084197998e-01
9.790904819965362549e-02
2.680005319416522980e-02
3.626294434070587158e-01
0.000000000000000000e+00
4.890515804290771484e-01
1.015129387378692627e-01
2.097496688365936279e-01
7.677029371261596680e-01
1.555189373902976513e-03
4.760810852050781250e+00
0.000000000000000000e+00
1.534683823585510254e+00
1.970285177230834961e-01
2.169627100229263306e-01
4.858643710613250732e-01
2.907695621252059937e-02
5.349741317331790924e-03
2.546062171459197998e-01
1.232885837554931641e+00
6.662570685148239136e-02
0.000000000000000000e+00
5.960271693766117096e-03
9.382740408182144165e-02
1.072010323405265808e-01
7.975723743438720703e-01
3.592923581600189209e-01
5.061570405960083008e-01
4.493513405323028564e-01
2.683762609958648682e-01
5.490784049034118652e-01
1.192258715629577637e+00
6.094392538070678711e-01
6.321610212326049805e-01
5.925774201750755310e-02
0.000000000000000000e+00
0.000000000000000000e+00
2.036157846450805664e-01
4.312986135482788086e-02
1.036742210388183594e+00
5.368043109774589539e-02
9.700419008731842041e-02
4.387632757425308228e-02
4.091978371143341064e-01
7.207769900560379028e-02
0.000000000000000000e+00
4.160003364086151123e-01
9.017694592475891113e-01
4.226331114768981934e-01
4.737363159656524658e-01
4.502907022833824158e-02
0.000000000000000000e+00
1.078363433480262756e-01
1.844312846660614014e-01
6.037917453795671463e-03
6.140422075986862183e-03
0.000000000000000000e+00
6.794181466102600098e-01
4.987813881598412991e-04
3.784653544425964355e-01
2.495195716619491577e-02
8.955677971243858337e-03
1.615824699401855469e-01
0.000000000000000000e+00
7.467776536941528320e-01
2.128761410713195801e-01
3.524107933044433594e-01
0.000000000000000000e+00
1.799867153167724609e+00
1.386826857924461365e-02
1.187682375311851501e-01
6.117792334407567978e-03
5.279804468154907227e-01
0.000000000000000000e+00
1.799139022827148438e+00
2.662030935287475586e+00
0.000000000000000000e+00
0.000000000000000000e+00
2.576939878053963184e-04
1.493689417839050293e-01
8.506132662296295166e-02
6.375421285629272461e-01
1.970555866137146950e-03
0.000000000000000000e+00
1.449987649917602539e+00
2.507988810539245605e-01
0.000000000000000000e+00
4.891757965087890625e-01
1.356563717126846313e-01
2.107475399971008301e-01
3.158754110336303711e-01
9.733546525239944458e-02
3.376655578613281250e-01
9.940429329872131348e-01
1.841950118541717529e-01
4.215261638164520264e-01
2.899947166442871094e-01
3.219600766897201538e-03
1.260269880294799805e-01
9.346577338874340057e-03
0.000000000000000000e+00
1.911884099245071411e-01
1.838692575693130493e-01
5.370607227087020874e-02
2.075223445892333984e+00
0.000000000000000000e+00
3.066450953483581543e-01
1.805376857519149780e-01
2.360061883926391602e+00
3.611213266849517822e-01
1.823539376258850098e+00
0.000000000000000000e+00
5.176188945770263672e-01
2.756349742412567139e-01
1.767569065093994141e+00
0.000000000000000000e+00
2.558298826217651367e+00
4.278437420725822449e-02
1.119793653488159180e-01
1.333624571561813354e-01
3.953510522842407227e-01
1.548053979873657227e+00
2.590318620204925537e-01
4.926057904958724976e-02
0.000000000000000000e+00
6.927131116390228271e-02
5.393888950347900391e-01
4.626504182815551758e-01
5.111268758773803711e-01
6.069791270419955254e-04
1.369976162910461426e+00
4.239455983042716980e-02
5.558471083641052246e-01
3.392205238342285156e-01
0.000000000000000000e+00
4.936506450176239014e-01
0.000000000000000000e+00
5.260436534881591797e-01
9.663963317871093750e-02
1.067650169134140015e-01
6.932523250579833984e-01
0.000000000000000000e+00
4.588742852210998535e-01
3.555568456649780273e-01
8.280817866325378418e-01
1.204584002494812012e+00
7.117943763732910156e-01
2.320659458637237549e-01
0.000000000000000000e+00
1.920698583126068115e-01
7.179748266935348511e-03
1.399210542440414429e-01
2.583443932235240936e-02
2.429618388414382935e-01
4.371150396764278412e-03
0.000000000000000000e+00
2.587829232215881348e-01
7.219330072402954102e-01
8.971678018569946289e-01
1.073042035102844238e+00
2.568593621253967285e-01
6.395192444324493408e-02
5.747221782803535461e-02
3.008986078202724457e-02
8.986438624560832977e-03
4.312677681446075439e-02
2.553437948226928711e-01
0.000000000000000000e+00
8.005047440528869629e-01
0.000000000000000000e+00
3.670296818017959595e-02
1.040607839822769165e-01
1.927707791328430176e+00
1.084266677498817444e-01
1.936804950237274170e-01
2.635681629180908203e-01
3.695194423198699951e-01
4.992605745792388916e-02
2.107585668563842773e-01
1.135136187076568604e-01
1.210157513618469238e+00
0.000000000000000000e+00
0.000000000000000000e+00
8.395566791296005249e-02
5.950304865837097168e-01
2.733553387224674225e-02
9.945175647735595703e-01
0.000000000000000000e+00
7.574992775917053223e-01
5.509604811668395996e-01
1.081516146659851074e+00
3.365524053573608398e+00
0.000000000000000000e+00
0.000000000000000000e+00
0.000000000000000000e+00
0.000000000000000000e+00
0.000000000000000000e+00
5.103548243641853333e-02
7.370910048484802246e-02
1.232719540596008301e+00
3.382750973105430603e-02
8.400252461433410645e-02
3.130567260086536407e-03
9.069751948118209839e-02
0.000000000000000000e+00
1.304470896720886230e-01
1.815793395042419434e+00
2.245876491069793701e-01
1.081435289233922958e-02
2.517291903495788574e-01
3.371017873287200928e-01
1.149651943705976009e-03
2.073160931468009949e-02
0.000000000000000000e+00
1.190617531538009644e-01
6.856206804513931274e-02
3.201672807335853577e-02
1.384609937667846680e-01
7.520803213119506836e-01
0.000000000000000000e+00
0.000000000000000000e+00
1.134968176484107971e-02
0.000000000000000000e+00
1.199930161237716675e-01
3.106046915054321289e-01
5.843474864959716797e-01
8.355118036270141602e-01
2.777693271636962891e-01
8.910545706748962402e-01
1.398737542331218719e-02
1.858118772506713867e+00
2.535873174667358398e+00
2.401621341705322266e-01
2.584235370159149170e-02
1.217625588178634644e-01
4.804891049861907959e-01
8.545462042093276978e-02
6.126974150538444519e-02
7.353562861680984497e-02
3.788401186466217041e-02
3.760898485779762268e-02
5.616677552461624146e-02
1.455462723970413208e-02
6.509562581777572632e-02
3.473448157310485840e-01
5.319153517484664917e-02
1.838192343711853027e+00
9.715576469898223877e-02
1.492274403572082520e-01
3.039156794548034668e-01
2.514849603176116943e-01
3.697496652603149414e-02
0.000000000000000000e+00
5.109316349029541016e+00
0.000000000000000000e+00
1.138218492269515991e-01
2.577081322669982910e-02
2.218235433101654053e-01
3.209922313690185547e-01
1.630013346672058105e+00
0.000000000000000000e+00
1.192724853754043579e-01
0.000000000000000000e+00
0.000000000000000000e+00
1.538354009389877319e-01
0.000000000000000000e+00
8.570608682930469513e-03
8.024277687072753906e-01
7.972055673599243164e-02
4.185709357261657715e-02
1.720412820577621460e-02
1.620586037635803223e+00
5.967884790152311325e-04
1.609388142824172974e-01
0.000000000000000000e+00
7.194356322288513184e-01
6.429605931043624878e-02
3.335464894771575928e-01
7.121630758047103882e-02
1.935679674148559570e+00
9.353097677230834961e-01
5.944231152534484863e-02
1.022947579622268677e-02
2.995976507663726807e-01
1.054313063621520996e+00
0.000000000000000000e+00
5.493611097335815430e-02
7.417163252830505371e-01
1.250785496085882187e-02
0.000000000000000000e+00
7.817715406417846680e-02
2.237917780876159668e-01
1.302391197532415390e-02
2.490199208259582520e-01
1.854614466428756714e-01
2.605169415473937988e-01
0.000000000000000000e+00
0.000000000000000000e+00
4.964812844991683960e-02
2.262653596699237823e-02
4.143899679183959961e-02
1.611087098717689514e-02
4.713492467999458313e-02
1.689934916794300079e-02
7.337957024574279785e-01
1.557711511850357056e-02
3.750845193862915039e-01
7.497830986976623535e-01
7.465071231126785278e-02
2.059459127485752106e-02
4.227067232131958008e-01
5.121469497680664062e-02
3.160156011581420898e-01
4.149441123008728027e-01
1.367328763008117676e-01
1.360414475202560425e-01
1.998672634363174438e-01
2.061637401580810547e+00
3.415547311305999756e-01
8.312118053436279297e-02
0.000000000000000000e+00
9.767612069845199585e-02
1.655593812465667725e-01
1.358464658260345459e-01
1.123346686363220215e-01
3.750870004296302795e-02
2.453052252531051636e-02
3.866470232605934143e-02
1.702175661921501160e-02
0.000000000000000000e+00
1.511309295892715454e-01
2.693512141704559326e-01
2.179595828056335449e-02
4.518333077430725098e-01
0.000000000000000000e+00
5.753594636917114258e-02
3.260037302970886230e-01
1.747534513473510742e+00
3.706083297729492188e+00
1.029916405677795410e+00
0.000000000000000000e+00
7.595747113227844238e-01
2.512626945972442627e-01
5.525966882705688477e-01
3.744459748268127441e-01
0.000000000000000000e+00
5.794147849082946777e-01
1.732982695102691650e-02
2.837113142013549805e-01
5.928441882133483887e-01
8.507651276886463165e-03
1.718498468399047852e-01
2.063270807266235352e-01
2.742041110992431641e+00
2.334902435541152954e-01
5.044524073600769043e-01
1.289112567901611328e-01
1.202739775180816650e-01
2.044179663062095642e-02
2.007763274013996124e-02
5.243952751159667969e+00
8.818143606185913086e-02
1.554911434650421143e-01
2.176019191741943359e+00
1.739132046699523926e+00
3.515500724315643311e-01
2.310130298137664795e-01
0.000000000000000000e+00
8.659344911575317383e-01
1.078444600105285645e+00
5.357496067881584167e-02
1.039955019950866699e-01
5.839089155197143555e-01
1.201772317290306091e-01
4.156114578247070312e+00
3.299316763877868652e-02
3.083704411983489990e-01
0.000000000000000000e+00
1.164753511548042297e-01
2.039954423904418945e+00
0.000000000000000000e+00
4.006370306015014648e-01
0.000000000000000000e+00
9.352331161499023438e-01
1.979756206274032593e-01
1.619027853012084961e-01
1.657193303108215332e-01
1.635814607143402100e-01
6.540546566247940063e-02
1.261291652917861938e-01
4.507353603839874268e-01
0.000000000000000000e+00
1.623699814081192017e-02
1.285235881805419922e-01
8.325684070587158203e-02
0.000000000000000000e+00
0.000000000000000000e+00
0.000000000000000000e+00
0.000000000000000000e+00
2.551386132836341858e-04
3.707689046859741211e+00
3.839620947837829590e-01
3.169925808906555176e-01
0.000000000000000000e+00
1.315564513206481934e+00
4.361726939678192139e-01
2.367956191301345825e-01
0.000000000000000000e+00
4.694481194019317627e-01
2.264523059129714966e-01
6.508019566535949707e-02
8.348904550075531006e-02
0.000000000000000000e+00
9.887661784887313843e-03
2.928079338744282722e-03
1.096348881721496582e+00
5.803095921874046326e-02
0.000000000000000000e+00
2.284197658300399780e-01
8.283272385597229004e-03
2.239039689302444458e-01
7.153210639953613281e-01
0.000000000000000000e+00
3.290351629257202148e-01
7.923964858055114746e-01
0.000000000000000000e+00
6.444149650633335114e-03
1.888570785522460938e-01
5.889396071434020996e-01
1.420359909534454346e-01
2.663847804069519043e-01
4.628331661224365234e-01
6.889588199555873871e-03
3.065023384988307953e-02
1.031687736511230469e+00
9.402107447385787964e-02
3.138987123966217041e-01
4.451261162757873535e-01
3.337091207504272461e-02
2.061850726604461670e-01
7.309336215257644653e-02
1.918789744377136230e-02
0.000000000000000000e+00
8.666433393955230713e-02
0.000000000000000000e+00
7.922084331512451172e-01
1.867913007736206055e-01
0.000000000000000000e+00
6.867773830890655518e-02
1.041896939277648926e-01
6.401789784431457520e-01
0.000000000000000000e+00
1.025447621941566467e-01
2.503945529460906982e-01
1.389623880386352539e+00
0.000000000000000000e+00
0.000000000000000000e+00
2.126156985759735107e-01
2.015533298254013062e-01
1.997286267578601837e-02
3.033537864685058594e-01
1.717276498675346375e-02
1.583280712366104126e-01
1.921747066080570221e-02
4.073638468980789185e-03
2.730900764465332031e+00
1.124865174293518066e+00
1.080829575657844543e-01
0.000000000000000000e+00
0.000000000000000000e+00
1.979211717844009399e-01
3.869341135025024414e+00
1.969706267118453979e-02
0.000000000000000000e+00
0.000000000000000000e+00
2.640240192413330078e-01
4.745431244373321533e-01
4.377865791320800781e-01
6.352470070123672485e-02
0.000000000000000000e+00
2.249031215906143188e-01
1.253991127014160156e+00
2.768579311668872833e-02
0.000000000000000000e+00
7.321006152778863907e-03
1.911841891705989838e-02
3.058796823024749756e-01
0.000000000000000000e+00
2.986702442169189453e+00
0.000000000000000000e+00
2.310283947736024857e-03
0.000000000000000000e+00
8.312205784022808075e-03
0.000000000000000000e+00
1.769897714257240295e-02
2.513076961040496826e-01
1.081739425659179688e+00
4.071906805038452148e-01
0.000000000000000000e+00
7.195745706558227539e-01
0.000000000000000000e+00
4.106963798403739929e-02
2.002928778529167175e-02
2.925267219543457031e-01
1.385761946439743042e-01
7.543270587921142578e-01
0.000000000000000000e+00
0.000000000000000000e+00
6.596108078956604004e-01
3.552210628986358643e-01
8.892044425010681152e-03
7.269252091646194458e-03
4.497053623199462891e-01
1.100140810012817383e+00
0.000000000000000000e+00
1.047351717948913574e+00
1.713882572948932648e-02
2.239073753356933594e+00
1.661725789308547974e-01
3.820773661136627197e-01
2.573372609913349152e-02
5.709971427917480469e+00
2.083594083786010742e+00
6.063306331634521484e-01
1.938897967338562012e-01
9.634041190147399902e-01
0.000000000000000000e+00
5.116478800773620605e-01
0.000000000000000000e+00
6.671516418457031250e+00
3.004898428916931152e-01
2.261704392731189728e-02
5.737761408090591431e-02
9.096061587333679199e-01
5.363885760307312012e-01
1.789640635251998901e-01
2.208035588264465332e-01
7.428607344627380371e-01
1.790554844774305820e-03
7.830800116062164307e-02
1.551043521612882614e-02
1.923590316437184811e-04
0.000000000000000000e+00
5.875552445650100708e-02
1.366911530494689941e-01
6.377897411584854126e-02
7.387014478445053101e-02
3.078058958053588867e-01
2.318859338760375977e+00
2.672282047569751740e-02
8.225452899932861328e-02
1.620207190513610840e+00
2.878871560096740723e-01
6.164556741714477539e-01
0.000000000000000000e+00
2.657394111156463623e-01
2.711374498903751373e-02
8.917689323425292969e-01
0.000000000000000000e+00
6.351849436759948730e-01
0.000000000000000000e+00
1.526201516389846802e-02
2.062133789062500000e+00
2.242900848388671875e+00
3.719154745340347290e-03
1.008111000061035156e+00
5.507263660430908203e+00
4.109854623675346375e-02
2.147079259157180786e-01
6.065607070922851562e-01
0.000000000000000000e+00
6.211867928504943848e-01
4.406890869140625000e-01
0.000000000000000000e+00
2.401169061660766602e+00
5.375412479043006897e-02
3.540271520614624023e-01
3.298511743545532227e+00
5.535151362419128418e-01
4.940012469887733459e-02
0.000000000000000000e+00
0.000000000000000000e+00
0.000000000000000000e+00
7.713919132947921753e-02
2.664151787757873535e-01
9.493299722671508789e-01
5.512869954109191895e-01
4.060353618115186691e-03
2.449057996273040771e-01
2.527386844158172607e-01
2.290116846561431885e-01
0.000000000000000000e+00
6.167370676994323730e-01
7.179168984293937683e-03
0.000000000000000000e+00
0.000000000000000000e+00
2.732194215059280396e-02
1.198742315173149109e-01
1.212932467460632324e-01
2.470767684280872345e-02
0.000000000000000000e+00
8.244472742080688477e-02
4.143589362502098083e-02
1.937978744506835938e+00
1.162560209631919861e-01
5.726934075355529785e-01
2.713292464613914490e-02
3.350775837898254395e-01
9.910911917686462402e-01
2.741791605949401855e-01
0.000000000000000000e+00
2.488538265228271484e+00
1.270713359117507935e-01
9.991075992584228516e-01
0.000000000000000000e+00
8.191801607608795166e-02
9.597121179103851318e-02
3.225919231772422791e-02
2.168468952178955078e+00
1.323466420173645020e+00
2.928260862827301025e-01
0.000000000000000000e+00
1.327153742313385010e-01
8.910215497016906738e-01
2.796586275100708008e+00
0.000000000000000000e+00
2.797221899032592773e+00
3.623045980930328369e-01
3.221519291400909424e-01
3.640604615211486816e-01
1.313452243804931641e+00
1.206407044082880020e-02
1.868727430701255798e-02
5.559639073908329010e-03
4.750830586999654770e-03
5.853078886866569519e-02
8.402432501316070557e-02
0.000000000000000000e+00
2.266866564750671387e-01
1.243951320648193359e+00
6.670969128608703613e-01
1.179078102111816406e+00
0.000000000000000000e+00
0.000000000000000000e+00
6.723951082676649094e-04
1.165488719940185547e+00
8.531434088945388794e-02
3.556429594755172729e-02
0.000000000000000000e+00
5.308988094329833984e-01
5.270443484187126160e-02
1.249139785766601562e+00
0.000000000000000000e+00
2.260215394198894501e-02
2.672140719369053841e-03
1.625475406646728516e+00
5.689309835433959961e-01
0.000000000000000000e+00
1.937950998544692993e-01
8.855413645505905151e-02
1.943581737577915192e-02
3.810596764087677002e-01
2.409703493118286133e+00
5.101536214351654053e-02
4.559907689690589905e-02
2.143106460571289062e-01
0.000000000000000000e+00
0.000000000000000000e+00
2.709198975935578346e-03
0.000000000000000000e+00
7.042584568262100220e-02
4.480073750019073486e-01
0.000000000000000000e+00
0.000000000000000000e+00
9.079243242740631104e-02
1.105840921401977539e+00
1.195016428828239441e-01
2.521294653415679932e-01
2.065534830093383789e+00
7.729666829109191895e-01
7.032058201730251312e-03
4.592702686786651611e-01
1.860462129116058350e-02
3.428336679935455322e-01
0.000000000000000000e+00
0.000000000000000000e+00
0.000000000000000000e+00
4.229111596941947937e-02
0.000000000000000000e+00
6.389178801327943802e-03
2.816520333290100098e-01
1.465670298784971237e-03
4.847758412361145020e-01
4.000012576580047607e-01
5.007709842175245285e-03
0.000000000000000000e+00
2.214024774730205536e-03
1.279842406511306763e-01
2.530442953109741211e+00
3.041170835494995117e-01
4.392078518867492676e-01
0.000000000000000000e+00
5.447864532470703125e-02
5.037875175476074219e-01
1.545204967260360718e-02
8.823457360267639160e-02
5.782560110092163086e-01
1.952452361583709717e-01
1.143191099166870117e+00
1.415276080369949341e-01
4.658272266387939453e-01
0.000000000000000000e+00
2.486832141876220703e+00
1.038785219192504883e+00
0.000000000000000000e+00
1.861698329448699951e-01
0.000000000000000000e+00
1.510815262794494629e+00
0.000000000000000000e+00
4.548369441181421280e-03
1.012657999992370605e+00
1.685541123151779175e-01
4.750201106071472168e-02
3.925358653068542480e-01
0.000000000000000000e+00
1.832692623138427734e-01
3.659267425537109375e-01
1.525706984102725983e-02
3.147673010826110840e-01
6.210565194487571716e-02
5.023448169231414795e-02
8.442351222038269043e-02
2.917666137218475342e-01
1.997710578143596649e-02
7.907713949680328369e-02
4.117504879832267761e-02
1.619350194931030273e+00
3.401148691773414612e-02
1.065549347549676895e-02
0.000000000000000000e+00
1.912109404802322388e-01
6.787751913070678711e-01
2.048476040363311768e-01
1.244848826900124550e-03
0.000000000000000000e+00
6.888175606727600098e-01
6.430933475494384766e-01
1.129011251032352448e-02
3.878380730748176575e-02
4.584860801696777344e-01
1.953940093517303467e-01
0.000000000000000000e+00
7.145999431610107422e+00
4.162801429629325867e-03
8.543745428323745728e-02
7.468348741531372070e-01
2.676026197150349617e-03
1.444965153932571411e-01
5.116081237792968750e-01
3.025032766163349152e-02
1.543393135070800781e+00
0.000000000000000000e+00
1.576109528541564941e-01
0.000000000000000000e+00
1.256059855222702026e-01
2.011419385671615601e-01
4.469253122806549072e-01
2.646824121475219727e-01
6.742042899131774902e-01
0.000000000000000000e+00
3.417427837848663330e-02
1.512696981430053711e+00
0.000000000000000000e+00
1.848212331533432007e-01
1.128590822219848633e+00
1.712004244327545166e-01
4.709571003913879395e-01
3.504468128085136414e-02
1.892011612653732300e-02
3.923990298062562943e-03
0.000000000000000000e+00
6.661615371704101562e-01
9.432246908545494080e-03
1.068346858024597168e+00
0.000000000000000000e+00
2.497819185256958008e+00
0.000000000000000000e+00
3.711552172899246216e-02
1.290544271469116211e+00
3.765831142663955688e-02
5.556637048721313477e-02
1.590293832123279572e-02
0.000000000000000000e+00
2.497248649597167969e+00
0.000000000000000000e+00
4.253420352935791016e+00
4.805587530136108398e-01
1.771668046712875366e-01
8.427997231483459473e-01
1.246316283941268921e-01
1.551493536680936813e-02
3.616557456552982330e-03
2.265891879796981812e-01
1.106981262564659119e-01
1.557615119963884354e-02
2.749616622924804688e+00
1.193426966667175293e+00
1.297006160020828247e-01
2.405921071767807007e-01
4.570151679217815399e-03
1.567746698856353760e-02
3.596392571926116943e-01
2.602162659168243408e-01
3.598107770085334778e-02
8.448213934898376465e-01
4.416262507438659668e-01
1.150620803236961365e-01
0.000000000000000000e+00
2.101956844329833984e+00
8.145659565925598145e-01
9.190534055233001709e-02
4.077353954315185547e+00
1.710376143455505371e-01
1.148723006248474121e+00
1.169563680887222290e-01
1.045283898711204529e-01
3.040908463299274445e-02
1.255974054336547852e+00
0.000000000000000000e+00
1.199680119752883911e-01
0.000000000000000000e+00
1.937416046857833862e-01
2.656758762896060944e-02
9.121841192245483398e-01
8.906113356351852417e-02
1.704790741205215454e-01
3.167624585330486298e-03
4.947299603372812271e-03
2.547751665115356445e+00
3.969380855560302734e+00
1.298031061887741089e-01
3.998188674449920654e-02
2.340621232986450195e+00
4.869850724935531616e-02
1.455938965082168579e-01
5.329725518822669983e-02
4.633312672376632690e-02
9.363052994012832642e-02
1.004191994667053223e+00
7.816253304481506348e-01
1.923479139804840088e-01
2.243237569928169250e-03
0.000000000000000000e+00
5.705334246158599854e-02
1.896319538354873657e-01
1.156894396990537643e-02
4.557347297668457031e-02
1.160904049873352051e+00
2.175847589969635010e-01
1.122147679328918457e+00
2.906443476676940918e-01
8.868522942066192627e-02
3.475683927536010742e-01
1.612481847405433655e-02
2.716555595397949219e-01
3.324617743492126465e-01
3.504059016704559326e-01
3.260209858417510986e-01
5.817240476608276367e-02
1.166498541831970215e+00
6.378868818283081055e-01
6.866900622844696045e-02
2.785487174987792969e-01
1.330370426177978516e+00
2.888604879379272461e+00
0.000000000000000000e+00
3.910962045192718506e-01
1.718927383422851562e+00
4.137350916862487793e-01
0.000000000000000000e+00
5.606406554579734802e-02
2.652535438537597656e-01
1.199408173561096191e-01
4.841153025627136230e-01
2.091245412826538086e+00
1.015919074416160583e-02
3.397833183407783508e-02
1.205034926533699036e-02
0.000000000000000000e+00
6.468546390533447266e-02
1.183416247367858887e-01
8.034725487232208252e-02
0.000000000000000000e+00
1.279133111238479614e-01
0.000000000000000000e+00
3.634504228830337524e-02
1.681488752365112305e-02
2.980530820786952972e-02
1.744427904486656189e-02
0.000000000000000000e+00
1.086106151342391968e-02
8.828774094581604004e-01
1.928700953722000122e-01
1.515829920768737793e+00
9.099193662405014038e-02
2.417132854461669922e-01
0.000000000000000000e+00
4.366768151521682739e-02
7.230062782764434814e-02
6.553596258163452148e-02
2.463925778865814209e-01
0.000000000000000000e+00
6.449489295482635498e-02
3.308830410242080688e-02
9.264128655195236206e-02
1.785413146018981934e+00
5.850892048329114914e-04
0.000000000000000000e+00
3.541505336761474609e-01
3.077248036861419678e-01
4.257362335920333862e-02
2.791615426540374756e-01
1.197910681366920471e-01
0.000000000000000000e+00
9.169793874025344849e-02
3.916674852371215820e-02
0.000000000000000000e+00
2.589603900909423828e+00
1.871000826358795166e-01
3.437604382634162903e-02
4.372068867087364197e-02
2.305763959884643555e+00
5.566520616412162781e-02
1.513470113277435303e-01
8.248392492532730103e-03
1.396103352308273315e-01
2.235133051872253418e-01
1.685832738876342773e-01
4.861232638359069824e-01
3.025783896446228027e-01
1.810309737920761108e-01
4.623420834541320801e-01
2.769367396831512451e-01
0.000000000000000000e+00
6.687982678413391113e-01
4.154045134782791138e-03
5.713381767272949219e-01
0.000000000000000000e+00
1.394838001579046249e-02
4.701733961701393127e-02
1.659728437662124634e-01
9.738202691078186035e-01
2.042192369699478149e-01
0.000000000000000000e+00
1.523191630840301514e-01
1.464773058891296387e+00
1.977082528173923492e-02
1.147746965289115906e-01
5.431479811668395996e-01
9.708752036094665527e-01
7.750997692346572876e-02
9.122353047132492065e-02
8.509863913059234619e-02
4.786717295646667480e-01
4.628770351409912109e-01
1.117074340581893921e-01
1.829367727041244507e-01
7.329165935516357422e-01
3.645756840705871582e-01
0.000000000000000000e+00
0.000000000000000000e+00
2.234608232975006104e-01
1.240443717688322067e-02
2.122396528720855713e-01
3.193624783307313919e-03
0.000000000000000000e+00
0.000000000000000000e+00
6.132789701223373413e-02
1.775224506855010986e-02
1.365523636341094971e-01
2.544199824333190918e-01
2.348749935626983643e-01
2.973143458366394043e-01
0.000000000000000000e+00
1.756610870361328125e-01
0.000000000000000000e+00
5.246502757072448730e-01
3.379416838288307190e-02
9.589872360229492188e-01
1.085128188133239746e+00
2.242558300495147705e-01
3.070807084441184998e-03
6.740120798349380493e-02
3.150040507316589355e-01
0.000000000000000000e+00
0.000000000000000000e+00
9.909166097640991211e-01
5.399388074874877930e-02
4.687081649899482727e-02
1.918113417923450470e-02
0.000000000000000000e+00
3.395895659923553467e-02
7.949454784393310547e-01
5.570395663380622864e-02
3.530398905277252197e-01
2.792842686176300049e-01
0.000000000000000000e+00
6.769832689315080643e-03
0.000000000000000000e+00
8.989511057734489441e-03
5.175018310546875000e-02
1.878337934613227844e-02
8.536974191665649414e-01
3.266655281186103821e-02
0.000000000000000000e+00
2.240478694438934326e-01
9.301816821098327637e-01
0.000000000000000000e+00
7.757596671581268311e-02
1.939879506826400757e-01
0.000000000000000000e+00
1.650929823517799377e-02
1.676878146827220917e-02
4.545971751213073730e-02
0.000000000000000000e+00
0.000000000000000000e+00
1.117891311645507812e+00
4.183952808380126953e-01
1.985574811697006226e-01
1.605246961116790771e-01
3.873893320560455322e-01
6.282898783683776855e-01
9.031743407249450684e-01
1.677038073539733887e+00
1.725125163793563843e-01
2.773930132389068604e-02
0.000000000000000000e+00
0.000000000000000000e+00
1.679603606462478638e-01
0.000000000000000000e+00
4.080502033233642578e+00
1.291681230068206787e-01
5.351569131016731262e-02
1.299190223217010498e-01
