1.755321323871612549e-01
3.643072545528411865e-01
1.483945827931165695e-02
2.065649747848510742e+00
1.612034626305103302e-02
1.048800110816955566e+00
3.812095820903778076e-01
0.000000000000000000e+00
2.365048229694366455e-01
5.832878112792968750e+00
1.183469370007514954e-01
1.758320629596710205e-01
4.329093098640441895e-01
9.641107916831970215e-02
4.065700471401214600e-01
4.985288977622985840e-01
7.598796486854553223e-02
1.669134020805358887e+00
1.510318994522094727e+00
2.780337572097778320e+00
1.844880580902099609e+00
1.660699248313903809e-01
5.550190061330795288e-02
3.607492148876190186e-02
1.581632047891616821e-01
2.049904018640518188e-01
1.796755939722061157e-01
1.030950307846069336e+00
1.517097353935241699e+00
0.000000000000000000e+00
5.664065480232238770e-01
3.181827962398529053e-01
1.376959681510925293e-01
5.222359299659729004e-01
1.770721375942230225e-02
1.086734771728515625e+00
0.000000000000000000e+00
1.985671371221542358e-01
3.276243507862091064e-01
1.754996180534362793e-01
1.234097123146057129e+00
3.610140085220336914e-02
4.200748354196548462e-02
3.088065862655639648e+00
7.821033149957656860e-02
1.817235350608825684e-01
3.829643726348876953e-01
1.639295578002929688e+00
2.233815431594848633e+00
3.484617546200752258e-02
7.105363998562097549e-03
3.323919773101806641e-01
0.000000000000000000e+00
1.401274681091308594e+00
0.000000000000000000e+00
2.466510295867919922e+00
3.888296484947204590e-01
5.627139210700988770e-01
7.110890150070190430e-01
4.489820301532745361e-01
1.196311831474304199e+00
4.599979817867279053e-01
3.908354997634887695e+00
2.969147861003875732e-01
7.868624925613403320e-01
9.087111949920654297e-01
1.497432112693786621e+00
1.514821499586105347e-01
5.061501264572143555e-01
0.000000000000000000e+00
1.635761857032775879e+00
6.411519050598144531e-01
1.993511915206909180e-01
2.552616298198699951e-01
2.575295925140380859e+00
3.214916586875915527e-02
1.661903858184814453e+00
2.832222282886505127e-01
2.497963793575763702e-02
2.854178193956613541e-03
6.438122987747192383e-01
5.429438129067420959e-02
4.104654788970947266e-01
3.888544440269470215e-01
9.061813354492187500e-01
6.553202867507934570e-01
1.021993085741996765e-01
1.611094735562801361e-02
7.558578848838806152e-01
4.535239189863204956e-02
1.285465598106384277e+00
1.188186645507812500e+00
1.286877632141113281e+00
1.715088039636611938e-01
7.602936774492263794e-02
1.378397047519683838e-01
4.311371147632598877e-01
9.132735431194305420e-02
5.652527213096618652e-01
1.716304540634155273e+00
0.000000000000000000e+00
1.382510185241699219e+00
2.135309696197509766e+00
2.318612486124038696e-01
4.631505310535430908e-01
1.505457460880279541e-01
1.590131595730781555e-02
1.303479671478271484e-01
2.392404526472091675e-01
4.107865810394287109e+00
7.474475353956222534e-02
8.179441094398498535e-01
7.184746265411376953e-01
1.625606894493103027e+00
3.438457250595092773e-01
2.089378535747528076e-01
5.561445355415344238e-01
0.000000000000000000e+00
1.793812632560729980e+00
6.142372488975524902e-01
6.145589947700500488e-01
1.609859019517898560e-01
1.236803293228149414e+00
6.252338886260986328e-01
6.416742205619812012e-01
1.353633403778076172e-01
3.491581082344055176e-01
8.511199057102203369e-02
3.971918672323226929e-02
3.566372394561767578e-01
9.780441969633102417e-02
3.260841667652130127e-01
2.929710149765014648e-01
1.670996069908142090e+00
1.161162972450256348e+00
5.304578691720962524e-02
2.319926619529724121e-01
3.237921893596649170e-01
5.385508060455322266e+00
4.289955198764801025e-01
8.249028921127319336e-01
4.709963798522949219e-01
8.642145395278930664e-01
3.868593648076057434e-02
1.047375559806823730e+00
1.311053335666656494e-02
3.211320564150810242e-02
8.349465578794479370e-02
3.051782548427581787e-01
4.476743042469024658e-01
5.054478645324707031e-01
1.189131662249565125e-01
1.928663104772567749e-01
2.808753550052642822e-01
4.143455624580383301e-01
1.330703198909759521e-01
1.194756254553794861e-01
1.478872448205947876e-01
0.000000000000000000e+00
1.013653501868247986e-01
8.083043694496154785e-01
1.452860355377197266e+00
2.731370627880096436e-01
4.577646851539611816e-01
6.744804978370666504e-01
1.728257060050964355e+00
9.473875910043716431e-02
1.884151399135589600e-01
1.080325365066528320e+00
6.149861216545104980e-01
4.253158271312713623e-01
3.419007956981658936e-01
1.911072373390197754e+00
1.366658926010131836e+00
3.799252808094024658e-01
9.998946785926818848e-01
8.776372671127319336e-02
3.369775116443634033e-01
3.865162655711174011e-02
2.966229915618896484e-01
6.502346992492675781e-01
6.647514700889587402e-01
7.903820276260375977e-02
7.312796711921691895e-01
8.858760446310043335e-02
2.454820871353149414e+00
1.379660964012145996e+00
1.651046127080917358e-01
8.603652119636535645e-01
1.475953698158264160e+00
3.650485575199127197e-01
7.309395670890808105e-01
2.327169477939605713e-01
2.544481754302978516e+00
5.363506078720092773e-02
3.252525627613067627e-01
3.348499536514282227e-01
2.291784524917602539e+00
2.067850083112716675e-01
4.183256328105926514e-01
3.107646107673645020e-01
3.486959636211395264e-01
6.545771658420562744e-02
4.927667975425720215e-01
1.895109564065933228e-02
8.344963192939758301e-01
5.487035512924194336e-01
2.389899492263793945e+00
1.283683329820632935e-01
8.601305074989795685e-03
1.119086220860481262e-01
6.857965588569641113e-01
4.283041656017303467e-01
5.212640389800071716e-02
1.872351914644241333e-01
0.000000000000000000e+00
8.073341250419616699e-01
4.434534311294555664e-01
5.845777392387390137e-01
5.515807628631591797e+00
2.878970205783843994e-01
7.514051627367734909e-03
7.201367020606994629e-01
2.891272604465484619e-01
4.795224219560623169e-02
4.644628167152404785e-01
3.177284076809883118e-02
1.163601502776145935e-01
1.616087108850479126e-01
4.205422699451446533e-01
2.144986577332019806e-02
8.617254495620727539e-01
3.419024944305419922e+00
1.646117419004440308e-01
3.497793674468994141e-01
0.000000000000000000e+00
1.185650750994682312e-01
1.118961945176124573e-01
5.148274451494216919e-02
5.500130057334899902e-01
1.112296730279922485e-01
5.170377492904663086e-01
2.094842344522476196e-01
1.396417468786239624e-01
1.791256666183471680e-01
2.927181720733642578e-01
2.424754947423934937e-02
2.800750136375427246e-01
9.333469718694686890e-02
1.272307634353637695e-01
5.382006056606769562e-03
5.283827781677246094e-01
5.586198568344116211e-01
2.758936882019042969e-01
4.517152011394500732e-01
1.119594350457191467e-01
2.913739085197448730e-01
1.015245199203491211e+00
1.370716691017150879e+00
4.434953257441520691e-02
1.178718209266662598e+00
2.181466579437255859e+00
3.512350916862487793e-01
3.415394127368927002e-01
1.835534423589706421e-01
9.726832062005996704e-02
8.652425557374954224e-02
2.871378958225250244e-01
3.168617010116577148e+00
8.647028207778930664e-01
3.904665261507034302e-02
1.281802296638488770e+00
5.965379625558853149e-02
2.108691930770874023e-01
2.098831683397293091e-01
2.741045475006103516e+00
1.621200442314147949e+00
1.162332668900489807e-02
5.080013871192932129e-01
1.020381301641464233e-01
2.600830339360982180e-05
1.897617131471633911e-01
7.036219835281372070e-01
2.041953150182962418e-03
4.215551614761352539e-01
2.295577526092529297e-01
5.890564322471618652e-01
1.528486311435699463e-01
1.630885601043701172e-01
4.009277820587158203e-01
1.947605162858963013e-01
1.604888737201690674e-01
1.299450546503067017e-01
1.088814809918403625e-01
0.000000000000000000e+00
5.941250324249267578e-01
1.784517914056777954e-01
6.672699749469757080e-02
5.882506966590881348e-01
5.296825766563415527e-01
4.393149912357330322e-02
1.310147643089294434e+00
1.207238435745239258e-01
1.057776510715484619e-01
5.470343828201293945e-01
5.639786124229431152e-01
1.364929676055908203e-01
1.617402553558349609e+00
2.792199850082397461e-01
4.982219636440277100e-01
7.753822952508926392e-02
8.577404916286468506e-02
4.195420742034912109e-01
4.538449645042419434e-01
2.701524086296558380e-02
3.190882503986358643e-01
2.661592245101928711e+00
2.406165897846221924e-01
2.030240297317504883e-01
1.792599856853485107e-01
8.743067830801010132e-02
1.279911547899246216e-01
5.498316884040832520e-01
1.734507642686367035e-02
7.498953491449356079e-02
2.697556018829345703e-01
3.626335263252258301e-01
3.126641213893890381e-01
1.065033301711082458e-01
1.579137325286865234e+00
6.873099803924560547e-01
2.396547794342041016e+00
6.612775921821594238e-01
9.811662435531616211e-01
2.579702615737915039e+00
8.488973975181579590e-02
1.170676797628402710e-01
1.945987790822982788e-01
0.000000000000000000e+00
4.341976046562194824e-01
4.639666080474853516e-01
3.632628023624420166e-01
0.000000000000000000e+00
1.864023059606552124e-01
1.208717077970504761e-01
1.056178808212280273e+00
1.726218312978744507e-01
7.918007373809814453e-01
8.695353567600250244e-02
3.572173118591308594e-01
2.021858245134353638e-01
3.577185049653053284e-02
2.525315046310424805e+00
2.104593962430953979e-01
1.451701223850250244e-01
8.329471200704574585e-02
5.467260256409645081e-02
5.013348460197448730e-01
2.820681035518646240e-01
6.406441330909729004e-01
2.032736539840698242e-01
5.053815841674804688e-01
9.896081686019897461e-02
1.423431336879730225e-01
4.017360508441925049e-02
2.585435807704925537e-01
9.820325970649719238e-01
1.619671434164047241e-01
2.881574928760528564e-01
8.514103293418884277e-02
7.251640558242797852e-01
3.879108130931854248e-01
0.000000000000000000e+00
2.705758213996887207e-01
3.211713433265686035e-01
3.281212151050567627e-01
7.129572033882141113e-01
2.471634745597839355e-02
4.973885715007781982e-01
0.000000000000000000e+00
2.925977945327758789e+00
1.994717001914978027e+00
1.479755491018295288e-01
5.795784592628479004e-01
6.438475847244262695e-01
1.358176469802856445e-01
3.782818792387843132e-03
5.044167041778564453e-01
2.938152290880680084e-02
4.367054104804992676e-01
7.781361341476440430e-01
1.185272112488746643e-01
7.059340924024581909e-02
2.415602328255772591e-03
6.711885929107666016e-01
1.985579490661621094e+00
3.401672244071960449e-01
3.460803767666220665e-03
4.030676782131195068e-01
3.674152866005897522e-02
2.471914142370223999e-01
4.573282599449157715e-01
7.925931811332702637e-01
6.492230892181396484e-01
3.786132931709289551e-01
7.625313401222229004e-01
5.195933580398559570e-01
1.166358232498168945e+00
1.536050796508789062e+00
7.304623257368803024e-03
2.509860992431640625e+00
1.466686725616455078e-01
7.866483926773071289e-01
3.526479899883270264e-01
6.110765337944030762e-01
3.671939671039581299e-02
9.663248807191848755e-02
1.569218486547470093e-01
2.772058360278606415e-02
1.228858590126037598e+00
2.190087437629699707e-01
2.109939813613891602e+00
5.024418830871582031e-01
5.083495378494262695e-01
6.253977417945861816e-01
1.525007963180541992e+00
2.579304218292236328e+00
7.431877404451370239e-02
5.193669199943542480e-01
1.191473677754402161e-01
2.140277862548828125e+00
1.031909584999084473e+00
1.887748241424560547e-01
3.219215869903564453e-01
2.121180109679698944e-02
8.292266726493835449e-01
2.072435379028320312e+00
4.280372858047485352e-01
2.117627859115600586e-01
3.555721342563629150e-01
3.712071850895881653e-02
2.355847507715225220e-02
0.000000000000000000e+00
1.299394853413105011e-02
6.698698997497558594e-01
3.593119084835052490e-01
5.020164847373962402e-01
3.183953762054443359e-01
3.810590505599975586e-01
3.147185444831848145e-01
6.857007145881652832e-01
6.131766363978385925e-02
5.482421517372131348e-01
3.640819072723388672e+00
1.563071310520172119e-01
3.780747950077056885e-01
2.423512004315853119e-02
5.925557613372802734e-01
3.425496220588684082e-01
0.000000000000000000e+00
6.736495345830917358e-02
2.303682416677474976e-01
1.205582618713378906e-01
2.366855740547180176e-02
4.295684397220611572e-02
7.296519726514816284e-02
2.587745189666748047e-01
2.482142895460128784e-01
0.000000000000000000e+00
2.333532571792602539e+00
3.202431797981262207e-01
2.260245084762573242e+00
1.211219191551208496e+00
1.430295854806900024e-01
4.206423461437225342e-01
8.731544017791748047e-01
5.670868754386901855e-01
2.035328388214111328e+00
1.722191929817199707e+00
5.858678221702575684e-01
2.789114713668823242e-01
4.234862029552459717e-01
1.545600891113281250e+00
5.162281990051269531e-01
4.439208507537841797e+00
2.101344019174575806e-01
2.663740143179893494e-02
1.606519520282745361e-01
1.264249801635742188e+00
3.048025816679000854e-02
0.000000000000000000e+00
1.514639854431152344e-01
9.964870810508728027e-01
4.281759858131408691e-01
3.851176798343658447e-01
6.922690868377685547e-01
2.226111292839050293e-02
1.684402465820312500e+00
1.012232899665832520e+00
4.975737631320953369e-01
2.872397899627685547e-01
2.685809973627328873e-03
1.575442105531692505e-01
0.000000000000000000e+00
2.111519098281860352e+00
3.245708048343658447e-01
1.372197628021240234e+00
5.696087479591369629e-01
5.347408056259155273e-01
5.591380223631858826e-02
3.371441364288330078e-01
8.360630869865417480e-01
5.874358415603637695e-01
6.478565335273742676e-01
1.383915066719055176e+00
5.965246353298425674e-03
6.681600213050842285e-01
5.268207192420959473e-01
1.234257578849792480e+00
7.274110615253448486e-02
8.951556086540222168e-01
5.485140085220336914e-01
9.225360155105590820e-01
8.473190665245056152e-01
0.000000000000000000e+00
8.687562942504882812e-01
9.540071487426757812e-01
1.648098789155483246e-02
4.561789333820343018e-01
1.006474811583757401e-02
1.310527086257934570e+00
1.453651785850524902e+00
3.993030190467834473e-01
5.562305450439453125e-02
1.003664612770080566e+00
5.334890484809875488e-01
1.877027004957199097e-01
9.179413318634033203e-01
1.752793043851852417e-01
1.569487929344177246e+00
0.000000000000000000e+00
4.468754231929779053e-01
0.000000000000000000e+00
3.916193246841430664e-01
6.185115128755569458e-02
1.870472729206085205e-02
6.457440376281738281e+00
3.024372756481170654e-01
3.079923689365386963e-01
2.243398427963256836e-01
1.911597698926925659e-01
7.563651353120803833e-02
1.810370981693267822e-01
0.000000000000000000e+00
2.185456156730651855e-01
9.903965890407562256e-02
2.111116886138916016e+00
2.203798294067382812e-02
1.276667118072509766e-01
9.557291865348815918e-02
2.313081622123718262e-01
9.438318759202957153e-02
3.331444859504699707e-01
8.996777534484863281e-01
1.777502894401550293e-01
1.357834458351135254e+00
8.166249096393585205e-02
5.820559337735176086e-02
0.000000000000000000e+00
1.099435091018676758e-01
1.533097982406616211e+00
1.654909372329711914e+00
6.985099613666534424e-02
1.551976893097162247e-02
7.456838488578796387e-01
8.456043601036071777e-01
7.186102867126464844e-01
1.282390803098678589e-01
1.365829259157180786e-01
4.249195456504821777e-01
1.690979450941085815e-01
1.783205866813659668e-01
2.005161345005035400e-01
5.541481450200080872e-02
3.119044899940490723e-01
1.928028762340545654e-01
0.000000000000000000e+00
3.874118924140930176e-01
1.944723963737487793e+00
0.000000000000000000e+00
3.161789774894714355e-01
2.776590883731842041e-01
1.605229079723358154e-01
1.475285291671752930e-01
7.201477885246276855e-01
6.292309165000915527e-01
1.973736286163330078e-01
2.350740581750869751e-01
6.631933897733688354e-02
3.385036885738372803e-01
6.002829670906066895e-01
9.383580684661865234e-01
7.464519888162612915e-02
4.853618621826171875e+00
1.486744433641433716e-01
0.000000000000000000e+00
1.424239426851272583e-01
3.781464099884033203e-01
8.033027872443199158e-03
2.117931395769119263e-01
8.776444196701049805e-01
1.122890971601009369e-02
2.789721488952636719e-01
3.821885287761688232e-01
5.939784049987792969e-01
2.250890970230102539e+00
1.175462976098060608e-01
9.255930781364440918e-01
1.400618910789489746e+00
1.011517550796270370e-02
8.921063542366027832e-01
1.675419360399246216e-01
1.898232549428939819e-01
2.522608041763305664e-01
1.029001235961914062e+00
6.959815621376037598e-01
2.242289185523986816e-01
1.696019053459167480e+00
5.960075855255126953e-01
6.294493675231933594e-01
6.588287353515625000e-01
3.253485262393951416e-01
1.957657456398010254e+00
0.000000000000000000e+00
3.515554964542388916e-01
8.391457200050354004e-01
2.123300582170486450e-01
1.292474746704101562e+00
5.588575601577758789e-01
6.124282255768775940e-02
2.949688136577606201e-01
1.292755246162414551e+00
4.735475778579711914e-01
1.207628726959228516e+00
5.046510100364685059e-01
1.119247317314147949e+00
2.060312926769256592e-01
0.000000000000000000e+00
1.356931686401367188e+00
4.957379400730133057e-01
0.000000000000000000e+00
3.585144132375717163e-02
1.904059052467346191e-01
3.253651618957519531e+00
4.688205718994140625e-01
8.237027525901794434e-01
6.821109056472778320e-01
4.366817697882652283e-02
3.242217898368835449e-01
3.340588092803955078e+00
1.512148976325988770e+00
1.504910588264465332e-01
1.042096018791198730e+00
7.219243049621582031e-01
0.000000000000000000e+00
0.000000000000000000e+00
4.893970787525177002e-01
1.559467464685440063e-01
2.150167465209960938e+00
1.047716662287712097e-02
1.025047421455383301e+00
1.734217405319213867e-01
1.082671165466308594e+00
6.736990064382553101e-02
2.015514522790908813e-01
2.305657789111137390e-02
1.400527834892272949e+00
2.224624007940292358e-01
3.220724463462829590e-01
2.538942098617553711e-01
2.034316778182983398e+00
2.821840047836303711e-01
9.536498039960861206e-02
5.197743326425552368e-02
2.832793863490223885e-03
2.984780631959438324e-02
1.885368227958679199e+00
1.009312748908996582e+00
5.300816893577575684e-01
1.855359994806349277e-03
3.544169187545776367e+00
3.257587850093841553e-01
7.335811108350753784e-02
1.371521592140197754e+00
2.737837135791778564e-01
1.507947891950607300e-01
3.868902847170829773e-02
2.162682265043258667e-01
1.270836591720581055e-01
2.895152866840362549e-01
1.159481883049011230e+00
1.363775730133056641e+00
4.148772731423377991e-02
3.724807798862457275e-01
9.984420537948608398e-01
4.918659105896949768e-02
0.000000000000000000e+00
1.323942095041275024e-01
7.860593199729919434e-01
1.668498158454895020e+00
9.157299250364303589e-02
1.806056946516036987e-01
3.081019036471843719e-02
3.314821720123291016e-01
2.327240705490112305e-01
0.000000000000000000e+00
7.563856244087219238e-01
8.757082819938659668e-01
1.306706517934799194e-01
2.377990167587995529e-03
0.000000000000000000e+00
1.873631775379180908e-01
6.067672371864318848e-01
6.049554795026779175e-02
4.286756813526153564e-01
3.949607536196708679e-02
5.434665083885192871e-01
2.121998310089111328e+00
6.888892650604248047e-01
1.178050320595502853e-02
1.200171113014221191e-01
1.298806536942720413e-02
9.655728340148925781e-01
4.461803436279296875e-01
3.131429851055145264e-01
1.509562730789184570e+00
1.758321933448314667e-02
2.833979427814483643e-01
8.170120418071746826e-02
4.937931895256042480e-02
8.808848261833190918e-01
9.893826395273208618e-02
4.063610136508941650e-01
2.374004572629928589e-01
0.000000000000000000e+00
1.387703814543783665e-03
2.201001644134521484e-01
5.036452412605285645e-01
0.000000000000000000e+00
1.597266197204589844e+00
1.053724527359008789e+00
2.563386261463165283e-01
6.805340945720672607e-02
2.736675441265106201e-01
9.194495528936386108e-02
9.502783417701721191e-02
3.213784992694854736e-01
1.419203430414199829e-01
1.246717929840087891e+00
6.917749643325805664e-01
0.000000000000000000e+00
9.570255875587463379e-02
2.293363809585571289e-01
3.118818700313568115e-01
2.484586954116821289e+00
6.694336533546447754e-01
0.000000000000000000e+00
2.088847458362579346e-01
7.194589972496032715e-01
9.619166851043701172e-01
3.598991781473159790e-03
0.000000000000000000e+00
5.757810473442077637e-01
2.893498837947845459e-01
3.906600475311279297e-01
1.060317873954772949e+00
4.425914287567138672e-01
7.927139401435852051e-01
3.723689615726470947e-01
1.064884215593338013e-01
5.710183829069137573e-02
8.522866666316986084e-02
2.770255133509635925e-02
1.193103909492492676e+00
1.975396275520324707e+00
5.420738458633422852e-01
6.027108430862426758e-01
0.000000000000000000e+00
1.021865248680114746e+00
6.091271042823791504e-01
1.160824298858642578e+00
6.732469890266656876e-03
4.937716424465179443e-01
0.000000000000000000e+00
3.866406381130218506e-01
4.606837928295135498e-01
3.117647767066955566e-01
2.521946728229522705e-01
3.447252511978149414e-01
3.097959756851196289e-01
1.114973783493041992e+00
1.255841702222824097e-01
2.081502914428710938e+00
1.061091646552085876e-01
1.162912622094154358e-01
2.406939268112182617e-01
3.314238190650939941e-01
7.486923933029174805e-01
4.320830821990966797e+00
2.055476456880569458e-01
6.594021320343017578e-01
3.206008970737457275e-01
2.304731309413909912e-02
4.353270232677459717e-01
1.560781449079513550e-01
6.657323837280273438e-01
8.436726927757263184e-01
3.135730922222137451e-01
8.266451954841613770e-01
1.303479075431823730e-01
1.035638689994812012e+00
3.463528156280517578e-01
1.806207746267318726e-01
1.914791166782379150e-01
5.264654159545898438e-01
8.713096976280212402e-01
3.516720235347747803e-01
7.529892921447753906e-01
4.880826454609632492e-03
1.202369689941406250e+00
1.325896941125392914e-02
2.854685857892036438e-02
8.070541620254516602e-01
1.263872861862182617e+00
2.665844559669494629e-01
1.139296889305114746e-01
4.155926778912544250e-02
6.283525228500366211e-01
1.592079550027847290e-02
1.715560317039489746e+00
1.218965530395507812e+00
1.482451200485229492e+00
2.242920100688934326e-01
2.315106838941574097e-01
4.420785009860992432e-01
5.313941240310668945e-01
2.755249440670013428e-01
3.817506134510040283e-01
6.874437332153320312e-01
2.016264200210571289e-02
4.719612374901771545e-02
6.042677164077758789e-02
2.205504477024078369e-02
1.535102486610412598e+00
5.807007551193237305e-01
3.805265724658966064e-01
3.483920097351074219e-01
2.926092036068439484e-02
7.239933609962463379e-01
1.753825396299362183e-01
6.576242446899414062e-01
2.130969762802124023e-01
6.475358009338378906e-01
2.146215915679931641e+00
1.954487264156341553e-01
1.303183674812316895e+00
3.741163909435272217e-01
2.422512620687484741e-01
1.707518845796585083e-01
3.252635955810546875e+00
1.051091551780700684e+00
2.550872564315795898e+00
4.757148623466491699e-01
2.512860894203186035e-01
2.081841230392456055e-01
6.981127262115478516e-01
9.502286314964294434e-01
1.731660068035125732e-01
2.633981034159660339e-02
1.321639418601989746e+00
4.886775016784667969e-01
5.751145258545875549e-02
1.131819710135459900e-01
5.578277707099914551e-01
4.106724858283996582e-01
1.237583756446838379e+00
3.568868041038513184e-01
3.222255408763885498e-01
8.820243477821350098e-01
5.873888134956359863e-01
4.202646732330322266e+00
7.698107510805130005e-02
8.657219409942626953e-01
1.879913210868835449e-01
1.204115990549325943e-02
8.626850843429565430e-01
1.643887162208557129e+00
2.465159416198730469e+00
5.647467374801635742e-01
0.000000000000000000e+00
7.908868789672851562e-01
4.089448750019073486e-01
2.247785329818725586e-01
1.609321832656860352e-01
4.386445879936218262e-02
1.134041309356689453e+00
7.368219494819641113e-01
2.203228235244750977e+00
1.975887641310691833e-02
5.263964086771011353e-02
2.442182786762714386e-02
2.084661722183227539e-01
1.991878449916839600e-01
1.191820383071899414e+00
5.356177091598510742e-01
9.392318874597549438e-02
6.719512939453125000e-01
1.920801997184753418e-01
8.519677817821502686e-02
2.566341757774353027e-01
7.009804993867874146e-02
1.450794190168380737e-01
2.182060480117797852e-01
5.765092968940734863e-01
3.899495899677276611e-01
3.913865327835083008e+00
4.406926631927490234e+00
5.437391251325607300e-02
1.031803488731384277e-01
3.400391638278961182e-01
5.205658674240112305e-01
2.610088586807250977e-01
1.646537184715270996e-01
3.101287782192230225e-01
2.458049774169921875e+00
1.498246788978576660e+00
5.171070694923400879e-01
3.210895135998725891e-02
1.368086576461791992e+00
4.767123162746429443e-01
1.333325356245040894e-01
5.596936941146850586e-01
6.776289939880371094e-01
4.208738505840301514e-01
7.856312394142150879e-01
2.859904170036315918e-01
5.342805013060569763e-02
0.000000000000000000e+00
2.231531143188476562e+00
6.109514236450195312e-01
0.000000000000000000e+00
9.783347249031066895e-01
4.325303733348846436e-01
1.674362182617187500e+00
2.110490202903747559e-01
9.176782369613647461e-01
4.689185619354248047e-01
2.935943841934204102e+00
9.981872886419296265e-02
2.475074306130409241e-02
1.094049453735351562e+00
4.311319589614868164e-01
4.343733564019203186e-02
0.000000000000000000e+00
2.294231951236724854e-01
3.149927854537963867e+00
2.723987400531768799e-01
2.303438335657119751e-01
8.332096934318542480e-01
1.101596206426620483e-01
2.218731492757797241e-01
9.594756364822387695e-01
5.433226823806762695e-01
1.486624240875244141e+00
2.737541496753692627e-01
4.310554265975952148e-01
3.309176564216613770e-01
1.369839813560247421e-02
2.103631973266601562e+00
0.000000000000000000e+00
2.703180536627769470e-02
3.866434991359710693e-01
4.899565279483795166e-01
2.213481962680816650e-01
5.774449557065963745e-03
5.379724502563476562e-01
6.683359146118164062e-01
4.281695187091827393e-01
1.797196865081787109e-01
5.202283710241317749e-02
1.972676515579223633e+00
1.164711564779281616e-01
7.318110466003417969e-01
2.148761004209518433e-01
4.410707950592041016e-01
7.990503311157226562e-01
9.562555551528930664e-01
1.153706431388854980e+00
1.005310416221618652e+00
1.235365629196166992e+00
3.727122247219085693e-01
1.922780573368072510e-01
3.545261621475219727e-01
9.131820499897003174e-02
1.694420933723449707e+00
2.975469231605529785e-01
1.901428997516632080e-01
1.426858544349670410e+00
4.645792394876480103e-02
1.418080210685729980e+00
5.886372327804565430e-01
1.327046632766723633e+00
7.577870041131973267e-02
1.113987900316715240e-02
8.975824713706970215e-01
6.320710182189941406e-01
3.577294293791055679e-03
3.373863697052001953e-01
1.041027069091796875e+00
4.101020395755767822e-01
1.868858784437179565e-01
2.540999174118041992e+00
9.637066721916198730e-02
2.732362747192382812e-01
0.000000000000000000e+00
1.088695406913757324e+00
1.203139349818229675e-01
2.253470122814178467e-01
9.749460816383361816e-01
4.966355562210083008e-01
1.635990142822265625e-01
5.188743472099304199e-01
1.425599604845046997e-01
3.965930081903934479e-03
7.934582829475402832e-01
4.077994823455810547e-01
2.141078472137451172e+00
7.549111247062683105e-01
7.341344952583312988e-01
1.973205246031284332e-02
3.246793746948242188e-01
9.731091856956481934e-01
2.050400227308273315e-01
8.102409243583679199e-01
4.889701902866363525e-01
5.449211597442626953e-01
6.711136102676391602e-01
1.337699532508850098e+00
7.757599353790283203e-01
1.509277462959289551e+00
1.435101866722106934e+00
6.319594383239746094e-01
1.950117349624633789e-01
3.824362903833389282e-02
5.591697692871093750e-01
7.853383570909500122e-02
9.728393554687500000e-01
4.863471090793609619e-01
1.332419514656066895e-01
1.002325415611267090e-01
4.483978152275085449e-01
1.232471689581871033e-01
1.777805387973785400e-01
8.446415662765502930e-01
4.573440849781036377e-01
8.379124850034713745e-02
5.634303670376539230e-03
5.161377787590026855e-01
9.077248573303222656e-01
2.504581809043884277e-01
0.000000000000000000e+00
2.533420622348785400e-01
1.985913157463073730e+00
4.587086141109466553e-01
2.611029386520385742e+00
2.007929086685180664e+00
6.411380171775817871e-01
3.071977198123931885e-01
3.307485580444335938e+00
2.650457382202148438e+00
5.194391012191772461e-01
3.886901214718818665e-02
2.519137226045131683e-02
1.851636543869972229e-02
6.736145615577697754e-01
1.403169631958007812e-01
8.682251721620559692e-02
1.233296990394592285e-01
1.075299978256225586e+00
1.048878133296966553e-01
1.690387010574340820e+00
1.005412459373474121e+00
0.000000000000000000e+00
6.899111866950988770e-01
2.535936236381530762e-01
1.886412203311920166e-01
3.719203770160675049e-01
6.880116462707519531e-01
4.768561199307441711e-02
1.613867878913879395e+00
1.991396546363830566e+00
9.221611171960830688e-02
4.439785182476043701e-01
4.505401849746704102e-01
1.738051027059555054e-01
1.067400813102722168e+00
3.696190938353538513e-02
9.162911772727966309e-02
4.656523764133453369e-01
3.171356916427612305e-01
9.638037681579589844e-01
8.006058335304260254e-01
2.617141604423522949e-01
5.941596627235412598e-01
2.713869571685791016e+00
0.000000000000000000e+00
5.726001691073179245e-03
5.524559020996093750e-01
3.921763896942138672e-01
6.427203416824340820e-01
8.275692462921142578e-01
4.687985777854919434e-01
4.704583585262298584e-01
5.199671983718872070e-01
1.497739315032958984e+00
1.166564464569091797e+00
7.422960400581359863e-01
7.924094796180725098e-01
7.367023825645446777e-01
1.339386850595474243e-01
8.060047626495361328e-01
3.164597600698471069e-02
3.050694614648818970e-02
5.126461982727050781e-01
2.626360416412353516e+00
8.075773119926452637e-01
0.000000000000000000e+00
1.022714257240295410e+00
1.353592514991760254e+00
6.248663067817687988e-01
2.756544351577758789e-01
3.347105979919433594e-01
0.000000000000000000e+00
3.132132347673177719e-03
5.711998939514160156e-01
0.000000000000000000e+00
1.091108098626136780e-01
4.478566646575927734e-01
2.695304155349731445e+00
2.800010204315185547e+00
2.348411321640014648e+00
2.913317875936627388e-03
1.169551014900207520e-01
1.697820425033569336e-01
1.979526281356811523e-01
5.216909646987915039e-01
3.732265233993530273e-01
1.759513616561889648e-01
5.487474799156188965e-01
0.000000000000000000e+00
1.056164741516113281e+00
6.801340579986572266e-01
3.619608283042907715e-01
7.681091427803039551e-01
5.198352336883544922e-01
1.434589982032775879e+00
6.711436510086059570e-01
8.831080198287963867e-01
1.115447402000427246e+00
1.964606165885925293e+00
3.731350973248481750e-02
9.151715785264968872e-02
5.523037910461425781e-01
1.156092762947082520e+00
6.366206705570220947e-02
7.483663558959960938e-01
3.121669590473175049e-01
2.222993373870849609e-01
1.350971937179565430e+00
2.504367753863334656e-02
2.770678997039794922e-01
1.581517010927200317e-01
2.432325333356857300e-01
3.360189199447631836e-01
2.237074851989746094e+00
1.406379160471260548e-03
3.163703680038452148e-01
1.678489893674850464e-01
5.549494028091430664e-01
4.145996272563934326e-01
4.421898722648620605e-01
7.556498050689697266e-02
5.972464680671691895e-01
2.348452657461166382e-01
1.081471443176269531e+00
0.000000000000000000e+00
1.887053698301315308e-01
5.221221446990966797e-01
2.014842033386230469e+00
2.911581657826900482e-03
2.154253423213958740e-01
4.484696984291076660e-01
6.491661071777343750e-01
8.158551454544067383e-01
1.556468367576599121e+00
3.984416723251342773e-01
2.719678580760955811e-01
4.070824980735778809e-01
7.123181968927383423e-02
1.344418972730636597e-01
1.442519187927246094e+00
9.771712124347686768e-02
1.390928328037261963e-01
8.712233901023864746e-01
2.387127429246902466e-01
7.396852374076843262e-01
3.421087563037872314e-01
1.274682641029357910e+00
8.874806761741638184e-01
2.192858219146728516e+00
5.720874667167663574e-02
8.214099407196044922e-01
1.413687109947204590e+00
0.000000000000000000e+00
5.096973776817321777e-01
2.220522463321685791e-01
1.560091227293014526e-01
2.481098622083663940e-01
2.721937373280525208e-03
9.428212791681289673e-02
7.329472303390502930e-01
2.430170536041259766e+00
1.090690135955810547e+00
2.721164748072624207e-02
9.836768507957458496e-01
1.506501078605651855e+00
1.952207326889038086e+00
5.779680013656616211e-01
1.949434041976928711e+00
1.391110718250274658e-01
5.466815829277038574e-02
5.249754339456558228e-02
4.471941292285919189e-01
5.381985306739807129e-01
2.980560541152954102e+00
2.108407206833362579e-02
5.073112249374389648e-01
9.260635077953338623e-02
6.900532245635986328e-01
2.808906137943267822e-02
1.913274526596069336e+00
1.002808809280395508e+00
4.000833928585052490e-01
2.518451511859893799e-01
1.387015700340270996e+00
7.306590676307678223e-02
2.139438688755035400e-01
5.698673725128173828e+00
1.080524563789367676e+00
1.347059726715087891e+00
4.194610118865966797e-01
2.432238578796386719e+00
2.758852019906044006e-02
2.754059433937072754e-01
3.994276821613311768e-01
2.106521651148796082e-02
2.111854404211044312e-01
5.572446584701538086e-01
3.794540166854858398e-01
5.182275176048278809e-02
1.012589335441589355e+00
2.460398524999618530e-02
1.102506518363952637e+00
4.802060127258300781e-01
1.079569816589355469e+00
1.815596580505371094e+00
1.825048923492431641e-01
3.180106878280639648e-01
9.088021516799926758e-02
0.000000000000000000e+00
5.953345298767089844e-01
9.801763808354735374e-04
2.241675741970539093e-02
3.220000505447387695e+00
5.343417525291442871e-01
1.472388505935668945e-01
7.254170626401901245e-02
1.117939874529838562e-01
1.464160561561584473e+00
6.984039545059204102e-01
3.538174629211425781e-01
3.777984678745269775e-01
1.158624887466430664e+00
7.086712867021560669e-02
1.686595082283020020e+00
7.129999399185180664e-01
6.588130593299865723e-01
7.762520313262939453e-01
4.731093883514404297e+00
1.103970408439636230e+00
0.000000000000000000e+00
0.000000000000000000e+00
4.232274591922760010e-01
7.160248160362243652e-01
1.649787724018096924e-01
1.595803797245025635e-01
6.012300252914428711e-01
1.825445592403411865e-01
1.911130100488662720e-01
1.042219717055559158e-02
6.027195975184440613e-02
3.571895882487297058e-02
1.206981018185615540e-01
1.630352735519409180e+00
8.243979513645172119e-02
1.363195925951004028e-01
3.298739433288574219e+00
1.262561559677124023e+00
7.524979114532470703e-02
1.472615152597427368e-01
2.269767075777053833e-01
9.045429825782775879e-01
9.091401100158691406e-01
2.909085452556610107e-01
3.317698240280151367e-01
8.263305425643920898e-01
4.271688312292098999e-02
2.157955616712570190e-01
1.901247501373291016e-01
4.899772703647613525e-01
1.866025775671005249e-01
1.689355373382568359e-01
2.173032611608505249e-01
8.744287490844726562e-02
6.073438562452793121e-03
6.424528360366821289e-01
5.158304702490568161e-03
3.077050112187862396e-02
0.000000000000000000e+00
4.224890172481536865e-01
4.742119014263153076e-01
1.776347756385803223e+00
1.688418984413146973e+00
1.704377174377441406e+00
2.791218757629394531e-01
2.300412021577358246e-02
3.554081320762634277e-01
1.818377971649169922e-01
2.215213030576705933e-01
1.564044654369354248e-01
7.682189345359802246e-01
1.093851402401924133e-01
1.987335681915283203e-01
2.371129393577575684e-02
4.436137080192565918e-01
0.000000000000000000e+00
1.146674752235412598e+00
9.140124320983886719e-01
3.620215877890586853e-02
8.223976492881774902e-01
3.948744535446166992e-01
1.345474839210510254e+00
1.064718484878540039e+00
2.049527019262313843e-01
2.275389909744262695e+00
4.369354248046875000e-01
1.257553458213806152e+00
2.931443929672241211e+00
1.027007222175598145e+00
1.643401756882667542e-02
3.715426027774810791e-01
1.243324577808380127e-01
5.966697216033935547e+00
1.832706212997436523e+00
2.680048579350113869e-03
1.529494971036911011e-01
5.018929243087768555e-01
1.729981899261474609e-01
9.142534136772155762e-01
4.830223917961120605e-01
1.149083524942398071e-01
5.215357542037963867e-01
1.213847517967224121e+00
5.217314958572387695e-01
4.501111805438995361e-01
1.374362111091613770e-01
2.340565443038940430e+00
7.293457537889480591e-02
2.820796668529510498e-01
8.729906380176544189e-02
3.639325797557830811e-01
6.552167534828186035e-01
1.391938626766204834e-01
2.318232804536819458e-01
6.648030877113342285e-01
1.318329453468322754e+00
2.253256589174270630e-01
3.254600763320922852e-01
5.426315665245056152e-01
2.611176669597625732e-01
1.170799955725669861e-01
0.000000000000000000e+00
4.665878117084503174e-01
9.242337942123413086e-02
3.811225414276123047e+00
1.140203550457954407e-01
2.968699216842651367e+00
0.000000000000000000e+00
1.040705680847167969e+00
3.740862309932708740e-01
5.503864586353302002e-02
4.811559915542602539e-01
9.720653891563415527e-01
2.149593383073806763e-01
2.870098948478698730e-01
8.469923138618469238e-01
9.077653884887695312e-01
5.873624682426452637e-01
1.184461116790771484e+00
4.662252962589263916e-01
1.938772201538085938e-01
5.700317025184631348e-01
3.373845815658569336e-01
4.743618890643119812e-02
2.790929377079010010e-01
6.834598183631896973e-01
2.129210680723190308e-01
5.074707269668579102e-01
1.414451003074645996e+00
0.000000000000000000e+00
1.151774674654006958e-01
5.363378524780273438e-01
1.203897953033447266e+00
2.474567890167236328e-01
1.357623696327209473e+00
1.078393936157226562e+00
7.333849072456359863e-01
3.918054342269897461e+00
4.763790607452392578e+00
9.564179182052612305e-01
1.137570738792419434e+00
1.138625502586364746e+00
6.848169863224029541e-02
3.433417379856109619e-01
2.810340225696563721e-01
4.251560568809509277e-01
1.907493770122528076e-01
3.890584707260131836e-01
7.311477661132812500e-01
7.501874864101409912e-02
1.584067642688751221e-01
1.864511072635650635e-01
8.515727519989013672e-02
1.708396226167678833e-01
1.708627045154571533e-01
8.168897628784179688e-01
1.583491265773773193e-01
7.225452065467834473e-01
8.568146228790283203e-01
1.806974858045578003e-01
1.944344341754913330e-01
1.903184801340103149e-01
1.233887553215026855e+00
1.767167598009109497e-01
9.233363717794418335e-02
1.283374547958374023e+00
2.342419624328613281e+00
4.439609050750732422e-01
1.798622682690620422e-02
2.186272859573364258e+00
8.643499575555324554e-03
1.258134961128234863e+00
3.028232790529727936e-02
0.000000000000000000e+00
7.057701051235198975e-02
1.846590161323547363e+00
8.904734849929809570e-01
0.000000000000000000e+00
0.000000000000000000e+00
2.399553537368774414e+00
0.000000000000000000e+00
1.904899120330810547e+00
7.103696465492248535e-02
6.506837606430053711e-01
1.350539829581975937e-02
1.291104316711425781e+00
1.750082850456237793e+00
1.067549139261245728e-01
8.050476312637329102e-01
0.000000000000000000e+00
8.549316525459289551e-01
1.002401039004325867e-01
5.436344444751739502e-02
2.626420557498931885e-01
4.032471179962158203e-01
4.487671256065368652e-01
5.267779231071472168e-01
3.527790904045104980e-01
6.713015437126159668e-01
9.915108084678649902e-01
8.678931593894958496e-01
8.120132684707641602e-01
3.066785633563995361e-01
1.152860894799232483e-01
7.757157087326049805e-02
1.148065328598022461e+00
5.167281627655029297e-01
8.223950266838073730e-01
1.843760311603546143e-01
8.565954118967056274e-02
4.111461341381072998e-01
5.566690564155578613e-01
9.462568908929824829e-02
1.331798315048217773e+00
5.259203314781188965e-01
1.102143168449401855e+00
1.197517737746238708e-01
4.227858483791351318e-01
7.372517585754394531e-01
1.385572791099548340e+00
7.115312665700912476e-02
3.199445009231567383e-01
5.357351303100585938e-01
1.854202866554260254e+00
3.141894564032554626e-02
3.017817497253417969e+00
1.888363122940063477e+00
2.638394832611083984e-01
3.896818757057189941e-01
1.288041919469833374e-01
9.162663221359252930e-01
5.122370719909667969e-01
5.298906937241554260e-03
5.280466556549072266e+00
3.505458682775497437e-02
2.461673915386199951e-01
2.907400429248809814e-01
7.521998882293701172e-01
5.962506532669067383e-01
2.842203974723815918e-01
6.773852743208408356e-03
7.607443928718566895e-01
8.269020915031433105e-02
1.473333686590194702e-01
5.424751043319702148e-01
9.363710284233093262e-01
1.466241329908370972e-01
5.837586522102355957e-01
1.805831789970397949e-01
2.888491749763488770e-01
2.220069766044616699e-01
0.000000000000000000e+00
1.535066366195678711e-01
5.482268519699573517e-03
6.833472251892089844e-01
3.462879061698913574e-01
5.280062183737754822e-02
5.373182520270347595e-02
6.626202464103698730e-01
5.516321063041687012e-01
0.000000000000000000e+00
6.568491458892822266e-01
1.357948303222656250e+00
7.207047939300537109e-02
1.998180508613586426e+00
4.497179985046386719e-01
1.383734941482543945e-01
6.970043659210205078e+00
2.464487403631210327e-02
1.782552599906921387e+00
1.409665107727050781e+00
1.262976825237274170e-01
7.128875851631164551e-01
1.120868250727653503e-01
9.858507513999938965e-01
7.791975140571594238e-01
4.816215038299560547e-01
1.041351556777954102e-01
3.808536529541015625e-01
8.511922359466552734e-01
9.190171957015991211e-03
3.620426416397094727e+00
5.523107573390007019e-02
1.346257627010345459e-01
9.859015047550201416e-02
4.354676604270935059e-01
0.000000000000000000e+00
1.715360432863235474e-01
3.351154625415802002e-01
1.119120717048645020e+00
8.500351905822753906e-01
1.125798702239990234e+00
7.147259116172790527e-01
9.060378074645996094e-01
3.674492239952087402e-01
6.306862458586692810e-03
1.387050002813339233e-01
3.449360728263854980e-01
1.375398784875869751e-01
6.118919253349304199e-01
4.235418140888214111e-01
2.751918435096740723e-01
2.459182143211364746e-01
2.307266294956207275e-01
0.000000000000000000e+00
1.121145635843276978e-01
1.199722364544868469e-01
1.209074616432189941e+00
4.271851480007171631e-01
8.063438534736633301e-01
0.000000000000000000e+00
5.792140960693359375e-01
3.069214224815368652e-01
2.721295952796936035e-01
1.978673338890075684e-01
3.629242181777954102e-01
3.428660333156585693e-01
1.354581713676452637e+00
8.051251769065856934e-01
1.251696944236755371e-01
4.591449350118637085e-02
7.204394787549972534e-02
5.090913772583007812e-01
2.399765253067016602e+00
5.084255933761596680e-01
4.664720967411994934e-03
7.356330752372741699e-01
1.758832931518554688e-01
7.770251482725143433e-03
6.561131477355957031e-01
7.290207147598266602e-01
3.499167263507843018e-01
4.207229316234588623e-01
5.933311581611633301e-01
1.458035707473754883e+00
4.970642328262329102e-01
2.422520192340016365e-03
6.190702915191650391e-01
7.850595712661743164e-01
2.280535995960235596e-01
1.258503198623657227e-01
1.927631139755249023e+00
1.287794262170791626e-01
5.731957554817199707e-01
8.835291266441345215e-01
2.160073041915893555e+00
4.050539806485176086e-02
1.963170710951089859e-03
8.532821536064147949e-01
1.814786344766616821e-01
2.185133472084999084e-02
6.858931481838226318e-02
0.000000000000000000e+00
6.171795725822448730e-01
1.063400149345397949e+00
3.839862942695617676e-01
1.157556533813476562e+00
1.866248846054077148e-01
1.924202442169189453e+00
1.195348024368286133e+00
1.435537934303283691e-01
5.311956405639648438e-01
3.109839744865894318e-03
2.738303504884243011e-02
4.290094077587127686e-01
1.213169991970062256e-01
2.240406274795532227e-01
1.891461759805679321e-01
2.062763422727584839e-01
4.712713882327079773e-02
6.272347569465637207e-01
3.262948393821716309e-01
1.575650833547115326e-02
1.578280478715896606e-01
1.694724559783935547e+00
3.533622622489929199e-01
2.267806977033615112e-01
5.818437933921813965e-01
4.246064126491546631e-01
4.818034544587135315e-02
1.531841307878494263e-01
5.951919555664062500e-01
5.517865419387817383e-01
2.030417919158935547e-01
8.141571283340454102e-01
3.608224391937255859e-01
2.468585222959518433e-01
2.270514219999313354e-01
8.047226816415786743e-02
6.156681105494499207e-02
1.015834882855415344e-01
7.891423702239990234e-01
3.990691900253295898e-01
0.000000000000000000e+00
1.294492930173873901e-01
3.815545439720153809e-01
1.942851841449737549e-01
3.391250371932983398e-01
5.485888719558715820e-01
1.466747075319290161e-01
4.125671386718750000e-01
8.990129232406616211e-01
5.802257657051086426e-01
5.637848377227783203e-01
1.765964329242706299e-01
2.465614080429077148e-01
6.207289919257164001e-02
1.466084420680999756e-01
5.397633314132690430e-01
1.078507974743843079e-01
1.040642738342285156e+00
2.030171394348144531e+00
1.121624946594238281e+00
5.494863167405128479e-02
8.424666523933410645e-01
1.400356888771057129e-01
3.093650639057159424e-01
1.440543651580810547e+00
1.051936745643615723e-01
3.551599010825157166e-02
7.975032553076744080e-03
3.184619188308715820e+00
3.356964560225605965e-03
0.000000000000000000e+00
1.441290378570556641e+00
2.599806711077690125e-02
1.374534726142883301e+00
2.937255054712295532e-02
1.192312762141227722e-01
1.954794406890869141e+00
4.379871487617492676e-01
6.558995693922042847e-03
2.439784407615661621e-01
3.663489187601953745e-04
1.024527847766876221e-01
3.023850917816162109e-01
2.609003543853759766e+00
9.346700273454189301e-03
1.229104399681091309e-01
2.976430654525756836e-01
5.516216754913330078e-01
2.936384379863739014e-01
5.373322218656539917e-02
1.335132420063018799e-01
5.493758916854858398e-01
2.569480836391448975e-01
6.752426922321319580e-02
1.152721285820007324e+00
8.958552032709121704e-02
1.286102890968322754e+00
1.871918290853500366e-01
1.903427243232727051e+00
7.224034667015075684e-01
7.778868675231933594e-01
6.592481732368469238e-01
4.519350081682205200e-02
9.661433696746826172e-01
1.692261248826980591e-01
9.188042581081390381e-02
1.246367692947387695e-01
3.393891453742980957e-02
1.297789573669433594e+00
5.091018676757812500e-01
1.265271604061126709e-01
2.026376962661743164e+00
4.003132134675979614e-02
4.726345539093017578e-01
4.274753928184509277e-01
1.166400313377380371e-01
5.455543100833892822e-02
1.269643664360046387e+00
2.096752263605594635e-02
2.699747383594512939e-01
3.716803714632987976e-02
5.006948113441467285e-01
4.259549379348754883e-01
1.219383031129837036e-01
7.425016164779663086e-01
7.559961080551147461e-02
7.971217036247253418e-01
4.556338191032409668e-01
4.682913720607757568e-01
6.341986358165740967e-02
5.298104509711265564e-02
0.000000000000000000e+00
1.066960334777832031e+00
6.440474987030029297e-01
3.489479422569274902e-01
0.000000000000000000e+00
1.185233950614929199e+00
4.118492081761360168e-02
1.669486165046691895e-01
1.280999660491943359e+00
7.241374254226684570e-02
4.110137820243835449e-01
4.700837731361389160e-01
0.000000000000000000e+00
9.299926757812500000e-01
3.275467157363891602e-01
2.520273685455322266e+00
6.163418292999267578e-01
9.786129593849182129e-01
8.783391714096069336e-01
5.998954176902770996e-01
3.115793466567993164e-01
8.417299389839172363e-01
0.000000000000000000e+00
2.125933999195694923e-03
3.532110899686813354e-02
1.784379959106445312e+00
3.311579823493957520e-01
9.362977743148803711e-02
2.164386510848999023e-01
1.879873156547546387e+00
0.000000000000000000e+00
2.039763212203979492e+00
9.991544485092163086e-02
6.822562962770462036e-02
3.060970306396484375e-01
8.480548858642578125e-02
6.387472152709960938e-02
2.488703429698944092e-01
5.203933268785476685e-02
1.372248213738203049e-02
1.029962226748466492e-01
1.046584248542785645e+00
3.372773900628089905e-02
1.197174936532974243e-01
3.121129274368286133e-01
7.573481202125549316e-01
6.335922479629516602e-01
5.902813673019409180e-01
1.169354990124702454e-01
1.828686118125915527e+00
5.987152922898530960e-03
7.552436590194702148e-01
4.893206357955932617e-01
2.506351768970489502e-01
1.191714644432067871e+00
6.306837499141693115e-02
3.276846110820770264e-01
3.298229277133941650e-01
1.158849120140075684e+00
1.028039932250976562e+00
1.483535021543502808e-01
2.842356681823730469e+00
3.727631330490112305e+00
7.605950236320495605e-01
1.802886724472045898e-01
3.445583283901214600e-01
2.397805750370025635e-01
1.456772983074188232e-01
7.837740182876586914e-01
4.676113128662109375e-01
5.119426548480987549e-02
1.124350279569625854e-01
5.126485824584960938e-01
6.108916178345680237e-02
1.304719364270567894e-03
3.104667365550994873e-02
2.928283512592315674e-01
1.507128953933715820e+00
1.166163563728332520e+00
1.449158638715744019e-01
4.325604438781738281e-01
2.417864322662353516e+00
7.009323239326477051e-01
0.000000000000000000e+00
2.230663746595382690e-01
1.240103721618652344e+00
1.729438751935958862e-01
3.974040746688842773e-01
3.806712627410888672e-01
2.312908917665481567e-01
1.027002334594726562e+00
1.300184279680252075e-01
7.273607850074768066e-01
1.961477279663085938e+00
8.614391684532165527e-01
2.307914018630981445e+00
2.232842206954956055e+00
4.401945769786834717e-01
3.211126625537872314e-01
8.224581480026245117e-01
2.157246917486190796e-01
7.527856826782226562e-01
4.699302911758422852e-01
9.827995896339416504e-01
3.344956398010253906e+00
7.091103196144104004e-01
9.875246882438659668e-01
4.963386356830596924e-01
4.448002204298973083e-02
9.097162485122680664e-01
4.703843295574188232e-01
1.296684265136718750e+00
5.478772521018981934e-02
1.042782440781593323e-01
6.834157556295394897e-02
1.473971456289291382e-01
1.021313309669494629e+00
6.790011376142501831e-02
4.848109185695648193e-01
4.159458577632904053e-01
0.000000000000000000e+00
0.000000000000000000e+00
5.752520561218261719e-01
9.892268776893615723e-01
9.600277990102767944e-02
5.659881234169006348e-01
1.519551992416381836e+00
8.625274151563644409e-02
9.584198594093322754e-01
7.229049801826477051e-01
0.000000000000000000e+00
3.497895896434783936e-01
1.721616983413696289e+00
3.910835683345794678e-01
1.688350081443786621e+00
8.002797365188598633e-01
0.000000000000000000e+00
4.809427261352539062e-02
3.156231939792633057e-01
3.084228634834289551e-01
8.406392931938171387e-01
2.787969708442687988e-01
0.000000000000000000e+00
3.465786278247833252e-01
2.444318532943725586e-01
1.117016673088073730e+00
1.368587464094161987e-01
2.095247030258178711e+00
5.004517436027526855e-01
1.692933559417724609e+00
1.061157107353210449e+00
1.331812500953674316e+00
3.594529628753662109e-01
1.785687655210494995e-01
2.059580534696578979e-01
5.803805962204933167e-02
7.800698280334472656e-01
7.794662117958068848e-01
9.942628741264343262e-01
5.980376154184341431e-02
0.000000000000000000e+00
4.315751552581787109e+00
1.814492940902709961e-01
1.097902879118919373e-01
0.000000000000000000e+00
3.273174166679382324e-01
3.267829716205596924e-01
5.829684436321258545e-02
1.518464367836713791e-02
1.095605015754699707e+00
2.851035632193088531e-02
2.203087694942951202e-02
9.394856691360473633e-01
2.526879310607910156e-02
1.464687436819076538e-01
1.033462405204772949e+00
3.324903845787048340e-01
1.204059720039367676e-01
1.193290114402770996e+00
9.663001298904418945e-01
2.805573046207427979e-01
1.391869038343429565e-01
8.123095333576202393e-02
1.390506386756896973e+00
1.153288602828979492e+00
2.541407108306884766e+00
0.000000000000000000e+00
1.233993247151374817e-01
5.063450895249843597e-03
8.077914714813232422e-01
9.088274240493774414e-01
2.097457945346832275e-01
2.855846583843231201e-01
1.362009048461914062e-01
1.989738643169403076e-01
9.003707021474838257e-02
7.262209653854370117e-01
1.053210869431495667e-01
0.000000000000000000e+00
1.046862974762916565e-01
0.000000000000000000e+00
2.378341853618621826e-01
1.048855856060981750e-01
2.251493632793426514e-01
5.057590827345848083e-02
7.549960166215896606e-03
2.846179008483886719e-01
3.472771495580673218e-02
2.962575554847717285e-01
4.546728432178497314e-01
6.189130246639251709e-03
4.615334421396255493e-02
1.119760036468505859e+00
5.411871075630187988e-01
9.485743045806884766e-01
7.429028153419494629e-01
6.435238718986511230e-01
1.499196529388427734e+00
3.868694417178630829e-03
1.173477247357368469e-02
6.059481203556060791e-02
4.262143671512603760e-01
1.272128373384475708e-01
6.179731488227844238e-01
1.259040832519531250e-01
5.697212815284729004e-01
1.980055309832096100e-02
5.639043450355529785e-01
5.350450426340103149e-02
0.000000000000000000e+00
1.123041212558746338e-01
2.267409712076187134e-01
1.958975076675415039e+00
0.000000000000000000e+00
1.788715004920959473e+00
1.688179522752761841e-01
5.274221673607826233e-02
0.000000000000000000e+00
5.109239816665649414e-01
4.287463799118995667e-02
3.165632188320159912e-01
1.829905901104211807e-03
1.922926306724548340e+00
5.565050244331359863e-01
1.235232949256896973e+00
8.482159972190856934e-01
5.374804735183715820e-01
2.235814332962036133e-01
1.825056225061416626e-01
2.284307330846786499e-01
1.150295808911323547e-01
9.960795640945434570e-01
1.233770884573459625e-02
9.071028828620910645e-01
1.958721131086349487e-01
4.235126543790102005e-03
1.293322324752807617e+00
1.538350712507963181e-02
7.599281519651412964e-02
1.098455744795501232e-03
2.138700246810913086e+00
6.914706826210021973e-01
1.211818933486938477e+00
3.384970128536224365e-01
