5.415668338537216187e-02
8.616185188293457031e-01
3.941438198089599609e-01
1.278379321098327637e+00
2.875257730484008789e-01
3.502562642097473145e-01
4.695942401885986328e-01
5.245200544595718384e-02
1.047053098678588867e+00
3.206940889358520508e+00
0.000000000000000000e+00
4.013358950614929199e-01
3.169638291001319885e-02
0.000000000000000000e+00
2.913006246089935303e-01
1.210935950279235840e+00
1.292122900485992432e-01
5.401583313941955566e-01
1.794289946556091309e-01
3.046826362609863281e+00
2.462481856346130371e-01
2.175566256046295166e-01
9.495405107736587524e-02
4.387029260396957397e-02
2.551934123039245605e-02
2.137474864721298218e-01
9.018330834805965424e-03
4.466354846954345703e-01
1.714230328798294067e-01
0.000000000000000000e+00
1.652516052126884460e-02
1.288154423236846924e-01
3.707754984498023987e-02
5.834416151046752930e-01
4.318188875913619995e-03
2.197909504175186157e-01
2.239278890192508698e-02
4.332090020179748535e-01
8.718979358673095703e-02
2.385779768228530884e-01
0.000000000000000000e+00
1.023750305175781250e+00
1.823274046182632446e-01
1.240782856941223145e+00
0.000000000000000000e+00
0.000000000000000000e+00
2.321244627237319946e-01
7.234113812446594238e-01
1.394630372524261475e-01
4.535723030567169189e-01
0.000000000000000000e+00
4.772717952728271484e-01
0.000000000000000000e+00
2.791857957839965820e+00
8.982131630182266235e-02
4.853338003158569336e-01
1.186961829662322998e-01
2.497779726982116699e-01
9.243883192539215088e-02
2.876525521278381348e-01
7.749435305595397949e-01
0.000000000000000000e+00
9.975139796733856201e-02
7.524998188018798828e-01
1.959112048149108887e+00
1.075865626335144043e+00
9.989987611770629883e-01
8.665359616279602051e-01
1.309439092874526978e-01
0.000000000000000000e+00
4.118113517761230469e-01
5.426388382911682129e-01
2.935720384120941162e-01
3.566943705081939697e-01
1.575912535190582275e-02
0.000000000000000000e+00
6.602929830551147461e-01
6.934607028961181641e-02
1.974530458450317383e+00
1.080872267484664917e-01
1.958888173103332520e-01
0.000000000000000000e+00
2.428809702396392822e-01
2.590290457010269165e-02
2.372915029525756836e+00
9.122240357100963593e-03
2.351008504629135132e-01
1.542733050882816315e-02
6.083664298057556152e-01
6.376091390848159790e-02
8.630911111831665039e-01
7.057842612266540527e-01
3.705528676509857178e-01
0.000000000000000000e+00
5.608365535736083984e-01
0.000000000000000000e+00
9.951918572187423706e-02
1.459375172853469849e-01
4.525608941912651062e-02
8.661627769470214844e-01
1.546883136034011841e-01
3.644546270370483398e-01
3.383675336837768555e+00
3.748300373554229736e-01
1.566595584154129028e-01
1.484101712703704834e-01
1.140601933002471924e-02
5.954912863671779633e-03
1.334611773490905762e-01
3.420647859573364258e+00
1.638772487640380859e-01
7.593538165092468262e-01
8.162727355957031250e-01
1.071938872337341309e+00
2.070408910512924194e-01
0.000000000000000000e+00
7.274457067251205444e-02
5.096187442541122437e-02
5.402280017733573914e-02
0.000000000000000000e+00
5.541766881942749023e-01
5.086860619485378265e-03
2.872089862823486328e+00
3.394546732306480408e-02
3.157966732978820801e-01
7.240955531597137451e-02
5.874619632959365845e-02
2.349113672971725464e-02
0.000000000000000000e+00
4.489219933748245239e-02
4.487267434597015381e-01
1.836322546005249023e-01
1.403935700654983521e-01
1.058493494987487793e+00
5.447646975517272949e-01
1.958924811333417892e-03
7.234368473291397095e-02
3.729849159717559814e-01
3.426389455795288086e+00
1.528873145580291748e-01
8.933924436569213867e-01
3.809740245342254639e-01
5.659368634223937988e-01
4.910432100296020508e-01
1.727033853530883789e-01
9.053985774517059326e-02
2.598993539810180664e+00
7.625083439052104950e-03
3.389133810997009277e-01
1.133032083511352539e+00
1.791250519454479218e-02
5.810073018074035645e-02
1.049702689051628113e-01
1.238858103752136230e+00
4.472935795783996582e-01
0.000000000000000000e+00
4.601665735244750977e-01
7.451056838035583496e-01
2.268719971179962158e-01
1.842025965452194214e-01
1.268344968557357788e-01
1.479641050100326538e-01
3.047489821910858154e-01
7.643563207238912582e-03
5.195856690406799316e-01
5.547568798065185547e-01
5.243824124336242676e-01
0.000000000000000000e+00
1.595726370811462402e+00
3.012139797210693359e-01
1.399040818214416504e-01
1.521817445755004883e-01
1.862094521522521973e+00
2.814365029335021973e-01
1.059625521302223206e-01
3.251520097255706787e-01
1.994474790990352631e-02
0.000000000000000000e+00
1.910073012113571167e-01
1.613707244396209717e-01
5.339751839637756348e-01
4.656738042831420898e-01
1.830098405480384827e-02
6.860485672950744629e-02
0.000000000000000000e+00
7.770124077796936035e-01
1.091971755027770996e+00
4.457645118236541748e-01
8.307545632123947144e-02
1.377754360437393188e-01
1.750716380774974823e-02
7.305715233087539673e-02
3.686860948801040649e-02
1.468808531761169434e+00
1.709390664473176003e-03
8.361805677413940430e-01
4.117830470204353333e-02
2.568332254886627197e-01
9.895823895931243896e-02
1.943592876195907593e-01
6.161145120859146118e-02
3.037768900394439697e-01
2.608253657817840576e-01
2.315653674304485321e-02
2.106971740722656250e-01
1.295808076858520508e+00
5.069700479507446289e-01
5.477508902549743652e-01
0.000000000000000000e+00
3.127503991127014160e-01
1.500527560710906982e-01
7.220395654439926147e-02
0.000000000000000000e+00
1.737942546606063843e-02
5.991567298769950867e-02
2.216855138540267944e-01
1.004078164696693420e-01
2.320959329605102539e+00
1.359768360853195190e-01
5.361325144767761230e-01
5.403671413660049438e-03
2.320545315742492676e-01
2.325087785720825195e-01
2.164913713932037354e-02
3.645906969904899597e-02
4.194774478673934937e-02
3.104496560990810394e-02
3.038334548473358154e-01
2.096716761589050293e-01
1.443486660718917847e-01
5.414417013525962830e-02
3.270248323678970337e-02
1.909631371498107910e+00
8.894021064043045044e-02
4.857132956385612488e-02
3.800399834290146828e-03
2.182307094335556030e-01
2.981881201267242432e-01
0.000000000000000000e+00
2.771283686161041260e-01
1.071027666330337524e-01
0.000000000000000000e+00
2.375690825283527374e-02
9.477553963661193848e-01
3.862313926219940186e-01
5.873570591211318970e-02
1.131650153547525406e-02
8.713871985673904419e-02
3.107121959328651428e-02
6.198056340217590332e-01
2.105412036180496216e-01
1.732709468342363834e-03
3.616558015346527100e-01
0.000000000000000000e+00
4.699166715145111084e-01
1.654651015996932983e-02
5.547679066658020020e-01
6.559399366378784180e-01
5.809222534298896790e-02
5.849878117442131042e-02
3.283065557479858398e-01
1.179907768964767456e-01
3.923099935054779053e-01
2.185513079166412354e-01
4.030355811119079590e-01
1.186881139874458313e-01
9.391914308071136475e-02
1.289277315139770508e+00
2.603728175163269043e-01
4.526177346706390381e-01
1.728785932064056396e-01
3.971543550491333008e+00
1.000880822539329529e-01
1.814526468515396118e-01
1.125667318701744080e-01
7.204797744750976562e+00
1.499960660934448242e+00
5.251065641641616821e-02
1.368333339691162109e+00
3.666602447628974915e-02
0.000000000000000000e+00
7.511090487241744995e-02
1.525003761053085327e-01
1.140315607190132141e-01
7.806770037859678268e-03
8.823985457420349121e-01
8.122023195028305054e-03
1.577918678522109985e-01
1.035731077194213867e+00
8.118212968111038208e-02
5.134036764502525330e-04
1.622938156127929688e+00
9.270251542329788208e-02
5.140116810798645020e-02
1.095909774303436279e-01
1.544809807091951370e-02
4.192399606108665466e-02
2.555042318999767303e-02
2.983129322528839111e-01
6.039313506335020065e-03
9.227178245782852173e-02
1.760173738002777100e-01
2.726032435894012451e-01
3.583683073520660400e-01
3.229563832283020020e-01
2.663028538227081299e-01
1.088909387588500977e+00
2.573340535163879395e-01
3.110764324665069580e-01
5.309506319463253021e-03
7.275418639183044434e-01
0.000000000000000000e+00
9.588465094566345215e-02
1.206500083208084106e-01
6.229454651474952698e-03
2.904753684997558594e-01
3.330490350723266602e+00
8.830518275499343872e-02
1.376543194055557251e-01
1.788209229707717896e-01
2.240942092612385750e-03
1.013201940804719925e-02
2.241173982620239258e+00
1.941657508723437786e-03
5.220919381827116013e-03
9.680394828319549561e-02
4.387540221214294434e-01
3.419405221939086914e-02
2.147204726934432983e-01
1.534772157669067383e+00
1.055104285478591919e-01
3.094215154647827148e+00
1.067982316017150879e-01
4.922887086868286133e-01
2.613573074340820312e+00
7.882376201450824738e-03
0.000000000000000000e+00
3.391967713832855225e-01
2.101739943027496338e-01
5.853207111358642578e-01
4.374146759510040283e-01
5.314838513731956482e-02
5.317278951406478882e-02
7.222489118576049805e-01
2.432587184011936188e-02
1.824286207556724548e-02
4.204667359590530396e-02
3.713687062263488770e-01
3.388725519180297852e-01
2.169285900890827179e-02
9.175702929496765137e-01
1.789361536502838135e-01
1.384857017546892166e-02
1.065055429935455322e-01
5.034293532371520996e-01
5.518751591444015503e-02
0.000000000000000000e+00
2.444429993629455566e-01
1.004298686981201172e+00
1.081905961036682129e+00
1.433213800191879272e-01
4.298642575740814209e-01
5.223138928413391113e-01
0.000000000000000000e+00
7.196512818336486816e-02
0.000000000000000000e+00
1.179373502731323242e+00
9.075354784727096558e-02
2.280160039663314819e-01
5.050449967384338379e-01
1.773730665445327759e-01
9.551164507865905762e-01
2.445198036730289459e-02
2.327883988618850708e-01
2.044955790042877197e-01
3.998948037624359131e-01
7.825014740228652954e-02
0.000000000000000000e+00
2.009065628051757812e+00
1.331240832805633545e-01
1.296108126640319824e+00
6.763609051704406738e-01
4.776352941989898682e-01
5.079647153615951538e-02
8.818445354700088501e-02
0.000000000000000000e+00
0.000000000000000000e+00
0.000000000000000000e+00
1.845881342887878418e-01
2.082316577434539795e-01
2.320967912673950195e-01
2.403867989778518677e-02
1.717876293696463108e-03
1.217013690620660782e-02
4.744865298271179199e-01
1.488007068634033203e+00
1.276686191558837891e+00
0.000000000000000000e+00
1.258121430873870850e-02
9.131098340731114149e-05
1.320164948701858521e-01
1.586207896471023560e-01
1.356082409620285034e-01
8.166017383337020874e-02
4.254508614540100098e-01
8.106310963630676270e-01
5.451069474220275879e-01
1.284943222999572754e+00
2.003881335258483887e-01
3.597931265830993652e-01
5.406618714332580566e-01
0.000000000000000000e+00
1.979503780603408813e-02
0.000000000000000000e+00
8.655092120170593262e-01
4.460848122835159302e-02
0.000000000000000000e+00
1.292025744915008545e-01
2.397456318140029907e-01
3.431660532951354980e-01
0.000000000000000000e+00
1.050734996795654297e+00
0.000000000000000000e+00
3.110379166901111603e-02
4.477035626769065857e-02
1.608661055564880371e+00
6.072114944458007812e+00
8.582865446805953979e-02
1.362457424402236938e-01
4.728595614433288574e-01
1.985415458679199219e+00
1.807271540164947510e-01
1.283814907073974609e+00
0.000000000000000000e+00
5.969610437750816345e-02
1.295110225677490234e+00
1.359726428985595703e+00
0.000000000000000000e+00
1.381212770938873291e-01
0.000000000000000000e+00
8.433541283011436462e-03
1.470467448234558105e-01
3.994029015302658081e-02
1.018377065658569336e+00
6.075819581747055054e-02
0.000000000000000000e+00
0.000000000000000000e+00
1.893915981054306030e-02
0.000000000000000000e+00
4.333535134792327881e-01
4.674052819609642029e-02
1.893750578165054321e-01
5.032541155815124512e-01
2.251780986785888672e+00
2.095322906970977783e-01
7.835913896560668945e-01
2.551347017288208008e-01
7.735704630613327026e-02
1.123351931571960449e+00
2.552015706896781921e-02
5.274273753166198730e-01
8.837397694587707520e-01
6.527802348136901855e-01
7.177638262510299683e-02
2.114278972148895264e-01
2.280022501945495605e-01
0.000000000000000000e+00
2.082902006804943085e-02
0.000000000000000000e+00
1.023269176483154297e+00
3.607392609119415283e-01
1.500694751739501953e+00
1.211219429969787598e+00
3.017372608184814453e+00
5.056625008583068848e-01
0.000000000000000000e+00
3.067409098148345947e-01
3.271293342113494873e-01
1.752281069755554199e+00
0.000000000000000000e+00
5.420981720089912415e-02
3.866980597376823425e-02
5.286884307861328125e-02
1.102229654788970947e-01
6.600586771965026855e-01
3.298295894637703896e-03
7.232136279344558716e-02
2.462161332368850708e-01
2.519846260547637939e-01
1.254677027463912964e-02
1.651419550180435181e-01
1.617610454559326172e-01
6.411697715520858765e-02
2.240745425224304199e-01
1.401431411504745483e-01
6.132186055183410645e-01
5.293496325612068176e-02
1.662996292114257812e+00
1.560203909873962402e+00
5.725657194852828979e-02
0.000000000000000000e+00
2.877170918509364128e-03
7.758468389511108398e-02
0.000000000000000000e+00
1.775223851203918457e+00
2.577401697635650635e-01
1.919591426849365234e-01
1.687150150537490845e-01
1.704258561134338379e+00
3.174686431884765625e-02
2.029662847518920898e+00
1.522665768861770630e-01
4.584237635135650635e-01
6.527623534202575684e-02
2.679698765277862549e-01
0.000000000000000000e+00
1.058048367500305176e+00
2.381207644939422607e-01
0.000000000000000000e+00
1.905066892504692078e-02
3.921185731887817383e-01
1.170948266983032227e+00
3.383375704288482666e-01
1.727817296981811523e+00
0.000000000000000000e+00
1.281192541122436523e+00
1.050558760762214661e-01
1.476185978390276432e-03
0.000000000000000000e+00
0.000000000000000000e+00
8.483362793922424316e-01
9.423593282699584961e-01
1.618519663810729980e+00
1.512115150690078735e-01
2.010895967483520508e+00
5.703378096222877502e-02
9.490553140640258789e-01
5.961320996284484863e-01
9.743565320968627930e-02
8.041180372238159180e-01
2.263743281364440918e-01
3.884294331073760986e-01
4.378040507435798645e-02
2.054293155670166016e-01
2.197144031524658203e-01
3.233854472637176514e-02
3.339326858520507812e+00
3.678286075592041016e-01
2.283033579587936401e-01
5.910277962684631348e-01
7.918322086334228516e-02
6.560546904802322388e-02
7.050791382789611816e-02
1.943772286176681519e-02
1.107351556420326233e-01
2.125536650419235229e-02
2.616422176361083984e-01
1.830252557992935181e-01
1.177773997187614441e-02
1.401412785053253174e-01
6.598339676856994629e-01
2.279495298862457275e-01
2.311106324195861816e-01
1.929152607917785645e-01
3.127266652882099152e-03
1.373324543237686157e-01
4.113183021545410156e-01
1.006020978093147278e-01
6.589470058679580688e-02
4.265641793608665466e-02
1.391729593276977539e+00
4.280112981796264648e-01
2.285455465316772461e-01
7.920452952384948730e-01
7.537735700607299805e-01
3.972016274929046631e-01
2.510339953005313873e-02
3.927815333008766174e-02
0.000000000000000000e+00
2.562777698040008545e-02
0.000000000000000000e+00
8.057156205177307129e-01
1.027969643473625183e-01
9.638900309801101685e-02
8.488950878381729126e-02
3.992898166179656982e-01
1.350270807743072510e-01
1.268310546875000000e-01
1.491457700729370117e+00
5.221174284815788269e-02
8.425273001194000244e-02
3.996023535728454590e-01
1.325375735759735107e-01
1.988887190818786621e-01
1.963869929313659668e-01
2.630492150783538818e-01
1.510285139083862305e-01
1.513692617416381836e+00
8.516126871109008789e-02
5.645823664963245392e-03
2.247308641672134399e-01
2.206316590309143066e-02
1.568100601434707642e-02
5.724621295928955078e+00
2.249401956796646118e-01
9.801090694963932037e-03
1.287064142525196075e-02
5.232542157173156738e-01
1.114250719547271729e-02
8.196602761745452881e-02
9.387867450714111328e-01
3.534483611583709717e-01
4.694719016551971436e-01
1.011706113815307617e+00
1.268166005611419678e-01
8.335428237915039062e-01
5.246369242668151855e-01
7.363075017929077148e-02
2.261378169059753418e-01
1.367547959089279175e-01
3.360864520072937012e-02
3.538054227828979492e-01
1.715265214443206787e-02
1.057239808142185211e-02
1.091816276311874390e-01
3.145042806863784790e-02
0.000000000000000000e+00
4.260341227054595947e-01
1.114925622940063477e+00
3.253275156021118164e-01
7.255516052246093750e-01
1.913731545209884644e-02
5.415432453155517578e-01
0.000000000000000000e+00
2.820629812777042389e-02
0.000000000000000000e+00
2.822072245180606842e-02
1.396456837654113770e+00
2.765477001667022705e-01
4.497240297496318817e-03
1.639715880155563354e-01
4.369037151336669922e-01
1.780275821685791016e+00
6.647670269012451172e-02
1.170871853828430176e+00
2.587167918682098389e-02
3.813761472702026367e-02
1.458253129385411739e-03
1.644222438335418701e-02
1.230458736419677734e+00
1.071675345301628113e-01
7.037414312362670898e-01
9.699394702911376953e-01
2.545976400375366211e+00
8.057659864425659180e-02
5.639043450355529785e-01
4.607022404670715332e-01
1.421032994985580444e-01
4.797086119651794434e-02
7.892504930496215820e-01
2.435544013977050781e+00
1.614579707384109497e-01
2.054492235183715820e+00
3.420881628990173340e-01
4.862256348133087158e-03
1.888248324394226074e-01
3.363886177539825439e-01
2.345291674137115479e-01
2.989895343780517578e-01
0.000000000000000000e+00
3.671096563339233398e-01
1.361617892980575562e-01
5.507400259375572205e-02
0.000000000000000000e+00
1.487127244472503662e-01
4.147805273532867432e-03
7.170274853706359863e-01
1.671477556228637695e-01
1.340512782335281372e-01
3.876455128192901611e-01
4.651471227407455444e-02
3.124441504478454590e-01
2.575006708502769470e-02
5.310173630714416504e-01
2.560186944901943207e-02
8.603680878877639771e-02
6.683582663536071777e-01
0.000000000000000000e+00
0.000000000000000000e+00
6.023886799812316895e-02
1.841472387313842773e+00
1.425931751728057861e-01
0.000000000000000000e+00
6.589721441268920898e-01
0.000000000000000000e+00
1.687999442219734192e-02
2.675389498472213745e-02
0.000000000000000000e+00
3.188875615596771240e-01
3.593279421329498291e-01
2.447902917861938477e+00
1.499131508171558380e-02
4.166346043348312378e-02
8.495557904243469238e-01
3.912709951400756836e-01
9.727094322443008423e-02
0.000000000000000000e+00
2.014376595616340637e-02
1.363374888896942139e-01
6.815596818923950195e-01
3.295562267303466797e-01
1.582546159625053406e-02
0.000000000000000000e+00
9.195690751075744629e-01
2.546026706695556641e-01
3.262012004852294922e-01
0.000000000000000000e+00
4.659672677516937256e-01
0.000000000000000000e+00
7.960271090269088745e-03
1.286709960550069809e-02
3.577941954135894775e-01
2.195363864302635193e-03
1.370293945074081421e-01
1.713732361793518066e+00
1.126106530427932739e-01
1.120251715183258057e-01
1.479002386331558228e-01
6.733250617980957031e-01
2.800217270851135254e-02
1.888761762529611588e-03
2.326735109090805054e-02
7.379145622253417969e-01
8.729702830314636230e-01
4.731421545147895813e-02
5.667251944541931152e-01
0.000000000000000000e+00
5.310968495905399323e-03
1.681988984346389771e-01
0.000000000000000000e+00
1.938951253890991211e+00
1.743705868721008301e-01
7.150926440954208374e-02
2.171324640512466431e-01
4.436479881405830383e-02
1.245178580284118652e+00
1.624592393636703491e-02
6.844822764396667480e-01
4.155766509938985109e-04
1.740123391151428223e+00
6.279628276824951172e-01
3.953830897808074951e-02
1.131991948932409286e-02
3.175649344921112061e-01
1.285014301538467407e-02
5.387557744979858398e-01
1.808737218379974365e-01
7.626206427812576294e-02
1.876762866973876953e+00
9.419530034065246582e-01
0.000000000000000000e+00
1.014285564422607422e+00
1.044950168579816818e-02
2.556898295879364014e-01
7.772612571716308594e-01
4.864064976572990417e-03
3.575160354375839233e-02
7.141270637512207031e-01
8.251346647739410400e-02
1.231551408767700195e+00
2.018718421459197998e-02
5.829180590808391571e-03
1.466321665793657303e-02
2.455176115036010742e-01
4.012703299522399902e-01
1.771163940429687500e+00
5.874189734458923340e-01
2.290257364511489868e-01
3.723469078540802002e-01
1.453041732311248779e-01
3.518494218587875366e-02
4.218377768993377686e-01
8.555242791771888733e-03
2.694779075682163239e-02
5.402061939239501953e-01
6.876873373985290527e-01
3.096723854541778564e-01
1.258303165435791016e+00
2.355989694595336914e+00
2.582957267761230469e+00
2.580595314502716064e-01
1.672059483826160431e-02
1.072537079453468323e-01
4.546901211142539978e-02
1.392620149999856949e-02
9.091801643371582031e-01
1.012678742408752441e-01
0.000000000000000000e+00
5.390176773071289062e-01
2.621749162673950195e+00
7.350417971611022949e-01
4.864739477634429932e-01
1.538242936134338379e+00
0.000000000000000000e+00
3.596308529376983643e-01
5.855335593223571777e-01
0.000000000000000000e+00
7.046163082122802734e-02
3.842267096042633057e-01
1.324727237224578857e-01
7.205502390861511230e-01
2.522421777248382568e-01
0.000000000000000000e+00
1.311637759208679199e-01
2.102008461952209473e-02
4.991003870964050293e-02
6.429148465394973755e-02
9.141719341278076172e-02
5.956827476620674133e-02
9.231586009263992310e-02
0.000000000000000000e+00
8.069708943367004395e-01
2.838036417961120605e-01
5.415182113647460938e-01
1.229822169989347458e-02
2.184931337833404541e-01
3.697700798511505127e-02
3.481722995638847351e-02
1.965062022209167480e-01
4.506609439849853516e-01
0.000000000000000000e+00
7.862718701362609863e-01
6.219525933265686035e-01
2.736461460590362549e-01
0.000000000000000000e+00
2.961537335067987442e-03
2.990318275988101959e-02
2.906135916709899902e-01
0.000000000000000000e+00
1.028549224138259888e-01
1.077520251274108887e+00
2.972927808761596680e+00
1.132404580712318420e-01
1.931025087833404541e-01
2.995488941669464111e-01
4.340941011905670166e-01
2.888707816600799561e-02
4.933765903115272522e-02
6.114941239356994629e-01
6.335098743438720703e-01
6.876615434885025024e-02
1.185138225555419922e+00
7.814239859580993652e-01
2.138230502605438232e-01
0.000000000000000000e+00
4.700356721878051758e-02
2.029931843280792236e-01
0.000000000000000000e+00
5.120415687561035156e-01
2.910925820469856262e-02
2.988537251949310303e-01
2.286442741751670837e-02
2.242388576269149780e-01
1.937774121761322021e-01
2.350116223096847534e-01
1.150606274604797363e+00
1.918255724012851715e-02
1.529743969440460205e-01
0.000000000000000000e+00
1.117312431335449219e+00
1.294545084238052368e-01
7.832999527454376221e-02
4.033563435077667236e-01
2.520661950111389160e-01
1.094124913215637207e-01
3.423726558685302734e-01
1.106757149100303650e-01
8.521945029497146606e-02
2.238765731453895569e-02
1.568880081176757812e-01
3.799752891063690186e-02
3.878054767847061157e-02
1.194671541452407837e-01
3.132116496562957764e-01
1.543489694595336914e-01
1.245043635368347168e+00
9.069938063621520996e-01
7.751437276601791382e-02
5.425624251365661621e-01
8.664740920066833496e-01
2.262718915939331055e+00
1.357268989086151123e-01
5.725013017654418945e-01
8.683157712221145630e-02
1.469736546277999878e-01
1.141358613967895508e+00
1.134074330329895020e+00
4.547752737998962402e-01
6.475867629051208496e-01
9.653422236442565918e-02
1.157471060752868652e+00
9.462412595748901367e-01
5.018541216850280762e-01
5.394811034202575684e-01
5.155137926340103149e-02
1.079527378082275391e+00
5.786176323890686035e-01
3.032371282577514648e+00
1.240734010934829712e-02
2.111908048391342163e-03
1.722863502800464630e-02
0.000000000000000000e+00
1.617510795593261719e+00
4.567354023456573486e-01
7.314475774765014648e-01
2.976914942264556885e-01
1.393266320228576660e+00
0.000000000000000000e+00
2.469273060560226440e-01
8.200091868638992310e-02
2.374556303024291992e+00
4.546791911125183105e-01
2.174486219882965088e-02
7.325810194015502930e-01
1.199095323681831360e-01
1.116134166717529297e+00
4.218693733215332031e+00
0.000000000000000000e+00
1.196914240717887878e-01
0.000000000000000000e+00
2.320217639207839966e-01
0.000000000000000000e+00
6.110018148319795728e-05
1.105145931243896484e+00
1.400338649749755859e+00
2.196224377257749438e-04
1.202084198594093323e-01
1.280156224966049194e-01
2.980685830116271973e-01
1.658986955881118774e-01
1.668163985013961792e-01
6.323788762092590332e-01
3.619878292083740234e-01
1.886758953332901001e-01
3.256646990776062012e-01
1.016147881746292114e-01
2.080012857913970947e-02
0.000000000000000000e+00
6.284024566411972046e-02
2.889504432678222656e-01
0.000000000000000000e+00
6.480089575052261353e-02
1.212075632065534592e-02
5.131182670593261719e-01
6.690729409456253052e-02
1.269298911094665527e+00
1.152902126312255859e+00
1.145954966545104980e+00
5.065466463565826416e-02
5.513055995106697083e-02
7.672513723373413086e-01
2.590773068368434906e-02
3.648340702056884766e-01
2.582900412380695343e-02
1.804853528738021851e-01
3.217632472515106201e-01
2.950652688741683960e-02
1.294538497924804688e+00
2.425461530685424805e+00
4.140697717666625977e-01
9.179359078407287598e-01
7.786629199981689453e-01
5.685926079750061035e-01
1.223918795585632324e+00
0.000000000000000000e+00
2.643248140811920166e-01
1.811981946229934692e-01
4.541589021682739258e-01
2.342177629470825195e-01
3.136192262172698975e-02
8.396193385124206543e-02
3.695486858487129211e-02
5.446751117706298828e-01
1.300179660320281982e-01
1.569644957780838013e-01
9.343511462211608887e-01
2.177037671208381653e-02
1.437478542327880859e+00
0.000000000000000000e+00
0.000000000000000000e+00
3.252410650253295898e+00
5.448640584945678711e-01
3.001196980476379395e-01
1.121521666646003723e-01
1.601487398147583008e+00
1.264655124396085739e-02
2.889147102832794189e-01
2.570237517356872559e-01
2.043666318058967590e-02
2.975186109542846680e+00
2.437157928943634033e-01
4.931099712848663330e-03
3.057104945182800293e-01
1.970249861478805542e-01
5.753618478775024414e-01
0.000000000000000000e+00
1.375094205141067505e-01
1.034661680459976196e-01
0.000000000000000000e+00
1.396999478340148926e+00
5.184460878372192383e-01
5.222845077514648438e-01
6.991042494773864746e-01
2.690991573035717010e-02
5.392243862152099609e+00
5.185126066207885742e-01
5.517012625932693481e-02
1.398418843746185303e-02
1.406983137130737305e-01
8.296141624450683594e-01
2.101325988769531250e-01
9.012805223464965820e-01
8.648634701967239380e-02
6.813188791275024414e-01
1.485147327184677124e-02
3.369524702429771423e-02
5.020983815193176270e-01
1.009819656610488892e-01
7.156368345022201538e-02
1.144509673118591309e+00
3.947564959526062012e-02
3.019297599792480469e+00
1.177093200385570526e-02
3.218953311443328857e-02
2.264301180839538574e-01
6.068262830376625061e-02
0.000000000000000000e+00
6.489417552947998047e-01
3.293290734291076660e-01
1.438254211097955704e-02
0.000000000000000000e+00
5.224679708480834961e-01
6.401135772466659546e-02
1.053495883941650391e+00
9.261832237243652344e-01
4.385458230972290039e-01
5.242152214050292969e-01
7.163997292518615723e-01
4.058663249015808105e-01
1.873059749603271484e+00
6.448804736137390137e-01
2.207164019346237183e-01
0.000000000000000000e+00
5.003162026405334473e-01
0.000000000000000000e+00
8.616336621344089508e-03
2.284944988787174225e-02
8.097932934761047363e-01
1.731950230896472931e-02
5.611055996268987656e-03
0.000000000000000000e+00
2.435721635818481445e+00
5.091537255793809891e-03
1.922502666711807251e-01
7.234939932823181152e-01
4.673644155263900757e-02
3.859265893697738647e-02
9.960757568478584290e-03
1.192020848393440247e-01
1.313509792089462280e-01
5.420869588851928711e-01
3.932367265224456787e-02
3.974654436111450195e+00
5.900976061820983887e-01
1.422024726867675781e+00
1.981033980846405029e-01
8.559321761131286621e-01
7.853366434574127197e-03
1.266116261482238770e+00
4.340274631977081299e-01
1.463014185428619385e-01
0.000000000000000000e+00
3.984098881483078003e-02
1.959956288337707520e-01
3.037536144256591797e-01
5.507970452308654785e-01
2.706040255725383759e-02
3.452987223863601685e-02
1.406335353851318359e+00
1.042246352881193161e-02
3.462994992733001709e-01
3.761776387691497803e-01
2.071708999574184418e-02
2.000883817672729492e-01
3.692522272467613220e-02
2.157222628593444824e-01
8.332528918981552124e-02
8.128063678741455078e-01
3.730873465538024902e-01
1.100457072257995605e+00
1.250559329986572266e+00
2.320475177839398384e-03
4.547422751784324646e-02
1.182024851441383362e-01
7.419716715812683105e-01
0.000000000000000000e+00
0.000000000000000000e+00
4.488138109445571899e-02
1.563310027122497559e-01
1.475446671247482300e-01
1.786098331212997437e-01
5.498327687382698059e-02
6.019572168588638306e-02
4.515227973461151123e-01
6.255130767822265625e-01
0.000000000000000000e+00
1.035135984420776367e-01
1.772422110661864281e-03
1.342060565948486328e-01
2.750203311443328857e-01
2.728646993637084961e-01
3.193962387740612030e-03
1.455165147781372070e-01
3.743104636669158936e-01
7.755050659179687500e-01
1.347807168960571289e+00
8.474759459495544434e-01
4.439530149102210999e-02
1.308350544422864914e-02
3.739824891090393066e-02
2.926130890846252441e-01
8.362630754709243774e-02
2.445713877677917480e-01
1.391032934188842773e-01
8.937082290649414062e-01
4.959560334682464600e-01
1.142849214375019073e-02
1.905247569084167480e+00
5.021879076957702637e-01
9.621859192848205566e-01
8.738016337156295776e-02
4.007257819175720215e-01
0.000000000000000000e+00
2.133184485137462616e-02
2.403270006179809570e-01
1.471756398677825928e-01
5.616650581359863281e-01
0.000000000000000000e+00
4.477700233459472656e+00
3.824075698852539062e+00
1.966333150863647461e+00
1.488405978307127953e-03
0.000000000000000000e+00
7.604655623435974121e-02
3.704994618892669678e-01
0.000000000000000000e+00
2.955040708184242249e-02
3.618676960468292236e-01
3.348214328289031982e-01
2.479177899658679962e-02
1.216580510139465332e+00
1.535217642784118652e+00
1.004081606864929199e+00
5.793823599815368652e-01
4.991173148155212402e-01
3.954354226589202881e-01
5.659942626953125000e-01
6.565440446138381958e-02
8.592397570610046387e-01
1.063105165958404541e-01
1.074266657233238220e-01
4.109645783901214600e-01
1.459342837333679199e-01
0.000000000000000000e+00
1.864883303642272949e-02
2.868585055693984032e-03
9.940264821052551270e-01
7.642018795013427734e-01
1.040132269263267517e-01
1.314218640327453613e-01
5.596153140068054199e-01
6.348773092031478882e-02
1.233612596988677979e-01
1.204443454742431641e+00
1.146501064300537109e+00
0.000000000000000000e+00
7.739644050598144531e-01
2.376116067171096802e-02
1.803130269050598145e+00
2.942317724227905273e-01
1.461613923311233521e-02
2.283946052193641663e-02
1.002008020877838135e-01
2.805527150630950928e-01
2.500518560409545898e-01
6.742325425148010254e-02
0.000000000000000000e+00
4.238155111670494080e-02
5.022225435823202133e-03
5.716654658317565918e-02
1.600100658833980560e-02
7.062393426895141602e-01
0.000000000000000000e+00
8.406866192817687988e-01
6.077988147735595703e-01
8.059252798557281494e-02
2.793754935264587402e-01
1.592242360115051270e+00
0.000000000000000000e+00
0.000000000000000000e+00
2.940857410430908203e-01
2.615876123309135437e-02
0.000000000000000000e+00
5.338270664215087891e-01
6.131885051727294922e-01
1.948039829730987549e-01
9.722650647163391113e-01
1.124053075909614563e-01
1.179363965988159180e+00
2.241622060537338257e-01
4.079580903053283691e-01
2.572504281997680664e+00
1.291433691978454590e+00
6.862872745841741562e-03
1.316016912460327148e-01
2.802894413471221924e-01
0.000000000000000000e+00
9.935935139656066895e-01
7.276483625173568726e-02
1.556635368615388870e-02
3.372063636779785156e-01
2.257228940725326538e-01
7.283042669296264648e-01
1.152339205145835876e-01
4.732172489166259766e-01
1.361517515033483505e-02
3.053871169686317444e-02
4.597755372524261475e-01
7.991800904273986816e-01
1.695898056030273438e+00
1.588656157255172729e-01
3.048119843006134033e-01
3.716238588094711304e-02
1.719103455543518066e-01
1.620686948299407959e-01
0.000000000000000000e+00
3.328442573547363281e-03
0.000000000000000000e+00
1.632884740829467773e-01
1.405821293592453003e-01
1.136951565742492676e+00
5.092364922165870667e-02
2.103693485260009766e-01
5.419240593910217285e-01
7.039479911327362061e-02
6.830678135156631470e-02
5.719553306698799133e-02
3.532557249069213867e+00
2.366423904895782471e-01
1.607438206672668457e+00
3.243343234062194824e-01
9.726113826036453247e-02
1.315558999776840210e-01
6.706581115722656250e-01
0.000000000000000000e+00
1.469684392213821411e-01
3.977543674409389496e-03
6.732548773288726807e-02
2.851907610893249512e-01
4.099748656153678894e-02
2.009058445692062378e-01
0.000000000000000000e+00
2.765437662601470947e-01
2.924804389476776123e-01
9.386512637138366699e-01
1.956537842750549316e+00
1.402572914958000183e-02
9.484824538230895996e-01
3.052523732185363770e-01
2.155223935842514038e-01
2.446706295013427734e-01
8.580017834901809692e-03
7.287417054176330566e-01
4.853042308241128922e-03
1.638270974159240723e+00
1.105123106390237808e-02
0.000000000000000000e+00
5.844531655311584473e-01
1.407907307147979736e-01
4.913063347339630127e-02
5.680763125419616699e-01
6.428944319486618042e-02
2.198616042733192444e-02
1.018446031957864761e-02
1.730659842491149902e+00
8.184874802827835083e-02
1.365827322006225586e-01
1.630391031503677368e-01
1.294980287551879883e+00
0.000000000000000000e+00
0.000000000000000000e+00
6.778654456138610840e-02
1.234832763671875000e+00
1.092495545744895935e-01
6.646183878183364868e-02
5.090868100523948669e-03
2.642918378114700317e-02
5.494390726089477539e-01
8.405523300170898438e-01
5.666785314679145813e-02
4.669487476348876953e-01
3.716030716896057129e-02
1.392496079206466675e-01
2.424530237913131714e-01
2.319113910198211670e-02
3.665303811430931091e-02
5.830801725387573242e-01
1.719268858432769775e-01
6.904122978448867798e-02
3.008304834365844727e-01
3.083873987197875977e-01
1.268145203590393066e+00
5.583938211202621460e-02
5.296066775918006897e-02
6.682888604700565338e-03
6.753574013710021973e-01
1.382636666297912598e+00
1.730503290891647339e-01
5.495785549283027649e-02
1.371859908103942871e-01
8.983498811721801758e-02
3.804528096225112677e-04
3.286743909120559692e-02
0.000000000000000000e+00
1.544616930186748505e-02
3.029835700988769531e+00
0.000000000000000000e+00
0.000000000000000000e+00
1.382834091782569885e-02
2.943824529647827148e-01
0.000000000000000000e+00
9.350767135620117188e-01
1.898760795593261719e+00
4.077142477035522461e-01
1.781307309865951538e-01
3.456637263298034668e-02
8.182483166456222534e-02
1.228711605072021484e+00
5.151783116161823273e-04
1.184141729027032852e-03
1.177847504615783691e+00
1.114961147308349609e+00
7.464890182018280029e-02
2.745207250118255615e-01
1.637631505727767944e-01
0.000000000000000000e+00
9.594561457633972168e-01
1.809079170227050781e+00
0.000000000000000000e+00
1.930193662643432617e+00
5.536866188049316406e-01
1.352459669113159180e+00
8.731235750019550323e-03
4.224000498652458191e-02
1.323575854301452637e+00
5.335034057497978210e-02
0.000000000000000000e+00
4.332872033119201660e-01
1.613154649734497070e+00
2.418374083936214447e-02
6.506066322326660156e-01
4.071154072880744934e-02
4.343945980072021484e+00
9.314531683921813965e-01
2.257619798183441162e-01
4.936250448226928711e-01
6.246609687805175781e-01
9.712672792375087738e-03
6.446976661682128906e-01
7.645040154457092285e-01
2.502865195274353027e-01
2.192668244242668152e-02
1.580155253410339355e+00
6.955414414405822754e-01
2.743528410792350769e-02
2.015704154968261719e+00
2.287258207798004150e-01
1.202910766005516052e-01
0.000000000000000000e+00
1.135036163032054901e-02
7.089225649833679199e-01
1.396715760231018066e+00
4.365849494934082031e-01
5.805777907371520996e-01
1.848936438560485840e+00
0.000000000000000000e+00
2.101497054100036621e-01
1.680874079465866089e-01
5.117979273200035095e-02
5.129830539226531982e-02
7.490994334220886230e-01
3.650333266705274582e-03
9.989032149314880371e-02
1.511765178292989731e-03
6.916074156761169434e-01
6.213251948356628418e-01
1.780728340148925781e+00
4.172240570187568665e-02
4.111774563789367676e-01
5.747561454772949219e-01
1.263238489627838135e-01
0.000000000000000000e+00
1.715757846832275391e+00
8.925521373748779297e-02
2.635937631130218506e-01
7.182323839515447617e-03
0.000000000000000000e+00
9.586466848850250244e-02
1.379008293151855469e+00
4.948067665100097656e-01
4.709091782569885254e-02
4.663427770137786865e-01
5.333661437034606934e-01
0.000000000000000000e+00
3.493391573429107666e-01
2.137649655342102051e-01
1.841199100017547607e-01
4.740216732025146484e-01
6.001650094985961914e-01
5.108977481722831726e-02
1.888976544141769409e-01
0.000000000000000000e+00
2.697669565677642822e-01
4.668966531753540039e-01
3.532942011952400208e-02
1.359681725502014160e+00
1.039573252201080322e-01
3.229509115219116211e+00
2.398432731628417969e+00
7.928425669670104980e-01
2.212971299886703491e-01
9.441289305686950684e-01
3.064505988731980324e-03
7.375041022896766663e-03
2.609807811677455902e-02
4.071130882948637009e-03
1.471851587295532227e+00
7.498677968978881836e-01
3.333687186241149902e-01
5.435535311698913574e-02
1.532189697027206421e-01
5.414829938672482967e-04
1.481252908706665039e-01
1.965162277221679688e+00
3.089692071080207825e-02
3.852337896823883057e-01
1.788664460182189941e-01
9.134768694639205933e-02
3.209919452667236328e+00
0.000000000000000000e+00
0.000000000000000000e+00
5.627359151840209961e-01
1.906381607055664062e+00
2.925289608538150787e-02
2.509952336549758911e-02
1.230809912085533142e-01
3.728626072406768799e-01
7.337044924497604370e-03
5.353773012757301331e-03
1.535575032234191895e+00
1.276808679103851318e-01
5.761017203330993652e-01
0.000000000000000000e+00
9.245146811008453369e-02
8.184035867452621460e-02
1.421510696411132812e+00
7.038040757179260254e-01
0.000000000000000000e+00
2.503686118870973587e-03
2.278514146804809570e+00
4.234913364052772522e-02
7.958225160837173462e-02
5.440115556120872498e-02
2.089465595781803131e-02
7.048556953668594360e-02
3.776926994323730469e+00
3.069625794887542725e-01
1.140446364879608154e-01
7.264502644538879395e-01
9.370915889739990234e-01
1.110902428627014160e+00
0.000000000000000000e+00
0.000000000000000000e+00
1.597876846790313721e-01
2.191487103700637817e-01
1.055559158325195312e+00
3.516592681407928467e-01
0.000000000000000000e+00
1.538460492156445980e-03
4.832840524613857269e-03
1.096773266792297363e+00
3.062556311488151550e-02
7.880852222442626953e-01
1.451226711273193359e+00
5.321864038705825806e-02
2.267729341983795166e-01
1.114185601472854614e-01
2.356166094541549683e-01
9.588710069656372070e-01
8.752297610044479370e-03
2.007131837308406830e-02
1.965109705924987793e+00
4.338245093822479248e-01
1.164623856544494629e+00
9.714691340923309326e-02
3.550965189933776855e-01
5.352087616920471191e-01
7.290028929710388184e-01
9.684472344815731049e-03
7.977241277694702148e-02
9.338002651929855347e-02
1.361366063356399536e-01
1.986792325973510742e+00
4.888529777526855469e-01
1.811062097549438477e-01
3.607141494750976562e+00
2.178641319274902344e+00
2.170692533254623413e-01
1.798631548881530762e-01
8.545085042715072632e-02
4.667715430259704590e-01
8.258939981460571289e-01
5.168215557932853699e-02
4.232988834381103516e+00
4.379057884216308594e-02
2.284947186708450317e-01
1.254272907972335815e-01
1.485829591751098633e+00
2.509711086750030518e-01
2.010467499494552612e-01
0.000000000000000000e+00
4.758026599884033203e-01
2.225527316331863403e-01
2.624995112419128418e-01
5.773521661758422852e-01
2.838579006493091583e-02
0.000000000000000000e+00
3.718005493283271790e-02
2.269472181797027588e-01
8.250858634710311890e-02
1.682124584913253784e-01
3.236915171146392822e-01
6.394496560096740723e-02
1.257366985082626343e-01
1.789714843034744263e-01
0.000000000000000000e+00
2.427638683002442122e-04
6.457841992378234863e-01
5.999524891376495361e-02
3.254064917564392090e-02
0.000000000000000000e+00
2.074702680110931396e-01
2.839901745319366455e-01
6.504898071289062500e-01
3.896166682243347168e-01
4.124593138694763184e-01
2.712404429912567139e-01
9.809490203857421875e+00
0.000000000000000000e+00
7.568851113319396973e-01
1.136364459991455078e+00
2.047341689467430115e-02
1.144891511648893356e-02
4.521629512310028076e-01
1.096610650420188904e-01
7.195020467042922974e-02
1.595114618539810181e-01
1.037377953529357910e+00
2.472900152206420898e-01
7.333549857139587402e-01
7.578074336051940918e-01
2.916327953338623047e+00
1.099089145660400391e+00
2.712558954954147339e-02
1.109886765480041504e-01
6.316053681075572968e-03
3.461904451251029968e-02
5.003089308738708496e-01
3.253939747810363770e-01
8.525036573410034180e-01
8.206581473350524902e-01
1.774196475744247437e-01
1.562950611114501953e-01
1.425615884363651276e-02
1.546007156372070312e+00
2.616983354091644287e-01
3.828658908605575562e-02
1.943218588829040527e+00
1.564204096794128418e-01
0.000000000000000000e+00
4.105858504772186279e-02
3.843326866626739502e-01
7.647164911031723022e-02
6.396036148071289062e-01
0.000000000000000000e+00
1.457322388887405396e-02
4.528093338012695312e-02
1.128417611122131348e+00
1.052106767892837524e-01
1.405014872550964355e+00
0.000000000000000000e+00
1.167586892843246460e-01
2.256343960762023926e-01
8.845660090446472168e-02
7.220429182052612305e-02
1.293768167495727539e+00
1.779609024524688721e-01
8.965637087821960449e-01
6.773535013198852539e-01
5.588694661855697632e-02
0.000000000000000000e+00
0.000000000000000000e+00
6.423712372779846191e-01
8.482518792152404785e-01
4.596540704369544983e-02
4.779744148254394531e-02
5.667746663093566895e-01
4.731112122535705566e-01
1.346363663673400879e+00
1.621040999889373779e-01
3.710249364376068115e-01
6.328650712966918945e-01
9.523328393697738647e-02
2.801537811756134033e-01
2.187311410903930664e+00
6.833487749099731445e-01
1.389023754745721817e-02
2.432720363140106201e-01
0.000000000000000000e+00
7.688921093940734863e-01
0.000000000000000000e+00
4.913973510265350342e-01
2.524629235267639160e-01
6.582567095756530762e-01
1.645829081535339355e+00
2.417409420013427734e-01
1.331145018339157104e-01
1.732892170548439026e-02
9.166942909359931946e-03
5.307955741882324219e-01
1.156406775116920471e-01
0.000000000000000000e+00
9.302413091063499451e-03
0.000000000000000000e+00
0.000000000000000000e+00
1.731910705566406250e-01
2.121235728263854980e-01
1.647136062383651733e-01
4.193343967199325562e-02
4.365963935852050781e-01
1.873731166124343872e-01
2.923313081264495850e-01
0.000000000000000000e+00
0.000000000000000000e+00
4.198497533798217773e-02
1.053565621376037598e+00
1.117269396781921387e-01
1.298569142818450928e-03
2.605105936527252197e-01
1.681841313838958740e-01
6.478101015090942383e-01
9.046926279552280903e-04
0.000000000000000000e+00
8.826150745153427124e-02
1.447463989257812500e+00
0.000000000000000000e+00
0.000000000000000000e+00
6.776987016201019287e-02
2.291635610163211823e-02
1.432778954505920410e+00
1.036121249198913574e-01
6.263514608144760132e-02
6.783890128135681152e-01
4.411287605762481689e-01
2.887775003910064697e-01
2.391764335334300995e-02
2.684932760894298553e-02
1.616777479648590088e-01
4.393644630908966064e-01
8.330204337835311890e-02
0.000000000000000000e+00
6.005626320838928223e-01
2.988485991954803467e-01
7.022320479154586792e-02
1.048046126961708069e-01
9.783270768821239471e-03
0.000000000000000000e+00
1.717981249094009399e-01
3.474716562777757645e-03
3.430892527103424072e-01
1.896223306655883789e+00
1.535305231809616089e-01
5.862044692039489746e-01
2.034125179052352905e-01
0.000000000000000000e+00
9.030719846487045288e-02
1.139250118285417557e-02
3.848187858238816261e-03
3.115377202630043030e-02
4.007710888981819153e-02
2.051217555999755859e-01
1.242639571428298950e-01
1.691971570253372192e-01
0.000000000000000000e+00
1.235217675566673279e-01
0.000000000000000000e+00
7.548297047615051270e-01
1.527675032615661621e+00
0.000000000000000000e+00
0.000000000000000000e+00
5.981941707432270050e-03
1.717247128486633301e+00
4.554055258631706238e-02
1.002754434011876583e-03
8.814768195152282715e-01
3.053912818431854248e-01
2.155836224555969238e-01
3.017052710056304932e-01
0.000000000000000000e+00
8.183972239494323730e-01
2.695894539356231689e-01
0.000000000000000000e+00
6.937786936759948730e-01
3.260535188019275665e-03
0.000000000000000000e+00
5.913363099098205566e-01
9.417722821235656738e-01
5.068211629986763000e-02
3.583800792694091797e-01
0.000000000000000000e+00
7.860291004180908203e-02
6.402532756328582764e-02
1.244417019188404083e-02
5.163009762763977051e-01
4.812222719192504883e-01
1.563603729009628296e-01
2.437130808830261230e-01
3.362774103879928589e-02
8.633674122393131256e-03
5.847021341323852539e-01
0.000000000000000000e+00
0.000000000000000000e+00
2.440293878316879272e-02
1.374572366476058960e-01
6.561821699142456055e-02
0.000000000000000000e+00
1.415238499641418457e+00
0.000000000000000000e+00
9.428580850362777710e-02
3.837559819221496582e-01
2.807559072971343994e-02
2.444821894168853760e-01
2.559863567352294922e+00
0.000000000000000000e+00
1.874491423368453979e-01
1.310362517833709717e-01
1.156203269958496094e+00
1.891745328903198242e-01
3.260850608348846436e-01
1.326985657215118408e-01
1.403265953063964844e+00
6.163083389401435852e-02
7.678292989730834961e-01
1.242752373218536377e-02
2.733090892434120178e-02
2.448993921279907227e-01
0.000000000000000000e+00
1.339369535446166992e+00
3.083063662052154541e-01
9.562326669692993164e-01
1.009206056594848633e+00
1.480495482683181763e-01
1.314648985862731934e-01
1.098690927028656006e-01
2.191888354718685150e-02
9.158874750137329102e-01
6.479767560958862305e-01
1.818279922008514404e-01
9.037710726261138916e-02
1.494055867195129395e+00
2.192872576415538788e-02
2.808416076004505157e-02
1.223665475845336914e+00
7.611805200576782227e-02
1.160887107253074646e-01
5.066508054733276367e-01
7.222729921340942383e-02
6.976677775382995605e-01
1.333342939615249634e-01
3.245763063430786133e+00
0.000000000000000000e+00
1.289701927453279495e-02
1.053432703018188477e+00
7.444971799850463867e-02
2.114038728177547455e-02
0.000000000000000000e+00
1.613883823156356812e-01
6.367837777361273766e-04
1.818619482219219208e-02
1.184758637100458145e-02
0.000000000000000000e+00
2.830921858549118042e-02
8.876698464155197144e-02
2.381085157394409180e-01
0.000000000000000000e+00
2.942190170288085938e+00
9.782851673662662506e-03
5.234636738896369934e-02
2.586027979850769043e-01
0.000000000000000000e+00
7.886954583227634430e-03
6.433568149805068970e-02
0.000000000000000000e+00
1.335688978433609009e-01
1.718517541885375977e-01
2.162448644638061523e+00
1.072295531630516052e-01
2.521380186080932617e-01
4.660868048667907715e-01
8.490946292877197266e-01
1.210305929183959961e+00
6.801986694335937500e-01
9.063260257244110107e-02
5.543006211519241333e-02
0.000000000000000000e+00
1.362436711788177490e-01
1.405774354934692383e-01
1.471214834600687027e-02
5.605846047401428223e-01
1.994656585156917572e-02
2.326739020645618439e-02
0.000000000000000000e+00
2.098051071166992188e+00
1.046869635581970215e+00
7.855969667434692383e-02
1.411603540182113647e-01
4.680546760559082031e+00
3.434120118618011475e-01
1.791034489870071411e-01
4.580891504883766174e-02
7.051827311515808105e-01
0.000000000000000000e+00
8.371407389640808105e-01
3.774938881397247314e-01
1.645529627799987793e+00
1.153201982378959656e-02
7.171798497438430786e-02
5.173334479331970215e-02
1.527200788259506226e-01
5.012470483779907227e-02
3.219611644744873047e-01
7.464517354965209961e-01
2.737680450081825256e-02
1.863014185801148415e-03
3.217391073703765869e-01
1.005978345870971680e+00
1.057566851377487183e-01
0.000000000000000000e+00
3.402836918830871582e-01
1.498913526535034180e+00
8.411697298288345337e-02
3.681517764925956726e-02
2.724094092845916748e-01
8.547106981277465820e-01
1.150948405265808105e-01
0.000000000000000000e+00
3.573745116591453552e-02
1.365413427352905273e+00
1.803502589464187622e-01
1.591338515281677246e+00
4.103302359580993652e-01
1.588825106620788574e+00
4.986670315265655518e-01
3.277148818597197533e-03
5.040379166603088379e-01
1.445518285036087036e-01
1.649702936410903931e-01
4.219309687614440918e-01
9.950808882713317871e-01
3.057912364602088928e-02
1.300841867923736572e-01
0.000000000000000000e+00
9.678970277309417725e-02
1.927539229393005371e+00
6.119799017906188965e-01
8.829772472381591797e-01
1.214509364217519760e-02
0.000000000000000000e+00
2.218062281608581543e-01
0.000000000000000000e+00
2.764295935630798340e-01
1.017795205116271973e-01
4.005575776100158691e-01
0.000000000000000000e+00
3.847977891564369202e-02
9.058306366205215454e-02
9.043111205101013184e-01
1.271093487739562988e+00
4.849210083484649658e-01
6.942420601844787598e-01
3.709255158901214600e-01
3.057873845100402832e-01
6.966517865657806396e-02
1.223739534616470337e-01
9.164383634924888611e-03
1.084617525339126587e-01
9.663750529289245605e-01
2.086070924997329712e-01
5.073361396789550781e-01
2.279454469680786133e-01
2.249554172158241272e-02
0.000000000000000000e+00
4.328681528568267822e-01
2.365248464047908783e-02
1.719446331262588501e-01
5.695776939392089844e-01
0.000000000000000000e+00
1.886714845895767212e-01
0.000000000000000000e+00
4.104648716747760773e-03
8.980197310447692871e-01
1.892396926879882812e+00
9.609290212392807007e-02
1.728128671646118164e+00
9.414029717445373535e-01
4.749652445316314697e-01
8.148773312568664551e-01
6.251869350671768188e-02
8.799950033426284790e-02
1.108097136020660400e-01
2.329639911651611328e+00
1.717869341373443604e-01
7.007749080657958984e-01
6.186294555664062500e-02
2.180241048336029053e-01
1.267711520195007324e-01
1.513615846633911133e+00
1.664959192276000977e-01
9.081931114196777344e-01
4.992313310503959656e-02
4.163814187049865723e-01
0.000000000000000000e+00
4.408352077007293701e-02
4.524687826633453369e-01
4.927590787410736084e-01
5.302384961396455765e-04
1.743524074554443359e-01
1.246123313903808594e-01
6.798861082643270493e-03
1.063882857561111450e-01
1.901366934180259705e-02
2.332010418176651001e-01
1.857336878776550293e+00
1.343892574310302734e+00
0.000000000000000000e+00
2.980317771434783936e-01
4.775194078683853149e-02
8.843231201171875000e-01
3.352900445461273193e-01
2.955863475799560547e-01
6.593985948711633682e-03
6.341107189655303955e-03
1.973562501370906830e-02
0.000000000000000000e+00
7.553882151842117310e-02
7.114099860191345215e-01
2.311301790177822113e-02
1.287347555160522461e+00
2.645432353019714355e-01
1.783581525087356567e-01
0.000000000000000000e+00
0.000000000000000000e+00
0.000000000000000000e+00
4.595710337162017822e-02
0.000000000000000000e+00
3.560281591489911079e-03
2.882709261029958725e-03
1.116726994514465332e-01
8.271561563014984131e-02
7.478795014321804047e-03
1.705264598131179810e-01
0.000000000000000000e+00
8.560359477996826172e-01
2.260819673538208008e+00
1.252561807632446289e-01
1.128368020057678223e+00
9.225260466337203979e-03
2.320418506860733032e-01
1.667163916863501072e-03
2.489701062440872192e-01
2.616122961044311523e-01
3.844140768051147461e-01
0.000000000000000000e+00
8.068130165338516235e-02
1.134131550788879395e-01
0.000000000000000000e+00
2.732152044773101807e-01
2.808117866516113281e-01
1.022093668580055237e-01
1.755536794662475586e-01
5.817621946334838867e-02
3.892007172107696533e-01
1.451691538095474243e-01
1.173585746437311172e-02
0.000000000000000000e+00
4.674097895622253418e-02
1.335802823305130005e-01
7.018541218712925911e-04
5.255726575851440430e-01
7.427615672349929810e-02
1.925810277462005615e-01
2.945957705378532410e-03
2.559976875782012939e-01
7.491631899029016495e-03
1.360002756118774414e-01
1.617264788364991546e-04
3.050896823406219482e-01
2.625521123409271240e-01
3.695538640022277832e-01
4.983835667371749878e-02
1.932013869285583496e+00
7.030649185180664062e-01
0.000000000000000000e+00
1.929375156760215759e-02
3.503496572375297546e-02
7.471889257431030273e-02
3.725709766149520874e-02
2.754217982292175293e-01
1.123864725232124329e-01
1.497701853513717651e-01
1.756228446960449219e+00
2.848894335329532623e-02
2.763344645500183105e-01
0.000000000000000000e+00
3.823676347732543945e+00
2.532973289489746094e-01
1.079045087099075317e-01
2.163193654268980026e-03
