1.450540311634540558e-02
3.914815559983253479e-02
1.352174729108810425e-01
0.000000000000000000e+00
0.000000000000000000e+00
3.157796859741210938e-01
5.414738059043884277e-01
6.867206096649169922e-02
1.278593540191650391e+00
4.078172206878662109e+00
5.237414035946130753e-03
0.000000000000000000e+00
0.000000000000000000e+00
3.713198006153106689e-02
3.496271371841430664e-01
1.539769917726516724e-01
6.810006499290466309e-02
1.155695557594299316e+00
1.544730365276336670e-01
0.000000000000000000e+00
5.691252350807189941e-01
2.502746507525444031e-02
5.639587715268135071e-02
4.063618928194046021e-02
1.438631564378738403e-01
1.258605867624282837e-01
1.897383332252502441e-01
0.000000000000000000e+00
0.000000000000000000e+00
6.588014960289001465e-01
2.930216312408447266e+00
8.604385703802108765e-02
1.105995252728462219e-01
0.000000000000000000e+00
4.865057766437530518e-01
3.715357184410095215e-01
7.718555629253387451e-02
1.222355246543884277e+00
1.791660115122795105e-02
5.697242021560668945e-01
2.626175880432128906e-01
3.477324545383453369e-01
2.829252043738961220e-03
3.541956663131713867e+00
0.000000000000000000e+00
0.000000000000000000e+00
1.669882684946060181e-01
1.320173293352127075e-01
1.408900041133165359e-02
7.774994373321533203e-01
0.000000000000000000e+00
7.684245705604553223e-01
4.936121404170989990e-02
5.652259588241577148e-01
0.000000000000000000e+00
8.586711287498474121e-01
3.333300352096557617e-01
1.123272538185119629e+00
2.396665066480636597e-01
1.177316755056381226e-01
1.530159562826156616e-01
1.897601634263992310e-01
1.916224479675292969e+00
5.510404109954833984e-01
7.544511556625366211e-02
1.282525956630706787e-01
4.342340230941772461e-01
5.228965759277343750e+00
8.679825663566589355e-01
9.691790491342544556e-02
1.870040446519851685e-01
7.679329514503479004e-01
0.000000000000000000e+00
3.167759254574775696e-02
4.099300205707550049e-01
8.041564226150512695e-01
1.183337569236755371e+00
5.079201459884643555e-01
8.924403786659240723e-01
6.347833573818206787e-02
2.570333182811737061e-01
4.336940124630928040e-02
4.803064279258251190e-03
6.922504901885986328e-01
2.693465352058410645e-01
5.453001260757446289e-01
2.668443620204925537e-01
0.000000000000000000e+00
3.220798730850219727e+00
3.512282967567443848e-01
9.060612916946411133e-01
1.058622449636459351e-01
7.544184476137161255e-02
3.608833253383636475e-01
1.460755337029695511e-02
0.000000000000000000e+00
7.629020214080810547e-01
3.521000966429710388e-02
6.071190237998962402e-01
3.325315192341804504e-02
1.944383978843688965e-02
8.189186453819274902e-01
2.850309610366821289e-01
8.878704160451889038e-02
0.000000000000000000e+00
3.339980170130729675e-02
0.000000000000000000e+00
2.182537503540515900e-02
1.046174690127372742e-01
8.041858673095703125e+00
0.000000000000000000e+00
7.287941575050354004e-01
1.243547126650810242e-01
1.902277469635009766e+00
3.307901322841644287e-02
0.000000000000000000e+00
4.881318509578704834e-01
4.027899503707885742e-01
3.525202721357345581e-02
4.312641322612762451e-01
1.404308676719665527e+00
1.625896394252777100e-01
7.440165877342224121e-01
0.000000000000000000e+00
3.161511421203613281e-01
1.754195988178253174e-01
5.060407519340515137e-01
4.437460750341415405e-02
5.715557560324668884e-02
4.168906807899475098e-01
3.216673061251640320e-02
5.562053248286247253e-02
0.000000000000000000e+00
9.325899481773376465e-01
5.681171640753746033e-02
6.347499322146177292e-03
6.351684927940368652e-01
2.002759426832199097e-01
4.097266197204589844e+00
1.421137571334838867e+00
3.516239523887634277e-01
3.830678462982177734e-01
1.508673191070556641e+00
1.859323494136333466e-02
8.243885636329650879e-02
0.000000000000000000e+00
5.354749560356140137e-01
4.165352135896682739e-02
2.981739342212677002e-01
8.071283251047134399e-02
4.014250636100769043e-01
9.069597348570823669e-03
3.341325223445892334e-01
1.627438701689243317e-02
5.141382217407226562e-01
0.000000000000000000e+00
1.213489323854446411e-01
1.534332185983657837e-01
8.717973828315734863e-01
0.000000000000000000e+00
8.742449283599853516e-01
3.570744991302490234e-01
8.105143308639526367e-01
4.296368658542633057e-01
4.175259266048669815e-03
3.502684354782104492e+00
0.000000000000000000e+00
1.149961471557617188e+00
7.911353111267089844e-01
6.380534768104553223e-01
3.997350856661796570e-02
5.078701972961425781e-01
3.646662831306457520e-01
9.023733139038085938e-01
6.838790327310562134e-02
1.052347719669342041e-01
1.078722849488258362e-01
0.000000000000000000e+00
4.098039865493774414e-01
0.000000000000000000e+00
1.943785846233367920e-01
2.057009696960449219e+00
3.673054873943328857e-01
3.573286235332489014e-01
9.684088081121444702e-02
1.752194017171859741e-01
1.352492332458496094e+00
6.404902786016464233e-02
0.000000000000000000e+00
8.465918898582458496e-02
5.775141716003417969e-01
0.000000000000000000e+00
2.803754806518554688e-02
1.245729207992553711e+00
0.000000000000000000e+00
4.720569550991058350e-01
8.889744281768798828e-01
0.000000000000000000e+00
1.888316422700881958e-01
3.000809252262115479e-02
1.838808208703994751e-01
5.005307793617248535e-01
4.072453975677490234e-01
1.382741727866232395e-03
0.000000000000000000e+00
5.730997771024703979e-02
4.323782399296760559e-02
2.518812417984008789e+00
8.239177986979484558e-04
7.756436467170715332e-01
4.455029964447021484e-01
1.532065123319625854e-01
5.173901319503784180e-01
3.103796243667602539e-01
0.000000000000000000e+00
5.961823835968971252e-02
5.465864762663841248e-02
6.350080966949462891e-01
1.245863810181617737e-01
1.664881557226181030e-01
4.780358970165252686e-01
0.000000000000000000e+00
3.031455278396606445e-01
1.095857992768287659e-01
1.159896254539489746e-01
1.043992340564727783e-01
0.000000000000000000e+00
1.027060866355895996e+00
2.192392498254776001e-01
6.042223572731018066e-01
0.000000000000000000e+00
3.100589662790298462e-02
1.123178601264953613e-01
4.377601444721221924e-01
4.210835397243499756e-01
1.402952194213867188e+00
0.000000000000000000e+00
2.726321341469883919e-03
0.000000000000000000e+00
5.960958451032638550e-02
4.925456270575523376e-02
3.789661824703216553e-01
1.866304427385330200e-01
1.368898898363113403e-01
0.000000000000000000e+00
1.017441511154174805e+00
1.207263842225074768e-01
1.397351920604705811e-01
2.494103610515594482e-01
2.873668074607849121e-02
0.000000000000000000e+00
3.355690569151192904e-04
1.752216182649135590e-02
4.305744171142578125e-02
2.153983265161514282e-01
1.803941279649734497e-02
1.344817876815795898e-01
5.616591870784759521e-02
1.303739845752716064e-02
4.560243804007768631e-03
4.680228829383850098e-01
1.246859669685363770e+00
1.407267451286315918e-01
4.131855443120002747e-02
1.094699501991271973e+00
0.000000000000000000e+00
2.620619237422943115e-01
0.000000000000000000e+00
7.427646160125732422e+00
1.347140669822692871e+00
1.758507847785949707e+00
2.753598093986511230e-01
1.361297607421875000e+00
5.611826181411743164e-01
0.000000000000000000e+00
6.410116553306579590e-01
1.386113930493593216e-03
3.921113908290863037e-02
5.089243650436401367e-01
3.621397167444229126e-02
5.112182721495628357e-02
0.000000000000000000e+00
1.811865717172622681e-01
5.751283839344978333e-02
5.150464922189712524e-02
2.014645576477050781e+00
0.000000000000000000e+00
9.840373396873474121e-01
4.095701217651367188e+00
0.000000000000000000e+00
4.915429279208183289e-02
3.409233987331390381e-01
9.699568152427673340e-02
1.170277357101440430e+00
0.000000000000000000e+00
3.665466234087944031e-02
5.732855200767517090e-01
2.742967903614044189e-01
1.175511255860328674e-01
0.000000000000000000e+00
4.473375901579856873e-02
2.932264506816864014e-01
0.000000000000000000e+00
0.000000000000000000e+00
9.564434736967086792e-02
5.017181392759084702e-03
1.557036116719245911e-02
7.305576801300048828e-01
4.430312216281890869e-01
6.599026732146739960e-03
4.490621387958526611e-02
0.000000000000000000e+00
4.731199517846107483e-02
1.047199685126543045e-02
9.807572364807128906e-01
0.000000000000000000e+00
2.928729355335235596e-02
0.000000000000000000e+00
1.533132642507553101e-01
2.757847070693969727e+00
6.943654734641313553e-03
0.000000000000000000e+00
6.655861735343933105e-01
7.022903114557266235e-02
1.097600013017654419e-01
6.554125547409057617e-01
7.646271586418151855e-02
3.862043619155883789e-01
0.000000000000000000e+00
9.417035579681396484e-01
3.126733601093292236e-01
1.499287843704223633e+00
1.707559525966644287e-01
4.976464211940765381e-01
1.113289237022399902e+00
0.000000000000000000e+00
1.047973409295082092e-01
3.496629185974597931e-03
2.343552261590957642e-01
8.872897624969482422e-01
2.135568410158157349e-01
3.495783805847167969e-01
5.837432146072387695e-01
1.658197194337844849e-01
5.609504878520965576e-03
0.000000000000000000e+00
0.000000000000000000e+00
2.041383981704711914e+00
1.396899372339248657e-01
0.000000000000000000e+00
2.965167522430419922e+00
2.908882312476634979e-02
1.198465466499328613e+00
4.921820461750030518e-01
0.000000000000000000e+00
7.416300773620605469e-01
0.000000000000000000e+00
1.087538123130798340e+00
7.626090049743652344e-01
0.000000000000000000e+00
1.388476192951202393e-01
4.821474254131317139e-01
8.668845146894454956e-02
0.000000000000000000e+00
0.000000000000000000e+00
3.776141703128814697e-01
2.509513139724731445e+00
5.532570183277130127e-02
0.000000000000000000e+00
3.023599982261657715e-01
1.116045951843261719e+00
8.181259632110595703e-01
1.916067898273468018e-01
7.362309098243713379e-01
0.000000000000000000e+00
2.926669642329216003e-02
4.436845481395721436e-01
0.000000000000000000e+00
4.435894489288330078e+00
0.000000000000000000e+00
1.391479015350341797e+00
5.648774623870849609e+00
1.099400877952575684e+00
1.560311466455459595e-01
4.540251567959785461e-02
8.553956747055053711e-01
6.844181567430496216e-02
0.000000000000000000e+00
2.420814514160156250e+00
7.891794294118881226e-02
7.982115745544433594e-01
1.283991150557994843e-03
0.000000000000000000e+00
0.000000000000000000e+00
9.493964314460754395e-01
3.395362794399261475e-01
3.336623013019561768e-01
0.000000000000000000e+00
1.352698449045419693e-02
0.000000000000000000e+00
0.000000000000000000e+00
0.000000000000000000e+00
1.903324946761131287e-02
4.234777092933654785e-01
8.212651014328002930e-01
3.296658024191856384e-02
0.000000000000000000e+00
3.601992845535278320e+00
3.131499886512756348e-01
1.423641741275787354e-01
1.342181324958801270e+00
1.049398481845855713e-01
3.517112731933593750e-01
3.069096617400646210e-02
5.377453804016113281e+00
5.166554450988769531e-02
1.684745103120803833e-01
8.840871602296829224e-02
5.405076593160629272e-02
6.798650026321411133e-01
0.000000000000000000e+00
2.486291229724884033e-01
7.362371683120727539e-01
3.293528258800506592e-01
4.164510369300842285e-01
3.387159347534179688e+00
1.182813167572021484e+01
0.000000000000000000e+00
3.608683347702026367e-01
1.776313292793929577e-03
3.468124151229858398e+00
3.864295482635498047e-01
1.317506909370422363e+00
1.419326364994049072e-01
5.563150160014629364e-03
2.033343076705932617e+00
3.669355630874633789e+00
0.000000000000000000e+00
3.403809666633605957e-01
5.233665555715560913e-02
9.238926321268081665e-02
0.000000000000000000e+00
2.151826918125152588e-01
5.156003832817077637e-01
3.863919526338577271e-02
1.836392879486083984e+00
6.036760751157999039e-03
1.903630644083023071e-01
2.058345228433609009e-01
2.110595941543579102e+00
1.167821288108825684e-01
5.847436785697937012e-01
6.734168529510498047e-01
4.323102474212646484e+00
6.895027309656143188e-02
1.362377405166625977e+00
4.780625700950622559e-01
9.889362379908561707e-03
2.126948356628417969e+00
5.935118719935417175e-02
0.000000000000000000e+00
3.734653890132904053e-01
1.031490042805671692e-01
5.149974226951599121e-01
7.260953783988952637e-01
0.000000000000000000e+00
7.387365400791168213e-02
1.628977417945861816e+00
2.324353605508804321e-01
5.929313302040100098e-01
0.000000000000000000e+00
7.302103042602539062e-01
5.762022361159324646e-02
5.467273592948913574e-01
1.740080833435058594e+00
4.224243640899658203e+00
1.215299498289823532e-02
5.236332416534423828e-01
4.630137979984283447e-01
1.427986193448305130e-03
1.177741400897502899e-02
8.290627598762512207e-02
5.461122393608093262e-01
1.242366909980773926e+00
9.482899308204650879e-01
6.987164020538330078e-01
2.789887599647045135e-03
6.816460192203521729e-02
4.008249640464782715e-01
1.810467541217803955e-01
8.768399953842163086e-01
4.201150238513946533e-01
1.811159849166870117e+00
4.461088478565216064e-01
1.269947886466979980e-01
1.438053995370864868e-01
6.984832882881164551e-01
1.759836316108703613e+00
5.183634534478187561e-02
2.283381462097167969e+00
3.048614598810672760e-03
3.916763067245483398e-01
0.000000000000000000e+00
0.000000000000000000e+00
1.960282444953918457e+00
4.764774143695831299e-01
5.585722327232360840e-01
1.425436884164810181e-01
3.130185008049011230e-01
0.000000000000000000e+00
8.935096263885498047e-01
1.870643198490142822e-01
2.855022907257080078e+00
9.302203357219696045e-02
5.681686401367187500e-01
0.000000000000000000e+00
3.344982266426086426e-01
1.601464450359344482e-01
0.000000000000000000e+00
6.527599692344665527e-02
1.265159368515014648e+00
8.631846308708190918e-01
2.392796128988265991e-01
4.975837096571922302e-02
0.000000000000000000e+00
2.014330387115478516e+00
6.127848103642463684e-02
1.710966080427169800e-01
0.000000000000000000e+00
6.172598004341125488e-01
1.186614036560058594e-01
5.391059517860412598e-01
8.454422950744628906e-01
9.998900443315505981e-02
3.713653564453125000e+00
1.159087289124727249e-02
2.676122449338436127e-02
9.419019520282745361e-02
2.660055086016654968e-02
4.281438291072845459e-01
0.000000000000000000e+00
3.630855679512023926e-02
1.610576212406158447e-01
4.636301472783088684e-02
0.000000000000000000e+00
4.066352844238281250e-01
2.848397493362426758e-01
1.544601656496524811e-02
6.780596822500228882e-02
1.780520081520080566e+00
0.000000000000000000e+00
1.131983175873756409e-01
4.483286440372467041e-01
1.077697798609733582e-02
4.583297371864318848e-01
0.000000000000000000e+00
5.695666000247001648e-02
1.199026852846145630e-01
0.000000000000000000e+00
3.729301504790782928e-03
6.811037659645080566e-02
0.000000000000000000e+00
4.080480337142944336e-02
8.515313863754272461e-01
0.000000000000000000e+00
1.211469992995262146e-02
8.536498062312602997e-03
3.634999990463256836e-01
1.692923344671726227e-02
0.000000000000000000e+00
4.858760535717010498e-01
7.448999583721160889e-02
1.502638906240463257e-01
1.195271760225296021e-01
4.459953680634498596e-02
1.520991325378417969e+00
0.000000000000000000e+00
8.892497979104518890e-03
0.000000000000000000e+00
8.821693658828735352e-01
4.709708690643310547e-01
1.108406424522399902e+00
9.766481518745422363e-01
7.148370891809463501e-02
1.676720231771469116e-01
4.788057506084442139e-01
1.033822149038314819e-01
3.984282016754150391e-01
4.101219475269317627e-01
1.162349060177803040e-02
4.111331328749656677e-02
8.151993751525878906e-01
7.853718101978302002e-02
0.000000000000000000e+00
7.059583067893981934e-02
8.725827932357788086e-01
2.824996598064899445e-02
5.325613021850585938e-01
5.575445890426635742e-01
7.455007433891296387e-01
2.317530512809753418e-01
0.000000000000000000e+00
6.633827835321426392e-02
3.409646272659301758e+00
1.446315646171569824e+00
5.914310365915298462e-02
0.000000000000000000e+00
0.000000000000000000e+00
3.122650384902954102e-01
5.232309922575950623e-03
3.326708450913429260e-02
2.928932905197143555e-01
1.472713053226470947e-01
7.177841849625110626e-03
1.056857228279113770e+00
7.763737440109252930e-01
1.572108715772628784e-01
9.075116366147994995e-03
3.534455895423889160e-01
1.772840470075607300e-01
9.192061424255371094e-01
0.000000000000000000e+00
1.089132111519575119e-02
4.406134132295846939e-03
1.630035042762756348e-01
3.915894925594329834e-01
0.000000000000000000e+00
2.295813322067260742e+00
4.621257781982421875e-01
2.232699887827038765e-03
2.019232511520385742e+00
1.915587633848190308e-01
2.109116464853286743e-01
1.038353815674781799e-01
7.437963038682937622e-02
8.408980816602706909e-02
1.253214329481124878e-01
3.490723371505737305e+00
1.326197981834411621e+00
1.643183454871177673e-02
4.840081930160522461e-01
2.274751663208007812e+00
2.511750757694244385e-01
1.250619813799858093e-02
2.385673075914382935e-01
9.860712885856628418e-01
4.898808896541595459e-02
4.037767648696899414e-02
2.496078610420227051e-01
1.113656640052795410e+00
5.380970984697341919e-02
3.774457424879074097e-02
7.180068641901016235e-02
6.618889570236206055e-01
3.598786294460296631e-01
1.269033670425415039e+00
3.834827244281768799e-01
7.831534743309020996e-02
0.000000000000000000e+00
1.202248454093933105e+00
2.181736230850219727e-01
6.474161744117736816e-01
8.539535403251647949e-01
2.686303481459617615e-02
1.466087251901626587e-01
2.493609666824340820e+00
1.259307265281677246e+00
0.000000000000000000e+00
1.174402356147766113e+00
4.225061833858489990e-01
2.492622137069702148e-01
1.482037454843521118e-01
7.357389479875564575e-02
4.009183496236801147e-03
3.708206815645098686e-03
1.321045011281967163e-01
4.104487299919128418e-01
1.918954849243164062e-01
1.206465363502502441e-01
1.086628213524818420e-01
0.000000000000000000e+00
2.527961432933807373e-01
7.609422784298658371e-03
5.455746054649353027e-01
1.638430729508399963e-02
2.078224271535873413e-01
8.286908268928527832e-01
3.298524767160415649e-02
1.605653911828994751e-01
0.000000000000000000e+00
7.575714588165283203e-01
6.912412121891975403e-03
7.187198996543884277e-01
4.033852368593215942e-03
0.000000000000000000e+00
1.175200045108795166e-01
1.572836749255657196e-02
6.809212733060121536e-03
0.000000000000000000e+00
1.030466675758361816e+00
1.302813649177551270e+00
0.000000000000000000e+00
1.980917714536190033e-02
3.957829996943473816e-02
4.247591018676757812e+00
2.257501184940338135e-01
1.160194072872400284e-02
1.682937592267990112e-01
2.085119783878326416e-01
8.537104725837707520e-01
2.852755188941955566e-01
6.643738746643066406e-01
4.962509498000144958e-02
5.677094459533691406e-01
6.661882996559143066e-01
1.273331604897975922e-02
4.907707683742046356e-03
2.992074750363826752e-02
1.564953207969665527e+00
0.000000000000000000e+00
1.815610937774181366e-02
1.239841580390930176e+00
2.600935287773609161e-02
2.319349162280559540e-02
1.632998883724212646e-02
0.000000000000000000e+00
8.916968107223510742e-02
5.070348978042602539e-01
7.229241132736206055e-01
0.000000000000000000e+00
3.479201346635818481e-02
0.000000000000000000e+00
6.250285506248474121e-01
7.719337344169616699e-01
3.313736291602253914e-03
2.455027252435684204e-01
1.962515059858560562e-03
9.437717795372009277e-01
4.207649081945419312e-02
0.000000000000000000e+00
5.231280922889709473e-01
7.736186496913433075e-03
1.647433042526245117e-01
1.427843213081359863e+00
1.312502861022949219e+00
8.446411043405532837e-02
1.531205605715513229e-02
1.228930592536926270e+00
0.000000000000000000e+00
2.387027263641357422e+00
3.432604372501373291e-01
2.652783691883087158e-01
5.966111645102500916e-02
1.760915756225585938e+00
7.953552007675170898e-01
9.627207182347774506e-03
0.000000000000000000e+00
4.515478312969207764e-01
2.409195184707641602e+00
2.280109882354736328e+00
9.806860983371734619e-02
6.799571514129638672e-01
3.872887231409549713e-03
0.000000000000000000e+00
2.169982939958572388e-01
1.591510698199272156e-02
3.639374673366546631e-01
7.794708609580993652e-01
1.587902940809726715e-02
0.000000000000000000e+00
6.651296745985746384e-03
2.323356689885258675e-03
3.312123537063598633e+00
0.000000000000000000e+00
1.442045420408248901e-01
9.186357855796813965e-01
6.846765987575054169e-03
8.813568949699401855e-01
1.474661231040954590e+00
3.313547745347023010e-02
3.706951811909675598e-02
6.609145402908325195e-01
0.000000000000000000e+00
5.922398995608091354e-04
2.022874832153320312e+00
4.099174961447715759e-02
1.395096421241760254e+00
1.203975267708301544e-02
4.481936097145080566e-01
4.929694235324859619e-01
1.969218552112579346e-01
1.913914978504180908e-01
5.387650132179260254e-01
1.885182224214076996e-02
2.875194884836673737e-03
0.000000000000000000e+00
2.137536406517028809e-01
8.649953454732894897e-02
3.031369671225547791e-02
1.142822504043579102e-01
3.318284749984741211e+00
1.660514622926712036e-02
2.532643318176269531e+00
8.757483214139938354e-02
2.447001338005065918e-01
8.486470580101013184e-01
2.970168590545654297e-01
0.000000000000000000e+00
2.015472888946533203e+00
2.721078693866729736e-01
2.269326686859130859e+00
1.288749743252992630e-03
0.000000000000000000e+00
6.216952204704284668e-01
0.000000000000000000e+00
2.796508837491273880e-03
0.000000000000000000e+00
6.795568764209747314e-02
8.894407749176025391e-02
0.000000000000000000e+00
2.342969477176666260e-01
6.732445210218429565e-02
3.196885809302330017e-02
5.888602137565612793e-01
6.207360029220581055e-01
0.000000000000000000e+00
0.000000000000000000e+00
0.000000000000000000e+00
0.000000000000000000e+00
1.548560023307800293e+00
7.937664538621902466e-02
2.272160947322845459e-01
1.992455869913101196e-01
2.355600893497467041e-01
5.773488432168960571e-02
2.823262810707092285e-01
0.000000000000000000e+00
1.376177519559860229e-01
1.433477848768234253e-01
2.393567800521850586e+00
0.000000000000000000e+00
5.827612280845642090e-01
7.945709228515625000e-01
0.000000000000000000e+00
1.872286945581436157e-02
1.640053391456604004e+00
7.567173838615417480e-01
5.781213566660881042e-02
4.032818078994750977e-01
1.096720993518829346e-01
8.510506153106689453e-02
0.000000000000000000e+00
1.296089738607406616e-01
5.596671625971794128e-02
2.961398661136627197e-01
3.355741500854492188e-02
6.363306045532226562e-01
2.880814019590616226e-03
7.401166558265686035e-01
1.334697127342224121e+00
1.233837485313415527e+00
0.000000000000000000e+00
1.053750514984130859e+00
9.670552611351013184e-01
9.150063246488571167e-02
3.258346915245056152e-01
0.000000000000000000e+00
2.051272243261337280e-02
0.000000000000000000e+00
1.735909938812255859e+00
1.612159311771392822e-01
1.112138107419013977e-01
5.089684963226318359e+00
1.668113917112350464e-01
0.000000000000000000e+00
0.000000000000000000e+00
1.607357524335384369e-02
1.051797151565551758e+00
0.000000000000000000e+00
6.185804028064012527e-03
1.119782179594039917e-01
4.005300626158714294e-02
1.128918007016181946e-01
2.130668982863426208e-02
5.202188342809677124e-02
1.747658401727676392e-01
0.000000000000000000e+00
3.630250692367553711e-01
5.837619304656982422e-01
8.268746137619018555e-01
5.371567606925964355e-01
8.740459382534027100e-02
1.063387989997863770e+00
2.188907861709594727e-01
5.783506035804748535e-01
3.302124142646789551e-01
1.965425968170166016e+00
2.828441858291625977e-01
3.737406432628631592e-01
1.519491523504257202e-02
2.006880760192871094e+00
4.354776144027709961e-01
0.000000000000000000e+00
7.053312063217163086e-01
8.756645023822784424e-03
5.581444501876831055e-01
1.332647323608398438e+00
9.499922990798950195e-01
1.349767902866005898e-03
0.000000000000000000e+00
3.400617092847824097e-02
1.839992031455039978e-02
7.128560543060302734e-01
5.533220171928405762e-01
5.424590587615966797e+00
1.355024099349975586e+00
4.704954922199249268e-01
0.000000000000000000e+00
2.969015538692474365e-01
5.525704026222229004e-01
1.796568334102630615e-01
8.326869606971740723e-01
1.367311924695968628e-01
7.239096760749816895e-01
3.350715339183807373e-01
2.197446823120117188e+00
6.038183569908142090e-01
0.000000000000000000e+00
8.732471615076065063e-02
3.664487972855567932e-02
2.361860126256942749e-01
7.922481894493103027e-01
0.000000000000000000e+00
3.941641747951507568e-01
4.944646835327148438e+00
1.364489316940307617e+00
0.000000000000000000e+00
1.128231883049011230e+00
3.795109987258911133e-01
6.712033152580261230e-01
1.869810372591018677e-02
6.882214546203613281e-01
2.051707059144973755e-01
3.675970481708645821e-03
1.069475650787353516e+00
4.040190950036048889e-02
6.445547342300415039e-01
7.245123982429504395e-01
7.844280600547790527e-01
3.640727698802947998e-02
2.450499683618545532e-02
1.285414397716522217e-02
3.017370402812957764e-01
9.224886894226074219e-01
1.443296819925308228e-01
2.339674711227416992e+00
3.479863405227661133e-01
7.855503819882869720e-03
7.513459920883178711e-01
1.041051894426345825e-01
2.597758293151855469e+00
1.662497371435165405e-01
1.184938669204711914e+00
3.690150380134582520e-01
4.960667788982391357e-01
3.201291084289550781e+00
1.199981942772865295e-01
1.139391541481018066e+00
9.704094529151916504e-01
6.607729941606521606e-02
3.384059965610504150e-01
1.690122842788696289e+00
2.458941750228404999e-02
1.812663435935974121e+00
0.000000000000000000e+00
7.214154601097106934e-01
4.457003474235534668e-01
1.674974337220191956e-03
0.000000000000000000e+00
0.000000000000000000e+00
5.572130158543586731e-02
5.632663145661354065e-02
2.290620654821395874e-02
6.615876406431198120e-02
0.000000000000000000e+00
2.885501980781555176e-01
3.149613738059997559e-02
1.626783050596714020e-02
1.734750717878341675e-01
8.716157078742980957e-02
5.985422991216182709e-03
5.064242985099554062e-03
2.692014873027801514e-01
7.459763288497924805e-01
1.680346846580505371e+00
1.859313100576400757e-01
5.841981768608093262e-01
3.190915584564208984e-01
2.196100205183029175e-01
1.708090901374816895e+00
1.155688017606735229e-01
4.688351601362228394e-02
1.712537743151187897e-02
1.464017760008573532e-02
2.307072877883911133e-01
8.097805380821228027e-01
0.000000000000000000e+00
1.486283540725708008e+00
2.381128445267677307e-02
8.710023760795593262e-01
5.729699134826660156e-02
0.000000000000000000e+00
2.558739185333251953e-01
0.000000000000000000e+00
5.895018100738525391e+00
0.000000000000000000e+00
2.920997142791748047e-01
9.386660158634185791e-02
2.316655963659286499e-02
6.040224432945251465e-01
1.701684296131134033e-02
7.528083324432373047e-01
3.609459847211837769e-03
2.659857273101806641e-01
3.761800471693277359e-03
0.000000000000000000e+00
0.000000000000000000e+00
0.000000000000000000e+00
2.411105632781982422e-01
7.782721519470214844e-02
0.000000000000000000e+00
1.583799362182617188e+00
6.862645596265792847e-02
0.000000000000000000e+00
7.182922959327697754e-02
5.674102902412414551e-01
1.131236314773559570e+00
0.000000000000000000e+00
0.000000000000000000e+00
2.939473604783415794e-03
6.285834312438964844e-01
1.922391355037689209e-01
8.191332221031188965e-01
8.481223583221435547e-01
8.725523948669433594e-01
6.433314178138971329e-03
1.582150608301162720e-01
1.575550317764282227e+00
0.000000000000000000e+00
2.055168710649013519e-02
6.586042791604995728e-02
4.993661344051361084e-01
6.074627861380577087e-03
5.242582559585571289e-01
0.000000000000000000e+00
1.444212719798088074e-02
2.393035963177680969e-02
5.019103288650512695e-01
0.000000000000000000e+00
2.911558151245117188e-01
4.821394383907318115e-02
9.205734133720397949e-01
3.153631091117858887e-02
1.778833195567131042e-02
1.251417677849531174e-02
1.737339608371257782e-02
0.000000000000000000e+00
5.556419491767883301e-01
3.054479360580444336e-01
1.072092801332473755e-01
6.306953728199005127e-02
0.000000000000000000e+00
8.544790148735046387e-01
9.111964702606201172e-02
5.230554342269897461e-01
0.000000000000000000e+00
7.318711373955011368e-03
9.266119450330734253e-02
4.116205215454101562e+00
2.812293291091918945e+00
1.226776391267776489e-01
0.000000000000000000e+00
2.757679484784603119e-02
1.617228686809539795e-01
1.381721440702676773e-02
2.492327392101287842e-01
1.346562802791595459e-01
5.211156234145164490e-02
8.411879539489746094e-01
1.415670216083526611e-01
5.923822522163391113e-01
9.297960996627807617e-01
3.032559454441070557e-01
1.120516881346702576e-01
2.062562853097915649e-01
3.204939067363739014e-01
5.592491030693054199e-01
8.396911621093750000e-01
7.376335263252258301e-01
9.534438848495483398e-01
1.520615220069885254e-01
7.762175798416137695e-02
0.000000000000000000e+00
8.045031428337097168e-01
0.000000000000000000e+00
6.645375490188598633e-01
9.157016128301620483e-02
8.862911909818649292e-02
1.758486032485961914e-01
5.805515870451927185e-02
1.091623008251190186e-01
5.481731146574020386e-02
8.253317326307296753e-02
2.268688566982746124e-02
1.987402796745300293e+00
0.000000000000000000e+00
2.753378450870513916e-02
3.901501893997192383e-01
3.688081353902816772e-02
3.646030426025390625e-01
1.361853361129760742e+00
0.000000000000000000e+00
6.038196682929992676e-01
7.867618203163146973e-01
7.323883175849914551e-01
2.389596700668334961e+00
1.054000556468963623e-01
1.062056645750999451e-01
1.520504206418991089e-01
2.354929149150848389e-01
7.554428577423095703e-01
0.000000000000000000e+00
3.150342963635921478e-03
2.026192247867584229e-01
7.870538830757141113e-01
1.263777613639831543e-01
4.938858747482299805e-02
7.231453061103820801e-01
5.390433669090270996e-01
1.158920645713806152e+00
4.587716758251190186e-01
3.878065943717956543e-02
0.000000000000000000e+00
1.012221053242683411e-01
6.285334229469299316e-01
5.196350440382957458e-02
5.582645162940025330e-02
2.182822674512863159e-01
3.843114078044891357e-01
1.583060741424560547e+00
5.264126658439636230e-01
2.368782907724380493e-01
2.009083628654479980e-01
5.173538625240325928e-02
3.313866257667541504e-02
2.589049935340881348e-01
9.008852392435073853e-02
4.229622781276702881e-01
2.301583737134933472e-01
0.000000000000000000e+00
1.654350310564041138e-01
1.244981288909912109e+00
4.355525970458984375e-01
0.000000000000000000e+00
2.815476953983306885e-01
7.069615125656127930e-01
1.464092135429382324e-01
8.706849813461303711e-02
5.935116112232208252e-02
0.000000000000000000e+00
1.009586006402969360e-01
2.506348490715026855e-02
1.483102917671203613e+00
0.000000000000000000e+00
8.872324228286743164e-02
0.000000000000000000e+00
2.531430959701538086e+00
2.137911133468151093e-02
6.681175231933593750e-01
9.023437276482582092e-03
2.036905288696289062e-01
1.171374440193176270e+00
3.242350369691848755e-02
3.293911218643188477e-01
3.523218631744384766e-01
0.000000000000000000e+00
1.562359929084777832e-01
1.710514128208160400e-01
4.939249992370605469e+00
8.389648050069808960e-02
5.890709813684225082e-03
4.027892276644706726e-02
8.758786916732788086e-01
5.537993460893630981e-02
1.814428329467773438e+00
1.551552303135395050e-02
1.412595063447952271e-01
1.075606867671012878e-01
1.793910935521125793e-02
2.274519801139831543e-01
0.000000000000000000e+00
4.024368152022361755e-02
3.347408175468444824e-01
2.537977695465087891e-01
1.637897081673145294e-02
0.000000000000000000e+00
6.409499049186706543e-01
6.943954825401306152e-01
3.107448220252990723e-01
3.473350703716278076e-01
7.311480641365051270e-01
0.000000000000000000e+00
0.000000000000000000e+00
6.316487193107604980e-01
1.845258951187133789e+00
7.392582297325134277e-01
1.534301880747079849e-02
1.112868413329124451e-01
4.231418296694755554e-02
6.255125999450683594e-01
6.396946310997009277e-02
4.067175090312957764e-01
9.200806021690368652e-01
0.000000000000000000e+00
0.000000000000000000e+00
1.359809786081314087e-01
0.000000000000000000e+00
1.293128013610839844e+00
0.000000000000000000e+00
0.000000000000000000e+00
6.747111678123474121e-02
2.732381224632263184e-03
1.100409626960754395e+00
2.718186676502227783e-01
1.913168281316757202e-02
2.836971998214721680e+00
1.798723936080932617e-01
6.934413313865661621e-02
2.340696156024932861e-01
1.006556510925292969e+00
5.817736983299255371e-01
3.129331171512603760e-01
2.254874557256698608e-01
1.310192197561264038e-01
3.240287005901336670e-01
7.125812768936157227e-02
0.000000000000000000e+00
0.000000000000000000e+00
1.110439747571945190e-02
2.078121304512023926e-01
1.783552318811416626e-01
1.941321790218353271e-01
8.211154341697692871e-01
1.817287325859069824e+00
8.160852640867233276e-02
6.074654459953308105e-01
8.736347407102584839e-02
1.501680493354797363e+00
0.000000000000000000e+00
1.861747145652770996e+00
3.358486294746398926e-02
9.447438716888427734e-01
5.219230800867080688e-02
2.737055122852325439e-01
9.551301598548889160e-02
0.000000000000000000e+00
1.452887896448373795e-03
0.000000000000000000e+00
2.756994664669036865e-01
2.211879491806030273e-01
0.000000000000000000e+00
0.000000000000000000e+00
4.136949777603149414e-01
5.974132418632507324e-01
3.787823487073183060e-03
2.288154840469360352e+00
1.883161962032318115e-01
5.436886548995971680e-01
3.227520883083343506e-01
8.658879995346069336e-02
4.691584706306457520e-01
0.000000000000000000e+00
1.691440045833587646e-01
3.597314834594726562e+00
9.271382689476013184e-01
7.286354154348373413e-02
0.000000000000000000e+00
1.660360991954803467e-01
1.009068563580513000e-01
0.000000000000000000e+00
4.252205789089202881e-01
2.686388231813907623e-02
2.102249674499034882e-02
4.532448947429656982e-01
1.585802137851715088e-01
3.617342412471771240e-01
0.000000000000000000e+00
3.168786466121673584e-01
1.193852186203002930e+00
2.337363660335540771e-01
0.000000000000000000e+00
0.000000000000000000e+00
1.090893447399139404e-01
3.482351005077362061e-01
2.936418168246746063e-02
4.374353680759668350e-03
5.712320562452077866e-03
0.000000000000000000e+00
1.226662993431091309e+00
4.284427035599946976e-03
1.022098883986473083e-01
1.293207257986068726e-01
4.870814383029937744e-01
5.155959352850914001e-02
1.761446148157119751e-01
3.690103888511657715e-01
1.237794995307922363e+00
1.143830776214599609e+00
7.849853634834289551e-01
4.867143929004669189e-02
1.556092798709869385e-01
1.330591291189193726e-01
1.591265946626663208e-01
7.635287642478942871e-01
0.000000000000000000e+00
3.528217673301696777e-01
1.866553902626037598e+00
0.000000000000000000e+00
3.401856720447540283e-01
6.692938506603240967e-03
0.000000000000000000e+00
9.846934117376804352e-03
0.000000000000000000e+00
0.000000000000000000e+00
5.112706422805786133e-01
1.316605806350708008e+00
6.417729426175355911e-03
4.926306307315826416e-01
3.964337706565856934e-02
2.054873295128345490e-02
2.220276743173599243e-01
2.100506275892257690e-01
1.988931298255920410e+00
2.957239866256713867e+00
0.000000000000000000e+00
0.000000000000000000e+00
2.907096408307552338e-02
5.524485111236572266e-01
8.562283515930175781e-01
4.888743162155151367e-02
1.893067806959152222e-01
0.000000000000000000e+00
0.000000000000000000e+00
3.627261221408843994e-01
0.000000000000000000e+00
3.544938936829566956e-02
7.859735488891601562e-01
1.905219078063964844e+00
0.000000000000000000e+00
1.916285037994384766e+00
6.936821341514587402e-02
1.315275549888610840e+00
3.043482899665832520e-01
2.202602326869964600e-01
2.219121932983398438e+00
2.575207650661468506e-01
1.269793212413787842e-01
1.957178711891174316e+00
9.501613974571228027e-01
9.182301163673400879e-02
1.564571499824523926e+00
1.982814371585845947e-01
8.250881731510162354e-02
1.687708973884582520e+00
2.961111068725585938e-01
5.499719977378845215e-01
5.395986512303352356e-02
0.000000000000000000e+00
3.557401895523071289e-01
2.140578776597976685e-01
0.000000000000000000e+00
3.864511102437973022e-02
1.390430629253387451e-01
1.787364333868026733e-01
0.000000000000000000e+00
1.103919073939323425e-01
0.000000000000000000e+00
1.441148966550827026e-01
4.588562995195388794e-02
3.911802545189857483e-02
8.782985061407089233e-02
4.086951017379760742e-01
3.250873684883117676e-01
6.912553906440734863e-01
1.925374746322631836e+00
0.000000000000000000e+00
1.545343399047851562e-01
6.751535111106932163e-04
5.300221964716911316e-02
0.000000000000000000e+00
0.000000000000000000e+00
0.000000000000000000e+00
2.248875563964247704e-03
1.286415662616491318e-02
1.453275084495544434e+00
2.390812397003173828e+00
2.099128216505050659e-01
0.000000000000000000e+00
3.282335698604583740e-01
1.430356502532958984e+00
2.895141243934631348e-01
0.000000000000000000e+00
3.560543060302734375e+00
5.312446132302284241e-02
2.649807743728160858e-02
2.504603266716003418e-01
0.000000000000000000e+00
6.832379847764968872e-03
2.579514309763908386e-02
6.830596327781677246e-01
2.720957100391387939e-01
1.391207575798034668e-01
1.263626217842102051e-01
2.852396667003631592e-02
1.786486953496932983e-01
7.177228331565856934e-01
2.776346728205680847e-02
2.828058600425720215e-01
1.530463248491287231e-01
0.000000000000000000e+00
1.823160797357559204e-01
2.787505090236663818e-01
1.850431203842163086e+00
8.861978650093078613e-01
0.000000000000000000e+00
2.897282838821411133e+00
6.592011079192161560e-03
1.893564127385616302e-02
1.223437070846557617e+00
4.072897508740425110e-02
9.449981898069381714e-02
1.826370358467102051e-01
6.515928544104099274e-03
5.716959759593009949e-02
6.820471584796905518e-02
0.000000000000000000e+00
3.162337839603424072e-02
2.176206111907958984e-01
2.316900789737701416e-01
1.453007906675338745e-01
2.629471383988857269e-02
0.000000000000000000e+00
8.617632836103439331e-02
4.389666318893432617e-01
8.973180651664733887e-01
1.976574659347534180e+00
2.031693011522293091e-01
3.910090029239654541e-02
1.867486119270324707e+00
3.231915459036827087e-02
0.000000000000000000e+00
8.314466476440429688e-01
2.435737550258636475e-01
1.662355422973632812e+00
0.000000000000000000e+00
3.070085346698760986e-01
2.758767008781433105e-01
4.459351766854524612e-03
0.000000000000000000e+00
1.727235794067382812e+00
1.540062546730041504e+00
3.733278810977935791e-02
0.000000000000000000e+00
1.009908318519592285e-01
1.196456924080848694e-01
1.226675033569335938e+00
2.222441835328936577e-03
1.865166239440441132e-02
5.368622019886970520e-02
9.640954732894897461e-01
3.094972856342792511e-02
0.000000000000000000e+00
1.684787034988403320e+00
0.000000000000000000e+00
6.361376494169235229e-03
1.301699399948120117e+00
1.751037500798702240e-02
0.000000000000000000e+00
2.766375616192817688e-02
1.580629587173461914e+00
2.035682797431945801e-01
0.000000000000000000e+00
2.031338773667812347e-02
0.000000000000000000e+00
1.014721840620040894e-01
8.172593116760253906e-01
5.845544859766960144e-03
0.000000000000000000e+00
7.260312885046005249e-02
2.155794799327850342e-01
3.383574187755584717e-01
6.088865455240011215e-03
1.141626611351966858e-01
4.405830502510070801e-01
3.433515876531600952e-02
0.000000000000000000e+00
1.689814090728759766e+00
8.680359125137329102e-01
8.798192441463470459e-02
1.210663169622421265e-01
1.995983347296714783e-02
0.000000000000000000e+00
6.047486066818237305e-01
3.290080726146697998e-01
6.865195631980895996e-01
9.445920586585998535e-03
1.863627195358276367e+00
4.722579717636108398e-01
1.447637528181076050e-01
7.788602113723754883e-01
4.975191354751586914e-01
6.579426527023315430e-01
8.906709551811218262e-01
5.946763753890991211e-01
1.515353471040725708e-02
1.999144911766052246e+00
2.917162179946899414e+00
4.482955038547515869e-01
2.132059819996356964e-02
0.000000000000000000e+00
3.542287051677703857e-01
9.629163146018981934e-02
1.359709799289703369e-01
9.682108163833618164e-01
0.000000000000000000e+00
4.558306336402893066e-01
6.964762210845947266e-01
7.489253282546997070e-01
1.077254772186279297e+00
1.636262685060501099e-01
1.311085931956768036e-02
1.855661869049072266e-01
0.000000000000000000e+00
0.000000000000000000e+00
0.000000000000000000e+00
0.000000000000000000e+00
0.000000000000000000e+00
1.335442662239074707e-01
8.411496132612228394e-02
4.558758810162544250e-02
3.722922801971435547e-01
2.722451984882354736e-01
7.191623002290725708e-02
7.511627860367298126e-03
0.000000000000000000e+00
1.298212766647338867e+00
3.543463051319122314e-01
2.907697297632694244e-02
0.000000000000000000e+00
1.297910928726196289e+00
6.138643622398376465e-01
1.145212888717651367e+00
6.077029928565025330e-02
0.000000000000000000e+00
5.287739261984825134e-02
1.136690735816955566e+00
5.475885868072509766e-01
3.891726136207580566e-01
0.000000000000000000e+00
1.172161817550659180e+00
2.269895076751708984e+00
5.891803503036499023e-01
3.246365860104560852e-02
1.755976676940917969e+00
3.445961698889732361e-02
2.537126243114471436e-01
2.457259178161621094e+00
0.000000000000000000e+00
1.155063390731811523e+00
7.693529725074768066e-01
5.708321332931518555e-01
7.784322738647460938e+00
1.203996688127517700e-01
1.670326143503189087e-01
0.000000000000000000e+00
3.519698232412338257e-02
9.530078172683715820e-01
2.112648682668805122e-03
1.687916398048400879e+00
1.061448931694030762e+00
1.313012361526489258e+00
0.000000000000000000e+00
9.146519750356674194e-02
1.145021766424179077e-01
2.678158879280090332e-01
7.909811101853847504e-03
2.828787267208099365e-01
1.371629714965820312e+00
3.150955438613891602e-01
1.709364727139472961e-02
9.525819867849349976e-02
0.000000000000000000e+00
1.801961101591587067e-02
0.000000000000000000e+00
9.060968458652496338e-02
2.300435602664947510e-01
1.471090465784072876e-01
0.000000000000000000e+00
3.791914284229278564e-01
4.935361817479133606e-02
4.285465925931930542e-02
8.337517082691192627e-02
3.185713589191436768e-01
2.355059534311294556e-01
7.760637998580932617e-02
1.300019264221191406e+00
3.920949935913085938e+00
1.143412709236145020e+00
4.628596082329750061e-02
2.556905448436737061e-01
1.369428634643554688e+00
1.680985465645790100e-02
1.623381018638610840e+00
8.561259508132934570e-01
5.891238451004028320e-01
4.640307649970054626e-02
2.114510834217071533e-01
5.334798619151115417e-02
1.640422940254211426e+00
0.000000000000000000e+00
2.348264865577220917e-02
2.817987799644470215e-01
1.285744190216064453e+00
7.127396017313003540e-02
4.428836822509765625e+00
3.680511713027954102e-01
5.956492945551872253e-02
5.939487814903259277e-01
0.000000000000000000e+00
2.412953823804855347e-01
1.183466240763664246e-01
1.617008000612258911e-01
0.000000000000000000e+00
2.840964794158935547e-01
2.495412677526473999e-01
2.380431592464447021e-01
0.000000000000000000e+00
1.410022020339965820e+00
7.871842011809349060e-03
2.474594116210937500e-01
0.000000000000000000e+00
3.363828733563423157e-02
1.966673322021961212e-02
0.000000000000000000e+00
7.690167054533958435e-03
1.957855373620986938e-01
2.300499826669692993e-01
2.611444890499114990e-01
0.000000000000000000e+00
5.239692926406860352e-01
6.841544061899185181e-02
0.000000000000000000e+00
1.483213454484939575e-01
4.780529811978340149e-02
1.771511137485504150e-02
4.564568698406219482e-01
5.762827396392822266e-01
0.000000000000000000e+00
1.275874733924865723e+00
1.075727026909589767e-02
3.403194844722747803e-01
5.442887544631958008e-02
2.427164316177368164e-01
0.000000000000000000e+00
4.677319824695587158e-01
3.017199337482452393e-01
0.000000000000000000e+00
1.755377352237701416e-01
0.000000000000000000e+00
8.278751969337463379e-01
1.798498928546905518e-01
5.836349129676818848e-01
2.365413904190063477e+00
1.326933056116104126e-01
1.439025104045867920e-01
6.067511439323425293e-02
3.208761215209960938e-01
2.881642878055572510e-01
2.921435832977294922e-01
0.000000000000000000e+00
3.413746058940887451e-01
4.870346561074256897e-02
6.715926527976989746e-02
6.378738880157470703e-01
8.421609997749328613e-01
9.302088618278503418e-02
0.000000000000000000e+00
1.737697422504425049e-01
2.325319312512874603e-02
0.000000000000000000e+00
6.352640390396118164e-01
0.000000000000000000e+00
5.489192008972167969e-01
1.187530346214771271e-02
2.519732341170310974e-02
0.000000000000000000e+00
0.000000000000000000e+00
1.508847713470458984e+00
1.036657113581895828e-02
3.348584473133087158e-02
1.199702620506286621e+00
2.162710763514041901e-02
1.680451512336730957e+00
3.227220848202705383e-02
3.572471737861633301e-01
8.869899809360504150e-02
1.025723695755004883e+00
7.910293340682983398e-01
5.577312037348747253e-02
1.438600271940231323e-01
0.000000000000000000e+00
2.381551980972290039e+00
0.000000000000000000e+00
9.505882859230041504e-02
5.794304013252258301e-01
3.319822624325752258e-02
0.000000000000000000e+00
6.494753360748291016e-01
2.206224761903285980e-02
2.569647133350372314e-01
2.208112366497516632e-02
9.653931111097335815e-02
1.042228415608406067e-01
0.000000000000000000e+00
0.000000000000000000e+00
0.000000000000000000e+00
2.541535615921020508e+00
6.384401321411132812e-01
4.779030755162239075e-02
0.000000000000000000e+00
4.562258422374725342e-01
1.823257654905319214e-01
0.000000000000000000e+00
0.000000000000000000e+00
5.827552825212478638e-02
5.644525885581970215e-01
2.707307599484920502e-02
9.962953627109527588e-02
1.974644511938095093e-02
2.703858911991119385e-01
1.063054502010345459e-01
2.784198224544525146e-01
3.572227358818054199e-01
1.357736825942993164e+00
1.080075383186340332e+00
3.372482210397720337e-02
2.667005956172943115e-01
0.000000000000000000e+00
1.330487012863159180e+00
1.209126692265272141e-02
3.166353330016136169e-02
3.756262660026550293e-01
2.256212830543518066e-01
9.714530706405639648e-01
8.941882252693176270e-01
4.072646796703338623e-02
1.435529947280883789e+00
3.028739988803863525e-01
7.203003168106079102e-01
6.357262283563613892e-02
1.827405691146850586e+00
2.283302992582321167e-01
2.135892771184444427e-02
1.013856157660484314e-01
4.197371751070022583e-02
6.300338506698608398e-01
2.316373288631439209e-01
2.318807095289230347e-01
0.000000000000000000e+00
7.269923686981201172e-01
7.092908620834350586e-01
0.000000000000000000e+00
1.847409605979919434e-01
0.000000000000000000e+00
1.981918364763259888e-01
1.058745741844177246e+00
2.547850459814071655e-02
9.580363631248474121e-01
0.000000000000000000e+00
2.498257160186767578e+00
1.089702323079109192e-01
4.660952463746070862e-02
8.408237099647521973e-01
9.725641459226608276e-02
1.426983475685119629e-01
3.567359875887632370e-03
4.032956361770629883e-01
1.618152379989624023e+00
2.151377126574516296e-02
2.992150068283081055e+00
4.000947773456573486e-01
4.942180514335632324e-01
6.878202557563781738e-01
3.040046989917755127e-02
3.211395740509033203e-01
0.000000000000000000e+00
3.882278800010681152e-01
1.171251200139522552e-02
2.935634367167949677e-02
6.049460768699645996e-01
1.818890450522303581e-04
9.917618036270141602e-01
1.246094629168510437e-01
9.270263463258743286e-02
1.306528504937887192e-02
3.035969734191894531e-01
2.451127320528030396e-01
4.610953480005264282e-02
4.602938424795866013e-04
2.047845348715782166e-02
4.709014892578125000e-01
0.000000000000000000e+00
6.807590276002883911e-02
8.482313901185989380e-02
0.000000000000000000e+00
4.308373630046844482e-01
1.340374350547790527e-01
7.054231762886047363e-01
0.000000000000000000e+00
2.147139310836791992e-01
1.816262960433959961e+00
6.172532588243484497e-02
0.000000000000000000e+00
1.028954148292541504e+00
6.679360568523406982e-02
0.000000000000000000e+00
0.000000000000000000e+00
4.043083190917968750e-01
7.280557751655578613e-01
6.561739742755889893e-02
1.607841849327087402e+00
1.620501838624477386e-02
2.150336265563964844e+00
1.170932412147521973e+00
1.636616706848144531e+00
2.514537423849105835e-02
1.028023958206176758e+00
9.849285706877708435e-03
6.719493120908737183e-02
0.000000000000000000e+00
1.730432361364364624e-01
8.889164030551910400e-02
4.010274708271026611e-01
0.000000000000000000e+00
1.838785409927368164e-01
5.318574607372283936e-02
6.583827137947082520e-01
3.401386737823486328e-01
7.362588644027709961e-01
4.073011875152587891e-01
1.439355611801147461e-01
3.093434311449527740e-02
1.045957803726196289e+00
4.253041744232177734e-01
1.273432374000549316e-01
1.024608254432678223e+00
8.339546918869018555e-01
9.099245071411132812e-02
7.498896718025207520e-01
3.510470092296600342e-01
8.876021206378936768e-02
1.650298237800598145e-01
2.094298452138900757e-01
1.664073765277862549e-01
3.269321983680129051e-03
1.046738773584365845e-02
1.225704886019229889e-02
1.973053574562072754e+00
1.571542024612426758e-01
1.784144788980484009e-01
5.574673414230346680e-01
1.873286515474319458e-01
1.004584312438964844e+00
2.910547554492950439e-01
0.000000000000000000e+00
4.874426126480102539e-02
3.686438500881195068e-01
6.154034659266471863e-02
1.173713803291320801e+00
6.675302982330322266e-02
1.648036018013954163e-02
7.821222543716430664e-01
1.080188527703285217e-01
4.359169304370880127e-01
1.831288218498229980e+00
4.828966781497001648e-02
0.000000000000000000e+00
0.000000000000000000e+00
2.752529270946979523e-02
5.745078902691602707e-03
3.455014824867248535e-01
2.540797889232635498e-01
0.000000000000000000e+00
0.000000000000000000e+00
5.190167576074600220e-03
2.121233642101287842e-01
6.837030649185180664e-01
7.140868902206420898e-01
1.207788437604904175e-01
2.906842827796936035e-01
1.254766527563333511e-02
3.383601307868957520e-01
2.457171529531478882e-01
3.574505746364593506e-01
0.000000000000000000e+00
4.360281676054000854e-02
2.979160547256469727e-01
2.728370018303394318e-02
1.285243630409240723e+00
5.612485408782958984e-01
1.596504300832748413e-01
7.091948986053466797e-01
1.283695340156555176e+00
6.142394542694091797e-01
6.674433946609497070e-01
6.568119674921035767e-02
3.900241106748580933e-02
1.795518696308135986e-01
5.535864457488059998e-02
0.000000000000000000e+00
2.594463527202606201e-01
1.754323244094848633e+00
0.000000000000000000e+00
5.498234629631042480e-01
0.000000000000000000e+00
1.569918870925903320e+00
1.653306931257247925e-01
3.765599727630615234e-01
1.303519159555435181e-01
1.210449337959289551e+00
1.371688991785049438e-01
1.490881592035293579e-01
5.922045707702636719e-01
0.000000000000000000e+00
1.187953203916549683e-01
5.308254063129425049e-02
0.000000000000000000e+00
7.568390667438507080e-02
0.000000000000000000e+00
3.094829432666301727e-02
3.210087418556213379e-01
8.087323978543281555e-03
6.920605152845382690e-02
9.218334406614303589e-02
8.453536033630371094e-01
2.922956645488739014e-01
1.291934013366699219e+00
0.000000000000000000e+00
2.384559065103530884e-01
9.088557362556457520e-01
2.995701730251312256e-01
3.440380794927477837e-03
2.996239662170410156e-01
1.439897656440734863e+00
2.204072922468185425e-01
3.851374089717864990e-01
3.580817282199859619e-01
4.509835839271545410e-01
3.564258813858032227e-01
3.899964317679405212e-02
1.860142312943935394e-02
1.492730081081390381e-01
0.000000000000000000e+00
5.020569264888763428e-02
1.105366110801696777e+00
7.003153562545776367e-01
0.000000000000000000e+00
7.026764154434204102e-01
0.000000000000000000e+00
5.293917655944824219e-01
1.139619350433349609e+00
0.000000000000000000e+00
0.000000000000000000e+00
1.250020980834960938e+00
2.918719314038753510e-02
2.151461243629455566e-01
1.467415783554315567e-02
0.000000000000000000e+00
2.022378295660018921e-01
0.000000000000000000e+00
0.000000000000000000e+00
1.178199425339698792e-01
2.893047332763671875e-01
4.078347206115722656e+00
9.626408219337463379e-01
2.303128480911254883e+00
3.226909935474395752e-01
1.005910933017730713e-01
3.966299295425415039e-01
0.000000000000000000e+00
5.707351118326187134e-02
1.656902551651000977e+00
0.000000000000000000e+00
2.647889405488967896e-02
1.287803798913955688e-01
2.923396229743957520e-02
5.732468366622924805e-01
0.000000000000000000e+00
1.108687296509742737e-01
8.570715039968490601e-02
1.153941154479980469e-01
2.842042446136474609e-01
5.274942144751548767e-03
0.000000000000000000e+00
3.304769694805145264e-01
0.000000000000000000e+00
1.762478232383728027e+00
6.486227363348007202e-02
9.990361928939819336e-01
2.740362584590911865e-01
7.849293947219848633e-02
0.000000000000000000e+00
1.283005625009536743e-02
6.190986186265945435e-02
3.525841236114501953e-02
9.493385441601276398e-03
1.080397605895996094e+00
3.479114174842834473e-02
1.010574027895927429e-01
0.000000000000000000e+00
2.315484762191772461e+00
2.133042812347412109e-01
0.000000000000000000e+00
3.464504480361938477e-01
1.174255162477493286e-01
5.300255417823791504e-01
1.955351792275905609e-02
4.541259407997131348e-01
3.115238063037395477e-02
1.075228929519653320e+00
6.885877251625061035e-01
2.989529632031917572e-03
3.942706882953643799e-01
3.794424831867218018e-01
3.785387575626373291e-01
0.000000000000000000e+00
2.430080436170101166e-02
9.274306297302246094e-01
