2.498954087495803833e-01
0.000000000000000000e+00
6.190333515405654907e-03
0.000000000000000000e+00
1.269450426101684570e+00
0.000000000000000000e+00
1.260483980178833008e+00
8.366479724645614624e-02
1.539441645145416260e-01
2.643220663070678711e+00
0.000000000000000000e+00
0.000000000000000000e+00
0.000000000000000000e+00
1.812577098608016968e-01
3.231399506330490112e-02
2.809421420097351074e-01
2.734144330024719238e-01
1.888576894998550415e-02
4.004768729209899902e-01
9.955947101116180420e-02
2.719579041004180908e-01
0.000000000000000000e+00
4.089610278606414795e-02
8.327458798885345459e-02
7.498651742935180664e-02
6.351057291030883789e-01
1.470199227333068848e+00
1.522462069988250732e-02
8.218809962272644043e-02
5.980538129806518555e-01
1.470925331115722656e+00
1.744412183761596680e-01
4.173057973384857178e-01
0.000000000000000000e+00
0.000000000000000000e+00
1.937654614448547363e-01
0.000000000000000000e+00
1.464870870113372803e-01
9.875179268419742584e-03
9.494546055793762207e-02
2.934503853321075439e-01
3.497778996825218201e-02
1.733894832432270050e-02
1.449810981750488281e+00
0.000000000000000000e+00
3.963947594165802002e-01
9.773399233818054199e-01
1.861634403467178345e-01
0.000000000000000000e+00
1.658185273408889771e-01
1.576345413923263550e-01
7.564392089843750000e-01
3.751164674758911133e-01
0.000000000000000000e+00
2.810986340045928955e-02
6.705142557621002197e-02
3.834558725357055664e-01
0.000000000000000000e+00
2.059288263320922852e+00
8.573617786169052124e-02
2.994968891143798828e+00
2.086255848407745361e-01
5.925121903419494629e-01
5.939465761184692383e-02
1.863137245178222656e+00
2.615779824554920197e-02
1.362031698226928711e+00
1.835040330886840820e+00
7.491422891616821289e-01
5.539854764938354492e-01
4.245358705520629883e-01
6.604543924331665039e-01
1.408999562263488770e-01
0.000000000000000000e+00
0.000000000000000000e+00
9.806567430496215820e-01
9.433989524841308594e-01
1.520205140113830566e-01
3.742739260196685791e-01
0.000000000000000000e+00
1.797062516212463379e+00
0.000000000000000000e+00
2.082513868808746338e-01
5.021778941154479980e-01
4.790102243423461914e-01
1.351711988449096680e+00
4.278380423784255981e-02
4.384995624423027039e-02
3.124600052833557129e-01
5.186166241765022278e-02
5.668567027896642685e-03
4.417394995689392090e-01
2.927372157573699951e-01
1.329947859048843384e-01
7.850623875856399536e-02
4.095567166805267334e-01
1.235582113265991211e+00
8.768650889396667480e-02
1.032694205641746521e-01
3.803371787071228027e-01
8.302065730094909668e-02
6.463760137557983398e-02
4.812621176242828369e-01
4.082867503166198730e-02
1.343255396932363510e-02
4.075760245323181152e-01
4.764451682567596436e-01
0.000000000000000000e+00
2.480736561119556427e-02
3.315067529678344727e+00
2.176670879125595093e-01
8.684545755386352539e-02
1.003541469573974609e+00
2.665448188781738281e-01
0.000000000000000000e+00
4.983858019113540649e-02
2.764865756034851074e-01
3.161545693874359131e-01
6.198272109031677246e-02
6.939020752906799316e-02
1.320230245590209961e+00
4.718970507383346558e-03
1.217364668846130371e-01
4.596012830734252930e-02
3.518632352352142334e-01
3.753167390823364258e-01
5.912955850362777710e-02
2.444284409284591675e-01
3.475652039051055908e-01
2.301645427942276001e-01
0.000000000000000000e+00
2.767457254230976105e-02
0.000000000000000000e+00
2.527151955291628838e-03
2.076595462858676910e-02
3.752862289547920227e-02
5.617538094520568848e-01
0.000000000000000000e+00
4.096075296401977539e-01
1.647114604711532593e-01
1.819849491119384766e+00
1.575038135051727295e-01
1.440117657184600830e-01
2.645747959613800049e-01
2.963503301143646240e-01
4.380306601524353027e-02
0.000000000000000000e+00
7.604315760545432568e-04
2.145411372184753418e-01
0.000000000000000000e+00
7.084611803293228149e-02
0.000000000000000000e+00
2.058820798993110657e-02
6.145302206277847290e-02
6.711520552635192871e-01
0.000000000000000000e+00
3.490898013114929199e-02
8.522517085075378418e-01
1.006392687559127808e-01
4.639492332935333252e-01
3.398927152156829834e-01
4.695915803313255310e-02
1.431270360946655273e+00
1.367711126804351807e-01
9.318664073944091797e-01
2.646592378616333008e+00
1.939123962074518204e-03
3.359266817569732666e-01
8.771128654479980469e-01
1.586057543754577637e-01
1.809619367122650146e-01
0.000000000000000000e+00
5.667818188667297363e-01
0.000000000000000000e+00
0.000000000000000000e+00
1.272133737802505493e-01
6.867583096027374268e-02
0.000000000000000000e+00
1.223435923457145691e-01
2.418826371431350708e-01
2.404091954231262207e-01
4.779584407806396484e-01
2.719214931130409241e-02
7.006006836891174316e-01
4.152420461177825928e-01
9.625139832496643066e-01
1.235642194747924805e+00
3.792645633220672607e-01
5.082432627677917480e-01
3.407205939292907715e-01
4.649085700511932373e-01
7.086460590362548828e-01
1.765598535537719727e+00
7.887408882379531860e-02
1.845774054527282715e-02
7.109685242176055908e-02
8.268150687217712402e-01
1.023366525769233704e-01
1.117932438850402832e+00
4.021437764167785645e-01
8.337607607245445251e-03
1.206320524215698242e+00
0.000000000000000000e+00
2.050149440765380859e-01
2.399388700723648071e-02
2.457350969314575195e+00
3.008067421615123749e-02
1.121644973754882812e+00
0.000000000000000000e+00
1.415052264928817749e-01
1.683052629232406616e-01
0.000000000000000000e+00
1.751303374767303467e-01
3.275879919528961182e-01
0.000000000000000000e+00
1.452032625675201416e-01
2.187972515821456909e-01
3.861322104930877686e-01
0.000000000000000000e+00
3.001700900495052338e-02
2.026908099651336670e-01
4.236022830009460449e-01
1.378879904747009277e+00
2.215714752674102783e-01
0.000000000000000000e+00
9.612795547582209110e-04
4.089058935642242432e-01
2.303776741027832031e+00
0.000000000000000000e+00
1.879401504993438721e-02
5.992728751152753830e-03
1.444946378469467163e-01
6.208971887826919556e-02
6.995497643947601318e-02
1.221274118870496750e-02
0.000000000000000000e+00
1.201137714087963104e-02
3.179813325405120850e-01
0.000000000000000000e+00
1.000033877789974213e-02
4.621765613555908203e-01
3.097631409764289856e-02
3.632325306534767151e-02
1.119844987988471985e-02
1.214359253644943237e-01
4.452742040157318115e-01
0.000000000000000000e+00
4.033937156200408936e-01
1.343252696096897125e-02
2.897041849792003632e-03
0.000000000000000000e+00
1.075922697782516479e-01
6.917332410812377930e-01
6.828685756772756577e-03
1.037324815988540649e-01
4.680380597710609436e-02
5.401563644409179688e-02
4.873587284237146378e-03
5.471936613321304321e-02
1.239782571792602539e-02
2.962284982204437256e-01
9.726782888174057007e-02
1.607676863670349121e+00
1.016846671700477600e-01
2.483086585998535156e+00
1.939426213502883911e-01
3.440105915069580078e-02
1.001053094863891602e+00
1.208522915840148926e+00
1.788263916969299316e-01
1.370340108871459961e+00
4.828464686870574951e-01
3.019328042864799500e-02
3.140321075916290283e-01
4.383964538574218750e-01
1.647541880607604980e+00
2.100622206926345825e-01
2.092816866934299469e-02
1.477721214294433594e+00
8.240394294261932373e-02
9.273128211498260498e-02
5.476885475218296051e-03
0.000000000000000000e+00
1.428578644990921021e-01
6.723771989345550537e-02
1.386263608932495117e+00
4.853244870901107788e-02
6.426383852958679199e-01
1.596028208732604980e+00
4.384531378746032715e-01
1.081078290939331055e+00
1.516525149345397949e-01
8.098452687263488770e-01
1.207038667052984238e-02
3.391655385494232178e-01
1.296595931053161621e-01
3.502716496586799622e-02
3.896103054285049438e-02
9.930702298879623413e-02
0.000000000000000000e+00
1.213794276118278503e-01
1.478149414062500000e+00
1.354589700698852539e+00
8.305174112319946289e-02
2.053780406713485718e-01
5.415017008781433105e-01
1.568190753459930420e-01
1.036933362483978271e-01
8.310611546039581299e-02
3.854590952396392822e-01
1.644805073738098145e-01
6.243851184844970703e-01
1.133819520473480225e-01
6.953091621398925781e-01
7.613929361104965210e-02
1.095376372337341309e+00
3.385202407836914062e+00
4.040588438510894775e-02
8.130135387182235718e-02
3.873432800173759460e-02
0.000000000000000000e+00
0.000000000000000000e+00
3.733444213867187500e-01
1.994105800986289978e-02
0.000000000000000000e+00
6.301923990249633789e-01
5.189222097396850586e-01
0.000000000000000000e+00
5.753744393587112427e-02
4.395902454853057861e-01
3.028704784810543060e-03
4.261511191725730896e-02
3.732445240020751953e-01
1.057617589831352234e-01
7.611449956893920898e-01
9.376282803714275360e-03
1.068846657872200012e-01
8.129390887916088104e-03
1.132112145423889160e+00
6.335866451263427734e-02
4.505286738276481628e-02
5.819988846778869629e-01
7.030428387224674225e-04
2.760357260704040527e-01
3.495569825172424316e-01
0.000000000000000000e+00
7.228452246636152267e-03
6.342109292745590210e-02
0.000000000000000000e+00
1.174145713448524475e-01
1.167715072631835938e+00
5.437177419662475586e-02
2.102417796850204468e-01
1.341367699205875397e-02
0.000000000000000000e+00
6.101351976394653320e-01
1.095700263977050781e-01
4.427749514579772949e-01
3.896188437938690186e-01
1.448776200413703918e-02
6.972891837358474731e-02
2.370548695325851440e-01
0.000000000000000000e+00
0.000000000000000000e+00
1.084027215838432312e-01
7.373370230197906494e-02
2.268456697463989258e+00
1.556854128837585449e+00
1.625552773475646973e-02
3.329995647072792053e-02
8.804652094841003418e-01
3.083505928516387939e-01
9.585852734744548798e-03
0.000000000000000000e+00
4.716859385371208191e-02
1.790189146995544434e-01
1.861882768571376801e-02
0.000000000000000000e+00
3.096705436706542969e+00
2.499877065420150757e-01
5.400920510292053223e-01
4.689946174621582031e+00
4.313700646162033081e-02
3.835313254967331886e-03
3.771109282970428467e-01
8.939948678016662598e-02
4.408224523067474365e-01
0.000000000000000000e+00
8.754209429025650024e-02
2.280472517013549805e-01
8.183319568634033203e-01
4.842233844101428986e-03
0.000000000000000000e+00
9.546492248773574829e-03
8.884781599044799805e-02
1.391002416610717773e+00
1.109554544091224670e-01
1.193102002143859863e-01
3.942346870899200439e-01
8.619218319654464722e-02
2.033630907535552979e-01
0.000000000000000000e+00
2.821023389697074890e-02
1.018176436424255371e+00
9.688801318407058716e-02
8.786997757852077484e-03
4.955326765775680542e-02
3.416235446929931641e+00
9.353911876678466797e-01
2.036385834217071533e-01
9.019923210144042969e-01
4.915974140167236328e-01
5.861669182777404785e-01
0.000000000000000000e+00
4.292256236076354980e-01
4.109730198979377747e-02
1.129899099469184875e-01
4.857415556907653809e-01
6.034388393163681030e-02
1.667100489139556885e-01
1.054501757025718689e-01
6.343344449996948242e-01
4.529565572738647461e-03
4.796705543994903564e-01
7.983680814504623413e-02
8.250196464359760284e-03
4.291957914829254150e-01
6.292421817779541016e-01
6.644227355718612671e-02
1.718956232070922852e-02
7.391393780708312988e-01
3.324744757264852524e-04
3.366047143936157227e+00
2.462965101003646851e-01
0.000000000000000000e+00
8.952903747558593750e-01
9.793100357055664062e-01
4.820303618907928467e-02
4.995093941688537598e-01
4.330407083034515381e-01
2.945897877216339111e-01
4.392772912979125977e-03
8.452562689781188965e-01
7.984045147895812988e-02
7.953073829412460327e-02
9.990648031234741211e-01
4.135545808821916580e-03
0.000000000000000000e+00
1.488146334886550903e-01
5.686345044523477554e-03
2.680938720703125000e+00
0.000000000000000000e+00
5.304139573127031326e-03
1.521189808845520020e+00
9.422671981155872345e-03
9.645877480506896973e-01
0.000000000000000000e+00
5.199351534247398376e-02
1.110821142792701721e-01
0.000000000000000000e+00
1.307221800088882446e-01
2.515191435813903809e-01
4.345886409282684326e-03
2.049458771944046021e-02
5.615250021219253540e-02
0.000000000000000000e+00
1.551548093557357788e-01
6.919766217470169067e-02
1.259626299142837524e-01
1.291265338659286499e-01
3.457707762718200684e-01
4.289543628692626953e-01
3.008174337446689606e-02
4.488058984279632568e-01
5.572029948234558105e-01
4.948030710220336914e-01
0.000000000000000000e+00
5.391623377799987793e-01
1.611412882804870605e+00
8.321734070777893066e-01
0.000000000000000000e+00
5.043022036552429199e-01
2.995727956295013428e-01
3.393428325653076172e-01
4.829943552613258362e-02
0.000000000000000000e+00
4.179110527038574219e-01
5.302721168845891953e-03
1.938583970069885254e+00
1.439173966646194458e-01
5.468824133276939392e-02
2.429682910442352295e-01
2.536118626594543457e-01
4.719575047492980957e-01
1.314770102500915527e+00
3.967951983213424683e-03
3.203906584531068802e-03
2.553695440292358398e+00
2.788530886173248291e-01
2.492992207407951355e-03
4.752571135759353638e-02
8.277434110641479492e-02
1.515326499938964844e-01
1.315566338598728180e-02
8.150413036346435547e-01
4.733351171016693115e-01
6.572780758142471313e-02
3.044672012329101562e-01
2.580370195209980011e-02
0.000000000000000000e+00
1.256350874900817871e-01
0.000000000000000000e+00
2.109824270009994507e-01
8.774592280387878418e-01
6.305226087570190430e-01
0.000000000000000000e+00
6.626003980636596680e-02
1.193114876747131348e+00
4.768038913607597351e-02
2.128319442272186279e-02
1.298455953598022461e+00
2.016954272985458374e-01
9.999769330024719238e-01
0.000000000000000000e+00
4.234693571925163269e-02
3.234616756439208984e+00
2.761144563555717468e-02
3.534900844097137451e-01
5.809643268585205078e-01
4.493648186326026917e-02
4.568019136786460876e-02
2.090825319290161133e+00
6.359022259712219238e-01
1.635679155588150024e-01
2.170046329498291016e+00
2.479491680860519409e-01
3.125911355018615723e-01
2.180534973740577698e-02
0.000000000000000000e+00
9.381146430969238281e-01
0.000000000000000000e+00
6.864222884178161621e-02
2.428771108388900757e-01
6.874970197677612305e-01
6.140203401446342468e-02
1.410787105560302734e-01
2.809135198593139648e+00
2.522848844528198242e-01
1.604354679584503174e-01
7.640615701675415039e-01
4.401343315839767456e-02
1.059247180819511414e-02
1.002268433570861816e+00
0.000000000000000000e+00
4.384313151240348816e-02
2.376121729612350464e-01
8.793172836303710938e-01
4.234761744737625122e-02
1.103873550891876221e-01
1.668403148651123047e-01
1.423592090606689453e+00
0.000000000000000000e+00
1.353433370590209961e+00
4.564886391162872314e-01
8.315549790859222412e-02
2.381473630666732788e-01
8.886589407920837402e-01
8.154931711032986641e-04
1.457894686609506607e-02
4.560806155204772949e-01
0.000000000000000000e+00
2.196151733398437500e+00
1.400441583245992661e-02
0.000000000000000000e+00
1.515579342842102051e+00
9.724047780036926270e-01
1.522215604782104492e-01
5.904741287231445312e-01
8.018171191215515137e-01
2.633016407489776611e-01
1.475301105529069901e-02
2.906229496002197266e-01
4.779748022556304932e-01
1.011526361107826233e-01
0.000000000000000000e+00
0.000000000000000000e+00
2.223991416394710541e-02
9.006178379058837891e-02
1.481860876083374023e-01
7.485833168029785156e-01
3.853245824575424194e-02
4.582865238189697266e-01
1.759080588817596436e-02
2.671602070331573486e-01
1.558113545179367065e-01
4.388681799173355103e-02
1.514042378403246403e-03
1.978652954101562500e+00
6.764198094606399536e-02
1.919035613536834717e-01
0.000000000000000000e+00
0.000000000000000000e+00
2.327150255441665649e-01
2.621234655380249023e-01
7.114192247390747070e-01
1.565631181001663208e-01
1.916964165866374969e-02
4.441348835825920105e-02
2.730066180229187012e-01
2.460690885782241821e-01
0.000000000000000000e+00
7.850964069366455078e-01
0.000000000000000000e+00
1.536218166351318359e+00
6.743685603141784668e-01
1.346246242523193359e+00
0.000000000000000000e+00
3.121050894260406494e-01
4.416519775986671448e-02
2.956224977970123291e-02
2.547438144683837891e-01
1.227140650153160095e-01
2.953132987022399902e-01
5.668122321367263794e-03
6.297084689140319824e-01
5.998024940490722656e-01
3.239562734961509705e-02
1.088367581367492676e+00
5.813057720661163330e-02
3.858987614512443542e-02
4.279840290546417236e-01
1.972307637333869934e-02
1.220420718193054199e+00
2.546126721426844597e-03
5.359962210059165955e-02
9.024178236722946167e-02
1.405674070119857788e-01
3.512786030769348145e-01
9.606769084930419922e-01
1.783232837915420532e-01
0.000000000000000000e+00
1.096289992332458496e+00
3.552090749144554138e-02
4.053300991654396057e-02
5.823995172977447510e-02
3.388738259673118591e-02
1.057414889335632324e+00
1.261201947927474976e-01
9.021544456481933594e-01
6.687279045581817627e-02
1.232226133346557617e+00
0.000000000000000000e+00
9.999812394380569458e-02
1.350393295288085938e+00
0.000000000000000000e+00
1.200557127594947815e-01
8.000851273536682129e-01
0.000000000000000000e+00
0.000000000000000000e+00
8.132275342941284180e-01
3.892157375812530518e-01
7.635965943336486816e-02
1.036988973617553711e+00
1.575337909162044525e-02
2.997156605124473572e-02
0.000000000000000000e+00
4.754453301429748535e-01
0.000000000000000000e+00
2.521909959614276886e-02
4.363252818584442139e-01
0.000000000000000000e+00
8.896167278289794922e-01
0.000000000000000000e+00
1.929613202810287476e-01
4.991865456104278564e-01
0.000000000000000000e+00
2.084212563931941986e-02
0.000000000000000000e+00
4.121706485748291016e+00
9.668301939964294434e-01
0.000000000000000000e+00
2.133148312568664551e-01
4.610687494277954102e-01
2.567376382648944855e-02
2.433149889111518860e-02
9.965085238218307495e-02
3.554387569427490234e+00
0.000000000000000000e+00
1.215023919939994812e-01
0.000000000000000000e+00
1.234264612197875977e+00
5.956792831420898438e-01
2.169311344623565674e-01
2.497062645852565765e-02
4.295823350548744202e-02
9.531590342521667480e-02
3.049651086330413818e-01
5.546494722366333008e-01
3.866739338263869286e-03
1.185044869780540466e-01
3.468480348587036133e+00
1.126556750386953354e-02
1.061231493949890137e-01
3.876898884773254395e-01
8.150260895490646362e-03
9.191812574863433838e-02
0.000000000000000000e+00
1.427450031042098999e-02
4.755887687206268311e-01
6.455940008163452148e-01
1.652702093124389648e-01
2.970665991306304932e-01
1.218382194638252258e-01
1.846866682171821594e-02
2.018249034881591797e-02
5.011274013668298721e-03
3.815905749797821045e-02
3.124220371246337891e-01
4.435671269893646240e-01
4.612610116600990295e-02
0.000000000000000000e+00
1.709810271859169006e-02
1.452358625829219818e-02
1.282363235950469971e-01
2.543508529663085938e+00
4.768561422824859619e-01
0.000000000000000000e+00
4.827691614627838135e-01
0.000000000000000000e+00
7.733222842216491699e-01
3.878758987411856651e-03
5.231192708015441895e-01
6.757387518882751465e-01
1.305261373519897461e+00
0.000000000000000000e+00
1.881963729858398438e+00
3.578934967517852783e-01
1.256773710250854492e+00
1.767644733190536499e-01
0.000000000000000000e+00
1.218328475952148438e+00
1.162511259317398071e-01
1.592803150415420532e-01
2.352200895547866821e-01
1.550452828407287598e+00
1.282901689410209656e-02
2.521349668502807617e+00
5.662128701806068420e-02
9.771750867366790771e-02
2.203658372163772583e-01
1.170343384146690369e-01
5.222173780202865601e-02
2.952701151371002197e-01
0.000000000000000000e+00
5.109393000602722168e-01
0.000000000000000000e+00
1.747199445962905884e-01
1.065975725650787354e-01
1.457691550254821777e+00
3.457078039646148682e-01
2.581163309514522552e-02
1.031252980232238770e+00
1.940757930278778076e-01
5.308572649955749512e-01
1.409009695053100586e+00
5.745567679405212402e-01
9.388738870620727539e-02
1.325703114271163940e-01
2.356018871068954468e-02
2.164741754531860352e+00
2.426983229815959930e-02
1.649519801139831543e-01
1.797934919595718384e-01
0.000000000000000000e+00
3.191161155700683594e-01
4.092697203159332275e-01
1.279546976089477539e+00
2.534459531307220459e-02
6.428536176681518555e-01
2.688565254211425781e-01
2.219677120447158813e-01
3.666550517082214355e-01
8.200632780790328979e-02
0.000000000000000000e+00
1.371910929679870605e+00
0.000000000000000000e+00
4.773343503475189209e-01
0.000000000000000000e+00
5.113466978073120117e-01
2.022164165973663330e-01
2.190492153167724609e-01
1.774900555610656738e-01
9.476582407951354980e-01
2.354185879230499268e-01
3.951332271099090576e-01
3.110842943191528320e+00
2.233300685882568359e+00
2.957732044160366058e-02
4.001755118370056152e-01
8.441334366798400879e-01
1.710852049291133881e-02
1.072790026664733887e+00
1.445900440216064453e+00
1.276807337999343872e-01
9.073252789676189423e-03
7.874993979930877686e-02
3.866865485906600952e-02
3.756805360317230225e-01
1.665284395217895508e+00
2.997551560401916504e-01
1.026208847761154175e-01
0.000000000000000000e+00
1.030827909708023071e-01
2.095084637403488159e-01
2.285403609275817871e-01
1.141947954893112183e-01
1.603496968746185303e-01
2.171149700880050659e-01
5.856418237090110779e-02
1.195842772722244263e-01
8.410730957984924316e-02
1.574360392987728119e-02
2.125264406204223633e-01
1.750413328409194946e-01
3.002420365810394287e-01
1.805462092161178589e-01
8.781566284596920013e-03
5.360214114189147949e-01
8.967994712293148041e-03
9.324612021446228027e-01
1.975286900997161865e-01
3.006913363933563232e-01
7.761986255645751953e-01
1.432102755643427372e-03
3.117646276950836182e-02
4.165521860122680664e-01
3.961816057562828064e-02
3.839609678834676743e-03
7.126164436340332031e-01
5.006394386291503906e-01
2.248341739177703857e-01
6.141581058502197266e+00
0.000000000000000000e+00
0.000000000000000000e+00
1.820718765258789062e+00
1.202495217323303223e+00
7.368661761283874512e-01
2.414103150367736816e-01
2.402089834213256836e+00
0.000000000000000000e+00
0.000000000000000000e+00
1.576026380062103271e-01
9.410121291875839233e-02
0.000000000000000000e+00
4.107012227177619934e-02
0.000000000000000000e+00
7.250201106071472168e-01
7.659425586462020874e-02
6.572020798921585083e-02
1.388355158269405365e-03
2.990387007594108582e-02
5.629590749740600586e-01
2.169029951095581055e+00
2.999529540538787842e-01
0.000000000000000000e+00
9.053065776824951172e-01
0.000000000000000000e+00
5.654198676347732544e-02
1.014007478952407837e-01
1.319521188735961914e+00
3.398436307907104492e-01
1.902126893401145935e-02
1.530199348926544189e-01
8.062568306922912598e-01
1.140098646283149719e-01
7.918072491884231567e-02
4.746996760368347168e-01
2.438823133707046509e-01
2.635999582707881927e-02
1.148161768913269043e+00
3.537354990839958191e-02
1.050243526697158813e-02
0.000000000000000000e+00
1.012536957859992981e-01
6.518263369798660278e-02
9.085042774677276611e-02
5.556666105985641479e-02
2.781779766082763672e-01
5.132699012756347656e-01
1.501192808151245117e+00
6.231963634490966797e-01
4.120928347110748291e-01
9.923829883337020874e-02
5.781717896461486816e-01
1.897810935974121094e+00
4.453378170728683472e-02
1.169992983341217041e-02
1.559442430734634399e-01
1.350840926170349121e+00
8.139224052429199219e-01
7.789427787065505981e-02
1.609839558601379395e+00
1.486174613237380981e-01
8.391389995813369751e-02
1.291578076779842377e-02
4.957916140556335449e-01
3.957805931568145752e-01
1.955833554267883301e+00
2.909236354753375053e-03
1.014511734247207642e-01
6.262053847312927246e-01
5.721806082874536514e-03
1.169646531343460083e-02
0.000000000000000000e+00
8.599690198898315430e-01
7.776073813438415527e-01
2.095917910337448120e-01
1.814661175012588501e-02
1.321175135672092438e-02
2.738912105560302734e-01
8.318357914686203003e-02
1.984832733869552612e-01
5.507243424654006958e-02
2.665495872497558594e-01
1.919849961996078491e-01
1.403629541397094727e+00
2.792919635772705078e+00
1.783222407102584839e-01
1.241640821099281311e-01
0.000000000000000000e+00
9.990761429071426392e-02
1.076443642377853394e-01
2.158467657864093781e-03
3.801631182432174683e-02
5.317182093858718872e-02
1.839734315872192383e-01
1.022075675427913666e-02
3.820792734622955322e-01
6.376993656158447266e-01
6.757058203220367432e-02
2.095925994217395782e-02
1.795364975929260254e+00
9.131814353168010712e-03
8.648996800184249878e-02
1.693866014480590820e+00
9.923223406076431274e-04
4.762581884860992432e-01
0.000000000000000000e+00
6.732012331485748291e-02
6.684800982475280762e-01
2.196818888187408447e-01
5.517943948507308960e-02
1.830056607723236084e-01
1.910158842802047729e-01
1.666202396154403687e-02
1.686493873596191406e+00
5.441221594810485840e-01
8.088532090187072754e-02
5.884388461709022522e-02
7.609051465988159180e-02
1.161730766296386719e+00
1.592070698738098145e+00
0.000000000000000000e+00
5.051074549555778503e-02
3.107515573501586914e-01
9.097719192504882812e-01
2.756261639297008514e-02
2.351521968841552734e+00
7.664505243301391602e-01
6.559587270021438599e-02
7.418638467788696289e-02
4.029514193534851074e-01
1.559479355812072754e+00
5.326730608940124512e-01
8.325130678713321686e-03
4.863279405981302261e-03
7.953950762748718262e-01
6.321848630905151367e-01
3.979152441024780273e-02
1.912001222372055054e-01
8.661746382713317871e-01
8.112498372793197632e-02
9.263652563095092773e-02
0.000000000000000000e+00
2.501914501190185547e-01
2.917827963829040527e-01
1.783798821270465851e-02
8.621899485588073730e-01
2.539061903953552246e-01
0.000000000000000000e+00
3.381058692932128906e+00
4.623253941535949707e-01
1.774864345788955688e-01
0.000000000000000000e+00
0.000000000000000000e+00
1.705315709114074707e-02
1.049433231353759766e+00
1.863106340169906616e-01
0.000000000000000000e+00
2.714248895645141602e+00
2.473940998315811157e-01
1.366345956921577454e-02
0.000000000000000000e+00
1.604241319000720978e-02
3.424546241760253906e+00
0.000000000000000000e+00
0.000000000000000000e+00
2.690825760364532471e-01
4.596892893314361572e-01
3.090545237064361572e-01
1.537301391363143921e-01
1.395408213138580322e-01
0.000000000000000000e+00
1.265819072723388672e-01
3.502725601196289062e+00
5.188786610960960388e-02
2.118073999881744385e-01
0.000000000000000000e+00
2.603847682476043701e-01
2.422541566193103790e-02
8.286719769239425659e-02
1.602552652359008789e+00
2.731282711029052734e-01
2.052762210369110107e-01
1.029919609427452087e-01
9.192415326833724976e-02
3.753342032432556152e-01
0.000000000000000000e+00
2.066745907068252563e-01
0.000000000000000000e+00
1.758788824081420898e-01
4.634513854980468750e-01
2.167767137289047241e-01
9.126955866813659668e-01
5.057654902338981628e-02
9.257593750953674316e-02
4.280681163072586060e-02
7.663078606128692627e-02
0.000000000000000000e+00
3.048399090766906738e-02
4.961967002600431442e-03
5.354384332895278931e-02
0.000000000000000000e+00
1.765076816082000732e-01
6.361140310764312744e-02
1.458293199539184570e-01
7.217788696289062500e-01
1.262994855642318726e-01
2.481708973646163940e-01
1.616606563329696655e-01
2.145486831665039062e+00
6.290392875671386719e-01
7.213278859853744507e-02
3.818917274475097656e-02
7.401770949363708496e-01
1.609959304332733154e-01
1.347712147980928421e-02
1.896467089653015137e+00
9.390726685523986816e-02
2.202531322836875916e-02
0.000000000000000000e+00
3.118485510349273682e-01
0.000000000000000000e+00
0.000000000000000000e+00
7.406571507453918457e-02
6.838252395391464233e-02
3.763527795672416687e-02
3.510948419570922852e-01
1.834812313318252563e-01
3.438993990421295166e-01
1.404908597469329834e-01
1.388232707977294922e-01
4.436064243316650391e+00
1.827372550964355469e+00
3.805246829986572266e+00
1.009281277656555176e+00
5.787170492112636566e-03
1.195213478058576584e-02
1.247799754142761230e+00
5.575611591339111328e-01
1.607692092657089233e-01
0.000000000000000000e+00
7.059569954872131348e-01
2.361626476049423218e-01
1.149676926434040070e-02
1.299017071723937988e-01
0.000000000000000000e+00
0.000000000000000000e+00
1.334444135427474976e-01
4.594812095165252686e-01
1.388183087110519409e-01
1.524275392293930054e-01
1.664005368947982788e-01
1.130945086479187012e+00
0.000000000000000000e+00
3.952751681208610535e-02
1.739607192575931549e-02
3.507043421268463135e-01
2.342360734939575195e+00
1.216150879859924316e+00
5.352869033813476562e-01
0.000000000000000000e+00
0.000000000000000000e+00
0.000000000000000000e+00
1.221602559089660645e+00
2.890256345272064209e-01
3.706217408180236816e-01
2.702620327472686768e-01
3.580616414546966553e-01
3.049860596656799316e-01
1.141671910881996155e-01
4.133599810302257538e-03
1.604131236672401428e-02
2.072177976369857788e-01
8.270907998085021973e-01
2.911329567432403564e-01
3.277211636304855347e-02
1.400074809789657593e-01
0.000000000000000000e+00
1.987495899200439453e+00
1.417465329170227051e+00
0.000000000000000000e+00
0.000000000000000000e+00
2.565167844295501709e-02
1.312235832214355469e+00
1.879508972167968750e+00
1.468303442001342773e+00
1.760544627904891968e-02
0.000000000000000000e+00
4.719312861561775208e-02
2.981606423854827881e-01
0.000000000000000000e+00
4.709488898515701294e-02
1.277557481080293655e-02
3.597752004861831665e-02
1.068113446235656738e-01
5.976082682609558105e-01
4.907285869121551514e-01
5.136470198631286621e-01
1.639716513454914093e-02
0.000000000000000000e+00
6.332324147224426270e-01
0.000000000000000000e+00
0.000000000000000000e+00
4.671232998371124268e-01
8.292281068861484528e-03
8.905200660228729248e-02
2.670291997492313385e-02
1.974421739578247070e-01
6.149005293846130371e-01
1.225335836410522461e+00
1.222898736596107483e-01
4.226859211921691895e-01
6.285458803176879883e-01
1.806762767955660820e-03
0.000000000000000000e+00
4.102072715759277344e-01
5.237184762954711914e-01
4.250281956046819687e-03
1.646363921463489532e-02
2.569978535175323486e-01
1.229048520326614380e-01
4.634975492954254150e-01
2.908036410808563232e-01
1.468162536621093750e+00
6.420156359672546387e-01
1.246829867362976074e+00
9.705593809485435486e-03
1.761605441570281982e-01
1.513493061065673828e-02
4.530940651893615723e-01
0.000000000000000000e+00
4.516571760177612305e-02
0.000000000000000000e+00
0.000000000000000000e+00
2.731214463710784912e-01
1.677830964326858521e-01
7.065973877906799316e-01
0.000000000000000000e+00
2.404956072568893433e-01
1.971933394670486450e-01
1.389871686697006226e-01
5.872803330421447754e-01
7.982460856437683105e-01
1.570540815591812134e-01
0.000000000000000000e+00
3.631282746791839600e-01
2.513077557086944580e-01
3.417680785059928894e-02
1.064033284783363342e-01
0.000000000000000000e+00
2.486539818346500397e-02
1.442246586084365845e-01
4.817126318812370300e-02
6.886367797851562500e-01
3.479084745049476624e-02
2.166163325309753418e-01
0.000000000000000000e+00
0.000000000000000000e+00
3.029316477477550507e-02
6.095755845308303833e-02
3.742440044879913330e-02
5.108013749122619629e-01
5.026040077209472656e-01
7.975097745656967163e-02
3.463495671749114990e-01
2.018854916095733643e-01
1.006557047367095947e-01
5.319310352206230164e-02
0.000000000000000000e+00
6.936568617820739746e-01
0.000000000000000000e+00
3.025413863360881805e-02
9.452375024557113647e-02
2.854581922292709351e-02
2.133019082248210907e-02
0.000000000000000000e+00
1.031423285603523254e-01
1.105046570301055908e-01
3.678075969219207764e-01
2.788974344730377197e-01
2.070857435464859009e-01
4.335175514221191406e+00
4.566406309604644775e-01
0.000000000000000000e+00
4.720574617385864258e-02
3.281253576278686523e-02
2.942879311740398407e-02
8.618883490562438965e-01
2.014204859733581543e-01
8.459171652793884277e-01
0.000000000000000000e+00
6.705952882766723633e-01
0.000000000000000000e+00
1.940961837768554688e+00
7.307353019714355469e-01
4.797951132059097290e-02
9.335959702730178833e-02
1.129494607448577881e-01
1.882872134447097778e-01
2.821382135152816772e-03
0.000000000000000000e+00
1.877426207065582275e-01
0.000000000000000000e+00
0.000000000000000000e+00
1.257428675889968872e-01
9.029880911111831665e-02
1.720365732908248901e-01
1.115579009056091309e-01
1.384398937225341797e-01
1.821961700916290283e-01
3.010625205934047699e-02
1.911573559045791626e-01
8.502525091171264648e-02
1.696706861257553101e-01
8.982836008071899414e-01
1.344223767518997192e-01
9.820380806922912598e-01
2.844980061054229736e-01
1.109106183052062988e+00
5.333677399903535843e-03
1.491981893777847290e-01
1.533929467201232910e+00
7.122660875320434570e-01
1.155142709612846375e-01
1.696984618902206421e-01
6.516116112470626831e-02
6.282626185566186905e-03
1.102223694324493408e-01
7.130302488803863525e-02
4.563402831554412842e-01
2.956592440605163574e-01
0.000000000000000000e+00
1.019281446933746338e-01
4.336092472076416016e-01
2.208933830261230469e+00
5.151161924004554749e-03
0.000000000000000000e+00
2.770750820636749268e-01
3.577636182308197021e-02
3.650820255279541016e-01
0.000000000000000000e+00
1.743185073137283325e-01
3.031646966934204102e+00
0.000000000000000000e+00
1.553568542003631592e-01
0.000000000000000000e+00
8.498986959457397461e-01
3.784441351890563965e-01
4.627913534641265869e-01
2.705495059490203857e-01
3.257225453853607178e-01
9.876611642539501190e-03
1.031490229070186615e-02
2.293537184596061707e-02
1.098304986953735352e-03
1.849994510412216187e-01
6.340274214744567871e-01
5.215332284569740295e-02
3.722267150878906250e-01
4.637778103351593018e-01
4.781425893306732178e-01
4.150269627571105957e-01
4.887649416923522949e-02
1.585184484720230103e-01
1.839695870876312256e-02
6.052179634571075439e-02
3.531786203384399414e-01
4.292301535606384277e-01
2.266703248023986816e-01
1.669060587882995605e-01
9.024932384490966797e-01
4.887402951717376709e-01
2.616234123706817627e-02
2.873710095882415771e-01
8.838305249810218811e-03
1.016222476959228516e+00
1.660128235816955566e-01
2.551520615816116333e-02
1.443308219313621521e-02
9.658489823341369629e-01
1.903727650642395020e+00
3.692156076431274414e+00
3.582116216421127319e-02
3.327645659446716309e-01
1.755524724721908569e-01
4.023959040641784668e-01
4.281126558780670166e-01
0.000000000000000000e+00
1.478393375873565674e-01
3.895385265350341797e-01
0.000000000000000000e+00
1.827569678425788879e-02
2.282380014657974243e-01
1.263169050216674805e-01
1.354255080223083496e+00
5.022747907787561417e-03
3.726001977920532227e-01
1.590163260698318481e-01
1.413618773221969604e-02
7.415338605642318726e-02
3.973363339900970459e-01
2.074078559875488281e+00
3.776635885238647461e+00
1.618706583976745605e-01
1.902960538864135742e-01
3.999290466308593750e-01
5.459689497947692871e-01
3.092699050903320312e-01
1.367450654506683350e-01
1.670934200286865234e+00
1.222989958478137851e-04
2.297992818057537079e-02
2.749296426773071289e-01
4.590379297733306885e-01
5.222575664520263672e-01
1.145616248250007629e-01
5.391911506652832031e+00
1.617290079593658447e-01
1.981011867523193359e+00
2.267044544219970703e+00
2.593959271907806396e-01
1.731565237045288086e+00
6.745319813489913940e-02
3.613418638706207275e-01
0.000000000000000000e+00
0.000000000000000000e+00
3.196421146392822266e+00
2.925694733858108521e-02
9.009805321693420410e-02
4.614255726337432861e-01
2.573738805949687958e-02
7.806377857923507690e-02
5.051106214523315430e-01
3.160948157310485840e-01
6.221339106559753418e-02
9.953787922859191895e-01
4.101596772670745850e-01
1.769398599863052368e-01
9.493928402662277222e-02
0.000000000000000000e+00
0.000000000000000000e+00
3.714401125907897949e-01
3.285788372159004211e-02
0.000000000000000000e+00
1.370048034004867077e-03
3.257203400135040283e-01
1.262336850166320801e+00
9.933546185493469238e-03
0.000000000000000000e+00
2.350156158208847046e-01
8.624678105115890503e-02
3.354833647608757019e-02
9.094105362892150879e-01
1.968087792396545410e+00
1.179470643401145935e-01
0.000000000000000000e+00
3.025749027729034424e-01
5.949533730745315552e-02
3.828402459621429443e-01
0.000000000000000000e+00
5.929774604737758636e-03
4.585210978984832764e-02
3.482758998870849609e-02
7.784124016761779785e-01
1.682063639163970947e-01
1.593702316284179688e+00
2.314582234248518944e-03
8.049870282411575317e-02
9.646912217140197754e-01
0.000000000000000000e+00
0.000000000000000000e+00
5.421068668365478516e-01
3.538622334599494934e-02
0.000000000000000000e+00
3.860775828361511230e-01
0.000000000000000000e+00
3.093532100319862366e-02
3.450655145570635796e-03
1.931855529546737671e-01
3.606801154091954231e-03
0.000000000000000000e+00
8.295870423316955566e-01
7.630585879087448120e-02
6.386342644691467285e-02
1.145913675427436829e-01
0.000000000000000000e+00
1.421439945697784424e-01
3.204714506864547729e-03
9.644377976655960083e-02
0.000000000000000000e+00
0.000000000000000000e+00
2.927421331405639648e-01
5.695848912000656128e-02
1.665651500225067139e-01
5.737415313720703125e+00
2.561398446559906006e-01
2.768051862716674805e+00
1.244155049324035645e+00
0.000000000000000000e+00
5.828849598765373230e-02
3.873034939169883728e-02
1.910520642995834351e-01
7.312796264886856079e-02
2.387872189283370972e-01
1.902877353131771088e-02
2.293898582458496094e+00
0.000000000000000000e+00
0.000000000000000000e+00
2.213849313557147980e-02
8.419039659202098846e-03
4.394565820693969727e-01
0.000000000000000000e+00
0.000000000000000000e+00
5.274382233619689941e-02
5.801345109939575195e-01
1.135863587260246277e-01
1.340281069278717041e-01
1.482163667678833008e-01
1.278071943670511246e-02
3.689421117305755615e-01
0.000000000000000000e+00
1.933021843433380127e-02
1.176072955131530762e-01
8.494979739189147949e-01
0.000000000000000000e+00
5.022644996643066406e-01
8.274249434471130371e-01
4.955540969967842102e-02
4.193575382232666016e-01
6.149279475212097168e-01
6.298293918371200562e-02
0.000000000000000000e+00
3.780579566955566406e-01
3.049994260072708130e-02
1.580217123031616211e+00
5.034184083342552185e-03
4.543005675077438354e-02
0.000000000000000000e+00
2.245465755462646484e+00
1.832872927188873291e-01
8.950849995017051697e-03
7.034007310867309570e-01
0.000000000000000000e+00
6.516541820019483566e-03
2.008282423019409180e+00
4.488695785403251648e-02
0.000000000000000000e+00
5.327160656452178955e-02
1.219994187355041504e+00
4.886331260204315186e-01
0.000000000000000000e+00
3.971964418888092041e-01
2.466952651739120483e-01
2.404402941465377808e-01
4.092893749475479126e-02
0.000000000000000000e+00
3.332678228616714478e-02
3.277410054579377174e-03
0.000000000000000000e+00
3.599121809005737305e+00
4.361710697412490845e-02
4.487234652042388916e-01
9.573245644569396973e-01
2.002226412296295166e-01
1.604113876819610596e-01
2.245408892631530762e-01
0.000000000000000000e+00
2.840892374515533447e-01
8.769928216934204102e-01
0.000000000000000000e+00
8.092134259641170502e-03
7.478210926055908203e-01
1.622909754514694214e-01
3.645611107349395752e-01
5.862567424774169922e-01
3.659305348992347717e-02
1.288565993309020996e+00
2.710320651531219482e-01
9.783790707588195801e-01
1.480231434106826782e-01
8.736714124679565430e-01
3.554678708314895630e-02
4.161948338150978088e-03
1.470430791378021240e-01
7.508506774902343750e-01
0.000000000000000000e+00
1.513550281524658203e+00
1.155510693788528442e-01
9.025834500789642334e-02
3.794313641265034676e-03
1.305136978626251221e-01
0.000000000000000000e+00
4.819529533386230469e+00
1.048990562558174133e-01
2.240614732727408409e-03
1.944716088473796844e-02
3.870941996574401855e-01
2.990328520536422729e-02
2.244798839092254639e-02
1.512181013822555542e-01
3.479548990726470947e-01
0.000000000000000000e+00
5.007429979741573334e-03
8.777980208396911621e-01
3.765131533145904541e-01
1.577657461166381836e-01
0.000000000000000000e+00
0.000000000000000000e+00
1.496220529079437256e-01
1.447171449661254883e+00
0.000000000000000000e+00
4.213536530733108521e-02
2.922337315976619720e-02
0.000000000000000000e+00
5.517233610153198242e-01
4.663140978664159775e-03
3.543570265173912048e-02
0.000000000000000000e+00
4.519355893135070801e-01
6.599008440971374512e-01
5.056354776024818420e-02
5.886076092720031738e-01
1.458397060632705688e-01
1.823605969548225403e-02
5.789360404014587402e-01
0.000000000000000000e+00
4.742301940917968750e+00
1.457891017198562622e-01
3.087655544281005859e+00
1.898833155632019043e+00
7.295679301023483276e-03
9.432850405573844910e-03
2.006550878286361694e-01
4.226693511009216309e-02
5.759391784667968750e-01
1.575765758752822876e-01
1.215328425168991089e-01
2.599732160568237305e+00
3.220177888870239258e+00
2.833944857120513916e-01
1.959439635276794434e+00
7.868669927120208740e-03
2.078524678945541382e-01
1.842978298664093018e-01
4.500371962785720825e-02
8.435606211423873901e-02
1.625724881887435913e-02
3.541566431522369385e-01
2.066186666488647461e-01
2.616497874259948730e-01
2.059479504823684692e-01
0.000000000000000000e+00
1.438290178775787354e-01
7.602530717849731445e-01
0.000000000000000000e+00
5.670606493949890137e-01
1.126350611448287964e-01
1.746148616075515747e-01
0.000000000000000000e+00
1.555432081222534180e+00
1.391410231590270996e-01
3.217245638370513916e-01
1.819591969251632690e-01
1.520120725035667419e-02
0.000000000000000000e+00
2.919322624802589417e-02
2.062898874282836914e-01
1.855426579713821411e-01
2.391898036003112793e-01
1.697767898440361023e-02
1.164491623640060425e-01
3.845991566777229309e-02
3.986111283302307129e-02
6.369698047637939453e-02
1.521314859390258789e+00
5.354279279708862305e-02
7.991089820861816406e-01
1.639834605157375336e-02
4.359485208988189697e-01
8.761403709650039673e-02
7.464866042137145996e-01
1.201022416353225708e-01
1.822429060935974121e+00
1.949460864067077637e+00
0.000000000000000000e+00
2.931576073169708252e-01
1.513145677745342255e-02
6.020398139953613281e-01
2.903529629111289978e-02
3.262560348957777023e-03
8.569655418395996094e-01
8.740643858909606934e-01
8.465841412544250488e-03
1.012394189834594727e+00
1.380197107791900635e-01
2.301569133996963501e-01
8.504128456115722656e-01
3.372377902269363403e-02
4.375347495079040527e-01
1.619840115308761597e-01
5.612944439053535461e-02
3.414326906204223633e-02
2.803648412227630615e-01
9.789557456970214844e-01
5.752046108245849609e-01
2.121889740228652954e-01
7.768659591674804688e-01
2.864383719861507416e-02
1.604928225278854370e-01
0.000000000000000000e+00
1.357930600643157959e-01
6.008892506361007690e-02
0.000000000000000000e+00
0.000000000000000000e+00
4.044978320598602295e-02
1.324866414070129395e-01
1.378499507904052734e+00
0.000000000000000000e+00
0.000000000000000000e+00
2.103126496076583862e-01
7.080749422311782837e-02
0.000000000000000000e+00
3.591775149106979370e-02
0.000000000000000000e+00
2.102314472198486328e+00
1.105219423770904541e-01
4.910893365740776062e-02
8.810333609580993652e-01
1.564652174711227417e-01
6.223505139350891113e-01
2.648782916367053986e-02
2.749096788465976715e-02
2.010545879602432251e-02
3.183976709842681885e-01
8.907600492238998413e-02
2.679972052574157715e-01
8.606725186109542847e-02
3.062686622142791748e-01
5.674921274185180664e-01
4.052096903324127197e-01
0.000000000000000000e+00
2.456032276153564453e+00
1.166706439107656479e-02
0.000000000000000000e+00
6.245318651199340820e-01
8.296512812376022339e-02
3.526220470666885376e-02
4.831907451152801514e-01
7.136668544262647629e-03
8.285433799028396606e-02
1.671809315681457520e+00
9.603948146104812622e-02
0.000000000000000000e+00
4.304769933223724365e-01
0.000000000000000000e+00
0.000000000000000000e+00
2.631776332855224609e-01
8.734865486621856689e-02
1.602756790816783905e-02
1.044083952903747559e+00
9.688419103622436523e-02
1.310891032218933105e+00
5.815754085779190063e-02
0.000000000000000000e+00
0.000000000000000000e+00
2.052310705184936523e-01
8.621075190603733063e-03
6.330233812332153320e-02
0.000000000000000000e+00
9.235302358865737915e-02
3.551352322101593018e-01
1.459980010986328125e-02
1.850440800189971924e-01
3.613660037517547607e-01
8.258956670761108398e-02
8.274450302124023438e-01
2.061626911163330078e-01
3.376256301999092102e-02
1.120101427659392357e-03
1.881281435489654541e-01
2.333414793014526367e+00
2.296347916126251221e-02
0.000000000000000000e+00
8.663324713706970215e-01
7.839139103889465332e-01
7.583137135952711105e-03
6.958291679620742798e-02
4.848287105560302734e-01
5.867808591574430466e-03
8.188287615776062012e-01
3.700191527605056763e-02
2.774045569822192192e-04
5.541737191379070282e-03
4.687343724071979523e-03
2.486102432012557983e-01
7.586375474929809570e-01
0.000000000000000000e+00
2.805482447147369385e-01
2.400054931640625000e-01
0.000000000000000000e+00
2.054628133773803711e+00
2.379049211740493774e-01
2.458577044308185577e-03
5.529658198356628418e-01
7.793986797332763672e-02
3.360645473003387451e-01
1.196780875325202942e-01
3.144819438457489014e-01
1.985633969306945801e-01
8.263649344444274902e-01
0.000000000000000000e+00
2.450564876198768616e-02
9.269771166145801544e-03
7.564682047814130783e-03
8.274430409073829651e-03
4.728917121887207031e+00
8.767160028219223022e-02
2.886637672781944275e-02
1.244889944791793823e-01
3.032804429531097412e-01
3.473103642463684082e-01
4.920527458190917969e+00
1.020229607820510864e-02
2.110108500346541405e-03
4.020420834422111511e-02
0.000000000000000000e+00
5.744986236095428467e-02
7.881705462932586670e-02
6.187068223953247070e-01
4.174062609672546387e-02
3.901688754558563232e-02
1.115342509001493454e-02
0.000000000000000000e+00
3.586262464523315430e-03
0.000000000000000000e+00
0.000000000000000000e+00
2.419860335066914558e-03
2.206815928220748901e-01
2.062072902917861938e-01
1.731342911720275879e+00
1.409816592931747437e-01
2.627619504928588867e-01
2.296624481678009033e-01
5.278909951448440552e-02
8.383224010467529297e-01
4.277386963367462158e-01
4.698742330074310303e-01
0.000000000000000000e+00
1.224564760923385620e-01
6.898761540651321411e-02
4.036710560321807861e-01
8.427221328020095825e-03
0.000000000000000000e+00
4.267756938934326172e-01
6.749577820301055908e-02
7.696876302361488342e-03
9.834309667348861694e-02
3.486184775829315186e-01
1.106476187705993652e-01
0.000000000000000000e+00
8.995866030454635620e-02
8.526430279016494751e-02
7.592845559120178223e-01
1.329284906387329102e-01
2.487178519368171692e-02
1.817780733108520508e-01
2.396375834941864014e-01
1.312348604202270508e+00
6.426780223846435547e-01
1.397069394588470459e-01
7.759533524513244629e-01
1.570834033191204071e-02
3.283378109335899353e-02
0.000000000000000000e+00
1.373346298933029175e-01
5.684781074523925781e-01
2.123848646879196167e-01
5.544987320899963379e-01
0.000000000000000000e+00
3.551163077354431152e-01
7.899427413940429688e-01
3.541001677513122559e-01
2.365475147962570190e-01
1.642440818250179291e-02
1.498617082834243774e-01
5.487355589866638184e-02
0.000000000000000000e+00
4.052430391311645508e-01
7.106608748435974121e-01
1.263449937105178833e-01
1.932485699653625488e-01
0.000000000000000000e+00
4.093535244464874268e-02
0.000000000000000000e+00
8.361175060272216797e-01
6.552907079458236694e-02
4.045009985566139221e-02
1.160055398941040039e-01
6.576539576053619385e-02
8.938386291265487671e-02
0.000000000000000000e+00
5.422620773315429688e-01
1.376631498336791992e+00
3.539614379405975342e-01
2.271290123462677002e-02
2.327376127243041992e+00
1.086344048380851746e-01
0.000000000000000000e+00
3.408157452940940857e-02
6.801201701164245605e-01
0.000000000000000000e+00
4.837482795119285583e-02
0.000000000000000000e+00
3.182844445109367371e-02
3.926356323063373566e-03
3.518785163760185242e-02
9.469258189201354980e-01
7.066680192947387695e-01
9.096323698759078979e-02
1.275590038858354092e-03
1.295664072036743164e+00
9.553927928209304810e-02
3.396145626902580261e-02
1.035309433937072754e+00
4.014246538281440735e-02
5.303305224515497684e-04
0.000000000000000000e+00
2.818457365036010742e+00
1.438296079635620117e+00
8.139027282595634460e-03
8.011930584907531738e-01
2.031037509441375732e-01
9.341058135032653809e-02
1.500199437141418457e-01
3.072695620357990265e-02
0.000000000000000000e+00
2.824215292930603027e-01
7.918792366981506348e-01
5.262880325317382812e-01
3.601360693573951721e-02
2.388899447396397591e-03
4.713642299175262451e-01
5.100258931634016335e-05
9.471686482429504395e-01
5.434345006942749023e-01
1.381302237510681152e+00
3.790804743766784668e-01
9.772699475288391113e-01
7.923566699028015137e-01
1.314157992601394653e-01
1.721395999193191528e-01
2.267692983150482178e-02
6.605611741542816162e-02
5.016048550605773926e-01
0.000000000000000000e+00
5.518406257033348083e-02
1.506033390760421753e-01
6.784200202673673630e-03
0.000000000000000000e+00
3.306770697236061096e-02
1.645243167877197266e-01
1.613507628440856934e+00
1.415988150984048843e-02
2.475486248731613159e-01
1.202318072319030762e-01
5.338535644114017487e-03
1.678649306297302246e+00
2.819532155990600586e-01
2.978154122829437256e-01
1.311701685190200806e-01
1.602977216243743896e-01
6.672767549753189087e-02
1.315326150506734848e-02
4.766334295272827148e-01
5.589928478002548218e-02
6.476182490587234497e-02
5.395526289939880371e-01
9.020565748214721680e-01
6.011592149734497070e-01
2.173164114356040955e-02
5.260735750198364258e-01
2.144448280334472656e+00
3.673810362815856934e-01
9.097088575363159180e-01
3.061467316001653671e-03
0.000000000000000000e+00
4.812052845954895020e-02
0.000000000000000000e+00
3.525669127702713013e-02
9.824932552874088287e-03
1.085342288017272949e+00
7.610272765159606934e-01
2.042865514755249023e+00
0.000000000000000000e+00
1.272708058357238770e+00
4.311821460723876953e-01
1.381755471229553223e+00
0.000000000000000000e+00
2.051261216402053833e-01
2.614013850688934326e-01
1.528292894363403320e-01
2.734502553939819336e-01
2.776750326156616211e-01
2.315926700830459595e-01
2.387209415435791016e+00
1.006420403718948364e-01
2.014890164136886597e-01
0.000000000000000000e+00
5.370589438825845718e-03
3.529401421546936035e-01
2.932371199131011963e-01
2.152683213353157043e-02
5.336838960647583008e-01
2.067445755004882812e+00
2.444989979267120361e-01
3.938444554805755615e-01
0.000000000000000000e+00
6.467375755310058594e-01
2.003642916679382324e-01
2.778073847293853760e-01
3.147044181823730469e-01
3.829459846019744873e-02
1.993981897830963135e-01
9.754227846860885620e-02
1.486343741416931152e+00
2.842984348535537720e-02
4.221676290035247803e-01
7.225885242223739624e-02
9.760109186172485352e-01
1.531625092029571533e-01
1.319571137428283691e-01
1.624995768070220947e-01
4.312630891799926758e-01
1.796109080314636230e-01
3.901332914829254150e-01
2.611918747425079346e-01
1.962756961584091187e-01
7.552321255207061768e-02
5.273572206497192383e-01
1.294305641204118729e-02
6.760405749082565308e-02
3.363757133483886719e-01
2.962192893028259277e-01
7.762303203344345093e-02
1.342955082654953003e-01
1.653838716447353363e-02
0.000000000000000000e+00
7.588599622249603271e-02
1.651601195335388184e-01
5.002547428011894226e-02
6.284907460212707520e-02
1.605496704578399658e-01
1.875135421752929688e+00
3.111948259174823761e-03
1.963956281542778015e-02
1.748505979776382446e-02
4.534244909882545471e-02
7.995709776878356934e-02
0.000000000000000000e+00
3.900657296180725098e-01
7.940114289522171021e-02
1.276901923120021820e-02
1.886133402585983276e-01
0.000000000000000000e+00
0.000000000000000000e+00
1.041289344429969788e-01
0.000000000000000000e+00
3.178094327449798584e-02
4.181927740573883057e-01
3.078102171421051025e-01
0.000000000000000000e+00
5.287047624588012695e-01
1.950192004442214966e-01
5.769993662834167480e-01
1.447713226079940796e-01
6.314488649368286133e-01
1.246918067336082458e-01
1.177881240844726562e+00
3.145492076873779297e-01
4.180892109870910645e-01
0.000000000000000000e+00
6.436556577682495117e-01
7.586979772895574570e-03
7.001255750656127930e-01
7.444009184837341309e-02
2.135270535945892334e-01
7.133402861654758453e-03
2.543397247791290283e-02
5.838281661272048950e-02
1.544163107872009277e+00
2.886701226234436035e-01
3.158722221851348877e-01
1.008349776268005371e+00
0.000000000000000000e+00
1.421254426240921021e-01
7.447717338800430298e-02
2.257422357797622681e-01
3.722260892391204834e-02
1.743208169937133789e-01
0.000000000000000000e+00
0.000000000000000000e+00
2.385189235210418701e-01
0.000000000000000000e+00
1.394491493701934814e-01
0.000000000000000000e+00
1.702487841248512268e-02
4.104606509208679199e-01
