3.164311349391937256e-01
0.000000000000000000e+00
6.213757395744323730e-01
6.469277143478393555e-01
2.932474613189697266e-01
1.141365151852369308e-03
2.316496521234512329e-01
2.767980694770812988e-01
9.608839154243469238e-01
2.173661470413208008e+00
3.710338845849037170e-02
7.290921807289123535e-01
7.317007184028625488e-01
3.686363101005554199e-01
1.148424372076988220e-01
7.466626763343811035e-01
1.076289564371109009e-01
3.689137101173400879e-02
4.313355684280395508e-01
3.916134238243103027e-01
3.365557193756103516e+00
4.683680459856987000e-02
5.022627860307693481e-02
5.492343753576278687e-02
1.620335280895233154e-01
1.798021316528320312e+00
7.232407331466674805e-01
3.575552627444267273e-02
0.000000000000000000e+00
1.483315378427505493e-01
0.000000000000000000e+00
5.711207985877990723e-01
2.636013925075531006e-01
5.000213533639907837e-02
3.796409582719206810e-03
3.782648965716362000e-02
3.364947438240051270e-01
4.219127893447875977e-01
1.516150683164596558e-01
3.814355703070759773e-03
1.427594274282455444e-01
8.354915976524353027e-01
7.378030568361282349e-02
1.028166890144348145e+00
6.258498877286911011e-02
1.292660087347030640e-01
4.599893987178802490e-01
4.872966185212135315e-02
2.916043996810913086e-01
6.766563653945922852e-01
0.000000000000000000e+00
2.828503847122192383e-01
0.000000000000000000e+00
1.016889572143554688e+00
8.597499132156372070e-01
4.221803322434425354e-02
6.900602579116821289e-02
0.000000000000000000e+00
1.837877184152603149e-01
6.385955493897199631e-03
2.810361623764038086e+00
3.872375786304473877e-01
0.000000000000000000e+00
2.539754845201969147e-02
2.655494451522827148e+00
8.470504283905029297e-01
9.388174116611480713e-02
7.095970511436462402e-01
3.445043787360191345e-02
1.563224911689758301e+00
2.302108108997344971e-01
1.745554447174072266e+00
5.601981654763221741e-02
3.462418541312217712e-02
5.714152455329895020e-01
2.112837791442871094e+00
1.494345784187316895e+00
1.352404505014419556e-01
1.401553273200988770e+00
1.575167626142501831e-01
8.589791506528854370e-02
2.906612157821655273e-01
6.117023527622222900e-03
2.606130242347717285e-01
5.791381001472473145e-01
8.070910573005676270e-01
1.631633877754211426e+00
0.000000000000000000e+00
6.939850449562072754e-01
2.357465982437133789e+00
4.433818757534027100e-01
4.975159645080566406e+00
3.115932643413543701e-01
4.198662936687469482e-02
6.733868271112442017e-02
5.569669604301452637e-02
1.006006479263305664e+00
5.541163086891174316e-01
1.707063317298889160e+00
7.398684620857238770e-01
2.597221136093139648e-01
5.953322052955627441e-01
1.521694898605346680e+00
3.976484388113021851e-02
0.000000000000000000e+00
8.753090500831604004e-01
1.768626421689987183e-01
8.604978322982788086e-01
3.373966366052627563e-02
2.873852252960205078e+00
7.946098595857620239e-02
1.797220110893249512e-01
0.000000000000000000e+00
2.588198661804199219e+00
1.106534123420715332e+00
2.405718415975570679e-01
1.222581118345260620e-01
3.483675420284271240e-01
2.002696320414543152e-02
1.345065385103225708e-01
1.468077749013900757e-01
2.401213720440864563e-02
1.069583177566528320e+00
2.479092925786972046e-01
1.659760028123855591e-01
1.245301589369773865e-02
2.870165407657623291e-01
7.742552459239959717e-02
0.000000000000000000e+00
1.808199798688292503e-03
8.947939276695251465e-01
2.838467359542846680e-01
3.388227224349975586e-01
2.628851830959320068e-01
2.697104513645172119e-01
5.719338729977607727e-02
5.679257512092590332e-01
4.399138987064361572e-01
2.402934551239013672e+00
5.860054492950439453e-01
1.291068196296691895e+00
1.354866772890090942e-01
2.487495839595794678e-01
3.044823557138442993e-02
1.390971392393112183e-01
3.407030925154685974e-02
4.449152350425720215e-01
3.690693899989128113e-02
1.307543367147445679e-01
1.066000699996948242e+00
2.386949025094509125e-02
2.154832705855369568e-02
7.285623550415039062e-01
3.904235839843750000e+00
3.531853854656219482e-01
3.230908513069152832e-02
1.883057877421379089e-02
3.890278935432434082e-01
0.000000000000000000e+00
5.450056493282318115e-02
2.398143522441387177e-02
5.484778061509132385e-02
6.057246923446655273e-01
3.552541509270668030e-02
2.241289168596267700e-01
1.132592201232910156e+00
1.414973987266421318e-03
3.724766150116920471e-02
2.153574228286743164e+00
3.355478644371032715e-01
2.416524663567543030e-02
1.840892285108566284e-01
1.509404420852661133e+00
9.589787572622299194e-02
5.700104869902133942e-03
5.967140793800354004e-01
4.592866599559783936e-01
1.124447807669639587e-01
8.267474919557571411e-02
2.390298694372177124e-01
1.825225949287414551e-01
2.208790630102157593e-01
4.737752676010131836e-02
7.727977037429809570e-01
8.836259692907333374e-02
5.585137009620666504e-01
1.831407785415649414e+00
2.438822984695434570e-01
8.606439828872680664e-02
4.185154139995574951e-01
0.000000000000000000e+00
9.229539632797241211e-01
1.888101994991302490e-01
6.161581277847290039e-01
1.312168501317501068e-02
6.518166065216064453e-01
7.621280848979949951e-02
1.023011952638626099e-01
1.742534279823303223e+00
1.718301624059677124e-01
3.487989902496337891e-01
6.374689191579818726e-02
5.365350842475891113e-01
3.958035707473754883e-01
2.244094908237457275e-01
1.750562667846679688e+00
6.369619816541671753e-02
3.628532886505126953e-01
0.000000000000000000e+00
5.639616847038269043e-01
2.452811449766159058e-01
0.000000000000000000e+00
9.829499572515487671e-02
5.044915080070495605e-01
1.471152156591415405e-01
1.272824555635452271e-01
1.319716572761535645e-01
1.472332119941711426e+00
1.885226517915725708e-01
0.000000000000000000e+00
0.000000000000000000e+00
2.803317010402679443e-01
1.843336582183837891e+00
4.898519217967987061e-01
0.000000000000000000e+00
7.793830335140228271e-02
2.108862161636352539e+00
4.015729427337646484e-01
0.000000000000000000e+00
0.000000000000000000e+00
6.052895188331604004e-01
8.054494857788085938e-01
9.857686161994934082e-01
0.000000000000000000e+00
3.523396551609039307e-01
0.000000000000000000e+00
2.383696734905242920e-01
3.368632197380065918e-01
9.286414086818695068e-02
3.470824360847473145e-01
8.032994717359542847e-02
0.000000000000000000e+00
1.462925076484680176e-01
1.544965147972106934e+00
5.593076348304748535e-01
6.984186768531799316e-01
5.558719038963317871e-01
2.982819266617298126e-02
2.098629176616668701e-01
3.471166789531707764e-01
5.032454058527946472e-02
1.337868273258209229e-01
1.526660919189453125e-01
1.343727946281433105e+00
1.801795326173305511e-02
2.126442082226276398e-02
5.144116282463073730e-01
6.438927054405212402e-01
1.379129886627197266e-01
0.000000000000000000e+00
8.291991949081420898e-01
0.000000000000000000e+00
7.871652841567993164e-01
2.712230756878852844e-02
1.020231962203979492e+00
1.338755637407302856e-01
1.267994046211242676e-01
9.071828126907348633e-01
6.727214902639389038e-02
4.525603353977203369e-01
2.918337583541870117e-01
4.393822699785232544e-02
2.784910500049591064e-01
0.000000000000000000e+00
4.209320247173309326e-01
2.365828037261962891e+00
1.374826282262802124e-01
2.055965363979339600e-02
4.080166816711425781e-01
3.740512207150459290e-02
1.139352083206176758e+00
4.616777896881103516e-01
1.500471029430627823e-02
1.392138153314590454e-01
1.091752052307128906e+00
6.951672434806823730e-01
6.595923099666833878e-03
5.697241052985191345e-02
1.979633450508117676e+00
0.000000000000000000e+00
5.564363598823547363e-01
9.506004452705383301e-01
3.896292150020599365e-01
1.966780517250299454e-03
6.217752024531364441e-02
4.758181273937225342e-01
3.728585084900259972e-03
0.000000000000000000e+00
4.385385289788246155e-02
6.873720791190862656e-03
1.600347757339477539e-01
8.282523751258850098e-01
2.572059929370880127e-01
4.174334108829498291e-01
0.000000000000000000e+00
3.254481852054595947e-01
1.862520873546600342e-01
0.000000000000000000e+00
2.519926987588405609e-02
2.673207549378275871e-03
2.551917135715484619e-01
2.310388535261154175e-01
1.011183857917785645e-01
1.746033132076263428e-01
3.305557370185852051e-01
2.857608497142791748e-01
2.701885938644409180e+00
4.031209275126457214e-02
1.927776932716369629e-01
8.950089216232299805e-01
8.148265630006790161e-02
0.000000000000000000e+00
1.635341495275497437e-01
1.443933397531509399e-01
7.154091000556945801e-01
1.377798616886138916e-01
5.814645886421203613e-01
4.033552482724189758e-02
2.322762757539749146e-01
5.648195743560791016e-01
4.451878741383552551e-02
1.850534200668334961e+00
2.155417390167713165e-02
1.114012077450752258e-01
4.799588322639465332e-01
1.381869167089462280e-01
3.699596524238586426e-01
4.103532135486602783e-01
4.366872608661651611e-01
1.836862713098526001e-01
3.064990974962711334e-02
2.185088545083999634e-01
6.203981637954711914e-01
1.290976703166961670e-01
3.523450493812561035e-01
1.747773438692092896e-01
1.349227037280797958e-03
5.936195254325866699e-01
4.811002910137176514e-01
0.000000000000000000e+00
3.200500726699829102e+00
3.983932137489318848e-01
1.807192564010620117e-01
2.753005027770996094e-01
3.218305706977844238e-01
1.519819796085357666e-01
4.925125539302825928e-01
1.055426836013793945e+00
4.009299874305725098e-01
1.084333509206771851e-01
3.632376492023468018e-01
1.200060844421386719e+00
4.464986026287078857e-01
0.000000000000000000e+00
0.000000000000000000e+00
5.062372088432312012e-01
1.160112977027893066e+00
1.920776486396789551e+00
2.726255357265472412e-01
1.185922384262084961e+00
8.656003475189208984e-01
3.119903802871704102e-01
1.738160848617553711e-02
4.200752824544906616e-03
1.485926285386085510e-02
0.000000000000000000e+00
9.957192093133926392e-02
2.299378216266632080e-01
1.998842000961303711e+00
5.217880606651306152e-01
4.010950401425361633e-02
9.821959733963012695e-01
0.000000000000000000e+00
7.673441432416439056e-04
7.191804051399230957e-02
1.768557354807853699e-02
0.000000000000000000e+00
1.139885280281305313e-02
4.516885802149772644e-02
2.791072009131312370e-03
2.837938070297241211e-01
6.520033627748489380e-02
1.599285751581192017e-02
1.860435307025909424e-01
1.190353393554687500e+00
8.779106140136718750e-01
1.353179961442947388e-01
1.528362780809402466e-01
4.777368158102035522e-02
0.000000000000000000e+00
2.601234018802642822e-01
4.783689975738525391e-03
1.591524183750152588e-01
1.286856174468994141e+00
7.719682157039642334e-02
6.593243479728698730e-01
1.775353550910949707e-01
8.559875488281250000e-01
6.076785922050476074e-02
7.639402151107788086e-01
1.487511277198791504e+00
4.159113764762878418e-01
9.141738526523113251e-03
1.310618668794631958e-01
1.146039843559265137e+00
1.585032045841217041e-02
2.652892470359802246e-01
1.052678674459457397e-01
2.126363277435302734e+00
0.000000000000000000e+00
0.000000000000000000e+00
9.509459733963012695e-01
1.588880568742752075e-01
4.340448677539825439e-01
5.061636492609977722e-02
3.193579614162445068e-01
9.527221322059631348e-01
1.767975389957427979e-01
1.977832615375518799e-01
2.177773602306842804e-02
2.917847335338592529e-01
5.530959963798522949e-01
1.976416349411010742e+00
1.219184175133705139e-01
2.209204621613025665e-02
6.016192436218261719e-01
4.267762601375579834e-01
7.093048840761184692e-02
0.000000000000000000e+00
4.199864864349365234e-01
2.316653132438659668e-01
2.429864369332790375e-02
0.000000000000000000e+00
2.176584117114543915e-02
6.140064597129821777e-01
5.998761057853698730e-01
3.371464461088180542e-02
1.956987231969833374e-01
5.312027409672737122e-02
2.343837171792984009e-02
1.319017559289932251e-01
1.783815324306488037e-01
1.737446933984756470e-01
2.557248115539550781e+00
1.966636776924133301e-01
7.755034565925598145e-01
2.644350826740264893e-01
4.003815054893493652e-01
1.164060980081558228e-01
1.736893900670111179e-03
3.070007078349590302e-02
5.168960094451904297e-01
1.028048038482666016e+00
3.402304649353027344e-02
4.422450959682464600e-01
4.113215953111648560e-02
1.608848571777343750e-01
1.679098792374134064e-02
3.997996076941490173e-02
6.686770319938659668e-01
3.017012476921081543e-01
3.393283367156982422e+00
7.751154154539108276e-02
5.923895537853240967e-02
8.960666060447692871e-01
1.309512495994567871e+00
1.112428605556488037e-01
2.796912431716918945e+00
1.997805118560791016e+00
3.572661876678466797e-01
3.404179215431213379e-02
1.489990949630737305e-01
3.087495863437652588e-01
3.787764534354209900e-02
5.126135051250457764e-02
3.813212513923645020e-01
1.500016212463378906e+00
2.116490602493286133e-01
2.206271886825561523e-01
6.003219485282897949e-01
8.912160247564315796e-02
1.204278394579887390e-01
3.377911821007728577e-02
1.550852358341217041e-01
4.264232218265533447e-01
2.463180422782897949e-01
1.272150039672851562e+00
2.241833686828613281e+00
2.261734962463378906e+00
2.055787324905395508e+00
2.348937988281250000e-01
2.274680882692337036e-01
1.280692815780639648e-01
2.242166316136717796e-03
7.172681689262390137e-01
5.883448943495750427e-02
0.000000000000000000e+00
5.631455779075622559e-01
8.031222224235534668e-01
2.194846980273723602e-02
1.605953097343444824e+00
0.000000000000000000e+00
9.482203423976898193e-02
1.316797018051147461e+00
6.191352009773254395e-01
1.410205662250518799e-01
8.001200556755065918e-01
9.150103330612182617e-01
1.269105821847915649e-01
1.143354102969169617e-01
1.526004076004028320e+00
6.822734475135803223e-01
6.182054877281188965e-01
5.544229984283447266e+00
1.031054742634296417e-02
4.519156455993652344e+00
2.646658420562744141e-01
1.171879023313522339e-01
3.627765476703643799e-01
1.394080668687820435e-01
2.998566627502441406e+00
2.076346635818481445e+00
4.969366490840911865e-01
1.296658962965011597e-01
1.204730153083801270e+00
1.534750819206237793e+00
2.681336402893066406e-01
1.331291556358337402e+00
3.155045509338378906e-01
7.900458574295043945e-01
8.650460839271545410e-02
2.903043925762176514e-01
9.552062302827835083e-02
2.560093253850936890e-02
6.970664858818054199e-01
7.846500724554061890e-02
5.522157669067382812e+00
5.788232199847698212e-03
2.662788629531860352e-01
3.689138889312744141e-01
1.639861017465591431e-01
5.032309889793395996e-02
2.447299212217330933e-01
8.875327184796333313e-03
9.090453386306762695e-02
5.507336258888244629e-01
8.830382823944091797e-01
9.321635961532592773e-02
4.626054316759109497e-02
0.000000000000000000e+00
2.198562622070312500e+00
4.365314170718193054e-02
4.433568716049194336e-01
3.742373287677764893e-01
0.000000000000000000e+00
1.110569760203361511e-02
2.855088412761688232e-01
3.842287361621856689e-01
3.953234851360321045e-02
1.911996304988861084e-01
1.024441495537757874e-01
4.190618172287940979e-02
9.558844566345214844e-01
2.428547590970993042e-01
1.547197580337524414e+00
4.484664648771286011e-02
4.195318520069122314e-01
3.463096618652343750e-01
9.821350872516632080e-02
2.225690335035324097e-01
9.869355708360671997e-02
1.426061868667602539e+00
1.106282114982604980e+00
8.403016924858093262e-01
0.000000000000000000e+00
3.190243989229202271e-02
1.436565518379211426e-01
2.194244265556335449e-01
8.949711322784423828e-01
2.238172590732574463e-01
6.271810829639434814e-02
7.117043137550354004e-01
0.000000000000000000e+00
4.115310907363891602e-01
1.954093277454376221e-01
3.805505931377410889e-01
5.851632952690124512e-01
1.209933400154113770e+00
1.092054247856140137e-01
6.409269571304321289e-01
2.943829298019409180e-01
1.335683558136224747e-02
2.674869298934936523e-01
2.756710529327392578e+00
1.247232034802436829e-01
0.000000000000000000e+00
0.000000000000000000e+00
6.488368511199951172e-01
3.747016787528991699e-01
1.838298738002777100e-01
6.203129291534423828e-01
4.269365966320037842e-01
6.196959614753723145e-01
1.152459830045700073e-01
2.989959120750427246e-01
4.582317471504211426e-01
2.609770596027374268e-01
6.362773180007934570e-01
1.822858572006225586e+00
1.551217794418334961e+00
1.555578231811523438e+00
0.000000000000000000e+00
0.000000000000000000e+00
2.645936906337738037e-01
4.246218502521514893e-02
1.542705390602350235e-02
2.281288951635360718e-01
2.567578554153442383e-01
3.426120579242706299e-01
4.048680663108825684e-01
1.145601272583007812e+00
2.107696086168289185e-01
1.812907457351684570e+00
3.045814335346221924e-01
0.000000000000000000e+00
0.000000000000000000e+00
1.177371144294738770e-01
2.199924588203430176e-01
2.230159193277359009e-01
2.481333315372467041e-01
7.024113833904266357e-02
2.797898352146148682e-01
2.471262454986572266e+00
9.476874470710754395e-01
1.136279463768005371e+00
1.921527460217475891e-02
2.121470272541046143e-01
4.511640071868896484e-01
3.763500154018402100e-01
2.840143740177154541e-01
6.167632937431335449e-01
4.321901798248291016e-01
1.465469002723693848e+00
4.915580272674560547e+00
7.822746038436889648e-02
8.661904335021972656e-01
4.766819179058074951e-01
0.000000000000000000e+00
4.039838016033172607e-01
8.433502912521362305e-01
4.305713176727294922e+00
0.000000000000000000e+00
5.100443959236145020e-01
2.357865333557128906e+00
4.869464933872222900e-01
0.000000000000000000e+00
6.440439820289611816e-01
3.543632626533508301e-01
0.000000000000000000e+00
3.788685202598571777e-01
0.000000000000000000e+00
2.725863456726074219e+00
2.339616566896438599e-01
8.390169143676757812e-01
2.579398080706596375e-02
1.099265143275260925e-01
5.590144395828247070e-01
2.268415316939353943e-02
0.000000000000000000e+00
6.892135739326477051e-02
2.196314483880996704e-01
8.388072252273559570e-01
7.887057662010192871e-01
1.173715516924858093e-01
2.876319587230682373e-01
3.915775567293167114e-02
7.204771041870117188e-01
4.702861607074737549e-02
8.434546738862991333e-02
2.356208115816116333e-01
4.103534519672393799e-01
2.363619022071361542e-02
3.784910961985588074e-02
5.793164968490600586e-01
1.000738702714443207e-03
1.913040578365325928e-01
0.000000000000000000e+00
1.894980072975158691e-01
2.383599132299423218e-01
9.651367366313934326e-02
6.583343029022216797e+00
1.312458664178848267e-01
1.125776544213294983e-01
1.221722006797790527e+00
6.555618345737457275e-02
1.264575310051441193e-02
6.982841342687606812e-02
6.675669550895690918e-01
3.843716084957122803e-01
8.041221499443054199e-01
6.293363571166992188e-01
1.697931885719299316e+00
6.910260021686553955e-02
1.664210557937622070e-01
4.906402826309204102e-01
0.000000000000000000e+00
3.745103254914283752e-03
1.674489498138427734e+00
5.402486920356750488e-01
3.705650940537452698e-02
0.000000000000000000e+00
7.931073009967803955e-02
3.947422504425048828e-01
0.000000000000000000e+00
3.005921363830566406e+00
6.719373464584350586e-01
0.000000000000000000e+00
4.266290962696075439e-01
5.542879179120063782e-02
6.115531325340270996e-01
5.408859252929687500e-02
7.219965457916259766e-01
1.346053481101989746e-01
2.562700748443603516e+00
0.000000000000000000e+00
2.832740172743797302e-02
9.939717650413513184e-01
1.461005508899688721e-01
7.044177651405334473e-01
2.151275724172592163e-01
3.279100179672241211e+00
0.000000000000000000e+00
1.151760071516036987e-01
0.000000000000000000e+00
4.932828545570373535e-01
5.474318861961364746e-01
1.108718514442443848e+00
1.598109841346740723e+00
3.420951217412948608e-02
1.131038784980773926e+00
0.000000000000000000e+00
6.088712811470031738e-01
2.685513496398925781e-01
1.573847681283950806e-01
7.602322101593017578e-01
9.666111469268798828e-01
3.296929597854614258e-02
3.938123583793640137e-02
1.805472493171691895e+00
4.782057404518127441e-01
1.506678462028503418e-01
6.642216444015502930e-01
4.850973375141620636e-03
6.135585252195596695e-03
1.739777445793151855e+00
2.705531716346740723e-01
4.098086431622505188e-02
2.432695776224136353e-02
4.180042743682861328e-01
2.300792783498764038e-01
2.586026787757873535e-01
1.257095783948898315e-01
0.000000000000000000e+00
0.000000000000000000e+00
3.778958916664123535e-01
2.183906137943267822e-01
8.143796324729919434e-01
8.741038441658020020e-01
5.689882278442382812e+00
0.000000000000000000e+00
4.089726805686950684e-01
4.671635106205940247e-03
1.049814559519290924e-02
6.473852396011352539e-01
1.397242665290832520e+00
8.460925519466400146e-02
3.611701726913452148e-01
3.595701754093170166e-01
2.044498682022094727e+00
5.927172899246215820e-01
3.259292542934417725e-01
8.013585209846496582e-01
4.346338659524917603e-02
4.286068975925445557e-01
3.175865486264228821e-02
6.983888745307922363e-01
5.076308250427246094e-01
1.216460242867469788e-01
1.135728955268859863e+00
2.835630774497985840e-01
1.691205859184265137e+00
2.041275054216384888e-01
1.190815806388854980e+00
7.879185080528259277e-01
2.306219935417175293e-01
0.000000000000000000e+00
2.708876132965087891e-01
1.730108499526977539e+00
2.042845487594604492e+00
6.540626883506774902e-01
1.455049514770507812e+00
3.464460670948028564e-01
3.584024608135223389e-01
1.813297271728515625e-01
6.265124678611755371e-01
1.305661559104919434e+00
7.052095234394073486e-02
1.077470462769269943e-02
7.702213525772094727e-02
8.161552548408508301e-01
2.902254462242126465e-02
3.548100590705871582e-01
1.288091540336608887e-01
9.583613276481628418e-01
9.874794483184814453e-01
1.334412395954132080e-01
1.138661056756973267e-01
3.008756041526794434e-02
1.168539598584175110e-01
1.115646958351135254e+00
0.000000000000000000e+00
1.389765590429306030e-01
1.984045863151550293e+00
2.804298102855682373e-01
5.450555682182312012e-01
0.000000000000000000e+00
8.682432584464550018e-03
4.179656878113746643e-02
0.000000000000000000e+00
5.774744786322116852e-04
0.000000000000000000e+00
1.442047953605651855e+00
6.280746459960937500e-01
6.298341322690248489e-03
1.230429634451866150e-01
3.407698392868041992e+00
2.528092265129089355e-02
2.419393956661224365e-01
1.090391159057617188e+00
3.420045077800750732e-01
8.088834881782531738e-01
2.196874618530273438e-01
4.749681651592254639e-01
2.305357605218887329e-01
2.642712090164422989e-03
1.402765363454818726e-01
1.078030746430158615e-02
2.669009380042552948e-02
0.000000000000000000e+00
9.541403055191040039e-01
5.438414216041564941e-02
7.273984551429748535e-01
3.714999556541442871e-02
1.118032455444335938e+00
7.674775123596191406e-01
3.059347629547119141e+00
1.375914067029953003e-01
4.938938319683074951e-01
1.285018175840377808e-01
1.176420450210571289e+00
0.000000000000000000e+00
3.298145234584808350e-01
2.227289199829101562e+00
1.918768286705017090e+00
4.400428384542465210e-02
3.611684963107109070e-02
2.734860181808471680e-01
0.000000000000000000e+00
3.442536294460296631e-02
3.416962027549743652e-01
1.136663034558296204e-01
1.513016074895858765e-01
4.015505313873291016e-01
4.071053564548492432e-01
6.447357684373855591e-02
3.114784955978393555e-01
1.945509947836399078e-02
0.000000000000000000e+00
4.995907247066497803e-01
4.946330189704895020e-01
6.289610862731933594e-01
7.379474490880966187e-02
3.594423294067382812e+00
2.568025887012481689e-02
7.077362537384033203e-01
4.578414186835289001e-02
5.767180919647216797e-01
8.059027791023254395e-02
9.805302023887634277e-01
3.940407037734985352e-01
8.918503522872924805e-01
5.011161565780639648e-01
4.858167842030525208e-02
2.153268307447433472e-01
3.084265254437923431e-02
1.342637658119201660e+00
4.884882271289825439e-01
7.326758503913879395e-01
4.092381894588470459e-02
1.084467321634292603e-01
0.000000000000000000e+00
2.658416926860809326e-01
1.182443261146545410e+00
1.113961189985275269e-01
1.415753513574600220e-01
1.400792002677917480e-01
1.958996951580047607e-01
2.324282228946685791e-01
0.000000000000000000e+00
1.817895472049713135e-01
7.678050547838211060e-02
6.581662893295288086e-01
2.691552340984344482e-01
2.756327390670776367e+00
7.673884630203247070e-01
3.649416863918304443e-01
2.906404972076416016e+00
2.438046187162399292e-01
2.444523721933364868e-01
5.306276027113199234e-03
2.509724199771881104e-01
1.359125524759292603e-01
3.333653807640075684e-01
1.806038767099380493e-01
1.610841512680053711e+00
1.944353133440017700e-01
1.542120892554521561e-02
5.977483466267585754e-03
1.150998353958129883e+00
7.570673823356628418e-01
0.000000000000000000e+00
5.912331342697143555e-01
6.432653069496154785e-01
7.517599314451217651e-02
4.195340275764465332e-01
3.460608124732971191e-01
0.000000000000000000e+00
3.374951481819152832e-01
1.235546544194221497e-01
1.326106935739517212e-01
9.184436500072479248e-02
1.447229236364364624e-01
7.047367095947265625e-02
1.180555075407028198e-01
1.912668645381927490e-01
1.147357106208801270e+00
1.520513772964477539e+00
7.684484124183654785e-01
1.463046967983245850e-01
0.000000000000000000e+00
4.828669428825378418e-01
1.088458538055419922e+00
1.259510159492492676e+00
0.000000000000000000e+00
2.884036600589752197e-01
1.677437305450439453e+00
1.245299447327852249e-02
8.588528037071228027e-01
4.594033956527709961e-01
1.983029954135417938e-02
1.191647946834564209e-01
2.692302465438842773e+00
5.189110636711120605e-01
5.388246774673461914e-01
3.949890658259391785e-02
5.907671898603439331e-02
1.794561147689819336e+00
5.513124465942382812e-01
3.333120942115783691e-01
1.583233624696731567e-01
2.632811367511749268e-01
2.427041344344615936e-02
2.683560736477375031e-02
1.394304037094116211e-01
1.032475948333740234e+00
0.000000000000000000e+00
7.889348864555358887e-01
1.366649746894836426e+00
1.287032067775726318e-01
0.000000000000000000e+00
2.549912691116333008e+00
1.606886684894561768e-01
1.464944601058959961e+00
3.399187922477722168e-01
3.278774768114089966e-02
1.906061321496963501e-01
1.109574556350708008e+00
9.633949398994445801e-01
6.182483583688735962e-02
3.613089025020599365e-01
3.774645328521728516e-01
4.024979472160339355e-02
5.900057032704353333e-02
6.407328844070434570e-01
1.323275923728942871e+00
1.808707043528556824e-02
0.000000000000000000e+00
3.677610754966735840e-01
3.880947828292846680e-02
1.928593277931213379e+00
9.252455085515975952e-02
1.358926892280578613e+00
1.084986805915832520e+00
2.477218024432659149e-02
4.021111488342285156e+00
2.163603305816650391e+00
2.071580886840820312e-01
4.086071252822875977e-01
4.471943080425262451e-01
8.122782111167907715e-01
2.851290106773376465e-01
3.309784829616546631e-01
1.830203272402286530e-02
1.409641206264495850e-01
9.176821261644363403e-02
1.683603227138519287e-01
4.094281494617462158e-01
1.962902396917343140e-02
9.190356731414794922e-01
1.252286732196807861e-01
0.000000000000000000e+00
4.619609415531158447e-01
4.949844777584075928e-01
4.579872488975524902e-01
7.802665233612060547e-02
1.320845961570739746e+00
1.271302718669176102e-02
6.686093211174011230e-01
5.160044506192207336e-02
6.202783435583114624e-02
0.000000000000000000e+00
5.092847943305969238e-01
2.160074189305305481e-02
8.047493696212768555e-01
3.506945073604583740e-02
8.414097875356674194e-02
3.445912897586822510e-01
6.373470276594161987e-02
1.070391610264778137e-01
2.520383834838867188e+00
8.263862133026123047e-02
3.200620412826538086e-01
2.554883249104022980e-02
8.339320123195648193e-02
4.303081706166267395e-02
2.667376697063446045e-01
3.299092948436737061e-01
1.208729669451713562e-02
1.158711500465869904e-02
8.997029811143875122e-02
1.521022319793701172e-01
6.495057139545679092e-03
0.000000000000000000e+00
1.676483601331710815e-01
1.308103743940591812e-02
1.076056510210037231e-01
9.322423487901687622e-03
2.103775888681411743e-01
1.342092640697956085e-02
5.493226647377014160e-01
1.078318238258361816e+00
7.033880054950714111e-02
1.543514370918273926e+00
7.171177268028259277e-01
3.795741558074951172e+00
1.632127016782760620e-01
9.723258018493652344e-01
1.490159779787063599e-01
1.655077219009399414e+00
7.760358601808547974e-02
1.015839651226997375e-01
3.638425171375274658e-01
4.978580176830291748e-01
1.169250607490539551e-01
5.077361711300909519e-04
2.210352942347526550e-02
5.788275040686130524e-03
1.380555331707000732e-01
7.272844016551971436e-02
0.000000000000000000e+00
1.071919873356819153e-01
8.235518634319305420e-02
4.147599935531616211e-01
3.107960224151611328e-01
1.053905487060546875e-01
8.332246541976928711e-02
6.887922994792461395e-03
1.000210165977478027e+00
3.252439945936203003e-02
9.151442646980285645e-01
3.866693675518035889e-01
1.630508899688720703e-01
0.000000000000000000e+00
3.304712590761482716e-04
5.404537916183471680e-01
4.570223018527030945e-02
0.000000000000000000e+00
0.000000000000000000e+00
2.622998356819152832e-01
2.147264406085014343e-02
6.929465532302856445e-01
4.788370337337255478e-03
5.967072211205959320e-03
3.166072368621826172e-01
3.344316244125366211e+00
0.000000000000000000e+00
4.346520602703094482e-01
5.582525953650474548e-02
9.764506816864013672e-01
2.229472808539867401e-02
7.423191666603088379e-01
1.405626386404037476e-01
2.260520309209823608e-01
2.760711908340454102e-01
3.814129233360290527e-01
1.899865269660949707e-01
3.970733880996704102e-01
1.594346761703491211e-01
1.164451614022254944e-01
0.000000000000000000e+00
1.739960908889770508e+00
1.792142689228057861e-01
1.615848988294601440e-01
6.827991455793380737e-02
1.226513981819152832e+00
8.286877274513244629e-01
2.791387960314750671e-02
3.208081245422363281e+00
0.000000000000000000e+00
1.794735901057720184e-03
1.847402751445770264e-01
1.244690775871276855e+00
6.077850461006164551e-01
1.173863634467124939e-01
3.579163178801536560e-02
4.312845692038536072e-02
1.591941714286804199e-01
0.000000000000000000e+00
4.009133875370025635e-01
2.633002400398254395e-01
8.701935410499572754e-02
1.091903075575828552e-01
7.115572094917297363e-01
4.397669136524200439e-01
1.221037507057189941e-01
3.638247959315776825e-03
1.068855762481689453e+00
2.272659540176391602e-01
8.352478742599487305e-01
0.000000000000000000e+00
5.824609398841857910e-01
5.832875370979309082e-01
1.250885963439941406e+00
3.183621466159820557e-01
3.990023136138916016e-01
2.605302631855010986e-01
3.251422047615051270e-01
2.332566380500793457e-01
7.340164780616760254e-01
1.503744870424270630e-01
3.567679226398468018e-01
5.401405096054077148e-01
2.042547911405563354e-01
8.856534212827682495e-02
7.011393457651138306e-02
3.487780317664146423e-02
2.529463768005371094e+00
3.592028021812438965e-01
8.261743187904357910e-02
6.417645812034606934e-01
1.173204183578491211e+00
3.709055185317993164e-01
3.212117254734039307e-01
1.697382688522338867e+00
9.658027291297912598e-01
1.839611679315567017e-01
6.258782744407653809e-02
2.456454485654830933e-01
2.244679629802703857e-02
1.725130598060786724e-03
1.167844533920288086e-01
4.177339747548103333e-02
4.189299046993255615e-01
0.000000000000000000e+00
9.539787657558917999e-03
2.604630775749683380e-03
1.823047548532485962e-01
2.875744998455047607e-01
1.185926515609025955e-02
2.651387155055999756e-01
4.099061787128448486e-01
2.882924377918243408e-01
2.784747183322906494e-01
1.207882836461067200e-01
3.245374560356140137e-02
1.996374130249023438e-01
7.539434432983398438e-01
3.572178184986114502e-01
1.581128127872943878e-02
4.362488910555839539e-02
1.861386597156524658e-01
1.254690587520599365e-01
1.566331088542938232e-01
9.952927231788635254e-01
9.212198108434677124e-02
3.188195452094078064e-02
9.430869221687316895e-01
1.013459265232086182e-01
4.468726739287376404e-02
1.782568812370300293e+00
5.032287240028381348e-01
5.268056392669677734e-01
2.070564746856689453e+00
3.496737480163574219e-01
2.907729009166359901e-03
3.892628476023674011e-02
5.202804692089557648e-03
1.975729823112487793e+00
2.611296772956848145e-01
4.076041877269744873e-01
2.051741838455200195e+00
1.566452085971832275e-01
3.551594734191894531e+00
2.868807911872863770e-01
8.668078780174255371e-01
4.264519214630126953e-01
1.408520340919494629e-01
6.614864338189363480e-03
9.897445440292358398e-01
6.425681114196777344e-01
2.699821591377258301e-01
3.712109029293060303e-01
6.627985090017318726e-02
4.726392775774002075e-02
1.048455908894538879e-01
6.538257002830505371e-01
9.580904245376586914e-02
1.809981092810630798e-02
1.121887683868408203e+00
2.701468169689178467e-01
3.602723836898803711e+00
3.406116068363189697e-01
3.398497104644775391e-01
5.228235200047492981e-02
3.103578090667724609e-01
3.053046762943267822e-01
0.000000000000000000e+00
2.930827140808105469e+00
5.679568275809288025e-03
1.289471268653869629e+00
2.647147774696350098e-01
1.703997850418090820e+00
0.000000000000000000e+00
7.367085665464401245e-02
0.000000000000000000e+00
0.000000000000000000e+00
2.855838648974895477e-02
1.830148100852966309e-01
0.000000000000000000e+00
1.250527352094650269e-01
7.085287570953369141e-02
1.104577481746673584e-01
1.420562624931335449e+00
5.326904058456420898e-01
5.658648908138275146e-02
7.279838323593139648e-01
2.049907594919204712e-01
5.485244393348693848e-01
2.424529194831848145e-01
3.550296723842620850e-01
6.456053256988525391e-02
1.029898412525653839e-02
0.000000000000000000e+00
0.000000000000000000e+00
9.297722578048706055e-01
3.644188046455383301e-01
3.001790642738342285e-01
2.110682129859924316e-01
6.635707020759582520e-01
3.614819049835205078e-01
1.576099634170532227e+00
2.310218662023544312e-02
5.295397639274597168e-01
0.000000000000000000e+00
4.877119958400726318e-01
0.000000000000000000e+00
1.713072538375854492e+00
1.316415220499038696e-01
1.446601748466491699e+00
4.569219052791595459e-02
0.000000000000000000e+00
1.181057915091514587e-01
8.412341475486755371e-01
2.587289316579699516e-03
4.571386426687240601e-02
0.000000000000000000e+00
3.664970397949218750e-02
5.688423514366149902e-01
5.454555153846740723e-01
4.866161942481994629e-02
7.152429781854152679e-03
8.600933849811553955e-02
7.822157144546508789e-01
6.438136696815490723e-01
4.077395200729370117e-01
9.812631458044052124e-02
0.000000000000000000e+00
4.809056520462036133e-01
4.236147925257682800e-02
2.984959602355957031e+00
3.497942984104156494e-01
3.056954741477966309e-01
6.632192134857177734e-01
0.000000000000000000e+00
3.620918691158294678e-01
1.927439868450164795e-01
3.131219744682312012e-01
5.727214217185974121e-01
2.323405593633651733e-01
9.542881697416305542e-02
5.196217074990272522e-02
4.604165554046630859e-01
1.643013805150985718e-01
1.688422635197639465e-02
1.023019254207611084e-01
3.426208257675170898e+00
5.435092002153396606e-02
7.554222941398620605e-01
4.699840545654296875e-01
1.192159950733184814e-03
1.621647179126739502e-01
1.012283205986022949e+00
2.428018569946289062e+00
2.851101398468017578e+00
5.930840969085693359e-01
0.000000000000000000e+00
5.510475635528564453e-01
1.225230470299720764e-01
4.713197052478790283e-01
2.951217591762542725e-01
1.430074870586395264e-01
2.108611613512039185e-01
1.907646358013153076e-01
8.580715954303741455e-02
2.760161459445953369e-01
4.306039959192276001e-02
2.046944797039031982e-01
2.652918815612792969e+00
4.115098714828491211e-02
2.938712358474731445e+00
5.623205378651618958e-02
5.859614536166191101e-02
1.100531816482543945e+00
1.914954334497451782e-01
2.038066685199737549e-01
0.000000000000000000e+00
4.400227069854736328e-01
8.891601562500000000e-01
1.121116042137145996e+00
1.813298463821411133e-01
3.233762085437774658e-01
9.098422713577747345e-03
4.647361338138580322e-01
1.630158543586730957e+00
2.164723165333271027e-02
0.000000000000000000e+00
3.058359622955322266e+00
5.197429284453392029e-02
1.252844482660293579e-01
1.764056384563446045e-01
2.280978485941886902e-02
0.000000000000000000e+00
1.766146302223205566e+00
4.674310982227325439e-01
4.159567132592201233e-02
2.556785754859447479e-02
0.000000000000000000e+00
1.465117633342742920e-01
1.126151442527770996e+00
1.736227795481681824e-02
3.323878049850463867e-01
4.715463221073150635e-01
0.000000000000000000e+00
6.327772140502929688e-01
2.886435031890869141e+00
7.955536246299743652e-02
3.918045461177825928e-01
3.935251757502555847e-02
6.561643630266189575e-02
1.662343144416809082e-01
4.817721843719482422e-01
4.984878897666931152e-01
2.947892248630523682e-01
4.411993920803070068e-01
5.961565375328063965e-01
4.514134526252746582e-01
7.548873424530029297e-01
6.554003804922103882e-02
1.109269186854362488e-01
3.436348959803581238e-02
2.192779481410980225e-01
6.479721516370773315e-02
4.026004314422607422e+00
1.515647862106561661e-02
4.576914906501770020e-01
5.069744586944580078e-01
3.655940592288970947e-01
2.702700197696685791e-01
5.243536233901977539e-01
5.557660758495330811e-02
1.240007281303405762e-01
1.730328351259231567e-01
5.283458232879638672e-01
3.350359573960304260e-02
2.719368219375610352e+00
3.415408134460449219e+00
1.446568965911865234e-01
1.708629578351974487e-01
4.344779253005981445e-02
0.000000000000000000e+00
2.550212740898132324e-01
4.140031039714813232e-01
5.242869257926940918e-01
3.020224571228027344e-01
1.792789436876773834e-02
3.578748464584350586e+00
2.278707921504974365e-02
8.835328102111816406e+00
2.431941747665405273e+00
1.887307614088058472e-01
5.233445018529891968e-02
5.370002985000610352e-01
0.000000000000000000e+00
9.904731810092926025e-02
8.506711125373840332e-01
1.168939620256423950e-01
1.271340101957321167e-01
8.117132186889648438e-01
4.740004241466522217e-01
2.343327999114990234e-01
2.719433233141899109e-02
3.909347653388977051e-01
0.000000000000000000e+00
7.128862142562866211e-01
2.136399000883102417e-01
0.000000000000000000e+00
5.769227072596549988e-02
4.417505860328674316e-02
2.004809856414794922e+00
6.372249126434326172e-02
2.151661664247512817e-01
2.208083271980285645e-01
7.631676644086837769e-02
1.467901229858398438e+00
1.356866061687469482e-01
3.201656639575958252e-01
3.582276701927185059e-01
8.515438437461853027e-01
2.632124423980712891e-01
5.382923483848571777e-01
2.954633347690105438e-02
3.171553090214729309e-02
8.515828847885131836e-02
2.145940065383911133e-01
2.528376504778862000e-02
1.229065299034118652e+00
3.246241807937622070e-01
0.000000000000000000e+00
1.601744256913661957e-02
1.229067921638488770e+00
1.446861922740936279e-01
4.450296163558959961e-01
4.708913038484752178e-04
1.566513441503047943e-03
3.946385532617568970e-02
6.256006240844726562e+00
4.374503716826438904e-02
0.000000000000000000e+00
1.020612955093383789e+00
5.673199176788330078e+00
1.608547121286392212e-01
5.335980653762817383e-01
3.492202237248420715e-02
9.075952768325805664e-01
5.872681140899658203e-01
1.776078939437866211e+00
7.626979053020477295e-02
5.711640715599060059e-01
2.992676496505737305e-01
2.179634273052215576e-01
1.452269434928894043e+00
4.887808263301849365e-01
1.228829994797706604e-01
1.334332674741744995e-01
4.519054591655731201e-01
2.796511054039001465e-01
7.315502762794494629e-01
7.235737442970275879e-01
5.296002700924873352e-02
1.246116906404495239e-01
9.732278585433959961e-01
5.983235836029052734e-01
2.237644195556640625e+00
9.495292901992797852e-01
5.620180442929267883e-02
1.343656182289123535e-01
1.067636907100677490e-01
3.137281179428100586e+00
4.030365031212568283e-03
4.243038129061460495e-03
1.255293965339660645e+00
9.216430187225341797e-01
3.099011182785034180e+00
4.803661257028579712e-02
2.859251573681831360e-03
1.391417503356933594e+00
1.198689937591552734e+00
9.651837944984436035e-01
1.020849704742431641e+00
0.000000000000000000e+00
5.563492178916931152e-01
2.635082006454467773e-01
2.684480883181095123e-02
6.297163963317871094e+00
5.249930024147033691e-01
2.220324128866195679e-01
9.647190570831298828e-02
1.645890712738037109e+00
5.214908123016357422e-01
4.997418522834777832e-01
3.727464750409126282e-02
3.958920389413833618e-02
1.926156133413314819e-01
5.075012445449829102e-01
9.476709961891174316e-01
1.420807093381881714e-01
6.213756203651428223e-01
5.159133579581975937e-03
8.750286698341369629e-02
8.475173711776733398e-01
3.164265155792236328e-01
4.742272198200225830e-02
9.184218645095825195e-01
4.326322078704833984e-01
2.188498973846435547e+00
9.886770248413085938e-01
2.117822878062725067e-02
8.579421639442443848e-01
9.058755822479724884e-03
4.332663118839263916e-01
2.002377659082412720e-01
8.779423683881759644e-02
5.577703118324279785e-01
4.087158441543579102e-01
1.768059253692626953e+00
3.314934670925140381e-01
2.058096379041671753e-01
1.001836109161376953e+01
2.928428947925567627e-01
4.535613059997558594e-01
1.046622991561889648e+00
2.148382365703582764e-01
3.420392274856567383e-01
1.324970275163650513e-01
3.360282778739929199e-01
1.690073132514953613e+00
0.000000000000000000e+00
6.515383720397949219e-01
1.465538237243890762e-02
0.000000000000000000e+00
3.812238872051239014e-01
3.819870710372924805e+00
1.112827751785516739e-02
5.174240097403526306e-03
1.478897780179977417e-01
3.828285038471221924e-01
5.216557765379548073e-04
1.607214510440826416e-01
4.817952513694763184e-01
5.647695064544677734e-01
1.296225905418395996e+00
4.574216365814208984e+00
2.151917852461338043e-02
3.107716515660285950e-02
3.262621760368347168e-01
2.922785468399524689e-02
1.660473346710205078e-01
5.552062511444091797e+00
8.871752768754959106e-02
1.146379299461841583e-02
2.873779535293579102e-01
2.743826508522033691e-01
9.723100662231445312e-01
1.053239822387695312e+00
1.582829803228378296e-01
3.076534345746040344e-02
3.952326625585556030e-02
3.807091712951660156e-01
0.000000000000000000e+00
3.737377226352691650e-01
1.296430379152297974e-01
7.332167774438858032e-02
3.778083920478820801e-01
5.168846994638442993e-02
6.454045176506042480e-01
4.632854938507080078e+00
5.700363516807556152e-01
1.246881723403930664e+00
2.512679100036621094e-01
0.000000000000000000e+00
1.413971092551946640e-02
5.047277808189392090e-01
1.191238045692443848e+00
1.883623301982879639e-01
1.027291297912597656e+00
8.553883433341979980e-02
8.420420438051223755e-02
1.230695247650146484e+00
4.342401504516601562e+00
4.072447121143341064e-01
0.000000000000000000e+00
1.091819256544113159e-02
3.798475861549377441e-01
2.643700242042541504e-01
2.517155647277832031e+00
2.799639105796813965e-01
7.153410464525222778e-02
0.000000000000000000e+00
7.168389856815338135e-02
4.882383942604064941e-01
4.289278686046600342e-01
1.414140462875366211e+00
1.452406942844390869e-01
2.503027677536010742e+00
8.819397687911987305e-01
2.644193768501281738e-01
4.581311643123626709e-01
7.322468608617782593e-02
0.000000000000000000e+00
4.478959739208221436e-01
1.749995946884155273e-01
4.923534393310546875e-01
1.358718574047088623e-01
3.320971038192510605e-03
4.540459439158439636e-02
6.055072695016860962e-02
2.318339794874191284e-01
3.681078553199768066e-01
0.000000000000000000e+00
4.041496291756629944e-02
9.086669236421585083e-02
2.307655215263366699e-01
0.000000000000000000e+00
1.381398558616638184e+00
0.000000000000000000e+00
2.807339668273925781e+00
3.936764001846313477e-01
8.741753548383712769e-02
6.562966853380203247e-02
2.303490936756134033e-01
1.127274155616760254e+00
0.000000000000000000e+00
0.000000000000000000e+00
4.399123787879943848e-01
1.821721553802490234e+00
4.471871554851531982e-01
6.825162768363952637e-01
2.562961280345916748e-01
6.635587215423583984e-01
7.527778297662734985e-02
1.133729457855224609e+00
1.786088466644287109e+00
1.176031351089477539e+00
1.654530167579650879e-01
1.242839246988296509e-01
7.105956971645355225e-02
6.842486560344696045e-03
6.102110724896192551e-03
7.133452892303466797e-01
5.470883846282958984e-01
9.477234482765197754e-01
6.514002084732055664e-01
1.130734942853450775e-02
2.034861147403717041e-01
5.188522934913635254e-01
2.160423845052719116e-01
3.026005327701568604e-01
4.824729561805725098e-01
2.621384523808956146e-02
1.020361669361591339e-03
2.220223426818847656e+00
3.558321855962276459e-03
3.409617543220520020e-01
5.417854338884353638e-02
1.575745083391666412e-02
8.467295765876770020e-02
1.808842085301876068e-02
4.916775599122047424e-02
6.526661515235900879e-01
0.000000000000000000e+00
4.185330867767333984e-01
1.809151917695999146e-01
4.618906974792480469e-02
2.609098097309470177e-03
2.296590656042098999e-01
0.000000000000000000e+00
1.897319555282592773e-01
1.540764689445495605e+00
1.258105278015136719e+00
5.473048686981201172e-01
2.257449626922607422e-01
2.239733219146728516e+00
7.172529585659503937e-03
1.774418354034423828e-01
2.354958772659301758e+00
4.873081445693969727e-01
2.463136762380599976e-01
9.105008244514465332e-01
6.149131655693054199e-01
2.871796190738677979e-01
5.619015172123908997e-02
3.370700404047966003e-02
2.718083187937736511e-02
2.264574468135833740e-01
1.654470413923263550e-01
1.386867880821228027e+00
1.084079861640930176e+00
5.542140007019042969e-01
2.283593080937862396e-02
3.412987664341926575e-02
4.011085629463195801e-02
2.790200524032115936e-02
2.969573996961116791e-02
5.321190357208251953e-01
5.380734801292419434e-01
1.787265539169311523e-01
4.931604117155075073e-02
1.372797489166259766e-01
1.103713661432266235e-01
3.413543403148651123e-01
1.141243934631347656e+00
6.663367748260498047e-01
3.690754771232604980e-01
6.047905683517456055e-01
2.826090455055236816e-01
1.967150419950485229e-01
1.863409280776977539e+00
1.099084969609975815e-02
2.626463174819946289e-01
8.309233933687210083e-02
0.000000000000000000e+00
1.562433838844299316e-01
3.487180948257446289e+00
1.142339706420898438e-01
3.705777227878570557e-01
3.343417942523956299e-01
1.999174118041992188e+00
0.000000000000000000e+00
1.209208369255065918e+00
6.874638199806213379e-01
2.900696396827697754e-01
2.681498229503631592e-01
1.258010745048522949e+00
8.156937360763549805e-01
1.558383107185363770e-01
1.043191313743591309e+00
2.666028216481208801e-02
1.531436681747436523e+00
2.034073509275913239e-02
6.563595533370971680e-01
2.547083377838134766e+00
4.614314436912536621e-02
1.718831300735473633e+00
9.747445583343505859e-03
1.642155349254608154e-01
1.625358104705810547e+00
1.697962582111358643e-01
2.075800448656082153e-01
0.000000000000000000e+00
3.038425929844379425e-04
9.292503446340560913e-02
3.128389120101928711e-01
0.000000000000000000e+00
7.975098490715026855e-02
2.014283537864685059e-01
0.000000000000000000e+00
1.059799566864967346e-01
8.048418909311294556e-02
0.000000000000000000e+00
2.574595808982849121e-01
6.014724075794219971e-02
1.138373017311096191e-01
6.156020760536193848e-01
9.348783493041992188e-01
5.572204589843750000e-01
3.527676463127136230e-01
8.080476522445678711e-01
4.029468595981597900e-01
4.677557945251464844e-01
3.965858817100524902e-01
6.989040970802307129e-02
2.419744729995727539e-01
1.523660421371459961e-01
4.826070964336395264e-01
3.103368543088436127e-02
5.750510692596435547e-01
1.256742980331182480e-02
3.700238764286041260e-01
4.310316741466522217e-01
1.282049901783466339e-02
2.083041667938232422e-01
7.161977887153625488e-01
1.972434576600790024e-03
3.293399512767791748e-01
2.652377448976039886e-02
6.688479185104370117e-01
3.542730808258056641e-01
4.036919474601745605e-01
3.652072325348854065e-02
4.384703040122985840e-01
3.374113440513610840e-01
3.228172659873962402e-01
7.035086303949356079e-02
1.931347131729125977e+00
1.267746835947036743e-01
4.535132050514221191e-01
0.000000000000000000e+00
2.528818149585276842e-04
2.666801512241363525e-01
0.000000000000000000e+00
4.563491940498352051e-01
1.531842648983001709e-01
7.665643692016601562e-01
7.439801096916198730e-01
0.000000000000000000e+00
2.265122234821319580e-01
3.473066568374633789e+00
2.838567018508911133e+00
0.000000000000000000e+00
8.044518530368804932e-02
5.126535892486572266e-01
0.000000000000000000e+00
7.069745659828186035e-02
4.735428988933563232e-01
4.585020542144775391e-01
9.168593883514404297e-01
4.483690112829208374e-02
1.122319102287292480e+00
8.979105949401855469e-01
1.518691480159759521e-01
8.644201159477233887e-01
2.696551322937011719e+00
0.000000000000000000e+00
3.640474006533622742e-02
1.106397628784179688e+00
1.857833862304687500e+00
5.603045821189880371e-01
2.284355610609054565e-01
2.525454759597778320e-01
4.709928512573242188e+00
8.204384148120880127e-02
2.184278964996337891e+00
4.530436098575592041e-01
5.161695480346679688e-01
1.000925153493881226e-01
7.563489675521850586e-02
3.885141015052795410e-01
1.464948505163192749e-01
3.000850379467010498e-01
1.066864490509033203e+00
0.000000000000000000e+00
4.660938084125518799e-01
3.174814861267805099e-03
3.615189790725708008e-01
1.702211022377014160e+00
0.000000000000000000e+00
1.859877854585647583e-01
8.794300556182861328e-01
2.240976393222808838e-01
3.150559365749359131e-01
0.000000000000000000e+00
0.000000000000000000e+00
4.711632616817951202e-03
2.978618741035461426e-01
3.311739265918731689e-01
9.784854948520660400e-02
4.688577950000762939e-01
1.500780582427978516e-01
2.056011371314525604e-02
6.766825914382934570e-01
1.083922907710075378e-01
1.538273692131042480e-01
2.040011584758758545e-01
5.357001721858978271e-02
2.584551274776458740e-01
1.037813901901245117e+00
2.619845047593116760e-02
3.616455793380737305e+00
3.053953647613525391e-01
1.640015393495559692e-01
5.786308611277490854e-05
0.000000000000000000e+00
1.584287881851196289e-01
2.298961728811264038e-01
7.490059733390808105e-02
3.612956702709197998e-01
9.539502114057540894e-02
9.812246561050415039e-01
5.028225779533386230e-01
1.546871364116668701e-01
6.520311832427978516e-01
3.508823812007904053e-01
4.858386516571044922e+00
8.270160853862762451e-02
6.121363639831542969e-01
7.501726746559143066e-01
2.262949943542480469e-02
6.121961399912834167e-02
7.832348346710205078e-02
3.750330209732055664e-02
3.613320887088775635e-01
5.418121218681335449e-01
6.910730153322219849e-02
2.682701349258422852e+00
1.927880197763442993e-01
2.505967378616333008e+00
1.387909799814224243e-01
1.075706362724304199e+00
0.000000000000000000e+00
4.093597531318664551e-01
1.456214040517807007e-01
6.971889138221740723e-01
8.856899738311767578e-01
1.558826863765716553e-01
6.866087671369314194e-03
6.071791648864746094e-01
1.155786037445068359e+00
1.667060256004333496e-01
1.174089163541793823e-01
3.193465769290924072e-01
1.499880433082580566e+00
5.485258065164089203e-03
2.301168590784072876e-01
1.530134379863739014e-01
9.141498804092407227e-02
3.120988011360168457e-01
5.097128152847290039e-01
9.157975018024444580e-02
8.465309739112854004e-01
4.461331665515899658e-01
2.165495157241821289e+00
3.180250898003578186e-02
2.166531682014465332e-01
4.210290610790252686e-01
1.360427886247634888e-01
1.257819533348083496e-01
7.330738008022308350e-02
5.431444644927978516e-01
8.514149188995361328e-01
7.050616145133972168e-01
8.809285759925842285e-01
1.839210093021392822e-01
1.190900802612304688e+00
0.000000000000000000e+00
1.225723743438720703e+00
2.511146366596221924e-01
1.809108108282089233e-01
4.752098023891448975e-01
6.954250931739807129e-01
5.914316326379776001e-02
0.000000000000000000e+00
2.998368628323078156e-02
0.000000000000000000e+00
7.532083988189697266e-02
3.571076691150665283e-02
3.624130785465240479e-02
7.533029317855834961e-01
0.000000000000000000e+00
7.826355695724487305e-01
1.468933075666427612e-01
4.539425075054168701e-01
2.045652866363525391e-01
0.000000000000000000e+00
2.724260091781616211e+00
1.188303306698799133e-01
6.293504834175109863e-01
1.468848902732133865e-02
4.285349696874618530e-02
3.129958808422088623e-01
0.000000000000000000e+00
1.259192347526550293e+00
2.264590412378311157e-01
0.000000000000000000e+00
5.936659127473831177e-02
1.142187491059303284e-01
2.220863848924636841e-01
1.815743893384933472e-01
6.729831099510192871e-01
1.051333965733647346e-03
3.677529692649841309e-01
5.681451037526130676e-02
2.870474569499492645e-02
0.000000000000000000e+00
2.389015704393386841e-01
6.336860060691833496e-01
0.000000000000000000e+00
0.000000000000000000e+00
1.433634877204895020e+00
7.056320309638977051e-01
5.856000185012817383e-01
2.334046214818954468e-01
4.841079711914062500e-01
5.329766273498535156e-01
0.000000000000000000e+00
3.545823693275451660e-01
4.349921345710754395e-01
1.816766709089279175e-01
5.659889578819274902e-01
1.925121098756790161e-01
0.000000000000000000e+00
5.646349191665649414e-01
3.151129558682441711e-02
1.342310686595737934e-03
8.300188928842544556e-02
4.715895280241966248e-02
1.485726702958345413e-02
3.706457912921905518e-01
2.128280848264694214e-01
0.000000000000000000e+00
3.367529213428497314e-01
6.993278264999389648e-01
2.044183202087879181e-03
9.957191534340381622e-03
1.899295300245285034e-01
1.133804321289062500e-01
1.018851622939109802e-01
3.336418047547340393e-02
1.935599595308303833e-01
