1.744851656258106232e-02
8.289619535207748413e-02
1.092414855957031250e-01
2.532037019729614258e+00
1.744751632213592529e-01
0.000000000000000000e+00
6.341109275817871094e-01
0.000000000000000000e+00
1.012287139892578125e+00
4.620720863342285156e+00
2.194094099104404449e-02
1.606641858816146851e-01
2.170179933309555054e-01
6.665930747985839844e-01
6.474028825759887695e-01
4.947250783443450928e-01
3.868016898632049561e-01
1.164444088935852051e-01
4.776320606470108032e-02
0.000000000000000000e+00
2.841610610485076904e-01
2.718755975365638733e-02
1.475817263126373291e-01
1.798553764820098877e-02
3.358617424964904785e-02
8.409062623977661133e-01
8.443698287010192871e-01
5.882375836372375488e-01
4.357858747243881226e-02
1.484480947256088257e-01
5.498280003666877747e-02
9.352266788482666016e-03
1.212672948837280273e+00
5.543151497840881348e-01
1.763136982917785645e+00
3.634198904037475586e-01
9.496942162513732910e-02
2.293100208044052124e-01
4.462558403611183167e-02
6.477441787719726562e-01
4.544603526592254639e-01
8.623883128166198730e-01
4.377559423446655273e-01
1.066507101058959961e+00
1.619928143918514252e-02
2.584100328385829926e-02
3.037693202495574951e-01
1.173258796334266663e-01
1.358040273189544678e-01
1.334072470664978027e+00
1.335544697940349579e-02
3.134783804416656494e-01
8.282314985990524292e-02
2.463970184326171875e-01
2.720383107662200928e-01
1.249227859079837799e-02
1.743684858083724976e-01
0.000000000000000000e+00
1.860157251358032227e-01
6.105496287345886230e-01
3.274132490158081055e+00
2.546444833278656006e-01
2.715058028697967529e-01
1.734262555837631226e-01
1.010855913162231445e+00
1.678459346294403076e-01
4.734514951705932617e-01
1.519165635108947754e+00
0.000000000000000000e+00
8.080115914344787598e-01
8.009444177150726318e-02
2.662343978881835938e+00
8.988329768180847168e-01
1.068710923194885254e+00
0.000000000000000000e+00
3.158218264579772949e-01
1.992884874343872070e-01
0.000000000000000000e+00
4.738563597202301025e-01
0.000000000000000000e+00
1.206000223755836487e-01
9.376493096351623535e-02
6.067144684493541718e-03
6.268917769193649292e-02
1.011743068695068359e+00
6.227037683129310608e-02
7.896489463746547699e-03
1.213721116073429585e-03
0.000000000000000000e+00
4.926813021302223206e-02
1.016972512006759644e-01
5.011147260665893555e-01
0.000000000000000000e+00
3.323148936033248901e-02
4.531827569007873535e-02
3.479133173823356628e-02
7.859581708908081055e-02
5.605099797248840332e-01
4.816989600658416748e-01
2.879164516925811768e-01
3.512802999466657639e-03
6.695331931114196777e-01
5.824897885322570801e-01
3.192473948001861572e-01
0.000000000000000000e+00
2.351557910442352295e-01
7.866957038640975952e-02
0.000000000000000000e+00
4.825113713741302490e-02
4.445963859558105469e+00
5.845633149147033691e-02
7.483012229204177856e-02
8.728594779968261719e-01
1.394640684127807617e+00
3.473063558340072632e-02
0.000000000000000000e+00
8.654064685106277466e-02
3.988437652587890625e-01
2.879030443727970123e-02
6.323364377021789551e-01
1.334119558334350586e+00
3.152558207511901855e-01
1.006039977073669434e+00
2.201814576983451843e-02
4.662319421768188477e-01
0.000000000000000000e+00
6.575495004653930664e-01
2.351448871195316315e-03
1.465490274131298065e-02
0.000000000000000000e+00
3.086064457893371582e-01
6.986993551254272461e-01
4.617423936724662781e-02
5.114194750785827637e-01
1.451092511415481567e-01
1.705032028257846832e-02
5.353081822395324707e-01
6.979711353778839111e-02
2.570705413818359375e+00
1.736378222703933716e-01
2.645168006420135498e-01
2.525106072425842285e-02
0.000000000000000000e+00
3.694513738155364990e-01
2.005745470523834229e-02
0.000000000000000000e+00
7.012912034988403320e-01
4.641100466251373291e-01
1.421996206045150757e-01
4.655538126826286316e-02
3.673167526721954346e-02
5.545030161738395691e-02
1.634924411773681641e-01
7.312487810850143433e-02
7.201321721076965332e-01
4.309022799134254456e-02
3.489420711994171143e-01
2.255921661853790283e-01
8.081958442926406860e-02
2.784721255302429199e-01
4.389170408248901367e-01
7.620272040367126465e-02
7.369197010993957520e-01
0.000000000000000000e+00
1.212485954165458679e-01
7.581921815872192383e-01
0.000000000000000000e+00
1.365811526775360107e-01
3.068447411060333252e-01
1.409404277801513672e-01
1.217493228614330292e-02
0.000000000000000000e+00
1.944928646087646484e+00
2.775720655918121338e-01
1.796133518218994141e-01
0.000000000000000000e+00
1.162926014512777328e-02
1.672289520502090454e-02
8.253221958875656128e-02
8.217006921768188477e-02
2.929726382717490196e-03
8.524039387702941895e-01
1.151632796972990036e-02
6.077539324760437012e-01
0.000000000000000000e+00
7.931876778602600098e-01
3.504241108894348145e-01
5.860419273376464844e-01
2.099170535802841187e-01
1.909516751766204834e-01
8.442401140928268433e-02
1.043770164251327515e-01
2.119530551135540009e-02
4.662146270275115967e-01
2.756338752806186676e-02
9.908460378646850586e-01
9.489569067955017090e-02
3.208260238170623779e-02
3.477213084697723389e-01
5.874571204185485840e-01
6.192653626203536987e-02
7.287155836820602417e-02
2.395486086606979370e-01
8.582999557256698608e-02
0.000000000000000000e+00
1.180594325065612793e+00
0.000000000000000000e+00
1.780403971672058105e+00
3.489525243639945984e-02
2.389962784945964813e-03
4.188931547105312347e-03
0.000000000000000000e+00
4.696432035416364670e-03
9.433796256780624390e-02
0.000000000000000000e+00
1.139618456363677979e-02
1.881137862801551819e-02
9.517359733581542969e-01
8.164281398057937622e-02
0.000000000000000000e+00
6.577449385076761246e-03
4.132121335715055466e-03
2.540343046188354492e+00
4.947879612445831299e-01
2.149793207645416260e-01
3.653665781021118164e-01
2.127185910940170288e-01
3.171572685241699219e-01
1.237448081374168396e-01
1.122436821460723877e-01
8.213066309690475464e-02
6.467397809028625488e-01
9.091555327177047729e-02
3.672059476375579834e-01
1.591565646231174469e-02
6.737317889928817749e-02
0.000000000000000000e+00
3.353269398212432861e-01
0.000000000000000000e+00
1.141101956367492676e+00
7.486443221569061279e-02
0.000000000000000000e+00
1.163078621029853821e-01
2.809281349182128906e+00
4.673959314823150635e-02
4.096157848834991455e-02
9.427037835121154785e-02
1.853016018867492676e-01
1.536237448453903198e-01
8.636652491986751556e-04
6.074841022491455078e-01
5.808581113815307617e-01
5.638934373855590820e-01
2.701125442981719971e-01
0.000000000000000000e+00
5.184830352663993835e-02
8.477286696434020996e-01
8.283574134111404419e-02
3.985094651579856873e-02
6.046476364135742188e-01
2.564156055450439453e-01
1.585420668125152588e-01
1.825792908668518066e+00
9.308518469333648682e-02
1.129357293248176575e-01
5.745146423578262329e-03
0.000000000000000000e+00
1.513658314943313599e-01
4.763796627521514893e-01
1.069155931472778320e+00
9.239031672477722168e-01
3.503424674272537231e-02
3.900262117385864258e-01
7.303480058908462524e-02
1.012896299362182617e+00
2.846728265285491943e-01
2.856595627963542938e-02
7.309458851814270020e-01
2.152983903884887695e+00
5.614903196692466736e-02
7.776380330324172974e-02
8.595741353929042816e-03
1.089097186923027039e-02
2.141660153865814209e-01
3.904980123043060303e-01
4.547772407531738281e-01
6.908114254474639893e-02
9.548347592353820801e-01
1.258870482444763184e+00
5.834278464317321777e-01
2.968440055847167969e-01
9.620345830917358398e-01
7.522626519203186035e-01
7.667605876922607422e-01
1.517205089330673218e-01
2.670615017414093018e-01
0.000000000000000000e+00
4.329265952110290527e-01
2.994683682918548584e-01
0.000000000000000000e+00
0.000000000000000000e+00
3.643282502889633179e-02
8.258425444364547729e-02
6.387650966644287109e-02
7.118653506040573120e-03
7.319673895835876465e-02
2.064151018857955933e-01
5.255194902420043945e-01
2.413280457258224487e-01
0.000000000000000000e+00
1.865050792694091797e-01
6.263501048088073730e-01
2.324018925428390503e-01
1.387787312269210815e-01
2.118040993809700012e-02
1.254578400403261185e-02
3.531749248504638672e-01
3.440688550472259521e-02
4.122305288910865784e-02
1.146489143371582031e+00
9.778201580047607422e-02
0.000000000000000000e+00
7.385648041963577271e-02
4.201545938849449158e-02
5.034843683242797852e-01
1.200771853327751160e-01
4.103860259056091309e-02
0.000000000000000000e+00
4.497012495994567871e-02
2.530401051044464111e-01
3.894887566566467285e-01
1.714930236339569092e-01
3.836233317852020264e-01
4.621547460556030273e-02
2.064625501632690430e+00
1.273635216057300568e-02
7.198214530944824219e-02
1.156126707792282104e-01
7.922714948654174805e-01
1.572887301445007324e-01
8.529838919639587402e-02
2.777050137519836426e-01
3.722187280654907227e-01
2.941760122776031494e-01
3.791051357984542847e-02
0.000000000000000000e+00
1.442647725343704224e-02
9.924954771995544434e-01
6.915091872215270996e-01
0.000000000000000000e+00
1.983516931533813477e+00
1.177360564470291138e-01
6.710209846496582031e-01
2.187639288604259491e-02
3.415799736976623535e-01
6.171057820320129395e-01
1.403512358665466309e-01
3.177666664123535156e-01
4.393078982830047607e-01
1.290834397077560425e-01
2.780661582946777344e-01
1.089443564414978027e+00
2.083106487989425659e-01
0.000000000000000000e+00
3.032987713813781738e-01
0.000000000000000000e+00
3.461509943008422852e+00
7.816553115844726562e-01
5.344382952898740768e-04
1.261854767799377441e+00
5.659485235810279846e-03
5.292630195617675781e-01
1.059656664729118347e-01
4.546788930892944336e-01
1.679703295230865479e-01
1.881750882603228092e-03
1.684582792222499847e-02
1.679675839841365814e-02
1.583021163940429688e+00
1.597396135330200195e-01
1.128911226987838745e-01
1.051144480705261230e+00
2.258747257292270660e-02
2.599399909377098083e-02
4.075263738632202148e-01
8.708695322275161743e-02
0.000000000000000000e+00
0.000000000000000000e+00
8.106110990047454834e-02
0.000000000000000000e+00
1.095054984092712402e+00
1.200787350535392761e-02
7.642791420221328735e-02
0.000000000000000000e+00
1.639018207788467407e-02
8.187512397766113281e+00
9.681015014648437500e-01
6.754360795021057129e-01
0.000000000000000000e+00
0.000000000000000000e+00
1.920646615326404572e-02
1.222943607717752457e-02
7.021096944808959961e-01
5.267193317413330078e-01
9.778660535812377930e-02
1.704692840576171875e-02
2.175148874521255493e-01
8.628590106964111328e-01
2.984690666198730469e-01
4.546854794025421143e-01
3.767662346363067627e-01
1.858734637498855591e-01
0.000000000000000000e+00
2.475086301565170288e-01
7.647196054458618164e-01
7.687856443226337433e-03
0.000000000000000000e+00
8.963123895227909088e-03
1.948896646499633789e-01
7.677769660949707031e-01
0.000000000000000000e+00
6.532504558563232422e-01
5.638331770896911621e-01
8.519550319761037827e-04
1.314205024391412735e-02
1.150315046310424805e+00
1.332297921180725098e+00
1.873762607574462891e-01
6.046259999275207520e-01
2.202920317649841309e-01
1.606459140777587891e+00
4.181614145636558533e-02
6.342538595199584961e-01
1.915248781442642212e-01
3.181213280186057091e-03
1.766773462295532227e+00
2.866245210170745850e-01
1.385201364755630493e-01
3.217801451683044434e-03
0.000000000000000000e+00
3.551514148712158203e-01
2.209828794002532959e-02
0.000000000000000000e+00
5.226068571209907532e-02
5.453462898731231689e-02
9.153857827186584473e-02
1.033940017223358154e-01
5.625993385910987854e-02
1.857350766658782959e-01
7.561256289482116699e-01
1.630954504013061523e+00
4.626720398664474487e-02
5.631412267684936523e-01
2.420526504516601562e+00
1.677552312612533569e-01
1.063110679388046265e-01
1.349143862724304199e+00
0.000000000000000000e+00
5.415590405464172363e-01
0.000000000000000000e+00
1.139880791306495667e-01
1.318399608135223389e-01
1.645837903022766113e+00
9.482942521572113037e-02
4.323420524597167969e-01
1.299525499343872070e-01
2.904483675956726074e-01
4.068845510482788086e-01
1.624199301004409790e-01
9.729057550430297852e-02
9.957765042781829834e-02
2.767729759216308594e+00
1.666181534528732300e-01
4.540342688560485840e-01
5.362200140953063965e-01
1.703302860260009766e+00
2.399503737688064575e-01
6.805840134620666504e-01
2.962799310684204102e+00
6.652381736785173416e-03
2.612809240818023682e-01
0.000000000000000000e+00
1.114106923341751099e-02
5.468389391899108887e-01
3.030868768692016602e-01
0.000000000000000000e+00
0.000000000000000000e+00
1.358281373977661133e-01
1.284898757934570312e+00
2.115615457296371460e-02
7.260563373565673828e-01
1.906254440546035767e-01
1.406339555978775024e-01
3.395197391510009766e-01
3.403897583484649658e-01
1.050241068005561829e-01
2.112769521772861481e-02
2.845672369003295898e+00
3.250792622566223145e-01
4.931145608425140381e-01
0.000000000000000000e+00
7.307434678077697754e-01
3.822893649339675903e-02
0.000000000000000000e+00
1.027258992195129395e+00
1.173584386706352234e-01
1.812034547328948975e-01
0.000000000000000000e+00
4.817683100700378418e-01
2.820007875561714172e-02
1.448814868927001953e+00
0.000000000000000000e+00
4.858217388391494751e-02
4.226939082145690918e-01
2.788701057434082031e-01
2.755709551274776459e-02
6.174283623695373535e-01
1.288623690605163574e+00
0.000000000000000000e+00
9.840300679206848145e-02
0.000000000000000000e+00
2.151785045862197876e-01
2.712348997592926025e-01
5.311211347579956055e-01
7.531493902206420898e-03
2.277071475982666016e+00
3.635386936366558075e-03
0.000000000000000000e+00
2.931119687855243683e-02
1.733755022287368774e-01
1.677623242139816284e-01
1.155182242393493652e+00
2.188843488693237305e+00
5.622755885124206543e-01
1.068040132522583008e+00
3.350133001804351807e-01
2.048749327659606934e-01
2.493807077407836914e-01
4.583415109664201736e-03
6.826756596565246582e-01
8.151969086611643434e-05
1.281668990850448608e-01
1.831486523151397705e-01
3.571195900440216064e-02
1.680321991443634033e-01
0.000000000000000000e+00
2.070563554763793945e+00
1.347200572490692139e-01
4.210314899682998657e-02
9.074498414993286133e-01
2.758408151566982269e-02
4.164534509181976318e-01
3.601841032505035400e-01
1.616220921277999878e-01
8.148978352546691895e-01
2.214554138481616974e-02
1.274452209472656250e-01
4.747569188475608826e-02
4.818196296691894531e-01
0.000000000000000000e+00
1.387574434280395508e+00
4.733980819582939148e-02
2.425535768270492554e-02
8.318678140640258789e-01
0.000000000000000000e+00
3.026143647730350494e-02
1.374937891960144043e-01
6.498519331216812134e-03
0.000000000000000000e+00
4.020227119326591492e-02
1.658469587564468384e-01
3.147384524345397949e-02
4.431993663311004639e-01
1.779161244630813599e-01
1.945252418518066406e+00
2.259323149919509888e-01
0.000000000000000000e+00
6.176230311393737793e-01
1.906028687953948975e-01
2.297493442893028259e-02
8.304286748170852661e-03
1.451332211494445801e+00
8.061926960945129395e-01
2.156263887882232666e-01
0.000000000000000000e+00
1.275136172771453857e-01
2.379437908530235291e-02
2.069838345050811768e-01
4.499989748001098633e-01
3.937535285949707031e-01
1.074902415275573730e-01
6.714438647031784058e-02
0.000000000000000000e+00
2.072172760963439941e-01
1.323734223842620850e-02
0.000000000000000000e+00
1.211666390299797058e-01
7.924695611000061035e-01
9.492431282997131348e-01
2.806169271469116211e+00
2.104400694370269775e-01
0.000000000000000000e+00
0.000000000000000000e+00
3.871889352798461914e+00
6.624366044998168945e-01
6.270288676023483276e-02
2.102702260017395020e-01
2.897348701953887939e-01
1.700213700532913208e-01
7.639151811599731445e-01
7.613873481750488281e-01
1.068610072135925293e+00
3.396240174770355225e-01
2.017783671617507935e-01
9.149826765060424805e-01
3.002398833632469177e-02
3.978260457515716553e-01
0.000000000000000000e+00
1.433073878288269043e+00
7.664039134979248047e-01
1.063160598278045654e-02
2.075293213129043579e-01
3.813686594367027283e-02
2.740670740604400635e-02
1.538757085800170898e-01
3.332740813493728638e-02
2.317246794700622559e-01
7.295191287994384766e-01
2.319590933620929718e-02
5.764155834913253784e-02
1.180067434906959534e-01
4.272114634513854980e-01
1.614737510681152344e+00
3.942064046859741211e-01
3.899629116058349609e-01
8.801944553852081299e-02
1.811125688254833221e-02
1.708250761032104492e+00
1.845211088657379150e-01
8.438200893579050899e-05
1.501488685607910156e-02
5.487602949142456055e-01
1.068305611610412598e+00
1.676374524831771851e-01
5.282467603683471680e-01
6.905288249254226685e-02
2.227883599698543549e-02
9.241955876350402832e-01
9.929978102445602417e-02
1.912337303161621094e+00
7.983644604682922363e-01
5.354067087173461914e-01
1.356739401817321777e+00
2.566168308258056641e+00
3.021972477436065674e-01
7.814038395881652832e-01
1.056077703833580017e-01
0.000000000000000000e+00
6.378704309463500977e-02
9.395804405212402344e-01
2.070894718170166016e+00
0.000000000000000000e+00
1.057327538728713989e-01
1.425840426236391068e-02
2.244720011949539185e-01
6.964075565338134766e-02
5.462687611579895020e-01
9.850696474313735962e-02
1.209245901554822922e-02
1.056815385818481445e-01
9.167975187301635742e-02
8.762518167495727539e-01
3.722786903381347656e-03
5.560963153839111328e-01
3.536417335271835327e-02
1.200168654322624207e-01
1.009113550186157227e+00
5.731368437409400940e-02
6.003380417823791504e-01
1.508926153182983398e-01
0.000000000000000000e+00
1.519986893981695175e-02
0.000000000000000000e+00
2.165454253554344177e-02
2.218964397907257080e-01
3.979512955993413925e-03
2.610850334167480469e-01
0.000000000000000000e+00
1.958243846893310547e-01
2.491715848445892334e-01
1.062813043594360352e+00
7.794567942619323730e-02
1.545735285617411137e-03
2.205944247543811798e-02
1.171502843499183655e-01
1.475527435541152954e-01
3.131549805402755737e-02
1.730584353208541870e-01
1.054333075881004333e-01
0.000000000000000000e+00
2.893012285232543945e+00
0.000000000000000000e+00
0.000000000000000000e+00
6.855554580688476562e-01
8.424955606460571289e-02
6.496547907590866089e-02
4.882862791419029236e-03
4.836506769061088562e-02
1.050049781799316406e+00
1.477392613887786865e-01
1.283614039421081543e-01
5.550789237022399902e-01
1.100448239594697952e-02
9.432494640350341797e-02
1.171794533729553223e-01
2.422272562980651855e-01
3.595920745283365250e-03
2.849627733230590820e-01
6.671288013458251953e-01
0.000000000000000000e+00
8.035610616207122803e-02
2.325463145971298218e-01
0.000000000000000000e+00
1.507256627082824707e-01
7.192240357398986816e-01
2.678630352020263672e+00
1.120223477482795715e-01
5.952917970716953278e-03
1.754030734300613403e-01
5.208531618118286133e-01
4.187694191932678223e-02
7.207223773002624512e-01
3.468347787857055664e-01
1.754399016499519348e-02
1.047732606530189514e-01
0.000000000000000000e+00
4.895984008908271790e-02
2.142625749111175537e-01
1.499403268098831177e-02
2.396634966135025024e-02
1.911926746368408203e+00
2.297332584857940674e-01
3.079034388065338135e-01
2.520398795604705811e-02
1.147696614265441895e+00
5.653293132781982422e-01
1.225600600242614746e+00
5.970715284347534180e-01
2.018538117408752441e-01
8.787734508514404297e-01
1.304750517010688782e-02
6.697745323181152344e-01
8.345048874616622925e-03
3.436001017689704895e-02
0.000000000000000000e+00
4.324522912502288818e-01
8.261966109275817871e-01
1.055403724312782288e-01
2.676075458526611328e+00
1.051875710487365723e+00
0.000000000000000000e+00
1.363412141799926758e+00
8.803117275238037109e-02
1.706344783306121826e-01
2.985654830932617188e+00
3.474769890308380127e-01
1.032889038324356079e-01
5.528287887573242188e-01
5.245617628097534180e-01
1.779389023780822754e+00
2.049943059682846069e-02
3.913063928484916687e-02
3.956469893455505371e-02
3.186946036294102669e-03
4.492510557174682617e-01
8.615021705627441406e-01
2.922800779342651367e-01
4.039420280605554581e-03
1.584888696670532227e+00
0.000000000000000000e+00
2.499681338667869568e-02
8.293381333351135254e-02
1.168773770332336426e-01
0.000000000000000000e+00
3.876122832298278809e-01
8.881605230271816254e-03
3.630186617374420166e-01
1.919344067573547363e-01
6.683888435363769531e-01
1.541668176651000977e-01
3.389512300491333008e-01
3.039727360010147095e-02
9.671584367752075195e-01
9.571001678705215454e-02
3.885841742157936096e-02
1.395934104919433594e+00
4.454837739467620850e-01
1.738565601408481598e-02
3.363348171114921570e-02
1.816595494747161865e-01
2.676969580352306366e-02
3.373288810253143311e-01
9.704841971397399902e-01
1.415624767541885376e-01
7.122943550348281860e-02
4.633368179202079773e-02
5.761756375432014465e-02
3.368674755096435547e+00
1.330083608627319336e+00
7.222107648849487305e-01
1.240331888198852539e+00
1.548606157302856445e-01
4.739883169531822205e-02
6.398953795433044434e-01
2.262342721223831177e-02
1.629885882139205933e-01
5.923301726579666138e-02
6.419707834720611572e-02
6.758699566125869751e-02
2.952075749635696411e-02
0.000000000000000000e+00
8.927996754646301270e-01
0.000000000000000000e+00
2.403207495808601379e-02
6.420158594846725464e-02
2.990965964272618294e-03
1.486486289650201797e-03
7.414804399013519287e-02
1.269486248493194580e-01
6.670662164688110352e-01
0.000000000000000000e+00
0.000000000000000000e+00
9.983813762664794922e-02
8.836774528026580811e-02
5.018938705325126648e-02
3.654428990557789803e-03
0.000000000000000000e+00
0.000000000000000000e+00
0.000000000000000000e+00
1.458174288272857666e-01
2.974535226821899414e-01
3.723742961883544922e+00
6.335499882698059082e-02
1.399079617112874985e-02
1.312097311019897461e-01
1.003349900245666504e+00
0.000000000000000000e+00
1.660495996475219727e-01
7.853395342826843262e-01
1.394236087799072266e-02
4.165514409542083740e-01
1.177986711263656616e-02
5.389915779232978821e-02
2.232738435268402100e-01
1.585159450769424438e-02
0.000000000000000000e+00
1.981192231178283691e-01
7.257136702537536621e-02
2.840694189071655273e-01
1.888482570648193359e-01
4.135047644376754761e-02
3.557935059070587158e-01
2.486348599195480347e-01
6.489239335060119629e-01
7.437548041343688965e-01
8.265209197998046875e-02
1.138811707496643066e-01
3.855037391185760498e-01
2.291287761181592941e-03
2.560731887817382812e+00
0.000000000000000000e+00
0.000000000000000000e+00
4.860185980796813965e-01
1.524632573127746582e-01
0.000000000000000000e+00
0.000000000000000000e+00
5.597389489412307739e-02
4.977376461029052734e-01
2.568555176258087158e-01
3.540146350860595703e-01
9.957572072744369507e-02
3.044527769088745117e-01
2.296059280633926392e-01
6.962702423334121704e-02
2.771821618080139160e-01
4.300828278064727783e-02
1.643968373537063599e-01
5.666881203651428223e-01
1.095818996429443359e+00
7.505545616149902344e-01
2.147288322448730469e+00
1.895753853023052216e-02
1.892513036727905273e+00
6.689292937517166138e-02
1.833442151546478271e-01
3.346380591392517090e-02
1.888537764549255371e+00
8.587574213743209839e-02
4.159794151782989502e-01
2.356666773557662964e-01
2.824248373508453369e-01
2.478582412004470825e-01
3.762626647949218750e-02
4.104431569576263428e-01
4.198904931545257568e-01
1.120829701423645020e+00
7.505955696105957031e-01
1.322818517684936523e+00
2.299179136753082275e-01
3.727897256612777710e-02
7.258568704128265381e-02
5.671286955475807190e-02
5.210086107254028320e-01
4.433071017265319824e-01
1.819709432311356068e-03
4.826843738555908203e-01
3.430350124835968018e-02
1.416366896592080593e-03
0.000000000000000000e+00
4.334860146045684814e-01
1.102698780596256256e-02
8.046471476554870605e-01
0.000000000000000000e+00
2.989648580551147461e-01
1.267998814582824707e-01
2.725963294506072998e-01
3.781627178192138672e+00
1.672592610120773315e-01
9.258457273244857788e-02
5.001664161682128906e-02
1.059864088892936707e-02
6.978383064270019531e-01
3.791722357273101807e-01
0.000000000000000000e+00
1.881600856781005859e+00
3.373662754893302917e-02
0.000000000000000000e+00
0.000000000000000000e+00
5.005636215209960938e-01
0.000000000000000000e+00
1.576242893934249878e-01
1.970614433288574219e+00
2.241600006818771362e-01
8.614240586757659912e-02
1.493362069129943848e+00
2.870227396488189697e-02
6.659881770610809326e-02
2.534341216087341309e-01
1.340579520910978317e-02
0.000000000000000000e+00
1.265344768762588501e-01
1.984865218400955200e-01
1.717039383947849274e-02
7.644321769475936890e-02
1.004246696829795837e-01
1.181552767753601074e+00
4.895068705081939697e-02
1.087816432118415833e-02
1.466444320976734161e-02
1.408572793006896973e+00
3.750002086162567139e-01
8.284359574317932129e-01
3.322398066520690918e-01
5.053529888391494751e-02
5.033186450600624084e-02
2.480397522449493408e-01
0.000000000000000000e+00
1.531736254692077637e+00
6.236726641654968262e-01
3.278623893857002258e-02
4.048562049865722656e-01
8.442400693893432617e-01
3.406921168789267540e-04
1.474656909704208374e-02
2.522801049053668976e-03
4.590601921081542969e-01
4.897823035717010498e-01
1.929062753915786743e-01
5.259279627352952957e-03
1.237528249621391296e-01
4.721264839172363281e-01
3.502536714076995850e-01
2.238869480788707733e-02
3.624088466167449951e-01
2.808295786380767822e-01
8.891301751136779785e-01
1.391594950109720230e-02
6.268778443336486816e-02
9.566713869571685791e-02
0.000000000000000000e+00
1.417309522628784180e+00
5.197663903236389160e-01
4.646239876747131348e-01
1.133830696344375610e-01
3.984496891498565674e-01
4.661813005805015564e-02
3.521309196949005127e-01
1.142755337059497833e-02
0.000000000000000000e+00
1.594714164733886719e+00
8.707832098007202148e-01
0.000000000000000000e+00
1.149342861026525497e-02
4.883966874331235886e-03
1.419003367424011230e+00
1.768027693033218384e-01
2.637524716556072235e-02
3.385760784149169922e-01
3.383080661296844482e-02
8.278168439865112305e-01
3.171885386109352112e-02
2.632316946983337402e-02
3.078269660472869873e-01
1.225062012672424316e-01
4.347118377685546875e+00
7.163638621568679810e-02
0.000000000000000000e+00
1.227522548288106918e-02
2.166681364178657532e-02
2.472562789916992188e-01
0.000000000000000000e+00
5.114251971244812012e-01
8.882370591163635254e-02
5.841950178146362305e-01
2.755810022354125977e-01
2.074046581983566284e-01
8.434342145919799805e-01
0.000000000000000000e+00
6.499673724174499512e-01
1.932134032249450684e-01
5.787204205989837646e-02
7.605153322219848633e-01
9.094315767288208008e-02
1.975259929895401001e-02
1.730029843747615814e-02
1.406388878822326660e+00
0.000000000000000000e+00
0.000000000000000000e+00
0.000000000000000000e+00
0.000000000000000000e+00
3.088265890255570412e-03
4.593542516231536865e-01
4.074620306491851807e-01
7.953161001205444336e-01
2.548708915710449219e-01
1.910050064325332642e-01
4.227079153060913086e-01
2.888967394828796387e-01
1.897910237312316895e-01
3.044379949569702148e-01
7.224386185407638550e-02
1.433518648147583008e+00
3.142403364181518555e-01
1.992443054914474487e-01
5.624679103493690491e-02
2.009944245219230652e-02
1.873387694358825684e-01
8.328836560249328613e-01
1.105099394917488098e-01
0.000000000000000000e+00
1.549100503325462341e-02
1.456134915351867676e+00
8.042699098587036133e-02
0.000000000000000000e+00
1.082779020071029663e-01
7.913112640380859375e-02
5.707880854606628418e-02
2.956692576408386230e-01
7.831458747386932373e-02
5.276444926857948303e-02
2.076908797025680542e-01
2.372261285781860352e-01
3.646705389022827148e+00
3.887968361377716064e-01
2.369237422943115234e+00
2.774992212653160095e-02
0.000000000000000000e+00
0.000000000000000000e+00
4.448860287666320801e-01
8.388131856918334961e-01
2.346326112747192383e-01
3.153345882892608643e-01
3.731978237628936768e-01
2.846167795360088348e-02
0.000000000000000000e+00
2.867585606873035431e-02
0.000000000000000000e+00
4.791460814885795116e-04
8.344566822052001953e-02
4.066589102149009705e-02
2.294819615781307220e-02
1.201105713844299316e+00
2.250552326440811157e-01
4.316197931766510010e-01
3.575118184089660645e-01
2.428978681564331055e-01
6.291980296373367310e-02
4.667098820209503174e-01
3.148321807384490967e-01
8.997626304626464844e-01
1.598044484853744507e-01
8.071843534708023071e-03
0.000000000000000000e+00
0.000000000000000000e+00
1.579575240612030029e-01
1.050597578287124634e-01
1.994395703077316284e-01
0.000000000000000000e+00
3.448178172111511230e-01
4.845656082034111023e-02
5.761680603027343750e-01
9.891325607895851135e-04
0.000000000000000000e+00
0.000000000000000000e+00
2.467926263809204102e+00
7.631199900060892105e-03
2.582027614116668701e-01
1.728924512863159180e-01
3.014419376850128174e-01
1.342732310295104980e+00
1.831164807081222534e-01
9.646501392126083374e-02
1.120819300413131714e-01
7.608842849731445312e-01
3.847194910049438477e-01
1.123166009783744812e-01
6.013759970664978027e-01
2.700203470885753632e-02
1.895563863217830658e-02
4.270008951425552368e-02
1.451748013496398926e+00
2.055378556251525879e-01
3.438608348369598389e-01
6.893986463546752930e-02
2.321621417999267578e+00
5.765522271394729614e-02
3.565084636211395264e-01
4.235564172267913818e-01
4.121541604399681091e-02
2.017516940832138062e-01
7.327529042959213257e-02
1.186702251434326172e+00
6.652989983558654785e-02
1.741282641887664795e-01
0.000000000000000000e+00
0.000000000000000000e+00
1.017543673515319824e-01
0.000000000000000000e+00
2.180425167083740234e+00
3.301701545715332031e-01
7.771014422178268433e-02
1.899227849207818508e-03
8.314342238008975983e-03
3.766012787818908691e-01
1.971157640218734741e-01
2.138557285070419312e-02
1.614981889724731445e-01
4.830810725688934326e-01
7.876377701759338379e-01
4.480259865522384644e-02
1.221987828612327576e-01
1.983972489833831787e-01
6.907105445861816406e-01
1.626909673213958740e-01
8.854184746742248535e-01
3.177703022956848145e-01
6.701666116714477539e-01
5.056012794375419617e-02
1.112649917602539062e+00
0.000000000000000000e+00
3.438861295580863953e-02
3.665404021739959717e-02
0.000000000000000000e+00
0.000000000000000000e+00
1.574958264827728271e-01
4.849806055426597595e-02
1.582705974578857422e-01
6.234291195869445801e-01
0.000000000000000000e+00
3.231682777404785156e-01
2.666924595832824707e-01
6.163054704666137695e-01
3.655598759651184082e-01
5.051767826080322266e-01
1.660065650939941406e+00
0.000000000000000000e+00
2.132187131792306900e-03
1.038481108844280243e-02
7.098228931427001953e-01
1.320997029542922974e-01
3.377956151962280273e-01
4.219279158860445023e-03
2.180052995681762695e-01
4.946692660450935364e-02
4.494313597679138184e-01
0.000000000000000000e+00
6.512899883091449738e-03
0.000000000000000000e+00
0.000000000000000000e+00
1.604719161987304688e-01
0.000000000000000000e+00
0.000000000000000000e+00
4.886746406555175781e-02
9.226116538047790527e-02
5.143008381128311157e-02
3.683369755744934082e-01
1.305068492889404297e+00
1.862662378698587418e-03
0.000000000000000000e+00
4.274229407310485840e-01
4.356474876403808594e-01
2.373321168124675751e-02
5.181887745857238770e-02
2.508877217769622803e-01
3.685950040817260742e-01
3.947367668151855469e-01
3.878658264875411987e-02
4.269874095916748047e-01
3.938116431236267090e-01
2.056318521499633789e-01
1.003625154495239258e+00
6.195651888847351074e-01
6.178450584411621094e-01
3.838810920715332031e-01
0.000000000000000000e+00
3.221300542354583740e-01
0.000000000000000000e+00
7.807245254516601562e-01
1.050415039062500000e-01
0.000000000000000000e+00
1.126634925603866577e-01
2.418124862015247345e-02
5.064051747322082520e-01
6.123280525207519531e-01
9.940702319145202637e-01
6.321192532777786255e-02
4.502020403742790222e-02
9.846007823944091797e-02
6.231698989868164062e-01
8.116168379783630371e-01
6.888974308967590332e-01
1.969837397336959839e-01
2.798256836831569672e-02
5.903073400259017944e-02
2.493136227130889893e-01
2.352729290723800659e-01
0.000000000000000000e+00
6.005329638719558716e-02
2.433841526508331299e-01
2.202128916978836060e-01
1.175230741500854492e+00
2.515959441661834717e-01
2.520426750183105469e+00
5.025782585144042969e-01
3.164619207382202148e-02
4.917184635996818542e-02
0.000000000000000000e+00
6.753724813461303711e-01
1.889177784323692322e-02
1.504555106163024902e+00
4.176305532455444336e-01
1.673327088356018066e-01
1.703462004661560059e-01
7.034772541373968124e-03
2.550554927438497543e-03
2.793520689010620117e-03
0.000000000000000000e+00
3.907815515995025635e-01
3.064232170581817627e-01
3.597635030746459961e-02
1.186432410031557083e-02
1.637275516986846924e-01
1.090220063924789429e-01
1.451084017753601074e-01
4.248457401990890503e-02
1.959026694297790527e+00
1.407750248908996582e-01
6.900352835655212402e-01
1.347847819328308105e+00
6.715930104255676270e-01
3.477093204855918884e-02
0.000000000000000000e+00
1.566818803548812866e-01
1.343087852001190186e-01
7.513095140457153320e-01
0.000000000000000000e+00
3.883075434714555740e-03
2.278459668159484863e-01
1.096623182296752930e+00
4.014719277620315552e-02
1.055022239685058594e+00
1.223703287541866302e-02
0.000000000000000000e+00
4.233580548316240311e-03
2.429932355880737305e-01
0.000000000000000000e+00
0.000000000000000000e+00
1.459213644266128540e-01
7.548378109931945801e-01
0.000000000000000000e+00
1.542903333902359009e-01
1.035431921482086182e-01
5.837836265563964844e-01
7.483735680580139160e-02
1.796025969088077545e-02
0.000000000000000000e+00
9.861286729574203491e-03
3.559681773185729980e-02
4.171387672424316406e+00
3.004518151283264160e-01
1.719977147877216339e-02
1.280779540538787842e-01
1.199691176414489746e+00
3.330894708633422852e-01
1.687344461679458618e-01
2.388174645602703094e-02
2.228694856166839600e-01
3.938781470060348511e-02
2.395098097622394562e-02
7.204670906066894531e-01
3.102090209722518921e-02
9.169813394546508789e-01
5.837124586105346680e-01
0.000000000000000000e+00
0.000000000000000000e+00
2.797413468360900879e-01
1.227704524993896484e+00
1.454006284475326538e-01
9.018187969923019409e-02
3.150067627429962158e-01
9.496179968118667603e-02
3.716702759265899658e-01
1.046829819679260254e-01
2.645511180162429810e-03
1.364709436893463135e-01
2.362755298614501953e+00
5.541444197297096252e-02
2.379445172846317291e-02
1.665884554386138916e-01
1.362273573875427246e+00
3.786480054259300232e-02
1.436798453330993652e+00
6.145246028900146484e-01
2.915317535400390625e+00
2.304733395576477051e-01
1.840988159179687500e+00
0.000000000000000000e+00
0.000000000000000000e+00
5.251893997192382812e-01
2.908409535884857178e-01
1.085665464401245117e+00
6.527735292911529541e-02
1.042009294033050537e-01
1.423700749874114990e-01
1.440369784832000732e-01
5.549991726875305176e-01
5.098540782928466797e-01
7.955217361450195312e-01
0.000000000000000000e+00
1.268088817596435547e+00
1.390807926654815674e-01
5.308995246887207031e-01
1.309468783438205719e-02
0.000000000000000000e+00
1.044917106628417969e-01
6.621499061584472656e-01
6.727462261915206909e-02
1.378246068954467773e+00
1.601090669631958008e+00
1.270228996872901917e-02
1.803130656480789185e-01
1.920165568590164185e-01
1.681204915046691895e+00
9.418606162071228027e-01
1.715899109840393066e+00
1.072152405977249146e-01
1.404226779937744141e+00
1.033981919288635254e+00
1.027959734201431274e-01
3.533500246703624725e-03
4.157282784581184387e-02
0.000000000000000000e+00
1.125999987125396729e-01
3.681305050849914551e-01
0.000000000000000000e+00
6.665223091840744019e-02
0.000000000000000000e+00
2.876574993133544922e-01
6.151144951581954956e-02
0.000000000000000000e+00
4.742087423801422119e-01
2.164684934541583061e-03
0.000000000000000000e+00
1.295635662972927094e-02
1.356350898742675781e+00
0.000000000000000000e+00
1.601085811853408813e-02
2.183427847921848297e-02
0.000000000000000000e+00
0.000000000000000000e+00
1.390340775251388550e-01
1.562576889991760254e-01
0.000000000000000000e+00
0.000000000000000000e+00
1.639650344848632812e+00
1.504394263029098511e-01
1.158656239509582520e+00
4.183991625905036926e-02
3.354709148406982422e-01
4.856364727020263672e-01
0.000000000000000000e+00
4.532550461590290070e-03
1.439695119857788086e+00
0.000000000000000000e+00
2.903275564312934875e-02
3.502284586429595947e-01
0.000000000000000000e+00
2.516924031078815460e-02
1.292960625141859055e-02
7.930302619934082031e-01
0.000000000000000000e+00
0.000000000000000000e+00
2.906097769737243652e-01
0.000000000000000000e+00
2.161096334457397461e+00
2.336094081401824951e-01
0.000000000000000000e+00
8.538743108510971069e-02
3.716539358720183372e-04
4.071129951626062393e-03
2.882825396955013275e-02
6.828636396676301956e-03
4.343923926353454590e-01
1.513948012143373489e-02
1.442170739173889160e-01
5.653892040252685547e+00
1.649939864873886108e-01
1.935087203979492188e+00
5.754662752151489258e-01
4.942812919616699219e-01
0.000000000000000000e+00
8.588864468038082123e-03
0.000000000000000000e+00
0.000000000000000000e+00
4.507365822792053223e-01
2.287601865828037262e-02
7.936441898345947266e-02
4.212246090173721313e-02
3.522258996963500977e-01
1.084025502204895020e+00
2.488594055175781250e-01
2.523011062294244766e-03
0.000000000000000000e+00
4.958887025713920593e-02
5.903078317642211914e-01
3.693703114986419678e-01
1.235853880643844604e-01
0.000000000000000000e+00
5.183291435241699219e-01
2.577216327190399170e-01
0.000000000000000000e+00
6.822918355464935303e-02
1.630994379520416260e-01
4.144223630428314209e-01
0.000000000000000000e+00
4.467571079730987549e-01
1.073062777519226074e+00
1.409019678831100464e-01
1.232948377728462219e-01
2.086873203516006470e-01
1.152191758155822754e+00
4.055548310279846191e-01
2.000338286161422729e-01
3.079746663570404053e-02
1.893397569656372070e-01
6.524808406829833984e-01
0.000000000000000000e+00
4.601288959383964539e-02
0.000000000000000000e+00
1.568922758102416992e+00
7.925287634134292603e-02
5.189849762246012688e-04
4.136898219585418701e-01
2.773731648921966553e-01
0.000000000000000000e+00
4.394796371459960938e+00
5.064435303211212158e-03
0.000000000000000000e+00
9.705143421888351440e-02
1.003709435462951660e+00
1.139158532023429871e-01
0.000000000000000000e+00
1.223308779299259186e-02
1.772108078002929688e-01
0.000000000000000000e+00
2.924758493900299072e-01
6.351436674594879150e-02
5.195145495235919952e-03
1.988029628992080688e-01
3.278183043003082275e-01
2.633051633834838867e+00
2.592837214469909668e-01
1.903596073389053345e-01
1.663849472999572754e+00
9.246525168418884277e-02
1.365956813097000122e-01
8.743596076965332031e-01
2.471711874008178711e+00
1.180149465799331665e-01
6.337863393127918243e-03
8.480188436806201935e-03
7.977654337882995605e-01
3.048473298549652100e-01
9.050169587135314941e-02
0.000000000000000000e+00
1.224229559302330017e-01
8.872433006763458252e-02
1.619397521018981934e+00
0.000000000000000000e+00
1.561322212219238281e+00
7.782338857650756836e-01
2.105969786643981934e-01
1.543125391006469727e+00
4.596112370491027832e-01
5.390281789004802704e-03
2.555727720260620117e+00
2.238175392150878906e+00
0.000000000000000000e+00
4.179139435291290283e-01
3.885391354560852051e-01
1.894080996513366699e+00
0.000000000000000000e+00
5.722192674875259399e-02
2.145892381668090820e+00
0.000000000000000000e+00
0.000000000000000000e+00
1.033483725041151047e-02
3.605822324752807617e-01
6.574817746877670288e-02
1.351610779762268066e+00
9.342139959335327148e-02
4.130190908908843994e-01
0.000000000000000000e+00
1.799995601177215576e-01
1.835061192512512207e+00
3.246352449059486389e-02
0.000000000000000000e+00
2.011692672967910767e-01
4.974982142448425293e-02
8.933245204389095306e-03
4.370157718658447266e-01
0.000000000000000000e+00
0.000000000000000000e+00
1.417388208210468292e-02
2.129033505916595459e-01
1.046338319778442383e+00
1.455455571413040161e-01
3.994850516319274902e-01
0.000000000000000000e+00
2.926320433616638184e-01
7.756222486495971680e-01
3.558509424328804016e-02
4.352037906646728516e-01
5.536013841629028320e-01
8.892484307289123535e-01
6.483417153358459473e-01
5.732458829879760742e-01
4.478408813476562500e+00
4.085634276270866394e-02
4.987195730209350586e-01
8.468111157417297363e-01
3.755231201648712158e-02
1.055014848709106445e+00
6.299551725387573242e-01
0.000000000000000000e+00
4.122423827648162842e-01
0.000000000000000000e+00
5.014438927173614502e-02
7.169217616319656372e-02
1.345436722040176392e-01
3.589778840541839600e-01
3.746417760848999023e-01
0.000000000000000000e+00
2.681800723075866699e-02
3.166437521576881409e-02
0.000000000000000000e+00
2.093121111392974854e-01
2.296744436025619507e-01
9.294119477272033691e-02
3.292821347713470459e-01
8.822721242904663086e-02
6.921358108520507812e-01
1.180352270603179932e-01
0.000000000000000000e+00
1.461402416229248047e+00
7.580665498971939087e-02
9.445937350392341614e-03
1.293368220329284668e+00
1.191382296383380890e-02
1.042198040522634983e-03
4.339151978492736816e-01
5.827146023511886597e-02
9.137725830078125000e-01
0.000000000000000000e+00
0.000000000000000000e+00
2.763280412182211876e-03
2.342426450923085213e-03
9.386260509490966797e-01
6.155062001198530197e-03
1.589226841926574707e+00
5.593392532318830490e-03
3.730491921305656433e-02
2.053740173578262329e-01
1.442554295063018799e-01
5.163780450820922852e-01
3.424652814865112305e+00
6.381776332855224609e-01
3.690705299377441406e-01
2.130406443029642105e-03
9.647109359502792358e-02
2.301641553640365601e-01
1.559909582138061523e-01
1.797079920768737793e+00
1.514844655990600586e+00
1.271764755249023438e+00
8.520451784133911133e-01
3.431131839752197266e-01
4.276902675628662109e-01
3.177157878875732422e+00
1.413771789520978928e-02
4.424729384481906891e-03
5.953099131584167480e-01
2.659381628036499023e-01
2.229036539793014526e-01
1.425623893737792969e+00
3.994616866111755371e-02
0.000000000000000000e+00
5.313512682914733887e-02
6.924715358763933182e-03
1.281447708606719971e-02
7.019636034965515137e-01
3.570354878902435303e-01
1.622736826539039612e-02
7.812602519989013672e-01
3.268012702465057373e-01
2.793677449226379395e-01
9.687376022338867188e-02
5.307025313377380371e-01
5.738733708858489990e-02
1.885251998901367188e-01
0.000000000000000000e+00
5.150051116943359375e-01
0.000000000000000000e+00
2.028519101440906525e-02
3.017297573387622833e-02
4.568538069725036621e-02
0.000000000000000000e+00
8.655053377151489258e-02
0.000000000000000000e+00
3.789413273334503174e-01
2.349180430173873901e-01
3.858636319637298584e-02
8.814433589577674866e-03
1.238699480891227722e-01
1.883397549390792847e-01
2.033585786819458008e+00
4.895977973937988281e-01
2.821323927491903305e-03
1.617061495780944824e-01
2.374966256320476532e-02
1.130160808563232422e+00
1.104828901588916779e-03
5.364735610783100128e-03
6.215816140174865723e-01
7.405303716659545898e-01
3.897876292467117310e-02
0.000000000000000000e+00
1.006837561726570129e-02
0.000000000000000000e+00
2.084603160619735718e-02
2.277630716562271118e-01
8.936505913734436035e-01
9.210771322250366211e-01
2.110157459974288940e-01
6.112195178866386414e-02
5.349806323647499084e-02
2.394851148128509521e-01
2.280236482620239258e+00
1.985080353915691376e-02
2.135738432407379150e-01
9.999243542551994324e-03
4.014179110527038574e-01
0.000000000000000000e+00
1.632978394627571106e-02
2.655399739742279053e-01
2.777128815650939941e-01
4.068579897284507751e-02
2.240122258663177490e-01
0.000000000000000000e+00
3.764600679278373718e-02
2.580226063728332520e-01
7.047113776206970215e-02
1.328058004379272461e+00
4.920707941055297852e-01
1.504063755273818970e-01
7.269752770662307739e-02
3.993693739175796509e-02
6.405194997787475586e-01
9.862223863601684570e-01
3.170612752437591553e-01
9.098058938980102539e-01
3.285453915596008301e-01
9.313537925481796265e-02
1.626900583505630493e-01
5.976732820272445679e-02
0.000000000000000000e+00
8.153935074806213379e-01
7.259079217910766602e-01
7.152657955884933472e-02
0.000000000000000000e+00
1.044090390205383301e+00
1.116147756576538086e+00
8.863829076290130615e-03
2.018499933183193207e-02
9.140143990516662598e-01
1.371765583753585815e-01
8.914940804243087769e-02
5.195001959800720215e-01
9.892054647207260132e-02
2.176067046821117401e-02
1.771660447120666504e+00
0.000000000000000000e+00
6.865981817245483398e-01
3.159440355375409126e-03
2.667668834328651428e-02
2.613311819732189178e-02
6.254134178161621094e-01
4.683460667729377747e-02
4.004245251417160034e-02
1.505616307258605957e-01
0.000000000000000000e+00
5.476716756820678711e-01
0.000000000000000000e+00
2.585373222827911377e-01
3.908138275146484375e-01
9.456725716590881348e-01
0.000000000000000000e+00
1.775849983096122742e-02
1.214206814765930176e-01
2.936475574970245361e-01
2.146094143390655518e-01
0.000000000000000000e+00
2.376485429704189301e-02
3.617544472217559814e-02
1.457506325095891953e-02
2.150136977434158325e-01
2.461133003234863281e+00
0.000000000000000000e+00
4.867596030235290527e-01
6.647771596908569336e-02
2.032367885112762451e-02
1.342074759304523468e-02
8.963351249694824219e-01
1.650729924440383911e-01
1.666345745325088501e-01
1.531234234571456909e-01
1.288364768028259277e+00
1.671274304389953613e-01
2.908733129501342773e+00
9.406156092882156372e-02
0.000000000000000000e+00
1.633293330669403076e-01
4.352467507123947144e-02
4.616333916783332825e-02
9.108100086450576782e-03
3.350323736667633057e-01
0.000000000000000000e+00
1.045737043023109436e-01
9.678824543952941895e-01
6.445370316505432129e-01
9.080525040626525879e-01
1.834433898329734802e-02
7.884483933448791504e-01
0.000000000000000000e+00
2.060598693788051605e-02
5.384389162063598633e-01
5.079457070678472519e-03
6.899085044860839844e-01
4.961609374731779099e-03
1.985477097332477570e-02
0.000000000000000000e+00
4.571184515953063965e-01
7.701848745346069336e-01
0.000000000000000000e+00
1.472545415163040161e-01
2.520670183002948761e-02
1.907145828008651733e-01
5.935772508382797241e-02
5.993181839585304260e-02
3.862260580062866211e-01
3.486208319664001465e-01
1.026508491486310959e-02
3.697869181632995605e-01
1.027539521455764771e-01
2.153040841221809387e-02
0.000000000000000000e+00
6.092557907104492188e-01
2.475737826898694038e-03
4.814401865005493164e-01
1.339105516672134399e-01
1.376911848783493042e-01
1.100764796137809753e-01
5.562806129455566406e-01
5.643303990364074707e-01
3.335887193679809570e-02
3.697388619184494019e-02
1.319378614425659180e-01
6.821943819522857666e-02
1.841483563184738159e-01
3.406693413853645325e-02
3.551929891109466553e-01
6.534020304679870605e-01
2.676504850387573242e+00
1.662264466285705566e-01
2.936002016067504883e-01
1.448316574096679688e+00
0.000000000000000000e+00
4.589520394802093506e-01
6.372810807079076767e-03
1.270440816879272461e-01
7.057669013738632202e-02
4.111040011048316956e-02
1.044750493019819260e-02
5.784111022949218750e-01
5.239339172840118408e-02
2.156969159841537476e-01
2.307389304041862488e-02
3.352131322026252747e-02
1.278069019317626953e-01
4.527533426880836487e-02
1.913787722587585449e-01
1.030354760587215424e-02
2.828697443008422852e+00
1.113283276557922363e+00
1.416303366422653198e-01
6.719586998224258423e-02
2.596324920654296875e+00
0.000000000000000000e+00
5.135912820696830750e-02
1.128075923770666122e-02
1.078050583600997925e-01
1.707031205296516418e-02
1.917644441127777100e-01
7.704021930694580078e-01
2.043179422616958618e-01
1.658342480659484863e+00
5.399548634886741638e-02
1.564080566167831421e-01
1.110241562128067017e-01
1.225591748952865601e-01
1.293122172355651855e+00
4.284822046756744385e-01
7.003480195999145508e-02
1.849965453147888184e-01
4.187991619110107422e-01
1.783594369888305664e+00
1.438421756029129028e-01
6.165998578071594238e-01
2.098541736602783203e+00
7.660337686538696289e-01
1.107226088643074036e-01
7.777930498123168945e-01
2.129800170660018921e-01
1.719282150268554688e+00
6.831178665161132812e-01
6.678916215896606445e-01
2.539481595158576965e-02
1.063525795936584473e+00
5.007188916206359863e-01
3.415890038013458252e-01
3.732166485860943794e-03
1.584161758422851562e+00
4.988579452037811279e-02
2.191680669784545898e-01
2.166494131088256836e-01
1.256900932639837265e-02
4.141139686107635498e-01
2.974448204040527344e-01
4.089644551277160645e-02
7.129405140876770020e-01
5.167743191123008728e-02
8.746941387653350830e-02
6.493604741990566254e-03
1.181187152862548828e+00
2.097258865833282471e-01
0.000000000000000000e+00
6.652946025133132935e-02
1.332466453313827515e-01
4.595568478107452393e-01
1.316630374640226364e-02
4.134643822908401489e-03
5.340626835823059082e-01
1.180579289793968201e-01
4.691170528531074524e-02
0.000000000000000000e+00
3.503820002079010010e-01
0.000000000000000000e+00
2.992662191390991211e+00
3.676464557647705078e-01
8.561699092388153076e-02
1.133042722940444946e-01
0.000000000000000000e+00
1.309686183929443359e+00
2.739450633525848389e-01
9.418792277574539185e-02
0.000000000000000000e+00
1.728813350200653076e-01
3.433334641158580780e-03
3.365493714809417725e-01
7.579437494277954102e-01
9.053379297256469727e-02
7.787594795227050781e-01
1.718666911125183105e+00
2.698105871677398682e-01
3.668845444917678833e-02
3.777329325675964355e-01
0.000000000000000000e+00
8.299264907836914062e-01
0.000000000000000000e+00
2.697120308876037598e-01
6.213350296020507812e-01
8.665049076080322266e-01
2.374124079942703247e-01
2.322828292846679688e+00
3.132634982466697693e-02
9.978535175323486328e-01
6.080310344696044922e-01
4.241140782833099365e-01
0.000000000000000000e+00
2.645557932555675507e-02
0.000000000000000000e+00
3.012898005545139313e-02
4.070909023284912109e-01
2.438373714685440063e-01
6.985020041465759277e-01
4.086718559265136719e-01
7.657906413078308105e-01
4.630813747644424438e-02
1.760173678398132324e+00
1.678866297006607056e-01
1.642727732658386230e+00
0.000000000000000000e+00
1.955020427703857422e-01
2.243590541183948517e-02
6.236549019813537598e-01
3.537115454673767090e-01
1.359828710556030273e+00
0.000000000000000000e+00
1.442036628723144531e-01
4.586241021752357483e-02
3.536051511764526367e-01
6.605080515146255493e-02
7.028160691261291504e-01
7.125421762466430664e-01
9.879118949174880981e-02
1.630668640136718750e-01
3.785409033298492432e-01
2.317684516310691833e-02
7.091664522886276245e-02
0.000000000000000000e+00
5.477985739707946777e-01
0.000000000000000000e+00
2.361573934555053711e+00
0.000000000000000000e+00
2.147982269525527954e-02
8.127808570861816406e-02
3.662048578262329102e-01
9.832041105255484581e-04
2.483342289924621582e-01
1.312644500285387039e-02
2.311737462878227234e-02
0.000000000000000000e+00
2.890697121620178223e-02
2.481459379196166992e-01
0.000000000000000000e+00
7.342122793197631836e-01
4.916748404502868652e-01
4.167499020695686340e-02
1.417332738637924194e-01
2.746103703975677490e-02
3.511788323521614075e-02
2.802606225013732910e-01
3.280758857727050781e-01
1.499860525131225586e+00
3.210540413856506348e-01
2.345388233661651611e-01
6.013981997966766357e-03
1.635925173759460449e-01
4.732274711132049561e-01
0.000000000000000000e+00
2.102378129959106445e+00
1.205084286630153656e-02
9.992865473031997681e-02
2.328980118036270142e-01
1.634761691093444824e-01
4.108939319849014282e-02
1.135096475481987000e-01
2.431565430015325546e-03
3.436815738677978516e-01
2.215939015150070190e-01
0.000000000000000000e+00
3.498374819755554199e-01
1.237835735082626343e-02
0.000000000000000000e+00
9.994010627269744873e-02
5.656937602907419205e-03
9.004431962966918945e-02
2.379155308008193970e-01
4.564958810806274414e-01
1.156354427337646484e+00
8.115674369037151337e-03
2.449224703013896942e-02
1.794688403606414795e-01
0.000000000000000000e+00
9.291769936680793762e-03
4.289791285991668701e-01
5.063114762306213379e-01
2.702533453702926636e-02
2.404750697314739227e-02
1.191044524312019348e-01
8.768292069435119629e-01
0.000000000000000000e+00
0.000000000000000000e+00
5.784129500389099121e-01
7.307327985763549805e-01
4.371549561619758606e-02
1.984167546033859253e-01
1.701936364173889160e+00
0.000000000000000000e+00
2.448807507753372192e-01
5.097239017486572266e-01
0.000000000000000000e+00
2.349690068513154984e-03
3.252865672111511230e-01
2.770242452621459961e+00
4.991675317287445068e-01
0.000000000000000000e+00
1.637065649032592773e+00
