2.723360061645507812e-02
2.453850023448467255e-02
0.000000000000000000e+00
1.258549690246582031e+00
4.622998833656311035e-01
3.822995126247406006e-01
1.742962479591369629e+00
3.408082425594329834e-01
6.362650990486145020e-01
5.784484386444091797e+00
0.000000000000000000e+00
0.000000000000000000e+00
4.655925731640309095e-04
1.308057270944118500e-02
0.000000000000000000e+00
1.397213101387023926e+00
8.735631406307220459e-02
2.335050143301486969e-02
0.000000000000000000e+00
3.315914571285247803e-01
0.000000000000000000e+00
1.177854761481285095e-01
2.136188000440597534e-01
2.340783365070819855e-02
1.640166878700256348e+00
3.355065360665321350e-02
5.029172897338867188e-01
0.000000000000000000e+00
0.000000000000000000e+00
1.892969384789466858e-02
1.849305331707000732e-01
2.337583005428314209e-01
1.469723321497440338e-02
7.592674344778060913e-02
4.527873918414115906e-02
2.103371173143386841e-01
1.278829127550125122e-01
1.018602624535560608e-01
9.442368522286415100e-03
1.020390093326568604e-01
0.000000000000000000e+00
2.331097237765789032e-02
0.000000000000000000e+00
9.633161425590515137e-01
0.000000000000000000e+00
0.000000000000000000e+00
2.094682902097702026e-01
2.346249483525753021e-02
1.083468049764633179e-01
6.402747035026550293e-01
3.922914620488882065e-04
4.187006950378417969e-01
0.000000000000000000e+00
6.708171218633651733e-02
0.000000000000000000e+00
1.024887338280677795e-01
6.680318713188171387e-01
3.661070391535758972e-02
3.509466722607612610e-02
1.149738300591707230e-02
2.533069133758544922e+00
3.824774175882339478e-02
4.927329123020172119e-01
9.923230111598968506e-02
3.564827442169189453e+00
2.287262678146362305e-01
5.372256636619567871e-01
1.501640975475311279e-01
2.114276215434074402e-02
0.000000000000000000e+00
2.416777908802032471e-01
1.243017196655273438e+00
3.253920376300811768e-02
9.644570946693420410e-02
1.968465745449066162e-01
1.944160275161266327e-02
4.064448177814483643e-01
6.977439671754837036e-02
1.964928805828094482e-01
0.000000000000000000e+00
4.421097040176391602e-01
3.873431086540222168e-01
8.671848475933074951e-02
2.783202528953552246e-01
5.550310015678405762e-01
3.058847784996032715e-02
3.591071814298629761e-02
1.722094952128827572e-03
9.348306804895401001e-02
4.009339809417724609e-01
3.762780397664755583e-04
1.016669347882270813e-01
3.196150809526443481e-02
1.331527717411518097e-02
1.100139260292053223e+00
0.000000000000000000e+00
5.930703878402709961e-01
3.560985496733337641e-04
5.995193719863891602e-01
4.737534523010253906e-01
1.321420818567276001e-01
5.562230348587036133e-01
3.265887498855590820e+00
0.000000000000000000e+00
2.619483973830938339e-03
0.000000000000000000e+00
0.000000000000000000e+00
0.000000000000000000e+00
0.000000000000000000e+00
5.342812061309814453e+00
0.000000000000000000e+00
4.758454859256744385e-02
1.351705551147460938e+00
1.093394994735717773e+00
5.394743084907531738e-01
3.136282321065664291e-03
1.113098263740539551e-01
1.198797821998596191e+00
1.863856017589569092e-01
1.807678043842315674e-01
1.924002408981323242e+00
1.812672853469848633e+00
3.001102924346923828e+00
1.201768144965171814e-01
2.744303345680236816e-01
0.000000000000000000e+00
0.000000000000000000e+00
1.326129138469696045e-01
0.000000000000000000e+00
3.214535489678382874e-02
5.673515796661376953e-01
1.671904884278774261e-02
3.106898162513971329e-03
1.218741461634635925e-01
6.884332895278930664e-01
3.010875545442104340e-02
2.603417336940765381e-01
1.569230556488037109e-01
2.543746948242187500e+00
8.114872127771377563e-02
9.536297917366027832e-01
2.123656310141086578e-02
3.669724762439727783e-01
4.760201647877693176e-02
7.638715952634811401e-02
0.000000000000000000e+00
7.622348070144653320e-01
0.000000000000000000e+00
1.406964361667633057e-01
6.262397021055221558e-02
0.000000000000000000e+00
3.555935248732566833e-02
2.721788827329874039e-03
2.345729023218154907e-01
1.129916459321975708e-01
6.756876595318317413e-03
2.588303759694099426e-02
6.300162076950073242e-01
1.724127531051635742e-01
1.191725254058837891e+00
2.121193110942840576e-01
2.393323369324207306e-02
4.204517602920532227e-02
0.000000000000000000e+00
0.000000000000000000e+00
1.516225218772888184e+00
0.000000000000000000e+00
0.000000000000000000e+00
1.020107269287109375e+00
6.937963366508483887e-01
1.295085102319717407e-01
5.119126290082931519e-02
1.628868579864501953e+00
8.473972231149673462e-02
1.191813405603170395e-02
0.000000000000000000e+00
0.000000000000000000e+00
2.848501782864332199e-03
6.856014728546142578e-01
9.789192699827253819e-05
0.000000000000000000e+00
7.606967091560363770e-01
3.842361038550734520e-03
1.351380813866853714e-02
1.779754608869552612e-01
5.346716046333312988e-01
1.003582119941711426e+00
3.214012086391448975e-01
2.371702939271926880e-01
5.524818301200866699e-01
0.000000000000000000e+00
8.963799104094505310e-03
1.076311711221933365e-02
7.198643684387207031e-01
3.714677412062883377e-03
3.075294792652130127e-01
1.949020326137542725e-01
7.893055677413940430e-02
8.452844619750976562e-02
2.969387471675872803e-01
4.026509821414947510e-02
4.898251220583915710e-02
0.000000000000000000e+00
3.161965636536478996e-03
0.000000000000000000e+00
1.061493992805480957e+00
2.301777014508843422e-03
2.661068439483642578e-01
8.522507734596729279e-03
6.923334300518035889e-02
2.590331315994262695e+00
0.000000000000000000e+00
7.077470421791076660e-02
8.927384018898010254e-02
2.181756310164928436e-02
0.000000000000000000e+00
2.080771028995513916e-01
1.079731583595275879e+00
1.091526448726654053e-01
5.551273822784423828e-01
0.000000000000000000e+00
0.000000000000000000e+00
8.756197094917297363e-01
1.825581043958663940e-01
1.858723163604736328e-02
1.979523450136184692e-01
9.559968113899230957e-02
7.388827204704284668e-01
0.000000000000000000e+00
9.523519873619079590e-02
4.346849396824836731e-02
0.000000000000000000e+00
8.673818111419677734e-01
0.000000000000000000e+00
0.000000000000000000e+00
1.435285359621047974e-01
1.298756450414657593e-01
7.545806467533111572e-02
4.447557032108306885e-03
0.000000000000000000e+00
0.000000000000000000e+00
0.000000000000000000e+00
1.234762072563171387e-01
1.063714265823364258e+00
1.939298808574676514e-01
2.636987864971160889e-01
5.604572221636772156e-02
2.909003943204879761e-02
8.031813800334930420e-02
1.187194705009460449e+00
0.000000000000000000e+00
1.341477185487747192e-01
0.000000000000000000e+00
0.000000000000000000e+00
3.404299020767211914e-01
0.000000000000000000e+00
5.852182507514953613e-01
8.564456552267074585e-02
1.614966243505477905e-01
7.947219419293105602e-04
4.194564372301101685e-02
2.743058800697326660e-01
9.133181571960449219e-01
0.000000000000000000e+00
1.778229832649230957e+00
8.612515777349472046e-02
4.010714963078498840e-02
7.879911065101623535e-01
6.416926383972167969e-01
8.258637189865112305e-01
4.644660651683807373e-02
4.036819189786911011e-02
1.256252825260162354e-01
0.000000000000000000e+00
1.970600932836532593e-01
2.312983989715576172e+00
1.043968796730041504e-01
1.288071572780609131e-01
8.613510727882385254e-01
6.085633113980293274e-02
1.150734815746545792e-02
5.973052233457565308e-03
4.321148097515106201e-01
1.531028151512145996e-01
1.061610102653503418e+00
1.366916298866271973e+00
1.068092584609985352e-01
6.258702278137207031e-01
1.370311528444290161e-01
1.248000562191009521e-01
2.514637261629104614e-02
1.259148418903350830e-01
4.162025451660156250e-01
2.018605172634124756e-02
1.598397642374038696e-01
3.038876652717590332e-01
3.073894083499908447e-01
3.048827126622200012e-02
1.737737804651260376e-01
0.000000000000000000e+00
1.966952532529830933e-01
2.297930866479873657e-01
7.095448970794677734e-01
0.000000000000000000e+00
2.164933681488037109e-01
2.176897525787353516e-01
5.739253759384155273e-01
8.514773100614547729e-02
1.233959794044494629e-01
0.000000000000000000e+00
3.437227606773376465e-01
4.116364941000938416e-02
1.594771444797515869e-01
8.817802667617797852e-01
2.617093920707702637e-02
3.677552640438079834e-01
4.601491689682006836e-01
0.000000000000000000e+00
0.000000000000000000e+00
7.416497170925140381e-02
0.000000000000000000e+00
1.248478889465332031e-02
1.414354920387268066e+00
6.548719853162765503e-02
3.463368117809295654e-02
5.379465222358703613e-01
2.540450990200042725e-01
7.516690343618392944e-02
0.000000000000000000e+00
8.569782972335815430e-01
2.163520781323313713e-03
5.821408629417419434e-01
4.180145263671875000e-02
2.237459868192672729e-01
1.945862293243408203e+00
2.761283656582236290e-03
1.583832316100597382e-02
8.171439915895462036e-02
1.841355301439762115e-02
1.737162098288536072e-02
5.327095463871955872e-02
1.999305188655853271e-01
2.311074584722518921e-01
1.709401309490203857e-01
3.100899793207645416e-02
0.000000000000000000e+00
2.639791183173656464e-02
2.503860890865325928e-01
3.403082191944122314e-01
0.000000000000000000e+00
1.480025202035903931e-01
0.000000000000000000e+00
6.638814210891723633e-01
2.867569029331207275e-01
5.521336793899536133e-01
0.000000000000000000e+00
2.482332885265350342e-01
8.698207139968872070e-01
9.702785313129425049e-02
5.705226063728332520e-01
0.000000000000000000e+00
5.024970769882202148e-01
0.000000000000000000e+00
0.000000000000000000e+00
0.000000000000000000e+00
1.120011657476425171e-01
1.402316331863403320e+00
2.650343775749206543e-01
1.025053393095731735e-02
0.000000000000000000e+00
1.162461042404174805e-01
8.253552019596099854e-03
0.000000000000000000e+00
1.297637540847063065e-02
0.000000000000000000e+00
1.035088896751403809e-01
3.981274068355560303e-01
0.000000000000000000e+00
3.927587747573852539e+00
1.536638289690017700e-01
1.127445340156555176e+00
1.386186182498931885e-01
9.707921147346496582e-01
1.252948045730590820e-01
6.329051256179809570e-01
0.000000000000000000e+00
0.000000000000000000e+00
0.000000000000000000e+00
3.368184864521026611e-01
5.865256488323211670e-02
1.083001971244812012e+00
6.725347042083740234e-02
3.069634316489100456e-03
6.054870411753654480e-02
0.000000000000000000e+00
6.463359832763671875e+00
2.300901889801025391e+00
2.160314470529556274e-02
7.037211209535598755e-03
2.023521363735198975e-01
4.355683177709579468e-02
1.462040841579437256e-01
1.521137543022632599e-02
3.681894391775131226e-02
7.916073799133300781e-01
1.558373123407363892e-01
7.784894108772277832e-01
2.345910787582397461e+00
1.825221329927444458e-01
1.625649747438728809e-03
1.747362256050109863e+00
6.818828731775283813e-02
9.281598031520843506e-02
4.419719427824020386e-02
3.958291113376617432e-01
1.361301839351654053e-01
1.210351705551147461e+00
8.604738861322402954e-02
2.958563622087240219e-03
2.406255751848220825e-01
1.272545568645000458e-02
6.275701522827148438e-02
9.838089346885681152e-03
1.532434970140457153e-01
1.549644619226455688e-01
2.002724111080169678e-01
6.356879234313964844e+00
2.417916990816593170e-02
4.055083394050598145e-01
6.144276857376098633e-01
1.714122176170349121e+00
3.873803913593292236e-01
4.522356986999511719e-01
2.041648514568805695e-02
9.578200988471508026e-03
1.196408510208129883e+00
5.734411716461181641e+00
0.000000000000000000e+00
0.000000000000000000e+00
0.000000000000000000e+00
2.600856423377990723e-01
1.252250978723168373e-03
1.675003916025161743e-01
3.660511076450347900e-01
1.044364497065544128e-01
3.321438282728195190e-02
0.000000000000000000e+00
0.000000000000000000e+00
0.000000000000000000e+00
5.780778452754020691e-02
4.621380269527435303e-01
9.641459211707115173e-03
2.830228954553604126e-02
5.751986980438232422e+00
5.246846377849578857e-02
1.592575073242187500e+00
6.103355288505554199e-01
8.392380475997924805e-01
3.402324438095092773e+00
0.000000000000000000e+00
8.498927205801010132e-02
5.306079387664794922e-01
3.524757325649261475e-01
4.078767821192741394e-02
1.091345310211181641e+00
4.954946227371692657e-03
1.205918192863464355e-01
3.111593984067440033e-02
2.157587856054306030e-01
3.313485383987426758e+00
4.546921849250793457e-01
2.404913663864135742e+00
9.652277082204818726e-02
9.616793394088745117e-01
1.279057264328002930e+00
1.630800843238830566e+00
2.211615070700645447e-02
2.122223615646362305e+00
4.183266639709472656e+00
2.145781368017196655e-01
0.000000000000000000e+00
1.449197232723236084e-01
6.182777229696512222e-03
4.118834435939788818e-01
6.872471570968627930e-01
0.000000000000000000e+00
1.341713219881057739e-02
1.015630722045898438e+00
6.620618104934692383e-01
1.898869425058364868e-01
2.684710919857025146e-02
1.756996065378189087e-01
2.800360321998596191e-01
1.658797413110733032e-01
5.707038193941116333e-02
6.856752187013626099e-02
1.631204605102539062e+00
2.655956983566284180e+00
2.547729730606079102e+00
2.782543599605560303e-01
1.538943778723478317e-02
0.000000000000000000e+00
4.399730637669563293e-02
0.000000000000000000e+00
2.639168500900268555e+00
1.282164920121431351e-02
1.582493931055068970e-01
1.691771671175956726e-02
6.585789322853088379e-01
1.607769355177879333e-02
1.150534749031066895e+00
2.483396604657173157e-02
4.615793377161026001e-02
2.983227968215942383e-01
2.144401311874389648e+00
5.395682528614997864e-03
8.661612868309020996e-01
7.970089316368103027e-01
1.585742086172103882e-01
1.561436243355274200e-02
1.314093917608261108e-01
2.725989222526550293e-01
7.991561293601989746e-02
1.594474315643310547e+00
1.611362583935260773e-02
2.766856670379638672e+00
0.000000000000000000e+00
1.998531967401504517e-01
1.334828883409500122e-01
7.334201037883758545e-02
5.276268720626831055e-01
6.694279909133911133e-01
6.411844491958618164e-01
1.343288570642471313e-01
7.426422834396362305e-01
6.219443678855895996e-01
9.522905200719833374e-02
3.299854695796966553e-01
2.016766369342803955e-01
2.244554042816162109e+00
2.477194368839263916e-02
2.337063662707805634e-02
3.160971999168395996e-01
4.422616958618164062e-02
1.184544637799263000e-01
8.182817138731479645e-03
4.600018024444580078e+00
8.636023998260498047e-01
8.622603863477706909e-02
1.521347910165786743e-01
1.247046440839767456e-01
1.620828211307525635e-01
2.481102645397186279e-01
0.000000000000000000e+00
8.375250548124313354e-02
3.617712259292602539e-01
9.457383155822753906e-01
2.973258197307586670e-01
7.446829695254564285e-03
1.513361185789108276e-02
6.984353065490722656e-01
1.354002803564071655e-01
4.473589733242988586e-02
2.340159118175506592e-01
1.896722055971622467e-02
7.528992295265197754e-01
6.645320057868957520e-01
4.755465984344482422e-01
0.000000000000000000e+00
8.694758415222167969e-01
5.965577811002731323e-02
3.933711850550025702e-04
8.411435037851333618e-02
3.128964826464653015e-02
1.256722331047058105e+00
6.065291911363601685e-02
0.000000000000000000e+00
2.163482159376144409e-01
0.000000000000000000e+00
7.591154426336288452e-02
3.570485115051269531e-02
4.384608864784240723e-01
7.318926602602005005e-02
2.372128814458847046e-01
0.000000000000000000e+00
1.710412144660949707e+00
0.000000000000000000e+00
0.000000000000000000e+00
1.475543141365051270e+00
3.128949105739593506e-01
1.920407563447952271e-01
6.295301318168640137e-01
8.670784533023834229e-02
1.059156656265258789e-01
8.727376163005828857e-02
1.005792021751403809e+00
7.096908986568450928e-03
3.206473886966705322e-01
1.972166597843170166e-01
4.736257195472717285e-01
1.440491527318954468e-01
1.622530817985534668e-01
6.010314449667930603e-02
5.416947364807128906e+00
5.521576106548309326e-02
8.093868196010589600e-02
0.000000000000000000e+00
2.215422131121158600e-02
4.633328411728143692e-03
4.893509745597839355e-01
1.351031195372343063e-02
1.137723922729492188e-01
1.794616281986236572e-01
9.383815526962280273e-02
6.184156611561775208e-02
8.471937179565429688e-01
1.612319350242614746e-01
1.824756339192390442e-02
2.449841976165771484e+00
3.465799093246459961e-01
0.000000000000000000e+00
5.103176087141036987e-02
3.119520377367734909e-03
0.000000000000000000e+00
1.544958353042602539e-01
5.870718881487846375e-02
3.168780356645584106e-02
1.063143089413642883e-01
2.520452141761779785e-01
8.177223801612854004e-01
1.236097216606140137e+00
7.613025605678558350e-02
9.636609554290771484e-01
3.897155523300170898e-01
6.750204414129257202e-02
0.000000000000000000e+00
0.000000000000000000e+00
8.033038377761840820e-01
2.973540499806404114e-02
0.000000000000000000e+00
0.000000000000000000e+00
4.394826292991638184e-01
3.006514906883239746e-01
2.129498273134231567e-01
6.727316975593566895e-01
8.839565515518188477e-02
8.556136488914489746e-02
6.621600687503814697e-02
0.000000000000000000e+00
1.104833558201789856e-03
4.868737161159515381e-01
2.255633845925331116e-02
2.737734615802764893e-01
2.075537204742431641e+00
0.000000000000000000e+00
3.867957042530179024e-03
9.430770874023437500e-01
2.854205667972564697e-02
6.389664858579635620e-02
1.346374988555908203e+00
3.705245733261108398e+00
3.403801470994949341e-03
4.993890225887298584e-02
1.918400049209594727e+00
1.169868037104606628e-01
1.346989989280700684e+00
5.850453376770019531e-01
5.661667790263891220e-03
1.633161591598764062e-04
2.217810973525047302e-02
8.586833626031875610e-02
6.620289683341979980e-01
1.021813880652189255e-02
1.876323103904724121e+00
4.699612781405448914e-02
3.617591783404350281e-02
1.087719321250915527e+00
0.000000000000000000e+00
4.011396884918212891e+00
1.578024961054325104e-02
1.787217259407043457e-01
8.443877100944519043e-02
2.364599891006946564e-02
9.107624180614948273e-03
1.123517751693725586e-01
1.886246725916862488e-02
7.524795532226562500e-01
5.870128050446510315e-03
1.351162195205688477e-01
0.000000000000000000e+00
1.271579146385192871e+00
5.710164830088615417e-02
7.165080308914184570e-02
0.000000000000000000e+00
1.365298777818679810e-01
0.000000000000000000e+00
1.971090678125619888e-03
0.000000000000000000e+00
0.000000000000000000e+00
1.480478197336196899e-01
3.697630643844604492e+00
1.414717286825180054e-01
0.000000000000000000e+00
6.615121662616729736e-02
2.663135714828968048e-02
7.750042714178562164e-03
2.622054703533649445e-02
2.701820246875286102e-02
5.134028033353388309e-04
2.590341269969940186e-01
1.122222514823079109e-03
9.394069761037826538e-02
2.135185524821281433e-02
1.268188953399658203e-01
3.165471255779266357e-01
1.872829496860504150e-01
2.986520901322364807e-02
2.485374957323074341e-01
2.463416010141372681e-02
0.000000000000000000e+00
0.000000000000000000e+00
1.082228031009435654e-02
2.043009400367736816e-01
3.622241020202636719e-01
1.701679825782775879e+00
3.245970308780670166e-01
1.313147097826004028e-01
1.067490279674530029e-01
1.297096014022827148e-01
0.000000000000000000e+00
2.201671339571475983e-02
1.025266107171773911e-02
3.548523187637329102e-01
8.919515013694763184e-01
0.000000000000000000e+00
2.316866070032119751e-01
5.165715813636779785e-01
2.172012627124786377e-02
1.000013470649719238e+00
5.832777544856071472e-02
3.568850755691528320e+00
0.000000000000000000e+00
2.139442227780818939e-02
2.057226151227951050e-01
1.145855545997619629e+00
3.967625796794891357e-01
1.328880786895751953e+00
6.550559401512145996e-01
4.530486837029457092e-02
1.127233266830444336e+00
2.308344990015029907e-01
2.186848409473896027e-02
6.163284648209810257e-03
3.145169615745544434e-01
1.029782835394144058e-02
2.881863154470920563e-02
6.115251183509826660e-01
3.894903957843780518e-01
2.463454961776733398e+00
6.600241661071777344e-01
0.000000000000000000e+00
5.162284970283508301e-01
2.242822758853435516e-02
0.000000000000000000e+00
1.087594509124755859e+00
2.302930457517504692e-03
0.000000000000000000e+00
2.306127697229385376e-01
2.762445807456970215e-01
2.497968912124633789e+00
0.000000000000000000e+00
5.438291653990745544e-02
4.568269550800323486e-01
1.572461239993572235e-02
0.000000000000000000e+00
3.202195882797241211e+00
2.322360426187515259e-01
1.155836358666419983e-01
2.073236465454101562e+00
1.913185566663742065e-01
5.410217866301536560e-02
1.988896355032920837e-02
1.831805147230625153e-02
0.000000000000000000e+00
6.694620847702026367e-02
0.000000000000000000e+00
2.028900980949401855e-01
1.038088202476501465e-01
1.340381383895874023e+00
2.547342777252197266e-01
1.438410878181457520e+00
0.000000000000000000e+00
2.129742503166198730e-01
3.226576149463653564e-01
1.156504899263381958e-01
1.780893564224243164e+00
3.888407349586486816e-01
1.420522225089371204e-03
5.521743893623352051e-01
1.170486569404602051e+00
2.866678535938262939e-01
5.464578866958618164e-01
1.473499536514282227e+00
1.332286596298217773e-01
6.834930181503295898e-02
1.351988017559051514e-01
1.638038754463195801e-01
1.073355197906494141e+00
2.070764541625976562e+00
2.494611591100692749e-02
8.263489603996276855e-01
1.112275838851928711e+00
0.000000000000000000e+00
4.046889841556549072e-01
1.007772535085678101e-01
2.362356334924697876e-01
0.000000000000000000e+00
7.289216667413711548e-02
2.503748536109924316e-01
3.066515326499938965e-01
1.816438697278499603e-02
3.097620978951454163e-02
4.695578012615442276e-03
0.000000000000000000e+00
1.266156286001205444e-01
1.121388673782348633e-01
3.370025753974914551e-02
2.373442286625504494e-03
1.577947586774826050e-01
3.424456119537353516e-01
2.033106237649917603e-02
1.786855459213256836e-01
4.594469368457794189e-01
5.158265829086303711e-01
1.290488708764314651e-02
0.000000000000000000e+00
5.982108116149902344e-01
0.000000000000000000e+00
1.384251266717910767e-01
1.482513308525085449e+00
0.000000000000000000e+00
7.817745208740234375e+00
2.969274818897247314e-01
6.390330940485000610e-02
1.241870969533920288e-01
8.365074396133422852e-01
0.000000000000000000e+00
6.231182441115379333e-02
3.287972211837768555e+00
7.336403429508209229e-02
1.500379890203475952e-01
7.557021081447601318e-02
8.799651265144348145e-02
3.698749840259552002e-01
2.458269707858562469e-02
1.934959366917610168e-02
2.847618460655212402e-01
1.108148321509361267e-01
0.000000000000000000e+00
0.000000000000000000e+00
6.595516949892044067e-02
0.000000000000000000e+00
6.040014028549194336e-01
0.000000000000000000e+00
2.571861743927001953e-01
5.329787731170654297e-01
0.000000000000000000e+00
4.655220508575439453e-01
8.501786738634109497e-02
6.311966180801391602e-01
0.000000000000000000e+00
1.604653708636760712e-02
1.086799621582031250e+00
4.940845072269439697e-01
0.000000000000000000e+00
1.005768496543169022e-02
6.526815891265869141e-02
4.655918106436729431e-03
5.407173931598663330e-02
1.685745239257812500e+00
1.945390254259109497e-01
0.000000000000000000e+00
1.264040768146514893e-01
6.286769509315490723e-01
2.379341125488281250e-01
1.304511632770299911e-02
1.405254900455474854e-01
4.027102589607238770e-01
4.276458621025085449e-01
6.668887734413146973e-01
4.773593842983245850e-01
7.439282536506652832e-01
2.854457497596740723e-01
5.992639064788818359e-01
3.254848122596740723e-01
2.372472546994686127e-02
5.574235916137695312e-01
8.634369075298309326e-02
4.748231470584869385e-01
8.256731182336807251e-02
5.638608932495117188e-01
8.730031847953796387e-01
2.084854692220687866e-01
6.910323351621627808e-02
3.161386847496032715e-01
7.537027597427368164e-01
4.172846674919128418e-01
8.069908022880554199e-01
0.000000000000000000e+00
3.075567260384559631e-02
1.987150125205516815e-02
2.972933053970336914e-01
1.472065299749374390e-01
3.643584251403808594e-02
2.816924333572387695e+00
1.508136186748743057e-02
7.742359489202499390e-02
2.879789099097251892e-03
0.000000000000000000e+00
2.924891710281372070e-01
3.226870670914649963e-03
2.289790511131286621e-01
7.282422780990600586e-01
2.464719675481319427e-02
1.309220045804977417e-01
1.180666327476501465e+00
6.364650249481201172e+00
7.506581544876098633e-01
0.000000000000000000e+00
0.000000000000000000e+00
1.999098993837833405e-02
0.000000000000000000e+00
1.866400428116321564e-02
1.589719295501708984e+00
1.627424478530883789e+00
0.000000000000000000e+00
4.943744465708732605e-02
1.632966101169586182e-02
2.408793717622756958e-01
9.409620612859725952e-02
4.707379266619682312e-02
8.006917238235473633e-01
1.113204061985015869e-01
2.442417433485388756e-03
6.795577704906463623e-03
5.688921082764863968e-04
1.989204287528991699e-01
6.360986083745956421e-02
2.448424547910690308e-01
8.046580106019973755e-02
0.000000000000000000e+00
1.933211088180541992e-01
4.711524769663810730e-02
1.545207202434539795e-01
1.189606338739395142e-01
3.389756977558135986e-01
5.455795675516128540e-02
9.067181497812271118e-02
3.289631903171539307e-01
1.770957946777343750e+00
2.108479887247085571e-01
5.171097517013549805e-01
4.097772836685180664e-01
0.000000000000000000e+00
3.120201453566551208e-02
1.014672890305519104e-01
0.000000000000000000e+00
1.282127499580383301e+00
1.061150550842285156e+00
0.000000000000000000e+00
3.182345330715179443e-01
1.612987637519836426e+00
5.600477457046508789e-01
2.724102973937988281e+00
1.007598266005516052e-02
9.855206310749053955e-02
4.094270616769790649e-02
2.027484029531478882e-01
0.000000000000000000e+00
3.728323429822921753e-02
4.837689921259880066e-02
0.000000000000000000e+00
9.482590854167938232e-02
0.000000000000000000e+00
4.548583179712295532e-02
6.977254748344421387e-01
5.292608961462974548e-02
2.295290231704711914e-01
0.000000000000000000e+00
2.147206291556358337e-02
3.568711519241333008e+00
9.097638726234436035e-02
1.769105046987533569e-01
0.000000000000000000e+00
5.028263852000236511e-02
0.000000000000000000e+00
6.450612545013427734e-01
5.316711962223052979e-02
2.408929169178009033e-02
3.092674732208251953e+00
1.408446300774812698e-02
2.041873335838317871e-01
0.000000000000000000e+00
0.000000000000000000e+00
1.192734479904174805e+00
2.668479084968566895e-01
4.965014383196830750e-02
1.207435876131057739e-01
2.660074271261692047e-02
2.791743278503417969e+00
1.214455440640449524e-02
9.607223421335220337e-02
1.704252362251281738e-01
0.000000000000000000e+00
3.693059206008911133e+00
1.302010118961334229e-01
1.031900048255920410e+00
1.377009302377700806e-01
1.166782751679420471e-01
4.027052521705627441e-01
0.000000000000000000e+00
1.169299960136413574e+00
5.002644658088684082e-02
1.149055004119873047e+00
4.405487328767776489e-03
3.197927959263324738e-03
7.261180877685546875e-02
0.000000000000000000e+00
0.000000000000000000e+00
7.296764850616455078e-02
2.125084958970546722e-02
1.221369862556457520e+00
2.540772855281829834e-01
3.372323811054229736e-01
2.466904371976852417e-02
2.558490727096796036e-03
1.615891903638839722e-01
5.405028909444808960e-02
0.000000000000000000e+00
0.000000000000000000e+00
6.173201836645603180e-03
6.051133945584297180e-02
0.000000000000000000e+00
3.680720925331115723e-01
1.035226136445999146e-01
1.205399155616760254e+00
1.883112043142318726e-01
1.038542389869689941e-01
0.000000000000000000e+00
1.192344307899475098e+00
2.422605454921722412e-01
1.188666462898254395e+00
2.864303439855575562e-02
1.773820817470550537e-01
0.000000000000000000e+00
0.000000000000000000e+00
4.534045979380607605e-02
1.791713595390319824e+00
0.000000000000000000e+00
7.355046272277832031e-01
2.560117281973361969e-02
1.386885643005371094e+00
0.000000000000000000e+00
1.444656401872634888e-01
2.392388880252838135e-01
9.085996448993682861e-02
8.375391364097595215e-03
0.000000000000000000e+00
0.000000000000000000e+00
1.840128004550933838e-01
1.835449039936065674e-01
1.769169569015502930e-01
4.192988395690917969e+00
1.672301888465881348e+00
2.234809637069702148e+00
6.280981302261352539e-01
1.355828493833541870e-01
0.000000000000000000e+00
3.854524195194244385e-01
1.700609445571899414e+00
3.401964008808135986e-01
4.183141514658927917e-02
1.914917677640914917e-01
7.949721813201904297e-01
4.791393876075744629e-02
6.816667914390563965e-01
0.000000000000000000e+00
0.000000000000000000e+00
7.652612924575805664e-01
0.000000000000000000e+00
2.195180356502532959e-01
8.403716087341308594e-01
2.537084817886352539e-01
1.424942612648010254e+00
9.792104959487915039e-01
0.000000000000000000e+00
2.676777839660644531e-01
7.396959066390991211e-01
9.534497857093811035e-01
7.203005552291870117e-01
2.523576319217681885e-01
1.201644539833068848e-01
0.000000000000000000e+00
0.000000000000000000e+00
0.000000000000000000e+00
6.217404007911682129e-01
0.000000000000000000e+00
2.257443778216838837e-02
3.435140941292047501e-03
6.410884857177734375e-02
0.000000000000000000e+00
2.027610084041953087e-03
3.819774463772773743e-02
4.544550087302923203e-03
2.878650665283203125e+00
7.882951758801937103e-04
4.235027432441711426e-01
1.126680135726928711e+00
7.467524409294128418e-01
4.973905980587005615e-01
1.650526821613311768e-01
1.359173189848661423e-02
2.255597859621047974e-01
9.795483946800231934e-02
1.198245063424110413e-01
6.576140522956848145e-01
1.894986815750598907e-02
3.011411130428314209e-01
0.000000000000000000e+00
5.534515157341957092e-02
7.224615216255187988e-01
7.958716154098510742e-02
2.017216756939888000e-02
9.052166715264320374e-03
1.243406832218170166e-01
3.741413354873657227e-01
3.260656595230102539e-01
9.630648493766784668e-01
6.446751356124877930e-01
1.865711659193038940e-01
0.000000000000000000e+00
2.815564572811126709e-01
0.000000000000000000e+00
0.000000000000000000e+00
2.633526325225830078e-01
1.199555471539497375e-01
2.122998237609863281e-03
2.784773111343383789e-01
3.219904422760009766e+00
3.879746675491333008e+00
5.377941131591796875e-01
8.318064361810684204e-02
0.000000000000000000e+00
4.970747977495193481e-02
0.000000000000000000e+00
6.304232776165008545e-02
3.759991750121116638e-02
1.487212181091308594e+00
2.364690601825714111e-01
1.109457090497016907e-01
6.133953928947448730e-01
1.313447654247283936e-01
4.491558670997619629e-02
4.575252234935760498e-01
1.186611533164978027e+00
3.937972709536552429e-02
6.731759011745452881e-02
4.543563351035118103e-03
1.044390276074409485e-01
6.754884961992502213e-04
0.000000000000000000e+00
2.445076825097203255e-03
0.000000000000000000e+00
5.282341688871383667e-02
2.324212491512298584e-01
4.669959843158721924e-02
1.190004348754882812e+00
8.930034935474395752e-03
8.518170565366744995e-02
0.000000000000000000e+00
5.364918112754821777e-01
3.745165467262268066e-01
6.916613783687353134e-03
2.288072109222412109e+00
1.291257381439208984e+00
0.000000000000000000e+00
6.692313551902770996e-01
2.601606771349906921e-03
7.973922491073608398e-01
1.220181584358215332e-01
6.733249872922897339e-02
1.683044433593750000e-01
1.263712942600250244e-01
3.868097811937332153e-02
1.202240943908691406e+00
3.493517579045146704e-04
2.220606256742030382e-05
1.530422419309616089e-01
1.302931010723114014e-01
0.000000000000000000e+00
0.000000000000000000e+00
6.348397582769393921e-02
7.853838801383972168e-02
1.186569094657897949e+00
1.744145601987838745e-01
1.977804601192474365e-01
6.251148134469985962e-02
1.307001858949661255e-01
0.000000000000000000e+00
7.841621525585651398e-03
4.554140865802764893e-01
8.410780876874923706e-02
5.656583979725837708e-02
2.792502380907535553e-02
8.053146600723266602e-01
1.886328868567943573e-02
2.401697188615798950e-01
0.000000000000000000e+00
1.146285608410835266e-01
1.083262801170349121e+00
1.171028167009353638e-01
7.681908011436462402e-01
1.198417782783508301e+00
3.838135898113250732e-01
0.000000000000000000e+00
2.672595679759979248e-01
0.000000000000000000e+00
1.815551519393920898e-01
0.000000000000000000e+00
0.000000000000000000e+00
2.786111533641815186e-01
8.020254783332347870e-03
1.905348777770996094e+00
9.556970745325088501e-02
1.688972353935241699e+00
2.193150818347930908e-01
3.952534794807434082e-01
1.837029159069061279e-01
1.564582735300064087e-01
7.037193775177001953e-01
7.484476566314697266e-01
0.000000000000000000e+00
1.997595682041719556e-04
0.000000000000000000e+00
2.006661146879196167e-01
5.271225702017545700e-03
0.000000000000000000e+00
1.856623915955424309e-03
2.816333770751953125e-01
8.203113079071044922e-02
2.778364419937133789e+00
2.146801799535751343e-01
1.441923677921295166e-01
7.276113629341125488e-01
3.470236361026763916e-01
1.847949065268039703e-02
2.571427635848522186e-02
1.283826470375061035e+00
0.000000000000000000e+00
6.510041952133178711e-01
5.041517689824104309e-02
7.842776179313659668e-01
1.688397862017154694e-02
2.262266278266906738e-01
5.207979306578636169e-02
2.003484033048152924e-02
0.000000000000000000e+00
2.958991527557373047e-01
2.548345625400543213e-01
1.296813040971755981e-02
1.167471259832382202e-01
4.709932208061218262e-02
3.825631141662597656e-01
1.256530731916427612e-01
4.111375510692596436e-01
1.341594576835632324e+00
5.156737938523292542e-02
4.284089505672454834e-01
3.180436789989471436e-01
8.659340739250183105e-01
6.624825000762939453e-01
0.000000000000000000e+00
0.000000000000000000e+00
1.051714271306991577e-01
5.341248512268066406e-01
1.998724415898323059e-02
1.201426982879638672e-02
3.263942599296569824e-01
1.054751724004745483e-01
3.021701984107494354e-02
4.735482335090637207e-01
1.044541835784912109e+00
1.638995856046676636e-02
0.000000000000000000e+00
2.288189083337783813e-01
1.031490638852119446e-01
9.281711280345916748e-02
8.322065472602844238e-01
0.000000000000000000e+00
0.000000000000000000e+00
0.000000000000000000e+00
2.648732624948024750e-02
1.291699558496475220e-01
0.000000000000000000e+00
0.000000000000000000e+00
1.374430358409881592e-01
6.675028055906295776e-02
1.451419293880462646e-01
2.206216752529144287e-01
7.876898348331451416e-02
3.696204349398612976e-02
4.578419961035251617e-03
5.121033191680908203e-01
3.223056793212890625e-01
4.725596681237220764e-02
4.501969516277313232e-01
2.363246865570545197e-02
4.713868796825408936e-01
0.000000000000000000e+00
1.634862273931503296e-01
3.006931394338607788e-02
1.177062243223190308e-01
5.941016674041748047e-01
5.864569538971409202e-05
5.561501383781433105e-01
6.659999489784240723e-01
1.650380134582519531e+00
1.565514691174030304e-02
5.352498963475227356e-02
1.831257045269012451e-01
6.374523639678955078e-01
0.000000000000000000e+00
1.604109816253185272e-02
0.000000000000000000e+00
5.525428652763366699e-01
3.045134544372558594e+00
0.000000000000000000e+00
0.000000000000000000e+00
1.415204852819442749e-01
2.546987235546112061e-01
1.320485621690750122e-01
1.704386323690414429e-01
2.742488384246826172e+00
2.754854857921600342e-01
1.223577484488487244e-01
1.060207709670066833e-01
0.000000000000000000e+00
2.408989816904067993e-01
1.746923327445983887e-01
0.000000000000000000e+00
2.936659753322601318e-01
2.973881550133228302e-02
0.000000000000000000e+00
3.309096395969390869e-01
6.286481022834777832e-02
1.397196352481842041e-01
1.430811733007431030e-01
1.806486964225769043e+00
0.000000000000000000e+00
2.128409594297409058e-01
2.653086781501770020e-01
2.148839086294174194e-01
1.650285124778747559e-01
1.855470687150955200e-01
1.493954420089721680e+00
7.449256628751754761e-02
4.788469150662422180e-02
1.474931359291076660e+00
5.245302200317382812e+00
3.439118564128875732e-01
4.780253767967224121e-02
0.000000000000000000e+00
1.084530472755432129e+00
1.029683589935302734e+00
4.299769178032875061e-02
3.852759897708892822e-01
1.117100358009338379e+00
9.842400997877120972e-02
1.218574270606040955e-01
1.082233309745788574e+00
7.101973891258239746e-02
8.758482523262500763e-03
1.279152631759643555e-01
1.229947730898857117e-01
0.000000000000000000e+00
3.574859201908111572e-01
3.722039163112640381e-01
0.000000000000000000e+00
1.725721955299377441e-01
1.527184247970581055e-01
4.731731712818145752e-01
7.771056890487670898e-02
1.058162935078144073e-02
0.000000000000000000e+00
7.621946334838867188e-01
0.000000000000000000e+00
4.226540477247908711e-05
1.211971044540405273e-02
7.307247072458267212e-02
9.131963551044464111e-02
0.000000000000000000e+00
0.000000000000000000e+00
0.000000000000000000e+00
0.000000000000000000e+00
1.190798044204711914e+00
5.809590592980384827e-02
3.930219888687133789e+00
1.867104321718215942e-01
4.276577830314636230e-01
4.553151726722717285e-01
1.521196812391281128e-01
0.000000000000000000e+00
2.128061532974243164e+00
3.771315887570381165e-02
1.786959171295166016e-01
1.808418780565261841e-01
0.000000000000000000e+00
2.735094167292118073e-02
0.000000000000000000e+00
1.135075449943542480e+00
8.743609488010406494e-02
0.000000000000000000e+00
7.324965596199035645e-01
0.000000000000000000e+00
3.196409344673156738e-01
1.928451359272003174e-01
8.444083482027053833e-02
1.904956459999084473e+00
0.000000000000000000e+00
3.580402135848999023e-01
0.000000000000000000e+00
0.000000000000000000e+00
1.588793396949768066e-01
7.894884794950485229e-03
3.110926151275634766e-01
1.938661813735961914e+00
1.420212239027023315e-01
3.043341159820556641e+00
6.394492387771606445e-01
8.370525836944580078e-01
1.406579256057739258e+00
2.025884538888931274e-01
0.000000000000000000e+00
0.000000000000000000e+00
5.588720366358757019e-02
5.606536753475666046e-03
1.453397572040557861e-01
6.348195075988769531e-01
2.072647213935852051e-01
6.858041882514953613e-01
7.417590916156768799e-02
4.977749194949865341e-03
8.807850480079650879e-01
6.719701290130615234e-01
1.016324281692504883e+00
1.971666812896728516e-01
5.745629221200942993e-02
0.000000000000000000e+00
9.152947068214416504e-01
0.000000000000000000e+00
9.856358170509338379e-02
0.000000000000000000e+00
5.184564590454101562e-01
3.760200366377830505e-02
2.754389075562357903e-03
2.525075674057006836e-01
7.261268496513366699e-01
3.471160531044006348e-01
0.000000000000000000e+00
2.888082981109619141e+00
1.519063115119934082e-01
6.369600892066955566e-01
3.399617737159132957e-03
4.630655050277709961e-02
0.000000000000000000e+00
1.772510766983032227e+00
4.171737432479858398e-01
1.101822853088378906e-01
0.000000000000000000e+00
3.304284572601318359e+00
3.291053930297493935e-03
1.773400604724884033e-01
0.000000000000000000e+00
3.264460563659667969e-01
0.000000000000000000e+00
2.724622964859008789e+00
2.785251438617706299e-01
0.000000000000000000e+00
1.221633434295654297e+00
2.406365051865577698e-02
1.121840596199035645e+00
0.000000000000000000e+00
1.025891955941915512e-02
3.150486648082733154e-01
0.000000000000000000e+00
5.893507003784179688e-01
3.145037218928337097e-02
1.150128915905952454e-01
0.000000000000000000e+00
8.347435854375362396e-03
1.725633382797241211e+00
1.953613758087158203e-01
1.843907088041305542e-01
3.196654319763183594e-01
8.137355744838714600e-02
2.480222135782241821e-01
4.757321439683437347e-03
2.265326827764511108e-01
3.487513065338134766e-01
8.501115441322326660e-02
4.738869518041610718e-02
1.505471467971801758e-01
2.721069753170013428e-01
4.599219560623168945e-02
0.000000000000000000e+00
7.163372635841369629e-01
6.467602252960205078e-01
1.271143436431884766e+00
7.565006613731384277e-02
7.439340949058532715e-01
3.296318352222442627e-01
1.225981116294860840e+00
3.106622099876403809e-01
5.558039546012878418e-01
2.208112627267837524e-01
4.801210403442382812e+00
2.731459617614746094e+00
2.073130846023559570e+00
1.619699954986572266e+00
2.695479393005371094e-01
1.448045074939727783e-01
2.744286656379699707e-01
1.529709156602621078e-02
2.564336776733398438e+00
0.000000000000000000e+00
1.259834468364715576e-01
1.284275203943252563e-01
8.878759145736694336e-01
2.765035033226013184e-01
3.371575847268104553e-02
5.343707278370857239e-02
8.953190445899963379e-01
0.000000000000000000e+00
6.169936386868357658e-04
1.780654937028884888e-01
2.702363133430480957e-01
4.471882060170173645e-02
0.000000000000000000e+00
1.171893477439880371e-01
0.000000000000000000e+00
1.155558228492736816e-01
0.000000000000000000e+00
2.245804965496063232e-01
9.942334145307540894e-02
1.362521529197692871e+00
4.990018159151077271e-02
6.018891558051109314e-02
5.519142746925354004e-01
0.000000000000000000e+00
3.481937646865844727e-01
7.599478960037231445e-02
8.780228495597839355e-01
7.060720026493072510e-02
7.225543260574340820e-02
4.580887034535408020e-03
8.630627989768981934e-01
2.745511829853057861e-01
8.212780952453613281e+00
1.505906693637371063e-02
3.270319461822509766e+00
3.188571631908416748e-01
0.000000000000000000e+00
1.845413893461227417e-01
1.493143588304519653e-01
0.000000000000000000e+00
1.264670193195343018e-01
9.903042316436767578e-01
6.570713222026824951e-02
2.947640717029571533e-01
1.359654307365417480e+00
4.014172554016113281e-01
2.969167232513427734e+00
4.694719612598419189e-01
3.770548105239868164e-01
1.280217152088880539e-02
2.021717280149459839e-01
0.000000000000000000e+00
1.762119084596633911e-01
5.976687744259834290e-02
6.658611893653869629e-01
3.117329478263854980e-01
0.000000000000000000e+00
1.182721834629774094e-02
0.000000000000000000e+00
3.973808288574218750e-01
0.000000000000000000e+00
2.263581939041614532e-02
1.111075043678283691e+00
3.200871348381042480e-01
6.204570084810256958e-02
5.562815666198730469e-01
9.316679090261459351e-02
0.000000000000000000e+00
2.542709000408649445e-02
2.434274181723594666e-03
3.003710322082042694e-02
1.760318875312805176e-01
4.423724114894866943e-01
1.973149832338094711e-03
1.599059224128723145e+00
0.000000000000000000e+00
0.000000000000000000e+00
2.111677080392837524e-01
3.124466538429260254e-01
2.387604117393493652e-02
9.198617935180664062e-01
1.267339140176773071e-01
7.363547682762145996e-01
1.032570749521255493e-01
4.482940435409545898e-01
1.159290224313735962e-01
3.720024973154067993e-02
2.778967380523681641e+00
7.671539187431335449e-01
3.781302273273468018e-01
1.261960715055465698e-01
2.875095903873443604e-01
2.234826534986495972e-01
3.172178268432617188e+00
1.277976334095001221e-01
0.000000000000000000e+00
1.003672182559967041e-01
2.132795453071594238e-01
2.349700182676315308e-01
3.451164722442626953e+00
0.000000000000000000e+00
0.000000000000000000e+00
1.580714136362075806e-01
1.848676055669784546e-01
2.719674073159694672e-02
6.616748869419097900e-03
8.324123024940490723e-01
0.000000000000000000e+00
1.060137748718261719e+00
1.030768990516662598e+00
1.817097514867782593e-01
3.773989677429199219e-01
2.925878524780273438e+00
0.000000000000000000e+00
8.187251538038253784e-02
0.000000000000000000e+00
2.938258051872253418e-01
0.000000000000000000e+00
0.000000000000000000e+00
6.409683227539062500e-01
3.477141857147216797e-01
6.793430447578430176e-02
1.672475636005401611e-01
5.737425014376640320e-02
3.150163888931274414e-01
5.738648772239685059e-02
5.396566912531852722e-02
1.081528663635253906e+00
0.000000000000000000e+00
2.153285965323448181e-02
5.428866744041442871e-01
9.233932942152023315e-02
4.681106191128492355e-03
4.054155051708221436e-01
8.651620149612426758e-02
2.313931882381439209e-01
0.000000000000000000e+00
0.000000000000000000e+00
2.939409168902784586e-04
5.736582875251770020e-01
5.763178318738937378e-02
0.000000000000000000e+00
3.814307972788810730e-03
6.531461477279663086e-01
5.546343922615051270e-01
1.670984327793121338e-01
9.886788576841354370e-02
1.575350403785705566e+00
2.299727052450180054e-01
2.542304433882236481e-02
6.604763120412826538e-02
1.399090513586997986e-03
7.450915127992630005e-02
2.481192797422409058e-01
9.415689855813980103e-02
4.363724887371063232e-01
4.461516439914703369e-01
7.541476935148239136e-02
5.879673361778259277e-02
4.001493155956268311e-01
1.341367214918136597e-01
8.006141288205981255e-04
2.297100573778152466e-01
1.587970368564128876e-02
0.000000000000000000e+00
3.472056984901428223e-01
4.009551927447319031e-02
9.887475967407226562e-01
0.000000000000000000e+00
1.552455942146480083e-03
3.323199972510337830e-02
1.114770472049713135e-01
8.254211395978927612e-03
3.402990847826004028e-02
1.198106408119201660e+00
1.902869343757629395e-02
3.347463309764862061e-01
1.214397028088569641e-01
0.000000000000000000e+00
4.397043883800506592e-01
2.352442778646945953e-02
8.420288562774658203e-01
2.643866837024688721e-01
1.784254610538482666e-02
3.037260286509990692e-02
3.699263930320739746e-02
4.826979160308837891e+00
0.000000000000000000e+00
0.000000000000000000e+00
5.308827757835388184e-01
2.006646692752838135e-01
2.021984010934829712e-01
7.195168733596801758e-02
0.000000000000000000e+00
3.827438056468963623e-01
2.369198322296142578e+00
0.000000000000000000e+00
0.000000000000000000e+00
1.002334710210561752e-02
4.138331115245819092e-02
6.842871010303497314e-02
1.102187037467956543e+00
4.656513407826423645e-02
0.000000000000000000e+00
2.555483765900135040e-02
2.456674538552761078e-02
3.387835025787353516e-01
0.000000000000000000e+00
1.680596768856048584e-01
1.852135732769966125e-02
1.118616536259651184e-01
0.000000000000000000e+00
0.000000000000000000e+00
1.021737456321716309e-01
7.675687968730926514e-02
4.464385285973548889e-02
9.269616752862930298e-02
1.137198805809020996e-01
0.000000000000000000e+00
2.958248555660247803e-02
9.294837713241577148e-02
3.055047750473022461e+00
0.000000000000000000e+00
0.000000000000000000e+00
5.890432000160217285e-01
0.000000000000000000e+00
2.116352915763854980e-01
2.189872980117797852e+00
2.399821579456329346e-02
5.027187466621398926e-01
1.455482095479965210e-02
9.912322163581848145e-01
2.015493437647819519e-02
1.819967925548553467e-01
8.709990978240966797e-02
1.340498447418212891e+00
2.173971384763717651e-01
1.639756709337234497e-01
0.000000000000000000e+00
0.000000000000000000e+00
5.039744377136230469e-01
0.000000000000000000e+00
4.216505587100982666e-01
4.697974920272827148e-01
8.794883489608764648e-01
8.974753618240356445e-01
8.789440989494323730e-01
8.124046325683593750e-01
1.887998729944229126e-01
1.008591707795858383e-02
5.778805613517761230e-01
1.549502462148666382e-01
5.010559558868408203e-01
2.936536911875009537e-03
6.248514652252197266e-01
2.990798093378543854e-02
1.620944705791771412e-03
1.314778178930282593e-01
1.017404273152351379e-01
3.151777088642120361e-01
4.081327840685844421e-02
4.331097006797790527e-02
1.370523124933242798e-01
3.530530631542205811e-02
5.990172028541564941e-01
0.000000000000000000e+00
9.881175123155117035e-03
2.172740846872329712e-01
2.220573872327804565e-01
0.000000000000000000e+00
0.000000000000000000e+00
0.000000000000000000e+00
6.433586031198501587e-02
1.096443086862564087e-02
9.480279684066772461e-01
0.000000000000000000e+00
1.703135296702384949e-02
0.000000000000000000e+00
7.295137643814086914e-02
2.917417138814926147e-02
1.680508702993392944e-01
5.374079942703247070e-02
3.609654260799288750e-03
6.742827892303466797e-01
1.389663815498352051e-01
1.633111536502838135e-01
1.163759827613830566e-01
2.636155188083648682e-01
0.000000000000000000e+00
7.297229766845703125e-02
1.165698647499084473e+00
0.000000000000000000e+00
7.253184914588928223e-01
1.423255801200866699e-01
2.851005494594573975e-01
8.219828605651855469e-01
3.911606036126613617e-03
1.672824919223785400e-01
2.387007474899291992e-01
0.000000000000000000e+00
2.143477946519851685e-01
0.000000000000000000e+00
1.339271366596221924e-01
2.896163761615753174e-01
9.109961986541748047e-02
7.082699537277221680e-01
0.000000000000000000e+00
3.736602783203125000e+00
1.067246913909912109e+00
2.213696762919425964e-02
3.975211083889007568e-01
5.607322692871093750e+00
3.947518467903137207e-01
6.313645243644714355e-01
0.000000000000000000e+00
6.608973145484924316e-01
0.000000000000000000e+00
7.047248482704162598e-01
4.096460714936256409e-02
5.136483535170555115e-02
0.000000000000000000e+00
2.213802933692932129e-02
1.302047818899154663e-02
0.000000000000000000e+00
3.545775115489959717e-01
4.508640766143798828e-01
1.467012405395507812e+00
8.444001525640487671e-02
2.063970565795898438e-01
1.769232600927352905e-01
1.882223188877105713e-01
5.314174294471740723e-02
0.000000000000000000e+00
5.162267684936523438e-01
3.297546207904815674e-01
1.127298804931342602e-03
4.072974026203155518e-01
5.774888992309570312e-01
1.268295049667358398e-01
2.735898457467556000e-02
0.000000000000000000e+00
0.000000000000000000e+00
1.268232345581054688e+00
9.617588669061660767e-02
1.911517977714538574e-01
1.983630061149597168e-01
4.410120248794555664e-01
3.028596341609954834e-01
1.385305356234312057e-02
1.779031902551651001e-01
9.851992130279541016e-02
1.119860410690307617e+00
1.942902803421020508e-03
1.396455764770507812e+00
1.600617408752441406e+00
0.000000000000000000e+00
0.000000000000000000e+00
9.223094210028648376e-03
4.064576923847198486e-01
5.390742421150207520e-01
1.119040604680776596e-02
5.332123860716819763e-02
1.614697277545928955e-02
4.144823178648948669e-02
0.000000000000000000e+00
2.517895996570587158e-01
3.848373144865036011e-02
4.708386957645416260e-01
0.000000000000000000e+00
1.380390524864196777e-01
3.386446237564086914e-01
1.176681742072105408e-01
1.590325474739074707e+00
8.697424083948135376e-02
9.361147284507751465e-01
5.727444216609001160e-02
0.000000000000000000e+00
1.206560015678405762e+00
5.240319669246673584e-02
2.143196910619735718e-01
1.763236224651336670e-01
8.888845145702362061e-02
2.287679761648178101e-01
3.980401754379272461e-01
1.521338224411010742e-01
8.197548240423202515e-02
2.001814395189285278e-01
6.121124625205993652e-01
1.853972524404525757e-01
7.032570242881774902e-02
3.879666328430175781e-02
0.000000000000000000e+00
0.000000000000000000e+00
7.404507696628570557e-02
1.545180827379226685e-01
0.000000000000000000e+00
1.583063125610351562e+00
0.000000000000000000e+00
1.231877565383911133e+00
8.330984972417354584e-03
2.355088472366333008e+00
1.993868872523307800e-02
1.184503212571144104e-01
5.397234112024307251e-02
0.000000000000000000e+00
2.722482383251190186e-01
0.000000000000000000e+00
9.069010019302368164e-01
2.757807262241840363e-03
4.235824942588806152e-02
2.130177497863769531e+00
3.188485205173492432e-01
0.000000000000000000e+00
2.353626489639282227e-01
1.036935746669769287e-01
6.147115826606750488e-01
1.096250861883163452e-02
0.000000000000000000e+00
8.899429440498352051e-01
5.388941615819931030e-02
2.400013655424118042e-01
6.106545329093933105e-01
3.094596043229103088e-02
9.497004747390747070e-02
1.287603676319122314e-01
0.000000000000000000e+00
3.017514944076538086e-01
0.000000000000000000e+00
7.185193300247192383e-01
9.336464107036590576e-02
4.807912111282348633e-01
3.681936999782919884e-03
8.190310597419738770e-01
6.770309805870056152e-02
2.096234411001205444e-01
0.000000000000000000e+00
6.364450789988040924e-03
0.000000000000000000e+00
0.000000000000000000e+00
3.163283467292785645e-01
6.145844236016273499e-02
5.314166843891143799e-02
0.000000000000000000e+00
2.021771222352981567e-01
1.503153294324874878e-01
2.635655999183654785e-01
0.000000000000000000e+00
2.775205969810485840e-01
1.905228383839130402e-02
5.919357296079397202e-03
1.356534776277840137e-03
2.451864928007125854e-01
0.000000000000000000e+00
4.397133737802505493e-02
0.000000000000000000e+00
8.635264635086059570e-02
0.000000000000000000e+00
9.101857990026473999e-02
3.237838745117187500e+00
8.834151923656463623e-02
1.332663297653198242e-01
4.070944488048553467e-01
1.605730317533016205e-02
0.000000000000000000e+00
2.465446591377258301e-01
6.834309101104736328e-01
1.413730084896087646e-01
3.776703379116952419e-04
3.998470306396484375e-02
3.194499760866165161e-02
5.491832271218299866e-02
3.911862671375274658e-01
2.704624552279710770e-03
0.000000000000000000e+00
3.819175297394394875e-03
0.000000000000000000e+00
4.670966789126396179e-02
1.996293812990188599e-01
2.279478125274181366e-02
0.000000000000000000e+00
6.082145497202873230e-02
2.910334058105945587e-02
8.493889868259429932e-02
5.250682830810546875e-01
0.000000000000000000e+00
3.589782416820526123e-01
0.000000000000000000e+00
3.462309390306472778e-02
0.000000000000000000e+00
6.909135729074478149e-03
6.480853259563446045e-02
2.009500414133071899e-01
2.783473581075668335e-02
0.000000000000000000e+00
1.092128083109855652e-02
2.543750286102294922e+00
8.312723040580749512e-01
0.000000000000000000e+00
1.191347464919090271e-01
1.292158663272857666e-01
0.000000000000000000e+00
0.000000000000000000e+00
5.630030632019042969e-01
2.768757939338684082e-02
1.762554980814456940e-02
1.395984053611755371e+00
5.400876514613628387e-03
1.395772793330252171e-03
1.608191579580307007e-01
7.291033864021301270e-01
9.139098227024078369e-02
4.877862054854631424e-03
1.607397496700286865e-01
