9.990018792450428009e-03
3.845253884792327881e-01
7.903114706277847290e-02
5.633271932601928711e-01
1.349043369293212891e+00
3.868368919938802719e-03
2.302775830030441284e-01
0.000000000000000000e+00
1.194627523422241211e+00
4.239901542663574219e+00
0.000000000000000000e+00
1.239275932312011719e-01
1.127566397190093994e-02
2.667834982275962830e-03
6.988377124071121216e-02
2.512675285339355469e+00
2.459573894739151001e-01
6.200383901596069336e-01
3.781115636229515076e-02
1.450530648231506348e+00
1.133260354399681091e-01
2.002894133329391479e-02
1.198788285255432129e-01
1.585854403674602509e-02
1.576997488737106323e-01
2.413332611322402954e-01
3.004651665687561035e-01
1.187028456479310989e-02
6.002407670021057129e-01
1.917442977428436279e-01
6.334252953529357910e-01
6.107970606535673141e-03
1.696247160434722900e-01
1.529645323753356934e-01
2.920918352901935577e-02
2.721700668334960938e-01
0.000000000000000000e+00
2.997623085975646973e-01
6.789488345384597778e-02
4.898900687694549561e-01
1.722068041563034058e-01
6.246816515922546387e-01
5.640684366226196289e-01
1.422992348670959473e+00
1.739020496606826782e-01
4.981530606746673584e-01
3.623817265033721924e-01
1.344186961650848389e-01
4.506931453943252563e-02
1.189605146646499634e-01
1.139628514647483826e-01
5.043261647224426270e-01
3.733742833137512207e-01
2.154440805315971375e-02
3.772516548633575439e-02
0.000000000000000000e+00
2.408764064311981201e-01
1.094663962721824646e-01
3.553053438663482666e-01
6.563721299171447754e-01
4.144391536712646484e+00
9.897601008415222168e-01
4.874369874596595764e-02
1.882087625563144684e-02
2.177767515182495117e+00
3.386089503765106201e-01
1.917010426521301270e+00
9.674257636070251465e-01
1.379344165325164795e-01
6.613636761903762817e-02
8.693889975547790527e-01
2.378885895013809204e-01
0.000000000000000000e+00
2.009161934256553650e-02
3.228223919868469238e-01
2.855354249477386475e-01
7.231984138488769531e-01
2.386555969715118408e-01
1.428232908248901367e+00
1.893902756273746490e-02
3.880203008651733398e+00
3.750268369913101196e-03
1.843170076608657837e-01
7.542658597230911255e-02
4.090903282165527344e+00
9.519035220146179199e-01
0.000000000000000000e+00
1.440863162279129028e-01
5.572220683097839355e-01
3.251044452190399170e-02
3.823232948780059814e-01
1.537247151136398315e-01
8.711789548397064209e-02
1.664062440395355225e-01
3.499467158690094948e-03
4.920634627342224121e-02
6.510353684425354004e-01
2.678775489330291748e-01
8.356982469558715820e-01
4.479163885116577148e-02
1.560679674148559570e-01
6.861035227775573730e-01
1.863141059875488281e+00
3.532916605472564697e-01
5.106449127197265625e-02
6.375405937433242798e-03
2.833608090877532959e-01
2.429031394422054291e-02
3.474184498190879822e-02
5.044612884521484375e+00
9.648809581995010376e-02
9.036943316459655762e-01
1.715411424636840820e+00
8.800836801528930664e-01
0.000000000000000000e+00
1.342610418796539307e-01
5.512716174125671387e-01
0.000000000000000000e+00
4.245049133896827698e-02
0.000000000000000000e+00
1.608660817146301270e+00
3.803488984704017639e-02
8.008400350809097290e-02
0.000000000000000000e+00
3.870598077774047852e-01
4.021329432725906372e-02
5.060291886329650879e-01
5.408579483628273010e-02
0.000000000000000000e+00
2.136040478944778442e-02
0.000000000000000000e+00
5.045642256736755371e-01
0.000000000000000000e+00
1.757175922393798828e-01
1.018096327781677246e+00
3.577002882957458496e-02
8.144014477729797363e-01
7.069286704063415527e-02
2.005245923995971680e+00
4.632966220378875732e-02
7.227295637130737305e-01
1.004681348800659180e+00
0.000000000000000000e+00
1.969803929328918457e+00
3.224191963672637939e-01
2.858484685420989990e-01
1.481355875730514526e-01
0.000000000000000000e+00
4.822700619697570801e-01
1.886605750769376755e-03
0.000000000000000000e+00
3.403153270483016968e-02
5.305024236440658569e-02
2.237279154360294342e-02
3.134790658950805664e-01
1.571704000234603882e-01
5.632141232490539551e-02
1.367867469787597656e+00
0.000000000000000000e+00
1.840088844299316406e+00
1.818570047616958618e-01
0.000000000000000000e+00
2.917207181453704834e-01
2.262276560068130493e-01
3.979535400867462158e-01
1.674852132797241211e+00
8.287873864173889160e-02
0.000000000000000000e+00
5.293281748890876770e-03
1.200981616973876953e+00
7.765440940856933594e-01
6.226059198379516602e-01
9.542824625968933105e-01
0.000000000000000000e+00
1.818602345883846283e-02
1.108105704188346863e-01
8.774064481258392334e-02
2.428155764937400818e-02
5.416734814643859863e-01
4.644809663295745850e-01
1.534572839736938477e-01
1.058131217956542969e+00
3.601994514465332031e-01
3.145849704742431641e-01
3.635787963867187500e-01
2.322201251983642578e+00
3.314343392848968506e-01
5.805883407592773438e-01
7.344899177551269531e-01
1.327483773231506348e+00
2.263046801090240479e-02
5.117129087448120117e-01
3.207412958145141602e-01
9.625605940818786621e-01
2.678128182888031006e-01
2.668290436267852783e-01
3.152106404304504395e-01
3.521824181079864502e-01
1.332404762506484985e-01
3.413862884044647217e-01
7.982743531465530396e-02
1.118421673774719238e+00
8.737709373235702515e-02
7.998753339052200317e-02
7.699565589427947998e-02
2.317234039306640625e+00
9.377549588680267334e-02
3.601548075675964355e-01
2.994326651096343994e-01
8.862013369798660278e-02
8.056055754423141479e-02
6.019111722707748413e-03
0.000000000000000000e+00
2.047823369503021240e-01
1.802393049001693726e-02
1.416970342397689819e-01
6.936169229447841644e-03
5.068021267652511597e-02
6.405501067638397217e-02
1.313489377498626709e-01
6.547807157039642334e-02
0.000000000000000000e+00
1.180320858955383301e+00
3.168819844722747803e-02
2.183329779654741287e-03
1.851464658975601196e-01
3.500804603099822998e-01
5.100805759429931641e-01
1.297420561313629150e-01
0.000000000000000000e+00
3.618803573772311211e-03
4.203241318464279175e-02
1.936032623052597046e-01
1.134057268500328064e-01
0.000000000000000000e+00
8.621590211987495422e-03
7.794018834829330444e-02
1.455154567956924438e-01
0.000000000000000000e+00
0.000000000000000000e+00
4.753643646836280823e-03
2.212007045745849609e-01
1.029233261942863464e-01
3.713610470294952393e-01
4.310549497604370117e-01
8.211516737937927246e-01
2.323722839355468750e-01
7.512639760971069336e-01
0.000000000000000000e+00
1.250158846378326416e-01
0.000000000000000000e+00
1.665434539318084717e-01
4.010861814022064209e-01
3.356422111392021179e-02
4.409214854240417480e-01
2.091238498687744141e-01
1.498427242040634155e-01
1.493466794490814209e-01
1.554819703102111816e+00
1.305582225322723389e-01
1.480892419815063477e+00
8.034320473670959473e-01
1.722313761711120605e+00
2.853305637836456299e-01
1.218629479408264160e+00
3.499184846878051758e-01
1.685806736350059509e-02
1.000955104827880859e+00
2.578951716423034668e-01
6.122137308120727539e-01
1.280585080385208130e-01
7.658225893974304199e-01
0.000000000000000000e+00
2.783342003822326660e-01
4.394537508487701416e-01
9.123814105987548828e-01
1.901470124721527100e-01
6.145707890391349792e-02
3.775078535079956055e+00
1.811048574745655060e-02
7.474772632122039795e-02
5.558090284466743469e-02
2.614535093307495117e-01
0.000000000000000000e+00
8.624233305454254150e-03
1.853614926338195801e+00
3.033012151718139648e-01
3.570852577686309814e-01
5.198721289634704590e-01
3.045678138732910156e-01
1.105247497558593750e+00
5.298832431435585022e-02
2.426313310861587524e-01
1.112009733915328979e-01
0.000000000000000000e+00
2.238714843988418579e-01
3.284515812993049622e-02
0.000000000000000000e+00
6.737475842237472534e-02
5.570189654827117920e-02
2.713888511061668396e-02
5.512589216232299805e-01
4.151268303394317627e-02
5.583820343017578125e-01
4.165542125701904297e-01
1.454020440578460693e-01
5.669304132461547852e-01
3.596031293272972107e-02
2.681742310523986816e-01
2.331921830773353577e-02
4.702311456203460693e-01
8.762702345848083496e-01
6.402100622653961182e-02
3.725850954651832581e-02
0.000000000000000000e+00
1.295152664184570312e+00
2.159193277359008789e+00
5.253781005740165710e-02
0.000000000000000000e+00
0.000000000000000000e+00
0.000000000000000000e+00
0.000000000000000000e+00
3.212360739707946777e-01
3.265850991010665894e-02
6.613209843635559082e-02
2.216439992189407349e-01
6.982211023569107056e-02
1.041545644402503967e-01
1.537981033325195312e-01
7.085818648338317871e-01
2.715705633163452148e-01
8.941195607185363770e-01
4.756192862987518311e-01
7.784029841423034668e-01
3.721269607543945312e+00
9.890091419219970703e-02
2.301636189222335815e-01
2.497688233852386475e-01
1.995506733655929565e-01
5.939676165580749512e-01
0.000000000000000000e+00
8.457298874855041504e-01
9.261017292737960815e-02
2.468628585338592529e-01
3.309956938028335571e-02
0.000000000000000000e+00
2.077680677175521851e-01
1.914967775344848633e+00
5.361318588256835938e-01
5.085723847150802612e-02
8.171246647834777832e-01
2.511379122734069824e-01
7.218927145004272461e-01
1.913441270589828491e-01
2.153998166322708130e-01
3.399910405278205872e-02
6.605232357978820801e-01
3.858312070369720459e-01
8.291980028152465820e-01
3.401685878634452820e-02
1.597173511981964111e-01
0.000000000000000000e+00
5.535075068473815918e-02
0.000000000000000000e+00
1.951458752155303955e-01
0.000000000000000000e+00
2.826449871063232422e+00
1.843899637460708618e-01
3.509170711040496826e-01
2.452777922153472900e-01
0.000000000000000000e+00
2.020329087972640991e-01
9.701753407716751099e-02
3.336459025740623474e-02
0.000000000000000000e+00
1.031062081456184387e-01
1.865350306034088135e-01
3.774640560150146484e-01
1.477476358413696289e+00
4.648384451866149902e-01
5.665412545204162598e-02
4.704302251338958740e-01
5.513868331909179688e-01
4.931379854679107666e-02
6.831481456756591797e-01
2.427896670997142792e-02
4.222071915864944458e-02
0.000000000000000000e+00
3.518963232636451721e-02
1.691981218755245209e-03
5.801683664321899414e-01
2.806107997894287109e-01
0.000000000000000000e+00
1.270417571067810059e-01
2.610419690608978271e-01
2.394991397857666016e+00
5.244801938533782959e-02
4.569001495838165283e-01
1.501293294131755829e-02
0.000000000000000000e+00
1.925854325294494629e+00
1.079936251044273376e-01
9.892792254686355591e-02
6.776398420333862305e-01
7.227017283439636230e-01
3.837173106148838997e-03
1.177852749824523926e+00
1.150059103965759277e+00
8.984848111867904663e-02
2.496682405471801758e-01
1.294412016868591309e+00
4.380562901496887207e-02
9.623439610004425049e-02
3.286622231826186180e-03
1.956619620323181152e+00
7.898333668708801270e-01
0.000000000000000000e+00
3.325306177139282227e-01
7.519667595624923706e-02
4.530632197856903076e-01
2.655112557113170624e-02
2.615889310836791992e-01
3.819595091044902802e-03
1.977653950452804565e-01
2.954883675556629896e-04
1.386525630950927734e+00
1.585522890090942383e+00
4.418646544218063354e-02
1.082384437322616577e-01
2.310798615217208862e-01
1.702849984169006348e+00
3.639683825895190239e-03
5.388976573944091797e+00
1.617194861173629761e-01
1.629996597766876221e-01
4.098668098449707031e-01
1.187714338302612305e+00
0.000000000000000000e+00
8.210705965757369995e-02
3.863877356052398682e-01
4.044486582279205322e-02
5.406097769737243652e-01
0.000000000000000000e+00
1.506237387657165527e-01
3.502947390079498291e-01
3.763969242572784424e-01
6.780619174242019653e-02
0.000000000000000000e+00
0.000000000000000000e+00
4.053838551044464111e-01
6.286701560020446777e-01
9.868691861629486084e-02
9.804110527038574219e-01
1.392871260643005371e+00
4.599731266498565674e-01
8.283967971801757812e-01
3.465757146477699280e-02
3.250584378838539124e-02
1.563841551542282104e-01
2.710336446762084961e-01
3.877408802509307861e-01
2.585813999176025391e-01
0.000000000000000000e+00
3.449251651763916016e-01
2.190520800650119781e-02
4.963185191154479980e-01
6.271741390228271484e-01
4.898050799965858459e-02
2.080108411610126495e-02
5.168288350105285645e-01
6.497144699096679688e-01
2.141701936721801758e+00
1.676088757812976837e-02
2.104243636131286621e-01
5.525802373886108398e-01
1.732368588447570801e+00
1.502635478973388672e-01
8.554673939943313599e-02
2.010896444320678711e+00
6.000735759735107422e-01
5.483553279191255569e-03
3.094878792762756348e-02
3.272345364093780518e-01
3.067365884780883789e+00
1.025428891181945801e+00
0.000000000000000000e+00
1.101111695170402527e-01
2.837433218955993652e-01
6.577880382537841797e-01
4.976086914539337158e-01
1.794990450143814087e-01
2.257368713617324829e-01
6.207347512245178223e-01
8.112850598990917206e-03
2.084534317255020142e-01
1.200333684682846069e-01
0.000000000000000000e+00
2.718350172042846680e+00
1.756119579076766968e-01
1.200727745890617371e-01
1.629413309274241328e-04
2.783104777336120605e-01
4.227656424045562744e-01
0.000000000000000000e+00
1.198456764221191406e+00
9.521996974945068359e-02
4.645082950592041016e-01
0.000000000000000000e+00
1.719914674758911133e-01
3.343308717012405396e-02
1.968580856919288635e-02
3.600891306996345520e-02
1.239547252655029297e+00
8.083847761154174805e-01
1.714580655097961426e+00
0.000000000000000000e+00
5.679193735122680664e-01
3.729542732238769531e+00
0.000000000000000000e+00
4.633157979696989059e-03
1.040065512061119080e-01
0.000000000000000000e+00
7.809346169233322144e-02
1.192396163940429688e+00
8.148536831140518188e-02
2.183331966400146484e+00
0.000000000000000000e+00
1.153293013572692871e+00
1.128814294934272766e-01
3.602526187896728516e-01
2.026261687278747559e-01
1.284269928932189941e+00
3.439676761627197266e+00
4.753663241863250732e-01
3.042270183563232422e+00
0.000000000000000000e+00
9.671825170516967773e-02
5.290431380271911621e-01
0.000000000000000000e+00
1.380306184291839600e-01
0.000000000000000000e+00
5.880039930343627930e-01
7.343114912509918213e-02
5.163451656699180603e-02
0.000000000000000000e+00
1.956010609865188599e-01
1.954484701156616211e+00
1.299352645874023438e-01
2.305351011455059052e-02
2.158888816833496094e+00
0.000000000000000000e+00
2.038925588130950928e-01
3.913831412792205811e-01
1.214248090982437134e-01
7.083471119403839111e-02
0.000000000000000000e+00
2.280575484037399292e-01
9.912831708788871765e-03
3.641804754734039307e-01
1.710293292999267578e-01
6.170076727867126465e-01
1.999615877866744995e-01
6.729925274848937988e-01
9.382229447364807129e-01
6.493677943944931030e-02
1.595813035964965820e-01
3.795276582241058350e-01
1.254729032516479492e-01
6.037656217813491821e-03
7.793924808502197266e-01
5.097200274467468262e-01
1.183416247367858887e+00
0.000000000000000000e+00
3.550069406628608704e-02
1.158386349678039551e+00
5.843406915664672852e-02
0.000000000000000000e+00
7.127241790294647217e-02
3.839322179555892944e-02
1.042592301964759827e-01
5.250062793493270874e-02
4.269309043884277344e-01
4.608676433563232422e-01
0.000000000000000000e+00
8.563832193613052368e-02
4.195180162787437439e-02
0.000000000000000000e+00
7.175189256668090820e-01
3.097718358039855957e-01
4.492442607879638672e-01
1.127248480916023254e-01
2.771626412868499756e-01
3.153705270960927010e-03
1.257227212190628052e-01
1.691755205392837524e-01
0.000000000000000000e+00
1.218376308679580688e-02
3.560231208801269531e+00
5.076565146446228027e-01
4.890028387308120728e-03
4.868173040449619293e-03
1.189045682549476624e-01
0.000000000000000000e+00
2.403921127319335938e+00
2.130959749221801758e+00
1.030149683356285095e-01
1.083594039082527161e-01
4.584515988826751709e-01
4.542192816734313965e-02
3.786579966545104980e-01
1.086551904678344727e+00
7.590808272361755371e-01
5.636537671089172363e-01
9.068280458450317383e-01
9.992586970329284668e-01
7.182704210281372070e-01
3.396641463041305542e-02
6.002073362469673157e-02
5.582298636436462402e-01
6.921678781509399414e-02
0.000000000000000000e+00
8.309888094663619995e-02
2.386479079723358154e-01
0.000000000000000000e+00
6.659952998161315918e-01
1.769659481942653656e-02
3.534718230366706848e-02
2.408840656280517578e+00
2.327948994934558868e-02
0.000000000000000000e+00
2.871832847595214844e-01
4.729817807674407959e-01
1.209873318672180176e+00
0.000000000000000000e+00
1.573942005634307861e-01
2.742751240730285645e-01
8.952761441469192505e-02
1.160153150558471680e+00
1.732154726982116699e+00
0.000000000000000000e+00
5.262224376201629639e-02
4.202400445938110352e-01
2.093878030776977539e+00
6.950003653764724731e-02
1.452060818672180176e+00
3.710021972656250000e-01
2.050276845693588257e-01
1.985350251197814941e-02
5.869743824005126953e-01
1.655378341674804688e+00
5.091296434402465820e-01
2.177805006504058838e-01
8.415479063987731934e-01
3.093839645385742188e+00
5.756468698382377625e-02
3.903458118438720703e-01
7.091662287712097168e-01
2.745887339115142822e-01
0.000000000000000000e+00
1.253560900688171387e+00
8.167879581451416016e-01
3.573708981275558472e-02
6.652783155441284180e-01
5.694637894630432129e-01
0.000000000000000000e+00
2.013513594865798950e-01
6.109904646873474121e-01
1.423844993114471436e-01
8.134431391954421997e-02
4.147036671638488770e-01
3.575429320335388184e-01
5.554628968238830566e-01
5.000884085893630981e-02
4.720978736877441406e-01
6.015850976109504700e-02
1.171973273158073425e-01
5.689536929130554199e-01
4.809567630290985107e-01
2.809783518314361572e-01
4.562995955348014832e-02
0.000000000000000000e+00
9.108491241931915283e-03
4.882360696792602539e-01
0.000000000000000000e+00
1.764624007046222687e-02
9.240443259477615356e-02
1.711283206939697266e+00
5.289071798324584961e-02
8.272013068199157715e-02
3.026237711310386658e-02
1.175175309181213379e+00
8.941751718521118164e-02
5.369207262992858887e-01
2.989686727523803711e-01
2.045425772666931152e-02
3.854261040687561035e-01
1.984378695487976074e-01
1.049280762672424316e-01
2.646628916263580322e-01
2.721953094005584717e-01
3.714652776718139648e+00
3.234830796718597412e-01
1.246086433529853821e-01
2.166054993867874146e-01
1.402213275432586670e-01
1.483493391424417496e-02
1.604607328772544861e-02
9.650462120771408081e-02
6.388948857784271240e-02
9.968722611665725708e-02
0.000000000000000000e+00
2.163834422826766968e-01
0.000000000000000000e+00
5.728296637535095215e-01
4.038278385996818542e-02
1.921770572662353516e-01
1.298291087150573730e-01
3.332060575485229492e-01
9.310423396527767181e-03
5.349559336900711060e-02
0.000000000000000000e+00
1.256319228559732437e-02
1.371812969446182251e-01
0.000000000000000000e+00
4.477024972438812256e-01
9.076561331748962402e-01
5.863976106047630310e-02
5.729309916496276855e-01
1.294776499271392822e-01
5.706869363784790039e-01
5.811198800802230835e-02
1.055106893181800842e-01
7.938702702522277832e-01
3.165210783481597900e-01
0.000000000000000000e+00
2.844193577766418457e-02
5.332762748003005981e-02
8.036017417907714844e-03
2.301729517057538033e-03
1.079007163643836975e-01
1.444966673851013184e+00
6.908896565437316895e-01
1.588615775108337402e-01
1.124942421913146973e+00
3.539984226226806641e-01
1.949659436941146851e-01
3.820571601390838623e-01
4.480678141117095947e-01
3.227204680442810059e-01
2.115957498550415039e+00
1.785874247550964355e+00
1.284771919250488281e+00
1.940987110137939453e-01
1.028910353779792786e-01
5.391027079895138741e-04
0.000000000000000000e+00
6.474192440509796143e-02
1.358086988329887390e-02
9.627614021301269531e-01
1.452073216438293457e+00
7.885577529668807983e-02
5.662155747413635254e-01
8.334887772798538208e-02
1.250947713851928711e-01
7.232081890106201172e-01
3.798765540122985840e-01
7.026941329240798950e-02
6.353531479835510254e-01
1.702507436275482178e-01
1.359376192092895508e+00
1.214978843927383423e-02
7.472177594900131226e-02
8.064807951450347900e-02
5.317980647087097168e-01
5.967105031013488770e-01
2.255779981613159180e+00
2.703444361686706543e-01
2.852094471454620361e-01
5.578791499137878418e-01
9.773616194725036621e-01
7.092370092868804932e-02
2.382971644401550293e-01
2.269629389047622681e-01
7.502685487270355225e-02
1.029027700424194336e+00
0.000000000000000000e+00
1.273517012596130371e-01
3.589556515216827393e-01
5.177283883094787598e-01
7.712958008050918579e-02
1.475409418344497681e-01
5.598179996013641357e-02
7.550903558731079102e-01
2.130753099918365479e-01
0.000000000000000000e+00
0.000000000000000000e+00
2.716550230979919434e-01
1.224581375718116760e-01
7.178530097007751465e-01
1.126938700675964355e+00
0.000000000000000000e+00
1.607669949531555176e+00
2.194501399993896484e+00
0.000000000000000000e+00
7.903117686510086060e-02
6.707982420921325684e-01
9.593226015567779541e-02
1.597020328044891357e-01
2.334011077880859375e+00
6.404509544372558594e-01
6.572496294975280762e-01
0.000000000000000000e+00
1.825034618377685547e-02
2.875421047210693359e-01
1.104217544198036194e-01
6.246199086308479309e-02
8.109837174415588379e-01
8.043526411056518555e-01
1.151494756340980530e-01
9.428752213716506958e-02
5.522918887436389923e-03
0.000000000000000000e+00
1.841911375522613525e-01
8.216250538825988770e-01
2.953163115307688713e-03
0.000000000000000000e+00
0.000000000000000000e+00
3.924463689327239990e-01
7.158809155225753784e-02
2.294903755187988281e+00
0.000000000000000000e+00
0.000000000000000000e+00
2.921589091420173645e-02
4.904470406472682953e-03
5.130667239427566528e-03
3.563894033432006836e-01
2.828988805413246155e-02
3.556221127510070801e-01
2.539324632380157709e-04
1.342555761337280273e+00
4.721415042877197266e-01
2.225214958190917969e+00
9.224515557289123535e-01
1.250893920660018921e-01
6.606900691986083984e-02
9.335973262786865234e-01
1.360614597797393799e-01
8.761017024517059326e-02
1.276867743581533432e-02
1.026307046413421631e-02
3.312626183032989502e-01
3.467919230461120605e-01
4.483795464038848877e-01
1.377305537462234497e-01
2.300779335200786591e-03
2.473950535058975220e-01
1.830476820468902588e-01
3.939098119735717773e-02
9.112420082092285156e-01
0.000000000000000000e+00
1.042384505271911621e-01
4.353243410587310791e-01
2.891396045684814453e+00
4.408110082149505615e-01
4.290291666984558105e-01
1.669912934303283691e-01
3.321090340614318848e-01
3.179101049900054932e-01
3.698698431253433228e-02
1.025851726531982422e+00
4.749806523323059082e-01
4.402851685881614685e-02
2.409923262894153595e-02
1.598692089319229126e-01
0.000000000000000000e+00
1.672324389219284058e-01
2.589056193828582764e-01
1.949579715728759766e-01
4.405625760555267334e-01
1.058604121208190918e-01
2.641143649816513062e-02
0.000000000000000000e+00
4.023105651140213013e-02
1.174473296850919724e-02
1.055507734417915344e-02
0.000000000000000000e+00
4.484057426452636719e-01
6.055374741554260254e-01
2.938713729381561279e-01
8.187699317932128906e-01
1.705399513244628906e+00
0.000000000000000000e+00
3.816527873277664185e-02
7.326341420412063599e-02
3.323496878147125244e-01
4.912684857845306396e-02
6.513108015060424805e-01
3.768397867679595947e-01
1.432138562202453613e+00
3.044611774384975433e-02
1.340637803077697754e+00
3.344005346298217773e-01
1.888809651136398315e-01
6.683175265789031982e-02
5.267263855785131454e-03
1.306420803070068359e+00
2.932311058044433594e+00
3.741186618804931641e+00
7.147659361362457275e-02
1.169814318418502808e-01
1.260433793067932129e-01
1.250018328428268433e-01
9.540295004844665527e-01
1.456162691116333008e+00
1.384502053260803223e+00
4.818812012672424316e-01
5.296750664710998535e-01
1.313797682523727417e-01
6.814332306385040283e-02
8.298206329345703125e-02
1.237816452980041504e+00
2.360420078039169312e-01
7.526608556509017944e-02
8.588538765907287598e-01
2.836642563343048096e-01
2.130026102066040039e+00
5.925930023193359375e+00
6.544923782348632812e-02
0.000000000000000000e+00
6.227747071534395218e-03
6.613002717494964600e-02
0.000000000000000000e+00
1.016969978809356689e-01
9.060915112495422363e-01
1.383170962333679199e+00
6.615021228790283203e-01
2.622948884963989258e-01
8.245037868618965149e-03
2.764632105827331543e-01
6.411190629005432129e-01
9.101904928684234619e-02
1.473494648933410645e+00
3.815104067325592041e-02
1.437729895114898682e-01
4.328224360942840576e-01
3.957822546362876892e-02
3.225043714046478271e-01
2.219311892986297607e-01
3.155694603919982910e-01
1.780805438756942749e-01
1.956363022327423096e-02
3.945720568299293518e-02
0.000000000000000000e+00
7.612307071685791016e-01
9.942815452814102173e-02
2.458124399185180664e+00
2.913503944873809814e-01
0.000000000000000000e+00
2.032724954187870026e-02
1.058647185564041138e-01
7.914764881134033203e-01
2.913179099559783936e-01
9.128901362419128418e-02
8.733320981264114380e-02
2.584199234843254089e-02
2.033682353794574738e-02
8.217904716730117798e-02
1.071810603141784668e+00
7.096011042594909668e-01
5.745391249656677246e-01
2.470108568668365479e-01
4.878525808453559875e-02
6.689341068267822266e-01
1.159890294075012207e+00
0.000000000000000000e+00
9.236503392457962036e-03
9.688170552253723145e-01
5.933848619461059570e-01
9.362606331706047058e-03
1.406136602163314819e-01
1.828053146600723267e-01
6.526577472686767578e-02
3.386553525924682617e-01
3.768389672040939331e-02
3.156699538230895996e-01
1.039611816406250000e+00
5.129926800727844238e-01
6.962513923645019531e-01
1.201095432043075562e-02
0.000000000000000000e+00
1.504616618156433105e+00
2.715043127536773682e-01
1.457371562719345093e-01
2.264034003019332886e-03
2.677512168884277344e-01
3.047268651425838470e-02
7.625420093536376953e-01
1.591095030307769775e-01
5.368294194340705872e-02
1.306440234184265137e+00
1.555920988321304321e-01
0.000000000000000000e+00
1.378891617059707642e-01
3.192244470119476318e-01
4.571848511695861816e-01
1.220076810568571091e-02
3.951956052333116531e-03
1.437379866838455200e-01
1.543497443199157715e-01
2.393812894821166992e+00
4.268788695335388184e-01
7.411962151527404785e-01
1.872043013572692871e-01
1.271540224552154541e-01
4.433721542358398438e+00
2.154919505119323730e-02
2.922956943511962891e-01
1.173191294074058533e-01
5.088442564010620117e-01
1.017916947603225708e-01
4.330189824104309082e-01
1.408687949180603027e+00
1.699648946523666382e-01
7.097213268280029297e-01
7.129009068012237549e-02
9.117367118597030640e-02
6.573066711425781250e-01
1.336751133203506470e-02
1.084177475422620773e-02
7.485426962375640869e-02
3.051381707191467285e-01
3.382340371608734131e-01
1.857152462005615234e+00
2.820243239402770996e-01
2.682318389415740967e-01
1.080701828002929688e+00
2.489784061908721924e-01
1.280335664749145508e+00
2.463713884353637695e-01
0.000000000000000000e+00
2.531477436423301697e-02
2.636517286300659180e-01
1.788441208191215992e-03
8.937298655509948730e-01
1.183094382286071777e+00
2.356467485427856445e+00
2.615937232971191406e+00
4.550601541996002197e-02
6.320822238922119141e-01
3.098875880241394043e-01
3.480358123779296875e-01
1.655839085578918457e+00
3.010061681270599365e-01
1.052149772644042969e+00
2.764092944562435150e-02
1.008011982776224613e-03
3.803183324635028839e-03
2.801190912723541260e-01
0.000000000000000000e+00
8.836721628904342651e-02
0.000000000000000000e+00
2.114790439605712891e+00
1.761879771947860718e-01
3.309969604015350342e-02
1.688599139451980591e-01
8.763472735881805420e-02
0.000000000000000000e+00
0.000000000000000000e+00
2.314745634794235229e-02
1.042573601007461548e-01
2.703276574611663818e-01
1.379193067550659180e-01
4.180629730224609375e+00
1.460788965225219727e+00
2.793145656585693359e+00
1.806612163782119751e-01
4.258565604686737061e-02
0.000000000000000000e+00
1.299959897994995117e+00
2.916587591171264648e+00
2.692914009094238281e-01
1.434250622987747192e-01
4.286905527114868164e-01
1.543142795562744141e-01
1.479397863149642944e-01
3.367359638214111328e-01
0.000000000000000000e+00
2.067108005285263062e-01
7.522494196891784668e-01
1.612219959497451782e-01
5.119841918349266052e-02
6.926012635231018066e-01
9.430229663848876953e-03
3.430913686752319336e-01
6.872719526290893555e-01
8.023036122322082520e-01
4.927176535129547119e-01
1.056715846061706543e+00
4.582662880420684814e-01
5.832455158233642578e-01
3.168419003486633301e-01
3.110550530254840851e-02
6.647444330155849457e-03
0.000000000000000000e+00
6.150068044662475586e-01
0.000000000000000000e+00
1.346984356641769409e-01
3.028016984462738037e-01
1.096762776374816895e+00
1.472893357276916504e-01
0.000000000000000000e+00
0.000000000000000000e+00
2.006907165050506592e-01
8.851004838943481445e-01
8.628476858139038086e-01
7.881310582160949707e-02
3.051447272300720215e-01
2.508491873741149902e-01
6.364867091178894043e-01
1.603603959083557129e+00
6.059346199035644531e-01
0.000000000000000000e+00
1.802446693181991577e-02
7.618346810340881348e-01
6.853235363960266113e-01
5.039030313491821289e-01
6.601560711860656738e-01
4.559124410152435303e-01
1.573473215103149414e-02
0.000000000000000000e+00
8.013004064559936523e-02
4.622587934136390686e-02
1.079044863581657410e-01
3.823373839259147644e-02
1.686189651489257812e+00
5.371686816215515137e-01
9.933709353208541870e-02
5.384548753499984741e-02
1.336026042699813843e-01
3.214466273784637451e-01
0.000000000000000000e+00
3.350521922111511230e-01
0.000000000000000000e+00
7.816979289054870605e-01
6.337327510118484497e-02
4.533822834491729736e-02
1.873498708009719849e-01
0.000000000000000000e+00
2.356920957565307617e+00
5.723710060119628906e-01
1.687743067741394043e-01
1.110469549894332886e-02
0.000000000000000000e+00
5.679237246513366699e-01
0.000000000000000000e+00
9.583120793104171753e-02
3.327660262584686279e-02
1.251608729362487793e+00
5.266593303531408310e-03
1.336141955107450485e-02
5.041995644569396973e-01
4.068224132061004639e-01
3.774595633149147034e-02
7.790606617927551270e-01
4.588576257228851318e-01
7.725814580917358398e-01
1.256082177162170410e+00
0.000000000000000000e+00
3.291906118392944336e-01
5.731316208839416504e-01
7.764544486999511719e-01
1.674940139055252075e-01
2.019771784543991089e-01
1.093280196189880371e+00
1.412238776683807373e-01
3.008710034191608429e-02
6.978741288185119629e-01
1.297045469284057617e+00
8.921854943037033081e-02
8.497840166091918945e-02
4.013507813215255737e-02
1.198560744524002075e-01
3.663377836346626282e-02
5.350311994552612305e-01
2.739829778671264648e+00
0.000000000000000000e+00
3.615239635109901428e-02
1.721167117357254028e-01
1.435955166816711426e+00
2.838350832462310791e-01
6.768132448196411133e-01
1.080665364861488342e-01
5.874890685081481934e-01
6.866023689508438110e-02
6.937139630317687988e-01
1.799897104501724243e-01
5.590985715389251709e-02
4.241808131337165833e-02
0.000000000000000000e+00
9.700807183980941772e-02
7.227497547864913940e-02
0.000000000000000000e+00
3.635720908641815186e-02
8.073412775993347168e-01
1.599591374397277832e-01
5.621649622917175293e-01
2.479714155197143555e-01
9.851484000682830811e-02
6.808480620384216309e-02
0.000000000000000000e+00
4.269934594631195068e-01
1.005736142396926880e-01
4.056543577462434769e-03
1.804203242063522339e-01
0.000000000000000000e+00
7.197966426610946655e-02
8.560914546251296997e-02
4.602062329649925232e-02
2.962037920951843262e-01
5.874905586242675781e-01
7.119150459766387939e-02
4.256598949432373047e-01
5.598612427711486816e-01
3.280042409896850586e-01
0.000000000000000000e+00
1.589143276214599609e-01
0.000000000000000000e+00
0.000000000000000000e+00
0.000000000000000000e+00
1.059304624795913696e-01
7.465094327926635742e-02
9.572420269250869751e-02
1.538875460624694824e+00
1.227602884173393250e-01
1.835223436355590820e-01
1.196271181106567383e+00
4.440882503986358643e-01
5.554445981979370117e-01
1.435757577419281006e-01
4.165916442871093750e-01
3.930845297873020172e-03
1.633452177047729492e-01
0.000000000000000000e+00
1.433575153350830078e-01
7.740017771720886230e-01
2.817057967185974121e-01
1.390219777822494507e-01
1.010951492935419083e-02
6.446509957313537598e-01
2.524802684783935547e-01
4.736165523529052734e+00
1.845536381006240845e-01
8.611435890197753906e-01
2.145834416151046753e-01
5.716446042060852051e-01
7.775690406560897827e-02
0.000000000000000000e+00
3.261225461959838867e+00
2.923575639724731445e-01
2.821516692638397217e-01
0.000000000000000000e+00
3.394147455692291260e-01
1.672251462936401367e+00
5.497005209326744080e-02
2.596421241760253906e-01
6.406422853469848633e-01
0.000000000000000000e+00
1.639006077311933041e-03
4.525164365768432617e-01
1.017891615629196167e-02
8.286412954330444336e-01
1.611816585063934326e-01
2.237224727869033813e-01
1.302756667137145996e+00
4.158293604850769043e-01
2.714171409606933594e+00
5.919244512915611267e-02
1.664423011243343353e-02
4.000037014484405518e-01
1.140043884515762329e-01
1.749400943517684937e-01
0.000000000000000000e+00
1.557354480028152466e-01
7.786166667938232422e-01
2.307504415512084961e-01
4.246536195278167725e-01
1.019425019621849060e-01
2.187339544296264648e+00
4.331891536712646484e-01
1.162327080965042114e-01
7.195729613304138184e-01
3.093629479408264160e-01
1.253071874380111694e-01
8.492220938205718994e-02
0.000000000000000000e+00
0.000000000000000000e+00
0.000000000000000000e+00
1.539620012044906616e-01
1.285533457994461060e-01
1.112663894891738892e-01
4.873652756214141846e-02
1.422976255416870117e-01
4.955438375473022461e-01
1.117417737841606140e-01
5.199040174484252930e-01
0.000000000000000000e+00
1.896524243056774139e-02
9.249980449676513672e-01
3.231853544712066650e-01
5.368386581540107727e-02
4.033783376216888428e-01
3.172538056969642639e-02
4.727186635136604309e-02
5.470198229886591434e-04
0.000000000000000000e+00
4.450317844748497009e-02
1.214499354362487793e+00
4.309512972831726074e-01
2.336500138044357300e-01
8.908572793006896973e-01
3.491988033056259155e-02
5.468485355377197266e+00
3.679013550281524658e-01
9.861705303192138672e-01
0.000000000000000000e+00
1.754256606101989746e+00
1.198351025581359863e+00
1.964610219001770020e-01
1.793371737003326416e-01
8.797643184661865234e-01
9.231774210929870605e-01
3.350080251693725586e-01
2.727482616901397705e-01
8.169777691364288330e-02
0.000000000000000000e+00
3.440865278244018555e+00
0.000000000000000000e+00
5.108708143234252930e-02
3.036467358469963074e-02
4.503338932991027832e-01
1.142709106206893921e-01
1.978540658950805664e+00
1.389613270759582520e+00
1.883935689926147461e+00
9.242879152297973633e-01
2.979762852191925049e-01
3.855447471141815186e-01
9.898580610752105713e-02
0.000000000000000000e+00
0.000000000000000000e+00
2.216922283172607422e+00
5.037682652473449707e-01
1.573961786925792694e-02
9.363720417022705078e-01
8.123821616172790527e-01
4.369185771793127060e-03
0.000000000000000000e+00
2.828580856323242188e+00
2.506149709224700928e-01
3.575204610824584961e-01
2.094280272722244263e-01
7.286992073059082031e-01
5.285933613777160645e-02
3.108452772721648216e-03
8.086695671081542969e-01
6.231951713562011719e-01
3.271372616291046143e-02
1.134732604026794434e+00
1.420819640159606934e+00
0.000000000000000000e+00
1.208461523056030273e+00
0.000000000000000000e+00
3.597090005874633789e+00
2.271088510751724243e-01
1.030220091342926025e-01
5.505502820014953613e-01
6.417505145072937012e-01
5.954533219337463379e-01
2.342450141906738281e+00
2.155010849237442017e-01
5.136430859565734863e-01
0.000000000000000000e+00
7.880755066871643066e-01
4.149537682533264160e-01
1.825487613677978516e-01
2.108243405818939209e-01
1.308853924274444580e-01
1.417882800102233887e+00
5.708394106477499008e-03
0.000000000000000000e+00
2.022242099046707153e-01
9.130926430225372314e-02
8.849839121103286743e-02
6.118098497390747070e-01
6.739363670349121094e-01
1.680524200201034546e-01
8.401700295507907867e-03
1.160212159156799316e-01
5.395887419581413269e-03
4.324896633625030518e-02
2.588783018290996552e-02
4.278049767017364502e-01
7.086182385683059692e-02
3.753435611724853516e-01
2.788431167602539062e+00
6.313414126634597778e-02
7.062494754791259766e-01
0.000000000000000000e+00
9.762945026159286499e-02
9.021112918853759766e-01
3.514262735843658447e-01
0.000000000000000000e+00
1.191276907920837402e+00
6.427896618843078613e-01
7.720857858657836914e-02
1.003335565328598022e-01
2.268360182642936707e-02
9.173806011676788330e-02
0.000000000000000000e+00
1.261222839355468750e+00
1.323181111365556717e-02
0.000000000000000000e+00
1.175185218453407288e-01
4.314589779824018478e-03
7.334261536598205566e-01
5.085375905036926270e-01
0.000000000000000000e+00
2.260812968015670776e-01
4.807250201702117920e-02
1.211693644523620605e+00
0.000000000000000000e+00
0.000000000000000000e+00
1.665176600217819214e-01
2.792651951313018799e-01
3.970071971416473389e-01
3.289791822433471680e+00
9.644988924264907837e-02
1.164954781532287598e+00
8.793762326240539551e-01
2.853051424026489258e-01
4.397726953029632568e-01
7.601148486137390137e-01
8.245588839054107666e-02
2.482302300631999969e-02
0.000000000000000000e+00
7.148993667215108871e-03
6.142677068710327148e-01
2.844195961952209473e-01
2.093399614095687866e-01
1.511928200721740723e+00
0.000000000000000000e+00
1.369238048791885376e-01
1.292495578527450562e-01
2.319989055395126343e-01
9.068934917449951172e-01
1.755924671888351440e-01
1.461578011512756348e-01
2.491320818662643433e-01
1.193330168724060059e+00
0.000000000000000000e+00
1.872097700834274292e-01
6.576077938079833984e-01
1.230686306953430176e+00
8.198222517967224121e-02
7.016515135765075684e-01
1.975449472665786743e-01
8.933751583099365234e-01
0.000000000000000000e+00
4.172458946704864502e-01
1.749327182769775391e-01
4.230122566223144531e-01
3.693657815456390381e-01
0.000000000000000000e+00
1.860215365886688232e-01
6.110417470335960388e-02
1.594856381416320801e+00
3.599137961864471436e-01
0.000000000000000000e+00
1.973783522844314575e-01
1.281523704528808594e+00
1.724980473518371582e-01
3.563706949353218079e-02
9.240443706512451172e-01
0.000000000000000000e+00
2.207485958933830261e-02
5.904825210571289062e+00
1.577524095773696899e-01
0.000000000000000000e+00
3.264086786657571793e-03
4.742843210697174072e-01
3.475243598222732544e-02
0.000000000000000000e+00
0.000000000000000000e+00
1.893877536058425903e-01
2.865699864923954010e-02
1.711834073066711426e-01
1.294261217117309570e-01
2.633270323276519775e-01
0.000000000000000000e+00
6.090038642287254333e-02
2.576885938644409180e+00
0.000000000000000000e+00
0.000000000000000000e+00
2.384815216064453125e+00
0.000000000000000000e+00
4.497663676738739014e-02
2.662797272205352783e-01
7.428308725357055664e-01
9.305004477500915527e-01
5.064275488257408142e-02
5.440797656774520874e-02
1.367760002613067627e-01
1.319949477910995483e-01
4.648136496543884277e-01
7.944139838218688965e-01
4.315645992755889893e-01
4.751543402671813965e-01
9.894726872444152832e-01
1.831008195877075195e-01
3.314375281333923340e-01
1.316724997013807297e-02
7.800377160310745239e-02
0.000000000000000000e+00
1.919385418295860291e-02
3.440679311752319336e-01
1.973888993263244629e+00
4.672618865966796875e+00
0.000000000000000000e+00
1.132831349968910217e-01
1.405928373336791992e+00
3.925824165344238281e-01
2.384753674268722534e-01
1.222555413842201233e-01
6.185076713562011719e+00
2.946385443210601807e-01
0.000000000000000000e+00
1.418168395757675171e-01
2.963846623897552490e-01
2.852662280201911926e-02
5.134575366973876953e-01
2.167759537696838379e-01
2.784802913665771484e-01
4.765671212226152420e-03
7.389285415410995483e-02
2.528069615364074707e-01
1.040060371160507202e-01
2.289531286805868149e-03
1.547009404748678207e-02
3.715903311967849731e-02
2.034246474504470825e-01
2.433154881000518799e-01
4.634720087051391602e-02
0.000000000000000000e+00
3.042265027761459351e-02
4.886168986558914185e-02
1.044780850410461426e+00
2.137236297130584717e-01
7.507395744323730469e-02
0.000000000000000000e+00
3.475652337074279785e-01
1.891915500164031982e-02
8.586908578872680664e-01
9.052114486694335938e-01
1.516696214675903320e+00
0.000000000000000000e+00
1.038295865058898926e+00
2.935421764850616455e-01
8.044542312622070312e+00
6.246418505907058716e-02
2.275264739990234375e+00
3.137036323547363281e+00
0.000000000000000000e+00
7.147443294525146484e-02
5.035612359642982483e-02
2.730278298258781433e-02
6.229705214500427246e-01
4.396965205669403076e-01
7.311792969703674316e-01
7.598920464515686035e-01
1.384798288345336914e-01
5.369213819503784180e-01
1.373739123344421387e+00
7.378265857696533203e-01
4.643277823925018311e-01
5.429251790046691895e-01
3.783509880304336548e-02
1.590523421764373779e-01
2.261853367090225220e-01
7.276096940040588379e-01
1.290530443191528320e+00
1.583902835845947266e-01
0.000000000000000000e+00
9.176116436719894409e-02
0.000000000000000000e+00
3.100288808345794678e-01
0.000000000000000000e+00
0.000000000000000000e+00
1.654947698116302490e-01
0.000000000000000000e+00
0.000000000000000000e+00
1.639751076698303223e+00
6.024274230003356934e-02
3.794300258159637451e-01
5.178306624293327332e-02
1.008348073810338974e-02
0.000000000000000000e+00
2.121105557307600975e-03
2.172868013381958008e+00
0.000000000000000000e+00
8.427681922912597656e-01
0.000000000000000000e+00
6.597908735275268555e-01
4.469540715217590332e-02
4.841181039810180664e-01
1.030389666557312012e-01
2.566669940948486328e+00
2.558047175407409668e-01
3.876942098140716553e-01
1.218804344534873962e-01
4.623017907142639160e-01
2.129982113838195801e-01
3.448779582977294922e-01
9.920527935028076172e-01
4.390569686889648438e+00
2.218582779169082642e-01
1.509075984358787537e-02
1.134503006935119629e+00
0.000000000000000000e+00
3.709241628646850586e+00
0.000000000000000000e+00
1.897175908088684082e-01
2.683242261409759521e-01
2.431422770023345947e-01
0.000000000000000000e+00
7.427706718444824219e-01
0.000000000000000000e+00
8.382841944694519043e-02
0.000000000000000000e+00
9.488695301115512848e-03
5.660936832427978516e-01
2.290078252553939819e-01
1.312717199325561523e-01
0.000000000000000000e+00
1.045602113008499146e-01
9.150627255439758301e-01
1.167405128479003906e+00
1.142448163591325283e-03
0.000000000000000000e+00
1.108802706003189087e-01
2.064375020563602448e-02
6.034186482429504395e-02
2.905471064150333405e-02
0.000000000000000000e+00
1.683061383664608002e-02
1.179052144289016724e-02
4.000819325447082520e-01
0.000000000000000000e+00
5.112184882164001465e-01
0.000000000000000000e+00
4.962069988250732422e-01
1.706420779228210449e-01
1.378702223300933838e-01
0.000000000000000000e+00
3.113024830818176270e-01
1.552118360996246338e-01
6.636738181114196777e-01
2.153604507446289062e+00
1.072766259312629700e-01
3.202082589268684387e-02
6.805049180984497070e-01
2.171123325824737549e-01
3.529237583279609680e-02
1.762965880334377289e-02
3.201411804184317589e-03
5.706414952874183655e-02
4.057368934154510498e-01
3.752595931291580200e-02
4.334616288542747498e-02
1.173741295933723450e-01
0.000000000000000000e+00
4.695963263511657715e-01
0.000000000000000000e+00
1.476509124040603638e-01
1.599566787481307983e-01
1.613078117370605469e-01
7.886283993721008301e-01
0.000000000000000000e+00
6.505454331636428833e-02
7.512667775154113770e-01
2.924762368202209473e-01
0.000000000000000000e+00
1.799428462982177734e+00
2.653833031654357910e-01
9.711224585771560669e-02
2.910012602806091309e-01
0.000000000000000000e+00
4.740265011787414551e-01
2.083947062492370605e-01
1.315671205520629883e-02
1.301150172948837280e-01
9.881377816200256348e-01
3.556484282016754150e-01
3.711153030395507812e+00
2.985993027687072754e-01
1.290742587298154831e-02
0.000000000000000000e+00
4.099562391638755798e-02
1.141402591019868851e-02
7.362709194421768188e-02
2.246145904064178467e-02
5.821442976593971252e-02
1.653099060058593750e-01
9.454069137573242188e-01
3.370689749717712402e-01
8.123289346694946289e-01
0.000000000000000000e+00
1.342588782310485840e+00
9.723140001296997070e-01
6.095493584871292114e-02
7.215724792331457138e-03
1.384207457304000854e-01
1.598620533943176270e+00
2.216037828475236893e-03
5.536003410816192627e-02
7.898300886154174805e-01
2.375010401010513306e-01
6.846620887517929077e-02
6.017050743103027344e-01
1.593800447881221771e-02
2.941012941300868988e-02
7.266683578491210938e-01
2.113951146602630615e-01
6.270813196897506714e-02
1.189367752522230148e-02
0.000000000000000000e+00
8.482730388641357422e-02
6.426574289798736572e-02
0.000000000000000000e+00
3.658530116081237793e-01
2.556696832180023193e-01
0.000000000000000000e+00
0.000000000000000000e+00
1.303022801876068115e-01
1.260036975145339966e-01
2.027903869748115540e-02
5.102964118123054504e-03
4.656509030610322952e-03
1.980341412127017975e-02
5.016371980309486389e-02
1.638950586318969727e+00
2.268503904342651367e-01
0.000000000000000000e+00
2.703547179698944092e-01
1.599718071520328522e-02
6.459905952215194702e-02
0.000000000000000000e+00
7.039737224578857422e+00
5.563537403941154480e-02
3.882546722888946533e-01
2.219139933586120605e-01
1.343034952878952026e-01
1.982861198484897614e-02
2.837858438491821289e+00
4.189970716834068298e-02
3.984512016177177429e-02
5.508906394243240356e-02
5.608671903610229492e-02
1.206322759389877319e-02
1.305014610290527344e+00
2.989002130925655365e-02
3.520762324333190918e-01
3.362329304218292236e-01
3.222153186798095703e-01
4.278981126844882965e-03
0.000000000000000000e+00
1.122113615274429321e-01
0.000000000000000000e+00
1.065662130713462830e-01
1.045901894569396973e+00
8.331047892570495605e-01
1.023043513298034668e+00
2.773618102073669434e-01
1.308827698230743408e-01
7.798388004302978516e-01
2.581259608268737793e-02
8.917525410652160645e-01
2.466449886560440063e-01
6.263960003852844238e-01
0.000000000000000000e+00
7.322055101394653320e-01
1.084874570369720459e-02
5.213923454284667969e-01
6.790873408317565918e-01
0.000000000000000000e+00
8.785658329725265503e-02
5.516762137413024902e-01
1.077298745512962341e-01
5.961154699325561523e-01
6.746414899826049805e-01
2.176862239837646484e+00
0.000000000000000000e+00
3.385982289910316467e-02
1.488935232162475586e+00
2.117587566375732422e+00
9.606276452541351318e-02
9.552060626447200775e-03
2.528883889317512512e-02
1.950194686651229858e-01
1.972109675407409668e-01
2.711798191070556641e+00
1.002239823341369629e+00
1.864764690399169922e-01
3.724609017372131348e-01
1.276079714298248291e-01
0.000000000000000000e+00
1.058595895767211914e+00
1.208652928471565247e-01
6.566989421844482422e-01
1.138224840164184570e+00
7.344119250774383545e-02
4.339579343795776367e-01
1.084630340337753296e-01
7.710133194923400879e-01
2.057950757443904877e-02
3.627163767814636230e-01
4.104367256164550781e+00
4.546720068901777267e-03
1.553032994270324707e-01
1.092155814170837402e+00
1.726490706205368042e-01
1.298651218414306641e+00
9.825940728187561035e-01
0.000000000000000000e+00
5.606172680854797363e-01
2.744642496109008789e-01
7.420219480991363525e-02
5.063120275735855103e-02
1.236217856407165527e+00
0.000000000000000000e+00
7.915291935205459595e-02
0.000000000000000000e+00
2.508248202502727509e-02
2.378519058227539062e+00
2.056018590927124023e+00
5.101592838764190674e-02
1.306434720754623413e-01
3.644188165664672852e+00
0.000000000000000000e+00
0.000000000000000000e+00
5.546954274177551270e-02
4.173402488231658936e-01
0.000000000000000000e+00
2.587109506130218506e-01
0.000000000000000000e+00
1.171419024467468262e-01
5.850834250450134277e-01
4.214074835181236267e-02
2.911005318164825439e-01
3.100399971008300781e-01
1.937975138425827026e-01
3.843642175197601318e-01
2.216112613677978516e-01
2.394903302192687988e-01
0.000000000000000000e+00
1.086187005043029785e+00
1.270274758338928223e+00
5.391886457800865173e-02
0.000000000000000000e+00
4.069754481315612793e-01
7.311609387397766113e-01
2.391121089458465576e-01
1.476827114820480347e-01
1.809697225689888000e-02
2.620871067047119141e-01
6.526517271995544434e-01
3.709426894783973694e-02
1.895438283681869507e-01
4.845515191555023193e-01
1.667541861534118652e+00
6.455600261688232422e-02
5.299926996231079102e-01
2.518193483352661133e+00
1.067059874534606934e+00
0.000000000000000000e+00
4.712811708450317383e-01
1.933282427489757538e-02
6.193427443504333496e-01
5.634609609842300415e-02
6.900969743728637695e-01
1.523221731185913086e-01
6.000469923019409180e-01
1.520234495401382446e-01
3.965684399008750916e-02
1.230337738990783691e+00
7.547250986099243164e-01
1.334629774093627930e+00
9.334812313318252563e-02
8.547058701515197754e-02
4.678913857787847519e-03
6.867621839046478271e-02
5.937574803829193115e-02
3.233329951763153076e-01
1.436618447303771973e+00
1.753303408622741699e-02
3.965159058570861816e-01
2.835576795041561127e-02
1.112623587250709534e-01
1.626035571098327637e+00
4.596222564578056335e-02
8.581708371639251709e-02
3.981894254684448242e-01
1.097214445471763611e-01
9.519997239112854004e-02
5.510979145765304565e-02
5.402347818017005920e-02
6.288006156682968140e-02
2.883270084857940674e-01
6.148709654808044434e-01
1.734856516122817993e-02
2.106717348098754883e+00
2.861292362213134766e-01
6.342004984617233276e-02
1.028183698654174805e+00
5.095181241631507874e-02
4.774077236652374268e-01
7.239578962326049805e-01
3.910079598426818848e-02
0.000000000000000000e+00
1.044300124049186707e-01
3.129124343395233154e-01
1.907843202352523804e-01
2.214243888854980469e+00
3.094225823879241943e-01
8.130100965499877930e-01
6.302362680435180664e-02
2.199258089065551758e+00
2.061526775360107422e-01
1.448484420776367188e+00
1.960208266973495483e-02
1.073088571429252625e-01
1.667109876871109009e-01
1.418290846049785614e-02
1.649881154298782349e-01
2.118051052093505859e-01
1.941393017768859863e-01
4.091340601444244385e-01
3.549152016639709473e-01
4.958092570304870605e-01
1.614307284355163574e+00
8.934797346591949463e-02
7.527341246604919434e-01
3.333284705877304077e-02
7.648039609193801880e-02
4.213179051876068115e-01
2.784265875816345215e-01
0.000000000000000000e+00
1.556996107101440430e+00
0.000000000000000000e+00
1.920499652624130249e-02
1.578415632247924805e-01
2.072841823101043701e-01
3.140171468257904053e-01
1.932935476303100586e+00
1.924782872200012207e+00
1.461717039346694946e-01
5.341163277626037598e-01
0.000000000000000000e+00
2.491824030876159668e-01
5.004114508628845215e-01
1.327697277069091797e+00
1.001387909054756165e-01
3.908545076847076416e-01
5.486697554588317871e-01
3.435435295104980469e-01
5.155616998672485352e-02
1.679052114486694336e-01
1.346031390130519867e-02
4.210975766181945801e-01
2.394967377185821533e-01
1.002333641052246094e+00
0.000000000000000000e+00
1.581980586051940918e-01
0.000000000000000000e+00
6.519345194101333618e-02
0.000000000000000000e+00
1.163027435541152954e-01
3.062678277492523193e-01
1.476475000381469727e-01
2.345446124672889709e-02
1.908411681652069092e-01
3.610755130648612976e-02
0.000000000000000000e+00
1.838833689689636230e+00
1.346694350242614746e+00
1.794607937335968018e-01
9.907861240208148956e-03
0.000000000000000000e+00
8.177660107612609863e-01
8.292100578546524048e-02
0.000000000000000000e+00
1.325487256050109863e+00
2.473745346069335938e-01
2.200545044615864754e-03
1.432141065597534180e-01
7.366285193711519241e-03
1.320524886250495911e-02
1.303317844867706299e-01
3.181935548782348633e-01
1.211618542671203613e+00
2.461695373058319092e-01
2.020136453211307526e-02
6.915971636772155762e-01
9.659776836633682251e-02
2.561282217502593994e-01
1.709943711757659912e-01
9.487870149314403534e-03
2.046941518783569336e-01
1.035659685730934143e-01
2.486755847930908203e-01
1.133450388908386230e+00
3.416418656706809998e-02
4.790147542953491211e-01
4.276589751243591309e-01
7.235067430883646011e-03
9.360305964946746826e-03
3.844224615022540092e-03
0.000000000000000000e+00
3.902348689734935760e-03
0.000000000000000000e+00
5.813483595848083496e-01
1.073683381080627441e+00
3.029398024082183838e-01
0.000000000000000000e+00
0.000000000000000000e+00
6.450054049491882324e-01
2.188259214162826538e-01
2.280023992061614990e-01
2.288082689046859741e-01
1.538090705871582031e-01
1.119181588292121887e-01
3.803888559341430664e-01
1.338497735559940338e-02
4.105255007743835449e-01
0.000000000000000000e+00
3.937366008758544922e+00
4.106717109680175781e-01
2.171728061512112617e-03
8.494408428668975830e-02
