1.982558369636535645e-01
3.916434347629547119e-01
1.451493799686431885e-01
7.012481093406677246e-01
6.278213262557983398e-01
2.407076396048069000e-02
5.275655984878540039e-01
6.953074783086776733e-02
9.400088787078857422e-01
5.168658733367919922e+00
7.414333820343017578e-01
0.000000000000000000e+00
2.871157526969909668e-01
1.721239089965820312e-02
2.258953571319580078e+00
1.262749910354614258e+00
1.864024251699447632e-01
2.739882469177246094e-01
3.839928656816482544e-02
7.712470251135528088e-04
8.058985695242881775e-04
8.427711576223373413e-02
2.986128032207489014e-01
7.516295462846755981e-02
3.632804453372955322e-01
4.592148065567016602e-01
1.765315234661102295e-01
5.407661944627761841e-02
0.000000000000000000e+00
6.737054586410522461e-01
0.000000000000000000e+00
7.544402480125427246e-01
9.599013328552246094e-01
6.035590767860412598e-01
3.461416244506835938e+00
3.148686885833740234e-01
1.348730623722076416e-01
1.385897159576416016e+00
8.841735124588012695e-02
3.908772766590118408e-01
1.146793961524963379e-01
3.051172494888305664e-01
6.428912281990051270e-01
3.241431713104248047e-01
0.000000000000000000e+00
4.253558218479156494e-01
5.859609842300415039e-01
5.362291634082794189e-02
8.758077770471572876e-02
1.620431184768676758e+00
1.183923482894897461e+00
4.738584160804748535e-01
3.791834115982055664e-01
1.990703642368316650e-01
3.657774925231933594e-01
1.065851524472236633e-01
0.000000000000000000e+00
6.825680136680603027e-01
4.078929871320724487e-02
9.074831604957580566e-01
5.434515476226806641e+00
6.355546414852142334e-02
5.684055685997009277e-01
8.207739889621734619e-02
2.813685894012451172e+00
1.618520736694335938e+00
9.155318886041641235e-02
2.940859198570251465e-01
5.593071579933166504e-01
1.706489324569702148e-01
5.581464990973472595e-02
8.918561935424804688e+00
1.272506713867187500e-01
1.569162160158157349e-01
0.000000000000000000e+00
2.631123781204223633e+00
2.042261362075805664e-01
3.464402556419372559e-01
7.514902949333190918e-01
1.961865276098251343e-02
2.984483957290649414e+00
9.618765115737915039e-02
1.738168485462665558e-02
3.989978730678558350e-01
2.279460281133651733e-01
3.709979355335235596e-02
2.728293538093566895e-01
1.458171308040618896e-01
2.156635969877243042e-01
3.541089594364166260e-01
5.350606441497802734e-01
1.186031550168991089e-01
7.769331336021423340e-02
1.078963950276374817e-01
1.602724790573120117e-01
3.070138096809387207e-01
1.312671154737472534e-01
3.474690616130828857e-01
7.199889421463012695e-01
8.593730330467224121e-01
9.296041727066040039e-02
4.922518432140350342e-01
1.951661109924316406e+00
0.000000000000000000e+00
2.829187810420989990e-01
1.100896477699279785e+00
3.078617453575134277e-01
1.705022007226943970e-01
1.674248576164245605e+00
1.101826786994934082e+00
2.454090714454650879e-01
5.966101884841918945e-01
5.692853331565856934e-01
3.658749341964721680e+00
8.097602725028991699e-01
6.420223414897918701e-02
3.152935951948165894e-02
8.552986979484558105e-01
0.000000000000000000e+00
7.291573286056518555e-01
9.402007460594177246e-01
1.896748542785644531e+00
1.152479529380798340e+00
2.013038098812103271e-02
4.390807747840881348e-01
5.060473084449768066e-02
2.752537131309509277e-01
4.038941860198974609e-01
8.121189312078058720e-04
1.231814362108707428e-02
6.745062768459320068e-02
2.482802271842956543e-01
1.385015964508056641e+00
1.004113078117370605e+00
2.059946656227111816e-01
0.000000000000000000e+00
1.782403886318206787e-01
1.085651814937591553e-01
1.297064423561096191e+00
2.827902138233184814e-01
3.796375095844268799e-01
3.676593601703643799e-01
8.912387490272521973e-02
1.655745863914489746e+00
3.698129057884216309e-01
0.000000000000000000e+00
1.332393288612365723e+00
9.873911142349243164e-01
9.904683828353881836e-01
8.422040939331054688e-02
5.118487402796745300e-02
1.154230162501335144e-01
1.813584417104721069e-01
8.616150617599487305e-01
8.632901310920715332e-01
7.655663043260574341e-02
4.097412526607513428e-02
4.619126766920089722e-02
2.319927141070365906e-02
3.669668361544609070e-02
5.039610862731933594e-01
5.110159516334533691e-02
1.723941564559936523e+00
8.647082000970840454e-02
1.269156187772750854e-01
1.688157618045806885e-01
0.000000000000000000e+00
5.289878249168395996e-01
5.988076925277709961e-01
7.908538579940795898e-01
2.062394618988037109e-01
6.761669367551803589e-02
1.537797927856445312e+00
2.003390192985534668e-01
0.000000000000000000e+00
7.414790242910385132e-02
4.871436953544616699e-02
9.365911781787872314e-02
2.625347971916198730e-01
2.940193116664886475e-01
2.058167219161987305e+00
5.553660169243812561e-02
2.838249504566192627e-01
2.675622403621673584e-01
2.902071364223957062e-02
9.512201547622680664e-01
4.563595652580261230e-01
7.372093796730041504e-01
9.441656619310379028e-02
1.886360526084899902e+00
1.899828463792800903e-01
2.152048110961914062e+00
3.710728138685226440e-02
3.820039331912994385e-01
1.748287677764892578e-02
7.093175053596496582e-01
2.609783224761486053e-02
1.617845594882965088e-01
7.560996413230895996e-01
3.604916036128997803e-01
6.315063238143920898e-01
4.637289941310882568e-01
0.000000000000000000e+00
3.334043174982070923e-02
1.004281104542315006e-03
6.398515701293945312e-01
1.881474405527114868e-01
1.124887093901634216e-01
0.000000000000000000e+00
2.723501026630401611e-01
6.373441815376281738e-01
5.769950896501541138e-02
3.298558592796325684e-01
4.649559259414672852e-01
3.179772943258285522e-02
3.614490032196044922e-01
3.187689930200576782e-02
6.080499291419982910e-01
1.453459113836288452e-01
5.105459317564964294e-02
2.844422161579132080e-01
2.442928254604339600e-01
4.018670082092285156e+00
9.111421704292297363e-01
5.336273089051246643e-02
5.689641237258911133e-01
4.165318012237548828e-01
2.033492803573608398e+00
5.579439457505941391e-03
6.123519539833068848e-01
0.000000000000000000e+00
2.515493035316467285e-01
1.119328141212463379e+00
1.142590790987014771e-01
1.566609591245651245e-01
1.650931090116500854e-01
1.101198941469192505e-01
2.515629231929779053e-01
3.525312617421150208e-02
6.886447221040725708e-02
1.772397430613636971e-03
1.095082052052021027e-02
2.759197494015097618e-03
3.349876165390014648e+00
1.905159652233123779e-01
3.177492320537567139e-02
1.123095229268074036e-01
6.666889041662216187e-02
4.855250120162963867e-01
0.000000000000000000e+00
9.944273531436920166e-02
1.212238669395446777e+00
0.000000000000000000e+00
2.334195375442504883e-01
0.000000000000000000e+00
3.508141636848449707e-01
1.888514161109924316e+00
1.333238035440444946e-01
2.728576064109802246e-01
4.729595407843589783e-02
2.287762910127639771e-01
6.324942708015441895e-01
1.151120588183403015e-01
1.509471684694290161e-01
2.036153793334960938e+00
4.582124948501586914e-01
4.310232698917388916e-01
0.000000000000000000e+00
1.737360477447509766e+00
1.526988387107849121e+00
5.182442069053649902e-01
8.052401244640350342e-03
1.612377405166625977e+00
4.765017032623291016e-01
0.000000000000000000e+00
1.612060427665710449e+00
1.124066412448883057e-01
9.118870645761489868e-02
2.018807888031005859e+00
5.230822563171386719e-01
3.076557815074920654e-01
0.000000000000000000e+00
0.000000000000000000e+00
7.004801034927368164e-01
3.103186488151550293e-01
7.626474499702453613e-01
3.750727772712707520e-01
1.035512566566467285e+00
0.000000000000000000e+00
1.789181351661682129e+00
4.757567346096038818e-01
1.240461587905883789e+00
1.628384590148925781e+00
1.435167074203491211e+00
1.239132285118103027e+00
2.181801646947860718e-01
2.836701273918151855e-01
1.882338076829910278e-01
1.820901334285736084e-01
2.304351888597011566e-02
6.366389393806457520e-01
4.832910895347595215e-01
1.301919966936111450e-01
1.623701751232147217e-01
0.000000000000000000e+00
1.796057820320129395e-01
1.590418964624404907e-01
2.774727940559387207e-01
2.169131487607955933e-01
1.084424108266830444e-01
9.705168753862380981e-02
1.385665535926818848e+00
1.587161421775817871e-01
3.903304934501647949e-01
8.204934746026992798e-02
2.950340807437896729e-01
6.263173222541809082e-01
2.927188277244567871e-01
5.194094777107238770e-01
1.551385045051574707e+00
9.978650212287902832e-01
0.000000000000000000e+00
2.771108150482177734e-01
1.040937192738056183e-02
6.881398558616638184e-01
5.795356631278991699e-01
3.329428285360336304e-02
1.499933749437332153e-01
0.000000000000000000e+00
1.813289076089859009e-01
7.969590276479721069e-02
4.656513631343841553e-01
3.147690892219543457e-01
7.166958451271057129e-01
3.007021188735961914e+00
1.146935150027275085e-01
2.792547643184661865e-01
1.972713023424148560e-01
6.877304613590240479e-02
2.370435744524002075e-01
4.197415709495544434e-01
4.997063577175140381e-01
3.268343210220336914e+00
1.340088397264480591e-01
1.951112225651741028e-02
1.072167396545410156e+00
7.392142713069915771e-02
6.181587576866149902e-01
2.508704662322998047e-01
0.000000000000000000e+00
2.238084748387336731e-02
6.397020816802978516e-02
0.000000000000000000e+00
5.223075151443481445e-01
4.156037569046020508e-01
0.000000000000000000e+00
3.130736947059631348e-02
1.655102968215942383e+00
2.251370847225189209e-01
2.003539800643920898e-01
6.213119998574256897e-02
1.897069334983825684e+00
2.024949789047241211e+00
1.023616082966327667e-02
1.376046091318130493e-01
9.464200586080551147e-02
5.300665378570556641e+00
7.325121760368347168e-01
4.532314371317625046e-03
3.427066504955291748e-01
3.884968347847461700e-03
1.500833511352539062e+00
7.358817458152770996e-01
6.481047868728637695e-01
9.623514860868453979e-02
2.430447936058044434e-01
7.990998029708862305e-01
2.994526922702789307e-01
4.872377872467041016e+00
2.849057316780090332e-01
1.542336702346801758e+00
9.329129010438919067e-03
4.248224794864654541e-01
5.687534809112548828e-01
5.580980181694030762e-01
0.000000000000000000e+00
4.835465922951698303e-02
9.108813852071762085e-02
1.266696453094482422e+00
2.335387095808982849e-02
3.003873586654663086e+00
8.733072280883789062e-01
3.721098601818084717e-02
8.859128691256046295e-03
0.000000000000000000e+00
4.933288097381591797e-01
4.515470266342163086e-01
3.058893680572509766e-01
2.668691277503967285e-01
6.415967643260955811e-02
7.918413728475570679e-02
3.109190426766872406e-02
4.109591543674468994e-01
5.712249875068664551e-01
8.611509948968887329e-02
4.730955660343170166e-01
7.622243762016296387e-01
2.987345695495605469e+00
9.397466182708740234e-01
4.574778676033020020e-01
5.221934244036674500e-02
5.816946029663085938e-01
4.509579539299011230e-01
2.236605621874332428e-02
2.644093632698059082e-01
2.577160000801086426e-01
2.450301051139831543e-01
2.978223748505115509e-02
0.000000000000000000e+00
1.242370065301656723e-02
5.921852588653564453e-01
9.294245243072509766e-01
4.364091455936431885e-01
1.655140072107315063e-01
3.757652640342712402e-01
6.859629154205322266e-01
1.950259953737258911e-01
5.498899146914482117e-02
2.589993000030517578e+00
3.328341245651245117e-01
1.247151494026184082e+00
0.000000000000000000e+00
3.394042700529098511e-02
0.000000000000000000e+00
0.000000000000000000e+00
9.858015924692153931e-02
4.474446475505828857e-01
1.664768755435943604e-01
8.937368541955947876e-02
0.000000000000000000e+00
3.440471291542053223e-01
1.183440256863832474e-02
1.270913779735565186e-01
2.113334834575653076e-02
1.076321862637996674e-02
2.614646196365356445e+00
3.427122253924608231e-03
9.043961018323898315e-02
3.901919126510620117e-01
0.000000000000000000e+00
4.897493720054626465e-01
2.805224359035491943e-01
1.864817142486572266e-01
4.189388751983642578e+00
2.807820439338684082e-01
1.970023155212402344e+00
4.649387300014495850e-01
1.774513274431228638e-01
9.102488309144973755e-02
5.231348797678947449e-02
5.492214560508728027e-01
8.652247190475463867e-01
1.870947122573852539e+00
3.146438300609588623e-01
4.057026207447052002e-01
5.693771839141845703e-01
3.945199772715568542e-03
2.021323919296264648e+00
1.182011961936950684e+00
3.295907378196716309e-01
1.192518789321184158e-02
5.275436878204345703e+00
0.000000000000000000e+00
7.924699783325195312e-02
9.440301656723022461e-01
2.114866495132446289e+00
1.402211636304855347e-01
0.000000000000000000e+00
3.395640373229980469e+00
9.916516542434692383e-01
2.405305206775665283e-01
9.997157752513885498e-02
1.196612417697906494e-02
2.078841328620910645e-01
1.587761282920837402e+00
0.000000000000000000e+00
1.793517470359802246e-01
5.185198783874511719e-01
1.925709545612335205e-01
9.342272579669952393e-02
3.146033883094787598e-01
1.899838000535964966e-01
7.274931669235229492e-02
5.258576273918151855e-01
9.311664104461669922e-01
5.273056030273437500e-01
1.214694023132324219e+00
3.212457418441772461e+00
8.277794122695922852e-01
6.973567605018615723e-01
1.896142959594726562e-03
0.000000000000000000e+00
2.336584776639938354e-01
2.786311507225036621e-02
8.454089760780334473e-01
2.024497240781784058e-01
0.000000000000000000e+00
2.672844938933849335e-02
4.551096558570861816e-01
1.180660873651504517e-01
9.731363058090209961e-01
8.431362360715866089e-02
7.954453676939010620e-02
8.394156582653522491e-03
4.540481567382812500e-01
3.620566055178642273e-02
2.494680643081665039e+00
6.939985603094100952e-02
2.336753904819488525e-02
5.525547862052917480e-01
8.348106592893600464e-02
3.378292322158813477e-01
6.188593506813049316e-01
5.250231027603149414e-01
1.598945140838623047e+00
3.479216337203979492e+00
8.172213286161422729e-02
5.054347515106201172e-01
5.735015273094177246e-01
1.058834195137023926e+00
9.631761908531188965e-02
6.040998101234436035e-01
6.565861701965332031e-01
3.461127281188964844e-01
1.172912716865539551e+00
1.643816113471984863e+00
3.619102835655212402e-01
2.529042959213256836e-01
1.914562135934829712e-01
1.002997875213623047e+00
8.459593355655670166e-02
0.000000000000000000e+00
6.282762438058853149e-02
1.148028112947940826e-02
0.000000000000000000e+00
1.160416081547737122e-01
3.244777679443359375e+00
1.570127606391906738e-01
4.550259113311767578e-01
6.759768128395080566e-01
3.931824117898941040e-02
1.742514818906784058e-01
6.269291788339614868e-02
2.269411087036132812e-02
2.738810479640960693e-01
2.278767973184585571e-01
3.439090773463249207e-02
1.613207608461380005e-01
1.150405049324035645e+00
0.000000000000000000e+00
5.181817412376403809e-01
1.310302913188934326e-01
1.170581221580505371e+00
4.390656948089599609e-01
0.000000000000000000e+00
2.054345421493053436e-02
4.244794696569442749e-02
7.905950769782066345e-03
0.000000000000000000e+00
3.986720740795135498e-01
5.867359042167663574e-01
4.540559947490692139e-01
1.584424376487731934e+00
6.601827144622802734e-01
3.203106641769409180e+00
7.496741414070129395e-01
1.581747531890869141e-01
5.421620011329650879e-01
5.250797271728515625e-01
0.000000000000000000e+00
6.204705238342285156e-01
1.448747634887695312e+00
2.490642070770263672e-01
2.074083089828491211e-01
9.366824030876159668e-01
9.246872067451477051e-01
2.285227030515670776e-01
4.488683342933654785e-01
2.218536585569381714e-01
2.820341885089874268e-01
4.930029213428497314e-01
4.834930002689361572e-01
6.588639318943023682e-02
3.425236046314239502e-01
3.241071701049804688e-01
0.000000000000000000e+00
0.000000000000000000e+00
3.994598388671875000e+00
2.751526594161987305e+00
1.981367945671081543e+00
8.662341237068176270e-01
5.493980832397937775e-03
8.774079382419586182e-02
4.318831920623779297e+00
1.659211874008178711e+00
2.575180232524871826e-01
1.802779287099838257e-01
7.487380504608154297e-01
2.327107936143875122e-01
2.066630870103836060e-01
3.867188394069671631e-01
1.135087311267852783e-01
4.909133911132812500e-01
1.496622115373611450e-01
1.984246373176574707e+00
4.787122085690498352e-02
8.226580023765563965e-01
0.000000000000000000e+00
3.011504188179969788e-02
1.154862046241760254e+00
1.610103994607925415e-01
1.761231571435928345e-01
2.348762005567550659e-01
4.446203261613845825e-02
1.534064888954162598e+00
3.938894346356391907e-02
8.992263078689575195e-01
9.266397953033447266e-01
6.277876496315002441e-01
2.632676124572753906e+00
3.536407053470611572e-01
0.000000000000000000e+00
1.171797037124633789e+00
2.020966857671737671e-01
8.477057814598083496e-01
5.070440173149108887e-01
2.204889059066772461e-01
3.059885501861572266e+00
5.304363965988159180e-01
1.419372916221618652e+00
7.892926335334777832e-01
1.744309663772583008e+00
4.233972549438476562e+00
8.604024648666381836e-01
3.246263980865478516e+00
8.405554294586181641e-02
6.234855055809020996e-01
1.419414877891540527e+00
6.916858255863189697e-02
1.427554726600646973e+00
9.793086051940917969e-01
1.518936008214950562e-01
8.807637691497802734e-01
3.983606338500976562e+00
9.392758607864379883e-01
1.055718302726745605e+00
1.630899906158447266e+00
1.824602931737899780e-01
2.467366866767406464e-02
1.775682926177978516e+00
1.170590281486511230e+00
1.621003895998001099e-01
7.968202829360961914e-01
2.946828864514827728e-02
1.731448769569396973e+00
4.188680052757263184e-01
4.305591583251953125e-01
1.774672120809555054e-01
1.117228791117668152e-01
6.506882309913635254e-01
1.853135824203491211e-01
2.199767827987670898e+00
7.855362445116043091e-02
1.532366752624511719e+00
3.354825451970100403e-02
1.415641605854034424e-01
2.538962125778198242e+00
3.840329349040985107e-01
2.375968247652053833e-01
3.847048580646514893e-01
0.000000000000000000e+00
1.614026427268981934e-01
3.484635949134826660e-01
7.970735896378755569e-04
1.864998489618301392e-01
1.687672920525074005e-02
2.019996494054794312e-01
4.940119013190269470e-02
1.035661473870277405e-01
2.933937311172485352e-01
3.171114623546600342e-01
0.000000000000000000e+00
1.437233835458755493e-01
6.509814858436584473e-01
1.729109510779380798e-02
2.041569948196411133e-01
4.828119650483131409e-02
2.234313726425170898e+00
3.799672424793243408e-01
1.762468740344047546e-02
5.216608047485351562e+00
9.602749347686767578e-01
5.980251431465148926e-01
5.069407224655151367e-01
6.895757317543029785e-01
1.006070613861083984e+00
5.848649144172668457e-01
1.003828048706054688e-01
8.800679445266723633e-01
1.993726640939712524e-01
2.301033819094300270e-03
4.188220798969268799e-01
5.783074349164962769e-02
9.125785231590270996e-01
2.143959850072860718e-01
1.604366451501846313e-01
4.061413705348968506e-01
1.594687998294830322e-01
3.034092187881469727e+00
7.001782655715942383e-01
1.441156268119812012e-01
2.575655654072761536e-02
3.008013665676116943e-01
2.297236621379852295e-01
2.246174097061157227e+00
2.934888005256652832e-01
4.298537969589233398e-01
4.130766093730926514e-01
7.875131368637084961e-01
5.835042148828506470e-02
1.330430209636688232e-01
3.273098496720194817e-03
1.079860806465148926e+00
2.780767679214477539e-01
9.968534111976623535e-02
4.467417597770690918e-01
4.286730289459228516e-01
3.492138907313346863e-02
1.191096425056457520e+00
1.060362458229064941e-01
2.058120012283325195e+00
1.945816397666931152e+00
7.762738317251205444e-02
2.285858057439327240e-02
2.469846963882446289e+00
2.331151813268661499e-01
5.533048510551452637e-01
1.982520103454589844e+00
1.952026188373565674e-01
1.149172782897949219e+00
9.299624562263488770e-01
0.000000000000000000e+00
1.592442095279693604e-01
0.000000000000000000e+00
2.881724946200847626e-02
3.114718478173017502e-03
2.353102266788482666e-01
4.653410911560058594e-01
6.707221865653991699e-01
0.000000000000000000e+00
7.460414618253707886e-02
1.704304456710815430e+00
2.041610032320022583e-01
8.310759067535400391e-02
1.032312870025634766e+00
0.000000000000000000e+00
1.226915791630744934e-01
4.312152564525604248e-01
9.867453016340732574e-03
2.855799794197082520e-01
1.886034198105335236e-02
3.746517747640609741e-02
1.747031956911087036e-01
1.027899309992790222e-01
4.333430767059326172e+00
5.187581181526184082e-01
1.866623610258102417e-01
1.515015512704849243e-01
4.287675380706787109e+00
6.671911478042602539e-02
5.909667611122131348e-01
1.474338117986917496e-02
3.868471831083297729e-02
1.526918858289718628e-01
2.547832727432250977e-01
8.196192979812622070e-02
2.237839251756668091e-01
2.205749005079269409e-01
1.134040832519531250e+00
1.853600978851318359e+00
1.322740912437438965e-01
1.170345246791839600e-01
2.934922277927398682e-01
3.708411240950226784e-03
1.784998364746570587e-02
2.416291087865829468e-01
3.057938516139984131e-01
5.093566328287124634e-02
5.730213522911071777e-01
8.830216713249683380e-03
1.790194399654865265e-02
8.351650834083557129e-01
2.679500281810760498e-01
1.372699588537216187e-01
7.408790588378906250e-01
3.980865776538848877e-01
1.249978616833686829e-01
1.053314089775085449e+00
1.449977636337280273e+00
2.432261705398559570e-01
7.031791806221008301e-01
4.202840030193328857e-01
3.203952908515930176e-01
3.939511477947235107e-01
9.448703378438949585e-02
3.296502530574798584e-01
2.582020759582519531e-01
5.380932092666625977e-01
1.007403373718261719e+00
5.470344424247741699e-01
0.000000000000000000e+00
3.861739039421081543e-01
1.380854696035385132e-01
9.601573646068572998e-02
1.196594461798667908e-01
7.622410655021667480e-01
5.768470764160156250e-01
0.000000000000000000e+00
8.230467885732650757e-02
6.325666308403015137e-01
0.000000000000000000e+00
5.258719921112060547e-01
3.775559663772583008e-01
7.986650615930557251e-02
3.682215213775634766e-01
6.804266571998596191e-02
4.270374178886413574e-01
0.000000000000000000e+00
3.530719876289367676e-01
1.631000757217407227e+00
1.040703058242797852e-01
4.288124084472656250e+00
1.145316720008850098e+00
3.761089146137237549e-01
2.746224217116832733e-02
1.698930025100708008e+00
1.409512519836425781e+00
6.674488782882690430e-01
2.933418512344360352e+00
3.893044963479042053e-02
5.860798954963684082e-01
0.000000000000000000e+00
1.331562876701354980e+00
4.662474691867828369e-01
4.892405569553375244e-01
2.505360171198844910e-02
5.524492263793945312e-02
9.533838182687759399e-02
5.068127810955047607e-02
1.532514989376068115e-01
1.292181387543678284e-02
4.808067157864570618e-02
4.538733959197998047e-01
1.228723526000976562e+00
5.737007856369018555e-01
1.473673433065414429e-01
1.082899980247020721e-03
0.000000000000000000e+00
3.281417116522789001e-02
2.394366264343261719e+00
0.000000000000000000e+00
0.000000000000000000e+00
9.131988883018493652e-01
1.168411135673522949e+00
8.855956792831420898e-01
0.000000000000000000e+00
1.338066160678863525e-02
6.468896567821502686e-02
1.046073157340288162e-02
2.449569851160049438e-02
2.029423266649246216e-01
5.930158868432044983e-02
6.153529286384582520e-01
2.776308357715606689e-01
8.647126704454421997e-02
1.144720762968063354e-01
3.933144509792327881e-01
3.664058446884155273e-02
6.135312914848327637e-01
1.394443064928054810e-01
1.116505265235900879e+00
3.221035003662109375e-02
3.246775388717651367e+00
0.000000000000000000e+00
7.137457132339477539e-01
7.609014213085174561e-02
4.411574304103851318e-01
7.854699343442916870e-02
3.852237462997436523e-01
1.544925332069396973e+00
6.119930744171142578e-01
2.935851812362670898e-01
2.494429796934127808e-01
1.242853879928588867e+00
1.140182375907897949e+00
3.950576543807983398e+00
1.608932495117187500e+00
1.133390188217163086e+00
0.000000000000000000e+00
0.000000000000000000e+00
1.430051587522029877e-02
2.078860402107238770e-01
1.777511954307556152e+00
1.415745466947555542e-01
2.386676222085952759e-01
2.105683535337448120e-01
5.477433651685714722e-02
1.155295729637145996e+00
1.247763752937316895e+00
5.303446054458618164e-01
1.821131911128759384e-03
6.297032833099365234e-01
3.504355251789093018e-02
1.990478873252868652e+00
1.585486577823758125e-03
5.751340389251708984e-01
1.861135482788085938e+00
3.525501489639282227e-01
0.000000000000000000e+00
3.566491901874542236e-01
7.661350965499877930e-01
8.123525381088256836e-01
5.565788745880126953e-01
0.000000000000000000e+00
1.532255053520202637e+00
8.313321322202682495e-02
4.909629821777343750e-01
5.558737553656101227e-03
4.395675957202911377e-01
9.905192255973815918e-02
7.821729779243469238e-02
2.104888677597045898e+00
1.475014805793762207e+00
5.268130898475646973e-01
5.658612251281738281e-01
0.000000000000000000e+00
1.934633404016494751e-02
5.241489410400390625e-01
1.476513445377349854e-01
8.869688212871551514e-02
2.775382101535797119e-01
5.522818490862846375e-02
2.109833955764770508e-01
2.143090009689331055e+00
2.503379434347152710e-02
5.495831742882728577e-02
3.183719217777252197e-01
2.991141974925994873e-01
2.294649370014667511e-02
1.281988620758056641e-01
1.057480096817016602e+00
1.076024651527404785e+00
5.608375072479248047e-01
3.433908820152282715e-01
3.235352337360382080e-01
1.126087546348571777e+00
1.325145483016967773e+00
3.607055902481079102e+00
3.590274810791015625e+00
1.005740687251091003e-01
1.265035390853881836e+00
2.060750871896743774e-01
3.523970246315002441e-01
6.371917128562927246e-01
2.010841518640518188e-01
0.000000000000000000e+00
7.600761055946350098e-01
2.353643178939819336e+00
1.940902620553970337e-01
8.099734038114547729e-02
3.888408243656158447e-01
4.742929935455322266e-01
3.699223399162292480e-01
6.952361017465591431e-02
1.039774790406227112e-01
9.028913825750350952e-02
9.301132559776306152e-01
2.372309565544128418e-01
1.753024607896804810e-01
1.166640669107437134e-01
3.798605203628540039e+00
5.032392740249633789e-01
1.197571635246276855e+00
6.576395779848098755e-02
1.388743966817855835e-01
1.766132593154907227e+00
1.247874259948730469e+00
1.173324957489967346e-01
9.227065742015838623e-02
9.211390018463134766e-01
2.590453028678894043e-01
6.500439345836639404e-02
7.501374185085296631e-02
0.000000000000000000e+00
2.916385531425476074e-01
7.244008779525756836e-02
9.638422168791294098e-03
3.801293373107910156e-01
3.088433742523193359e-01
3.731003046035766602e+00
0.000000000000000000e+00
1.579944044351577759e-01
1.981056332588195801e-01
9.858560562133789062e-01
2.561882257461547852e+00
4.217450320720672607e-02
3.273938298225402832e-01
2.387748956680297852e+00
1.646800875663757324e+00
3.577551841735839844e-01
2.495314478874206543e-01
1.071062460541725159e-01
0.000000000000000000e+00
5.168875455856323242e-01
2.102586030960083008e+00
6.687678396701812744e-02
6.053794026374816895e-01
1.844702661037445068e-02
1.228523731231689453e+00
4.542235136032104492e-01
5.019533634185791016e-01
1.480877876281738281e+00
1.389253735542297363e+00
1.678890734910964966e-01
1.370754092931747437e-02
4.215413331985473633e-01
3.942772280424833298e-03
7.339525967836380005e-02
2.267105132341384888e-01
7.165446877479553223e-02
0.000000000000000000e+00
2.286890447139739990e-01
3.681837320327758789e-01
1.810686230659484863e+00
3.131763041019439697e-01
0.000000000000000000e+00
7.097954750061035156e-01
1.279049277305603027e+00
0.000000000000000000e+00
9.729713797569274902e-01
1.096943020820617676e-01
8.979939222335815430e-01
1.038219593465328217e-02
8.388332277536392212e-02
1.195345163345336914e+00
1.635083742439746857e-02
6.008361577987670898e-01
7.239243388175964355e-02
1.066381931304931641e+00
5.010283365845680237e-02
4.197915494441986084e-01
1.771547347307205200e-01
6.725010871887207031e-01
6.337971985340118408e-02
8.976759016513824463e-02
1.243020892143249512e-01
8.904350106604397297e-04
4.598492980003356934e-01
1.805988997220993042e-01
1.629897952079772949e+00
1.289541721343994141e+00
0.000000000000000000e+00
2.015553951263427734e+00
4.925088286399841309e-01
1.084741115570068359e+00
6.767385005950927734e-01
1.573790013790130615e-01
6.549284607172012329e-02
1.783021569252014160e+00
2.909312956035137177e-02
3.544840812683105469e-01
8.359043598175048828e-01
8.416504859924316406e-01
1.702305674552917480e+00
0.000000000000000000e+00
2.164368182420730591e-01
4.549362231045961380e-03
4.472644627094268799e-02
1.641415804624557495e-01
5.064584016799926758e-01
1.383033841848373413e-01
3.885100126266479492e+00
1.583573520183563232e-01
3.278223276138305664e-01
4.559282958507537842e-01
2.366629987955093384e-01
3.984757363796234131e-01
2.061625242233276367e+00
2.581043720245361328e+00
4.127289950847625732e-01
2.636851556599140167e-02
2.612477540969848633e-01
3.995651379227638245e-02
7.714591920375823975e-02
0.000000000000000000e+00
3.684518039226531982e-01
2.139429003000259399e-01
2.007268667221069336e-01
1.322883486747741699e+00
8.225865364074707031e-01
8.098957538604736328e-01
1.368404477834701538e-01
4.158078506588935852e-02
4.328573644161224365e-01
9.373506307601928711e-01
4.789450466632843018e-01
1.060857892036437988e+00
2.404488563537597656e+00
6.631823182106018066e-01
7.534393668174743652e-02
0.000000000000000000e+00
8.817876130342483521e-02
1.525451183319091797e+00
2.379787564277648926e-01
1.841321229934692383e+00
4.977087974548339844e-01
2.218566179275512695e+00
1.886260360479354858e-01
1.959850937128067017e-01
4.182214848697185516e-03
5.133040904998779297e+00
3.580420017242431641e-01
4.700022637844085693e-01
0.000000000000000000e+00
1.997769594192504883e+00
6.661531329154968262e-01
1.697597503662109375e-01
1.965291857719421387e+00
6.976531147956848145e-01
3.771789669990539551e-01
4.866179227828979492e-01
3.275521755218505859e+00
3.289135396480560303e-01
2.535477578639984131e-01
1.731412857770919800e-01
2.715958058834075928e-01
4.798285365104675293e-01
1.189855039119720459e-01
6.129499673843383789e-01
1.617489457130432129e-01
8.601383119821548462e-02
1.428700238466262817e-01
2.316249161958694458e-01
5.008060485124588013e-02
4.589487984776496887e-02
0.000000000000000000e+00
1.959807723760604858e-01
1.988240750506520271e-03
1.980676651000976562e+00
0.000000000000000000e+00
2.905783891677856445e+00
7.437417656183242798e-02
1.939203739166259766e+00
4.382855892181396484e-01
1.318666458129882812e+00
1.378523826599121094e+00
2.681991338729858398e+00
4.410455003380775452e-02
3.147987723350524902e-01
2.401256561279296875e-02
1.340828537940979004e-01
6.593132615089416504e-01
5.285029485821723938e-02
4.584096372127532959e-01
1.247299313545227051e-01
1.786604970693588257e-01
3.233459472656250000e+00
3.639676094055175781e+00
1.314833164215087891e-01
1.143481612205505371e+00
4.349408671259880066e-02
7.444263100624084473e-01
4.374935626983642578e-01
1.080012083053588867e+00
9.068008512258529663e-02
2.030934207141399384e-02
4.938524216413497925e-02
7.324315607547760010e-02
7.054017782211303711e-01
0.000000000000000000e+00
8.980072736740112305e-01
0.000000000000000000e+00
4.368306100368499756e-01
2.645174860954284668e-01
1.605122834444046021e-01
1.458516418933868408e-01
6.132952123880386353e-02
6.488782763481140137e-01
2.812221832573413849e-02
1.468394994735717773e+00
1.580467373132705688e-01
1.371647119522094727e-01
2.575542964041233063e-02
7.036865353584289551e-01
2.094030529260635376e-01
2.617383599281311035e-01
1.545454382896423340e+00
9.309333562850952148e-02
2.563492059707641602e-01
2.083809673786163330e-01
2.941751182079315186e-01
3.813759982585906982e-01
0.000000000000000000e+00
1.627304077148437500e+00
2.142041921615600586e+00
1.135157227516174316e+00
7.027401030063629150e-02
1.695423722267150879e-01
4.026331603527069092e-01
6.226609945297241211e-01
5.640301108360290527e-01
2.134358137845993042e-01
4.946634769439697266e-01
5.687059164047241211e-01
2.548121474683284760e-02
3.829942941665649414e-01
0.000000000000000000e+00
4.559337794780731201e-01
3.587598353624343872e-02
0.000000000000000000e+00
3.154397308826446533e-01
1.347413472831249237e-02
2.896258234977722168e-01
2.340991422533988953e-02
1.282138228416442871e+00
4.339343607425689697e-01
4.998277127742767334e-01
2.705106046050786972e-03
5.113089084625244141e-01
2.169579505920410156e+00
8.368901908397674561e-02
8.457524776458740234e-01
1.156214237213134766e+00
6.667451560497283936e-02
1.946517467498779297e+00
8.237912319600582123e-03
2.356341183185577393e-01
2.420554310083389282e-01
7.822493910789489746e-01
7.304814457893371582e-01
9.283459186553955078e-01
6.258051097393035889e-02
2.009002923965454102e+00
1.585045814514160156e+00
4.826100915670394897e-02
3.190500736236572266e-01
2.706422507762908936e-01
3.395712137222290039e+00
3.152225911617279053e-01
1.727987527847290039e+00
1.258710771799087524e-01
0.000000000000000000e+00
1.743662655353546143e-01
0.000000000000000000e+00
3.064822852611541748e-01
0.000000000000000000e+00
0.000000000000000000e+00
4.450165666639804840e-03
9.964852333068847656e-01
6.383960247039794922e-01
2.375080017372965813e-03
2.381455898284912109e-01
1.183059573173522949e+00
2.091353572905063629e-02
3.419059514999389648e-01
1.615655064582824707e+00
4.650250971317291260e-01
1.935595273971557617e+00
4.319338500499725342e-01
7.441380620002746582e-01
5.344365835189819336e-01
9.753520786762237549e-02
2.903779149055480957e-01
1.793157756328582764e-01
4.073920845985412598e-01
1.687262356281280518e-01
1.079423666000366211e+00
1.314257234334945679e-01
2.377936616539955139e-02
3.066461086273193359e-01
7.514981925487518311e-02
6.211268156766891479e-02
1.310284435749053955e-01
3.677328675985336304e-02
5.121183395385742188e-01
3.142720088362693787e-02
1.689179241657257080e-01
6.288396716117858887e-01
2.828768789768218994e-01
6.626724600791931152e-01
6.181620359420776367e-01
1.870772689580917358e-01
9.172909259796142578e-01
3.910819441080093384e-02
2.376052550971508026e-02
6.136873736977577209e-02
6.972014904022216797e-02
8.001525402069091797e-01
2.550863981246948242e+00
7.671902328729629517e-02
1.980472542345523834e-02
3.365108668804168701e-01
8.538885116577148438e-01
4.391933679580688477e-01
6.609861254692077637e-01
3.367750942707061768e-01
2.452833764255046844e-02
1.146028041839599609e+00
4.372079074382781982e-01
2.903617024421691895e-01
6.599629670381546021e-02
1.811063170433044434e+00
1.363079249858856201e-01
1.056748162955045700e-02
8.450276404619216919e-02
2.110937237739562988e-02
1.116607427597045898e+00
3.701833486557006836e-01
6.253719329833984375e-02
1.992429047822952271e-01
2.798983752727508545e-01
4.928141087293624878e-02
1.621249198913574219e+00
1.652489155530929565e-01
4.658067971467971802e-02
6.096419692039489746e-01
2.766245305538177490e-01
4.295540750026702881e-01
1.776606291532516479e-01
1.678448542952537537e-02
1.392126381397247314e-01
4.399374723434448242e-01
9.290725588798522949e-01
1.624415636062622070e+00
3.199175894260406494e-01
6.773157119750976562e-01
9.842409193515777588e-02
6.001750379800796509e-02
2.415370941162109375e+00
1.692633517086505890e-02
1.042690873146057129e+00
5.590462125837802887e-03
3.552136421203613281e-01
3.648760616779327393e-01
7.713564038276672363e-01
2.648775000125169754e-03
2.996912300586700439e-01
1.474159717559814453e+00
1.067018383764661849e-04
2.256464213132858276e-01
0.000000000000000000e+00
1.071488857269287109e+00
5.231674909591674805e-01
3.193671107292175293e-01
2.918187677860260010e-01
9.511488080024719238e-01
3.064268827438354492e-01
6.660249829292297363e-01
2.621725797653198242e+00
3.538422584533691406e-01
4.788277745246887207e-01
4.347320079803466797e+00
2.450970411300659180e+00
2.508213043212890625e+00
1.394045725464820862e-02
1.691735386848449707e-01
4.463459253311157227e-01
1.209530472755432129e+00
4.396891593933105469e-02
5.773882865905761719e-01
3.944865614175796509e-02
7.802851614542305470e-04
2.709540128707885742e+00
1.669937819242477417e-01
2.325405180454254150e-01
5.963847637176513672e-01
1.169221878051757812e+00
1.356638550758361816e+00
3.390021920204162598e-01
1.101848185062408447e-01
8.307990431785583496e-01
1.726965457201004028e-01
6.654642056673765182e-03
3.258565068244934082e-01
1.753279447555541992e+00
3.077462911605834961e-01
1.116959229111671448e-01
1.577236056327819824e-01
6.280808448791503906e-01
9.887038171291351318e-02
7.710947394371032715e-01
1.814788877964019775e-01
1.388630084693431854e-02
1.292411237955093384e-01
1.042275905609130859e+00
4.416339993476867676e-01
2.980172038078308105e-01
5.057337507605552673e-02
6.985991448163986206e-02
5.832234025001525879e-01
3.038624860346317291e-02
1.050704065710306168e-02
2.397046566009521484e+00
6.871688961982727051e-01
4.741766452789306641e-01
2.985057532787322998e-01
0.000000000000000000e+00
0.000000000000000000e+00
0.000000000000000000e+00
0.000000000000000000e+00
5.009902175515890121e-03
6.514339894056320190e-02
4.623005092144012451e-01
0.000000000000000000e+00
2.987615108489990234e+00
5.963132381439208984e-01
0.000000000000000000e+00
1.238078951835632324e+00
0.000000000000000000e+00
0.000000000000000000e+00
0.000000000000000000e+00
7.889249362051486969e-03
6.241557121276855469e+00
1.689223498106002808e-01
3.047039210796356201e-01
3.098350286483764648e+00
6.510879844427108765e-02
3.083979129791259766e+00
1.519030928611755371e+00
1.377685964107513428e-01
2.517884969711303711e-01
4.318910837173461914e-02
1.041384115815162659e-01
3.836555778980255127e-02
4.973874688148498535e-01
1.138984411954879761e-02
0.000000000000000000e+00
5.081155523657798767e-02
1.902670972049236298e-02
1.304329931735992432e-01
9.867454320192337036e-02
0.000000000000000000e+00
0.000000000000000000e+00
2.678826451301574707e-01
2.802000045776367188e+00
3.789600372314453125e+00
2.019751667976379395e-01
5.026838183403015137e-01
1.788663625717163086e+00
1.236665695905685425e-01
5.897774547338485718e-02
1.070158720016479492e+00
3.741869628429412842e-01
6.077533364295959473e-01
1.348238140344619751e-01
5.397310853004455566e-02
2.295790314674377441e-01
1.024692971259355545e-02
4.692374262958765030e-03
2.998376488685607910e-01
1.660107016563415527e+00
2.175434231758117676e-01
1.475263684988021851e-01
2.054533213376998901e-01
1.406059563159942627e-01
2.054986476898193359e+00
1.641072332859039307e-02
5.245588421821594238e-01
4.279999136924743652e-01
4.618062078952789307e-01
3.254375606775283813e-02
5.610386654734611511e-02
7.840832322835922241e-02
2.432103306055068970e-01
1.522238999605178833e-01
3.500943899154663086e+00
2.970207035541534424e-01
0.000000000000000000e+00
6.341086328029632568e-02
2.023448422551155090e-02
6.227631568908691406e-01
7.879394292831420898e-01
6.110368296504020691e-02
0.000000000000000000e+00
3.616494238376617432e-01
1.816220760345458984e+00
2.068959027528762817e-01
1.851402223110198975e-01
2.131103754043579102e+00
3.398361206054687500e-01
1.739344239234924316e+00
1.010863304138183594e+00
3.522491455078125000e-01
9.585096240043640137e-01
3.960916101932525635e-01
1.744482666254043579e-01
1.714602231979370117e+00
2.323008626699447632e-01
3.951789736747741699e-01
5.749040842056274414e-01
2.859529852867126465e-01
1.230130940675735474e-01
1.149898648262023926e+00
1.076298713684082031e+00
6.305162794888019562e-03
1.720216870307922363e+00
5.330229997634887695e-01
2.174812793731689453e+00
2.080904096364974976e-01
1.917367458343505859e+00
3.964954614639282227e-01
1.638933122158050537e-01
1.579458475112915039e+00
3.534377217292785645e-01
1.478171050548553467e-01
3.950073421001434326e-01
6.818767189979553223e-01
3.201559185981750488e-01
5.387127399444580078e-01
1.377872228622436523e+00
1.773990035057067871e+00
3.324656188488006592e-02
7.658963203430175781e-01
3.261733293533325195e+00
4.662207365036010742e-01
7.385914027690887451e-02
2.741182744503021240e-01
2.424038648605346680e-01
4.094030857086181641e-01
2.008077621459960938e+00
1.332308053970336914e-01
1.111279726028442383e+00
3.437470793724060059e-01
2.407198905944824219e+00
1.084082484245300293e+00
3.382517397403717041e-01
4.082005023956298828e-01
9.193681180477142334e-02
1.310510039329528809e-01
4.600818157196044922e-01
3.695735335350036621e-02
1.668680608272552490e-01
4.815105199813842773e-01
3.903146833181381226e-02
2.326360903680324554e-03
3.956865072250366211e-01
3.800008818507194519e-02
5.284236073493957520e-01
1.134871598333120346e-02
4.573464766144752502e-02
2.165980190038681030e-01
1.001882553100585938e-02
5.652781128883361816e-01
5.298608541488647461e-01
2.931869328022003174e-01
3.439909517765045166e-01
1.410566687583923340e+00
7.075486660003662109e+00
2.243716567754745483e-01
1.532477378845214844e+00
2.343482226133346558e-01
8.061140030622482300e-02
2.356531023979187012e-01
3.707201004028320312e+00
5.985039472579956055e-02
1.822317838668823242e-01
1.669512242078781128e-01
4.243876934051513672e-01
7.794454693794250488e-02
1.242352485656738281e+00
3.837357461452484131e-01
2.093954086303710938e+00
1.335028529167175293e+00
2.699184976518154144e-02
0.000000000000000000e+00
1.317296624183654785e-01
1.616825908422470093e-01
2.461348921060562134e-01
6.569857150316238403e-02
7.239568233489990234e-01
0.000000000000000000e+00
7.782490253448486328e-01
1.687943637371063232e-01
2.665793895721435547e-01
1.212311387062072754e+00
1.106584444642066956e-01
2.673635780811309814e-01
1.554981112480163574e+00
4.783011376857757568e-01
2.550866901874542236e-01
7.849594354629516602e-01
1.958370804786682129e-01
1.595615625381469727e+00
2.739541828632354736e-01
4.811321198940277100e-01
2.238572537899017334e-01
7.478798180818557739e-02
1.841643691062927246e+00
2.229373753070831299e-01
2.062325954437255859e+00
8.334945142269134521e-02
1.361178606748580933e-02
1.873427070677280426e-02
4.706431925296783447e-02
7.251073122024536133e-01
4.192546844482421875e+00
1.105333328247070312e+00
1.638050913810729980e+00
3.785478770732879639e-01
4.147787392139434814e-02
7.190133929252624512e-01
2.586649954319000244e-01
2.031574487686157227e+00
2.095406293869018555e+00
8.903651237487792969e-01
1.102234199643135071e-01
7.115544080734252930e-01
1.584859728813171387e+00
5.436516761779785156e+00
0.000000000000000000e+00
0.000000000000000000e+00
2.710891664028167725e-01
2.565573751926422119e-01
6.416057944297790527e-01
4.524650573730468750e-01
2.756859660148620605e-01
6.918170303106307983e-02
1.918383389711380005e-01
1.706863008439540863e-02
1.253206133842468262e-01
3.207004070281982422e-02
8.444231748580932617e-02
1.306870579719543457e-01
1.017177104949951172e+00
3.522397994995117188e+00
4.726436436176300049e-01
1.967462748289108276e-01
1.223701536655426025e-01
4.811804741621017456e-03
3.913240730762481689e-01
1.036796569824218750e+00
7.566395401954650879e-01
3.113524317741394043e-01
4.063034430146217346e-02
1.186304092407226562e+00
2.572177648544311523e-01
1.290189772844314575e-01
4.217111170291900635e-01
7.320922613143920898e-02
7.553509473800659180e-01
0.000000000000000000e+00
0.000000000000000000e+00
2.356946915388107300e-01
1.262248158454895020e-01
6.464619040489196777e-01
1.154642581939697266e+00
5.620310828089714050e-02
5.947300791740417480e-01
2.450803965330123901e-01
4.117341339588165283e-01
5.197348073124885559e-02
4.300570115447044373e-02
9.115749597549438477e-02
9.364357590675354004e-02
2.766328096389770508e+00
2.484279870986938477e-01
3.712451085448265076e-02
1.089684739708900452e-01
1.575007438659667969e-01
9.148564934730529785e-01
1.724403947591781616e-01
2.620794773101806641e-01
1.633747339248657227e+00
2.954226016998291016e+00
6.039701700210571289e-01
8.272445201873779297e-02
7.881291955709457397e-02
2.792189642786979675e-02
1.630266755819320679e-01
3.904292881488800049e-01
2.702498435974121094e-02
8.466230332851409912e-02
3.205544352531433105e-01
8.865438401699066162e-02
4.047365486621856689e-01
4.920725710690021515e-03
1.070001602172851562e+00
1.252467274665832520e+00
5.890259146690368652e-01
2.004541605710983276e-01
3.325539827346801758e-01
2.380850315093994141e-01
8.574593067169189453e-01
3.088114857673645020e-01
4.613398015499114990e-01
4.107789099216461182e-01
5.493284761905670166e-02
2.378116734325885773e-02
2.364618182182312012e-01
9.308692067861557007e-02
5.512720942497253418e-01
1.110448241233825684e-01
9.682216048240661621e-01
1.186350211501121521e-01
5.624597072601318359e-01
2.982847392559051514e-01
1.005117416381835938e+00
1.875263452529907227e-02
4.924802184104919434e-01
1.952012181282043457e-01
2.463984675705432892e-02
2.276554107666015625e+00
0.000000000000000000e+00
3.592109307646751404e-02
1.554490208625793457e+00
2.090605020523071289e+00
4.052584990859031677e-02
1.153061032295227051e+00
3.848922848701477051e-01
3.114725351333618164e-01
1.179679334163665771e-01
7.164105772972106934e-02
1.561648130416870117e+00
3.843947350978851318e-01
1.560529926791787148e-03
3.810048103332519531e-01
1.287818431854248047e+00
1.689122319221496582e-01
3.757714331150054932e-01
2.626996673643589020e-02
1.563410856761038303e-03
1.418698072433471680e+00
1.350591063499450684e+00
3.096048533916473389e-01
1.701802968978881836e+00
1.904125332832336426e+00
5.647473335266113281e-01
2.377605065703392029e-03
0.000000000000000000e+00
1.322955846786499023e+00
1.360904872417449951e-01
2.524978481233119965e-02
1.103700399398803711e+00
3.604530394077301025e-01
1.563257165253162384e-02
1.714060455560684204e-02
3.497588396072387695e+00
1.058119386434555054e-01
7.576507329940795898e-01
6.922799162566661835e-03
5.222771167755126953e-01
5.030034482479095459e-02
2.968024313449859619e-01
2.102020233869552612e-01
4.860391318798065186e-01
2.464706264436244965e-02
8.954276442527770996e-01
9.123735427856445312e-01
3.206326007843017578e+00
6.311753531917929649e-04
5.971672013401985168e-02
0.000000000000000000e+00
4.613777995109558105e-01
8.144547045230865479e-02
2.089735865592956543e-01
5.061417222023010254e-01
2.636468224227428436e-02
1.755049973726272583e-01
1.688593983650207520e+00
8.406988345086574554e-03
7.911224365234375000e-01
2.043733745813369751e-02
5.662279725074768066e-01
8.877813816070556641e-02
3.301783204078674316e-01
4.165855348110198975e-01
6.871610283851623535e-01
6.496661901473999023e-01
3.754495084285736084e-02
1.535897403955459595e-01
1.045273095369338989e-01
1.215030312538146973e+00
1.711199402809143066e+00
3.525454103946685791e-01
2.331277430057525635e-01
0.000000000000000000e+00
4.659408926963806152e-01
2.411020845174789429e-01
2.274680286645889282e-01
1.486722826957702637e-01
2.431409992277622223e-02
1.221134066581726074e-01
1.165581703186035156e+00
2.326748847961425781e+00
1.415165364742279053e-01
4.455040022730827332e-02
6.426513195037841797e-01
4.569189846515655518e-01
5.045846477150917053e-02
3.421045541763305664e-01
1.076095461845397949e+00
2.234516851603984833e-02
2.835478186607360840e-01
7.330432534217834473e-01
2.392681241035461426e-01
0.000000000000000000e+00
2.969248406589031219e-02
1.957940459251403809e-01
3.541509211063385010e-01
0.000000000000000000e+00
2.854460477828979492e-01
5.195150375366210938e-01
1.192296266555786133e+00
7.631239295005798340e-02
9.130582809448242188e-01
3.195962667465209961e+00
5.057813525199890137e-01
2.584996446967124939e-02
2.422669827938079834e-01
6.262088418006896973e-01
5.350338816642761230e-01
1.205467507243156433e-01
8.427229523658752441e-02
2.240098416805267334e-01
3.624655306339263916e-01
3.666694760322570801e-01
6.597995012998580933e-02
6.410712003707885742e-01
7.536293864250183105e-01
1.530985832214355469e-01
2.576083177700638771e-03
1.200841926038265228e-02
2.481303930282592773e+00
8.940477371215820312e-01
0.000000000000000000e+00
1.656909734010696411e-01
3.134352445602416992e+00
9.449909925460815430e-01
0.000000000000000000e+00
3.402051031589508057e-01
1.561707537621259689e-02
4.071914851665496826e-01
6.117262411862611771e-03
7.895104289054870605e-01
1.231485605239868164e+00
0.000000000000000000e+00
1.945513963699340820e+00
1.091191291809082031e+00
0.000000000000000000e+00
2.050170302391052246e-01
5.328570008277893066e-01
8.781806230545043945e-01
4.482224211096763611e-02
2.824537828564643860e-02
1.636159181594848633e+00
2.148801833391189575e-01
7.043204307556152344e-01
4.761304298881441355e-04
1.258650660514831543e+00
1.548545360565185547e+00
4.606747031211853027e-01
8.886796832084655762e-01
1.963437348604202271e-01
1.112502455711364746e+00
1.560131181031465530e-02
5.516915321350097656e-01
6.696715950965881348e-02
3.941244840621948242e+00
6.750393658876419067e-02
1.808984875679016113e+00
5.441948026418685913e-02
1.969885528087615967e-01
2.066538333892822266e-01
7.330823689699172974e-02
6.663385629653930664e-01
8.093990683555603027e-01
3.842837214469909668e-01
4.620217904448509216e-02
1.122017979621887207e+00
1.000487685203552246e+00
9.036176800727844238e-01
7.187507152557373047e-01
0.000000000000000000e+00
1.266886740922927856e-01
1.080440402030944824e+00
0.000000000000000000e+00
1.002446413040161133e+00
0.000000000000000000e+00
1.545623242855072021e-01
2.332055568695068359e-01
2.725983560085296631e-01
1.130449548363685608e-01
9.015336036682128906e-01
5.024132728576660156e-01
2.859281003475189209e-01
1.293060779571533203e+00
1.074528992176055908e-01
2.510205745697021484e+00
1.651463359594345093e-01
7.188478112220764160e-02
7.694730758666992188e-01
9.094343334436416626e-02
1.554188370704650879e+00
1.447199821472167969e+00
9.254848957061767578e-02
1.390417218208312988e-01
1.494891762733459473e+00
2.561323642730712891e-01
5.737527608871459961e-01
1.042639255523681641e+00
1.484493445605039597e-02
2.449216321110725403e-02
3.034002304077148438e+00
1.574572771787643433e-01
6.388348340988159180e-01
1.486183702945709229e-01
7.474074363708496094e-01
0.000000000000000000e+00
6.037898659706115723e-01
8.120953291654586792e-02
0.000000000000000000e+00
2.507683753967285156e+00
6.107549667358398438e-01
1.459770321846008301e+00
5.835042595863342285e-01
4.693258106708526611e-01
1.644725561141967773e+00
8.064633607864379883e-02
8.209348469972610474e-02
1.712896972894668579e-01
0.000000000000000000e+00
2.746685594320297241e-02
6.521763205528259277e-01
2.493049018085002899e-02
1.015908956527709961e+00
5.606481432914733887e-01
1.802621036767959595e-02
4.842281043529510498e-01
2.704684734344482422e-01
1.133798584342002869e-01
1.660735249519348145e+00
0.000000000000000000e+00
2.618134617805480957e-01
2.387022078037261963e-01
0.000000000000000000e+00
8.954450488090515137e-01
1.702339649200439453e+00
9.833765029907226562e-02
8.409682512283325195e-01
3.509635925292968750e-01
1.213498711585998535e-01
2.137112140655517578e+00
2.677469849586486816e-01
2.674390673637390137e-01
8.024320006370544434e-02
3.437781929969787598e-01
2.754974603652954102e+00
9.212232232093811035e-01
2.530107274651527405e-02
4.401369392871856689e-01
1.600611954927444458e-01
2.324712991714477539e+00
1.271656870841979980e+00
0.000000000000000000e+00
4.188272356986999512e-02
1.190957665443420410e+00
1.420613050460815430e+00
5.506419539451599121e-01
4.323106110095977783e-01
1.027858257293701172e+00
2.064965963363647461e+00
6.106074899435043335e-03
5.679084062576293945e-01
1.182241812348365784e-01
9.552115201950073242e-02
3.765133917331695557e-01
2.350305080413818359e+00
0.000000000000000000e+00
6.529347300529479980e-01
1.782759130001068115e-01
3.145639598369598389e-01
1.112232565879821777e+00
6.586353480815887451e-02
1.385316491127014160e+00
4.335043728351593018e-01
1.398717015981674194e-01
5.420927889645099640e-03
6.536589860916137695e-01
0.000000000000000000e+00
0.000000000000000000e+00
7.915104627609252930e-01
3.196928501129150391e-01
3.640472292900085449e-01
3.821014761924743652e-01
4.075327813625335693e-01
1.604204252362251282e-02
3.309741020202636719e-01
2.657926380634307861e-01
1.538410484790802002e-01
3.062854409217834473e-01
1.743568852543830872e-02
5.287965536117553711e-01
2.783232629299163818e-01
5.183103680610656738e-01
1.001988947391510010e-01
1.021578788757324219e+00
1.517559736967086792e-01
2.057754695415496826e-01
5.478606224060058594e-01
1.333241909742355347e-01
2.418453395366668701e-01
1.908078938722610474e-01
6.092375516891479492e-01
2.958237426355481148e-03
2.306225597858428955e-01
1.391500711441040039e+00
1.393071413040161133e-01
2.300181537866592407e-01
0.000000000000000000e+00
9.925593137741088867e-01
6.846088171005249023e-02
2.470634505152702332e-02
0.000000000000000000e+00
8.580376952886581421e-02
2.015649378299713135e-01
1.435752362012863159e-01
3.036917209625244141e+00
1.198621273040771484e+00
4.102091863751411438e-02
1.598002463579177856e-01
1.735069751739501953e+00
6.595415621995925903e-02
2.158633470535278320e-01
1.955451846122741699e+00
1.103743791580200195e+00
3.046965599060058594e-02
1.925062201917171478e-02
1.969157934188842773e+00
