5.696950014680624008e-03
1.695658266544342041e-01
4.484644532203674316e-02
5.374470353126525879e-01
1.198214758187532425e-02
1.479294002056121826e-01
1.832944452762603760e-01
1.121838837862014771e-01
2.358579039573669434e-01
1.107860851287841797e+01
1.024026982486248016e-02
1.717490702867507935e-01
0.000000000000000000e+00
1.936349987983703613e+00
5.346950492821633816e-04
1.187251135706901550e-01
4.088310599327087402e-01
2.118965387344360352e-01
5.201104283332824707e-02
1.439001321792602539e+00
9.570523165166378021e-03
3.817914128303527832e-01
2.225788831710815430e-01
6.277576088905334473e-02
0.000000000000000000e+00
3.016861379146575928e-01
1.519417643547058105e+00
1.499226242303848267e-01
4.399729073047637939e-01
1.692199259996414185e-01
9.000842273235321045e-02
4.501423835754394531e-01
2.772273719310760498e-01
2.208016812801361084e-01
1.655160076916217804e-02
2.841026484966278076e-01
1.369288563728332520e-01
1.658731698989868164e+00
2.071637958288192749e-01
1.711117148399353027e+00
3.726001828908920288e-02
1.122656092047691345e-01
0.000000000000000000e+00
2.309783697128295898e+00
1.030924823135137558e-02
0.000000000000000000e+00
1.581129059195518494e-02
5.688344687223434448e-02
5.314264893531799316e-01
2.087244510650634766e+00
0.000000000000000000e+00
3.442816138267517090e-01
4.614810645580291748e-01
4.383488595485687256e-01
2.397163584828376770e-02
0.000000000000000000e+00
2.712972089648246765e-02
1.412005126476287842e-01
0.000000000000000000e+00
3.678131997585296631e-01
2.665800414979457855e-02
4.222821593284606934e-01
2.121361017227172852e+00
4.013393223285675049e-01
5.465995520353317261e-03
1.411649584770202637e-01
4.989588558673858643e-01
3.759663701057434082e-01
5.287650823593139648e-01
6.397342681884765625e-02
2.571715712547302246e-01
6.977459043264389038e-02
2.302001602947711945e-02
1.751331239938735962e-01
1.015013158321380615e-01
8.499745130538940430e-01
1.228674173355102539e+00
1.214890956878662109e+00
1.273037493228912354e-01
5.393670406192541122e-03
1.462157607078552246e+00
2.681472301483154297e-01
5.431877821683883667e-02
6.086329817771911621e-01
4.451791197061538696e-02
2.235664874315261841e-01
6.056601405143737793e-01
3.125195577740669250e-02
5.916973948478698730e-01
1.028407923877239227e-02
1.296695113182067871e+00
1.765431165695190430e-01
3.207887336611747742e-02
2.446967735886573792e-02
2.273654490709304810e-01
0.000000000000000000e+00
1.280267000198364258e+00
7.664531935006380081e-03
2.437589168548583984e-01
6.173114180564880371e-01
0.000000000000000000e+00
9.613146185874938965e-01
7.138918638229370117e-01
3.241206109523773193e-01
8.871044218540191650e-02
0.000000000000000000e+00
3.878724873065948486e-01
7.512483000755310059e-02
1.148294359445571899e-01
4.118474006652832031e+00
2.156926691532135010e-01
7.443003654479980469e-01
5.501623153686523438e-01
4.391883373260498047e+00
4.265470802783966064e-02
2.386525422334671021e-01
1.813122928142547607e-01
6.630367636680603027e-01
0.000000000000000000e+00
1.328525841236114502e-01
1.017698884010314941e+00
4.026913642883300781e-01
7.794379591941833496e-01
1.774892657995223999e-01
2.376460433006286621e-01
0.000000000000000000e+00
8.257448673248291016e-02
1.010152976959943771e-02
3.207646608352661133e-01
5.409490689635276794e-02
0.000000000000000000e+00
2.228786051273345947e-01
7.282525300979614258e-03
2.378910630941390991e-01
8.895932137966156006e-02
2.299554347991943359e-01
5.782849192619323730e-01
3.759678825736045837e-02
2.093659192323684692e-01
1.383784711360931396e-01
5.553636550903320312e-01
6.706131994724273682e-02
3.552358597517013550e-02
0.000000000000000000e+00
1.605575829744338989e-01
6.702722907066345215e-01
4.205667078495025635e-01
4.322381317615509033e-02
1.797296553850173950e-01
2.206729948520660400e-01
4.568221569061279297e-01
5.162991210818290710e-02
3.288249671459197998e-01
1.610554195940494537e-02
4.842169284820556641e-01
7.026917487382888794e-02
1.391732990741729736e-01
1.293756008148193359e+00
5.498382449150085449e-01
5.856655188836157322e-04
5.516646504402160645e-01
5.026478692889213562e-02
7.969246059656143188e-02
2.392264828085899353e-02
2.045663259923458099e-02
8.444967269897460938e-01
2.477057278156280518e-02
6.157727446407079697e-03
4.023731052875518799e-01
5.240367054939270020e-01
2.814155519008636475e-01
8.300532102584838867e-01
1.151186466217041016e+00
5.281989574432373047e-01
0.000000000000000000e+00
4.232063591480255127e-01
1.953434497117996216e-01
1.188743188977241516e-01
9.597396105527877808e-02
1.152968108654022217e-01
1.652250051498413086e+00
1.443284153938293457e-01
9.176304936408996582e-02
4.425001740455627441e-01
4.385481178760528564e-01
5.411403179168701172e-01
2.014792859554290771e-01
4.306987300515174866e-02
1.832752674818038940e-02
7.752078026533126831e-02
5.541096925735473633e-01
5.300883785821497440e-04
1.300790011882781982e-01
0.000000000000000000e+00
9.190551936626434326e-02
1.233613729476928711e+00
3.934734314680099487e-02
8.922923356294631958e-02
1.978057622909545898e-01
3.098750412464141846e-01
1.549588143825531006e-01
2.151814997196197510e-01
9.596792608499526978e-02
0.000000000000000000e+00
2.544482648372650146e-01
2.698369622230529785e-01
0.000000000000000000e+00
1.944150179624557495e-01
1.134944856166839600e-01
6.823756694793701172e-01
9.891294687986373901e-02
8.676692098379135132e-02
1.579566746950149536e-01
0.000000000000000000e+00
4.027225077152252197e-02
1.306214649230241776e-02
3.901075124740600586e-01
2.062026023864746094e+00
2.070084214210510254e-02
8.660275489091873169e-02
2.140561640262603760e-01
1.957363188266754150e-01
4.058813452720642090e-01
3.377918303012847900e-01
0.000000000000000000e+00
2.093722820281982422e-01
4.463141262531280518e-01
9.512413293123245239e-03
3.993429839611053467e-01
5.210892558097839355e-01
0.000000000000000000e+00
0.000000000000000000e+00
0.000000000000000000e+00
2.756253182888031006e-01
2.773829102516174316e-01
1.371488124132156372e-01
2.490202486515045166e-01
3.420624732971191406e-01
0.000000000000000000e+00
0.000000000000000000e+00
2.093044966459274292e-01
0.000000000000000000e+00
8.113212883472442627e-02
1.594340503215789795e-01
0.000000000000000000e+00
6.882832944393157959e-02
4.487801343202590942e-03
6.304458528757095337e-02
7.298343181610107422e-01
4.628442227840423584e-01
5.202183127403259277e-01
7.156878709793090820e-02
0.000000000000000000e+00
0.000000000000000000e+00
2.626372734084725380e-03
3.120292536914348602e-02
7.806304097175598145e-01
7.119962573051452637e-01
0.000000000000000000e+00
1.195173263549804688e+00
4.596335291862487793e-01
1.486966013908386230e-01
7.969290018081665039e-01
0.000000000000000000e+00
4.630800709128379822e-02
7.229673862457275391e-02
1.101595759391784668e-01
1.670930907130241394e-02
6.164689064025878906e-01
4.462268576025962830e-02
3.872680962085723877e-01
4.280451536178588867e-01
2.234860420227050781e+00
3.795325160026550293e-01
4.733632132411003113e-02
1.158273685723543167e-02
2.951219975948333740e-01
2.340151667594909668e-01
3.954973816871643066e-02
1.967880129814147949e-01
4.940455257892608643e-01
6.083698198199272156e-02
1.752543896436691284e-01
0.000000000000000000e+00
1.464103817939758301e+00
2.440050542354583740e-01
5.942331552505493164e-01
3.036308288574218750e-01
2.972148172557353973e-02
0.000000000000000000e+00
2.891881465911865234e-01
3.391524255275726318e-01
5.409188270568847656e-01
5.220222473144531250e-01
1.824014484882354736e-01
6.617075800895690918e-01
6.750865839421749115e-03
3.259301558136940002e-02
3.433549106121063232e-01
1.664665713906288147e-02
3.598168492317199707e-02
3.476706147193908691e-02
2.943491004407405853e-02
1.425245869904756546e-02
4.139570891857147217e-02
2.368186712265014648e-01
1.834577322006225586e-02
2.388570830225944519e-02
1.310600638389587402e-01
1.235315278172492981e-01
1.886541843414306641e-01
6.639415025711059570e-01
2.130315266549587250e-02
4.526555836200714111e-01
0.000000000000000000e+00
2.337706089019775391e-01
1.185281723737716675e-01
7.397498935461044312e-02
1.541530489921569824e-01
1.430796384811401367e-01
1.204168722033500671e-01
1.023966446518898010e-01
6.391503214836120605e-01
9.558492898941040039e-02
2.238564342260360718e-01
6.571698784828186035e-01
5.867382138967514038e-02
1.525053232908248901e-01
7.415734231472015381e-02
2.350295335054397583e-01
4.732577204704284668e-01
2.878457307815551758e-01
1.859333217144012451e-01
7.344945799559354782e-03
1.952411293983459473e+00
3.270601630210876465e-01
4.417707398533821106e-02
2.130741626024246216e-01
2.827079296112060547e-01
5.328724384307861328e-01
5.914769172668457031e-01
5.563189387321472168e-01
1.149022340774536133e+00
3.342340290546417236e-01
2.719023227691650391e-01
0.000000000000000000e+00
1.250854372978210449e+00
2.012160301208496094e+00
9.162072092294692993e-02
0.000000000000000000e+00
6.586644798517227173e-02
5.364229083061218262e-01
4.499623477458953857e-01
1.049863845109939575e-01
4.867909550666809082e-01
0.000000000000000000e+00
1.369959264993667603e-01
1.054735660552978516e+00
6.205209344625473022e-02
1.570030450820922852e-01
2.740332111716270447e-02
2.278363227844238281e+00
5.596400424838066101e-02
0.000000000000000000e+00
3.019598126411437988e-02
6.756413578987121582e-01
1.693405628204345703e+00
2.250032573938369751e-01
1.153132021427154541e-01
5.207855105400085449e-01
9.423472285270690918e-01
2.610211633145809174e-02
5.137687921524047852e-02
2.209488004446029663e-01
5.348453521728515625e-01
3.444963097572326660e-01
2.863969504833221436e-01
0.000000000000000000e+00
3.325065135955810547e+00
7.695659250020980835e-02
9.677689075469970703e-01
2.864803791046142578e+00
2.119497805833816528e-01
3.568452298641204834e-01
4.307715892791748047e-01
7.248250246047973633e-01
8.509629964828491211e-02
5.844245478510856628e-02
4.398584663867950439e-01
1.312006115913391113e-01
9.774803370237350464e-02
1.521499305963516235e-01
5.291103720664978027e-01
4.263517633080482483e-02
6.742406487464904785e-01
1.281908321380615234e+01
2.124364115297794342e-02
0.000000000000000000e+00
8.137890696525573730e-02
1.468068808317184448e-01
1.172382682561874390e-01
6.738390075042843819e-04
6.050365790724754333e-02
0.000000000000000000e+00
6.079839468002319336e-01
6.972903609275817871e-01
9.994655102491378784e-02
1.104327678680419922e+00
0.000000000000000000e+00
5.417045205831527710e-02
1.565522670745849609e+00
1.033249422907829285e-01
1.252452097833156586e-02
7.543108463287353516e-01
6.895171999931335449e-01
4.626871347427368164e-01
6.060343235731124878e-02
1.927262544631958008e-01
3.466956019401550293e-01
3.689750432968139648e+00
5.772376433014869690e-02
9.236495494842529297e-01
2.732875645160675049e-01
9.153153300285339355e-01
1.008566245436668396e-01
2.057940959930419922e+00
5.216313838958740234e+00
1.161101609468460083e-01
8.306282758712768555e-02
2.385762631893157959e-01
3.810829877853393555e+00
2.937526106834411621e-01
3.544826805591583252e-01
5.152938961982727051e-01
1.021832451224327087e-01
3.678104639053344727e+00
8.537117838859558105e-01
4.816086962819099426e-02
1.641732007265090942e-01
0.000000000000000000e+00
3.381806910037994385e-01
1.636256929486989975e-03
6.233725324273109436e-02
0.000000000000000000e+00
7.713273633271455765e-03
2.572608709335327148e+00
0.000000000000000000e+00
0.000000000000000000e+00
7.989627122879028320e-02
2.942238748073577881e-01
4.297626614570617676e-01
8.443921059370040894e-02
0.000000000000000000e+00
5.037371516227722168e-01
7.941561192274093628e-02
9.265455007553100586e-01
3.646578490734100342e-01
1.933954190462827682e-03
2.183225378394126892e-02
1.372383832931518555e-01
2.287832349538803101e-01
7.551188468933105469e-01
1.225038319826126099e-01
0.000000000000000000e+00
7.198315113782882690e-03
9.115485548973083496e-01
1.468812078237533569e-01
0.000000000000000000e+00
1.051873922348022461e+00
2.365454882383346558e-01
4.890898168087005615e-01
1.154437065124511719e+00
0.000000000000000000e+00
4.968244731426239014e-01
4.335872232913970947e-01
1.758986473083496094e+00
1.300166994333267212e-01
1.365137815475463867e+00
4.107617437839508057e-01
3.567244112491607666e-01
2.671729028224945068e-01
2.718547917902469635e-02
1.065675392746925354e-01
3.846253752708435059e-01
2.888727486133575439e-01
0.000000000000000000e+00
7.032389193773269653e-02
1.547556668519973755e-01
1.710424304008483887e+00
1.589919626712799072e-01
1.186008453369140625e-01
1.006249114871025085e-01
0.000000000000000000e+00
3.075764179229736328e-01
1.004436612129211426e+00
1.051815450191497803e-01
2.617585659027099609e-01
1.555032849311828613e+00
9.058718681335449219e-01
0.000000000000000000e+00
1.601350754499435425e-01
8.668056875467300415e-02
1.705041527748107910e-02
0.000000000000000000e+00
2.120792150497436523e+00
6.805897951126098633e-01
0.000000000000000000e+00
6.676319837570190430e-01
4.113801568746566772e-02
1.027226746082305908e-01
9.746998548507690430e-01
0.000000000000000000e+00
7.869210094213485718e-03
8.515030890703201294e-02
3.833944797515869141e-01
4.858204722404479980e-02
1.325740963220596313e-01
8.678268641233444214e-02
2.431151084601879120e-02
7.908319123089313507e-03
3.388722538948059082e-01
3.232071399688720703e-01
1.528526097536087036e-01
1.673191666603088379e+00
1.603702828288078308e-02
1.083277702331542969e+00
0.000000000000000000e+00
0.000000000000000000e+00
2.532169222831726074e-01
5.546065568923950195e-01
1.445653475821018219e-02
5.309529304504394531e-01
2.142919450998306274e-01
3.506625294685363770e-01
2.128284890204668045e-03
1.257175922393798828e+00
2.116579189896583557e-02
3.448098897933959961e-01
0.000000000000000000e+00
1.824005544185638428e-01
2.664944622665643692e-03
1.018407717347145081e-01
2.061086893081665039e-01
1.120892316102981567e-01
2.955142557621002197e-01
1.210052967071533203e+00
9.644579291343688965e-01
4.560137391090393066e-01
3.716693073511123657e-02
4.381987452507019043e-01
0.000000000000000000e+00
7.448631525039672852e-02
7.708349227905273438e-01
0.000000000000000000e+00
2.752122655510902405e-02
2.822152674198150635e-01
4.195320010185241699e-01
0.000000000000000000e+00
4.922709241509437561e-02
0.000000000000000000e+00
1.208176851272583008e+00
0.000000000000000000e+00
4.287368152290582657e-03
6.636042892932891846e-02
1.716021299362182617e-01
2.169064618647098541e-02
1.572299562394618988e-02
2.649497799575328827e-02
2.053970098495483398e-01
5.124628916382789612e-02
7.911788225173950195e-01
4.229908064007759094e-02
2.436607480049133301e-01
8.344091475009918213e-03
1.635504245758056641e+00
2.505306005477905273e-01
1.155554503202438354e-02
2.318609692156314850e-02
3.474273160099983215e-02
1.912830173969268799e-01
8.115467429161071777e-02
1.921595335006713867e+00
3.591988980770111084e-02
1.604367047548294067e-01
1.255805939435958862e-01
0.000000000000000000e+00
0.000000000000000000e+00
2.242072373628616333e-01
1.563623428344726562e+00
2.759351208806037903e-02
9.737457148730754852e-03
3.511071503162384033e-01
2.050702460110187531e-03
1.337717473506927490e-01
9.114026091992855072e-03
3.739882633090019226e-02
3.277239948511123657e-02
9.125937819480895996e-01
1.712792515754699707e+00
1.161918997764587402e+00
4.310433864593505859e-01
6.802033632993698120e-02
3.425104916095733643e-02
2.929813861846923828e+00
2.110887616872787476e-01
6.205420494079589844e-01
9.517032653093338013e-03
2.133936062455177307e-02
2.158882617950439453e+00
7.576224803924560547e-01
5.772098898887634277e-01
5.329674482345581055e-01
0.000000000000000000e+00
3.484173119068145752e-02
8.596032857894897461e-01
5.536456592381000519e-03
2.932551205158233643e-01
2.926967442035675049e-01
1.449219584465026855e-01
2.126239798963069916e-02
2.256344445049762726e-02
2.925355136394500732e-01
5.867069959640502930e-02
3.403601050376892090e-01
4.629371762275695801e-01
2.390621602535247803e-01
3.489522337913513184e-01
5.130753517150878906e-01
2.301079928874969482e-01
1.011444032192230225e-01
0.000000000000000000e+00
0.000000000000000000e+00
1.230316042900085449e+00
4.221450909972190857e-02
3.908614218235015869e-01
1.788458526134490967e-01
1.258862763643264771e-01
3.290403127670288086e+00
1.708253771066665649e-01
0.000000000000000000e+00
5.944809317588806152e-01
3.734727144241333008e+00
4.039569497108459473e-01
2.171975374221801758e-01
4.466252326965332031e-01
5.297413468360900879e-01
8.362452387809753418e-01
6.427018344402313232e-02
3.419019877910614014e-01
6.832411885261535645e-01
1.541449308395385742e+00
3.759250640869140625e-01
2.475949674844741821e-01
4.287173226475715637e-02
3.438630700111389160e-01
1.193117976188659668e+00
0.000000000000000000e+00
0.000000000000000000e+00
4.706576932221651077e-03
3.459071636199951172e+00
8.532085269689559937e-02
0.000000000000000000e+00
1.788077205419540405e-01
1.660417467355728149e-01
2.914783358573913574e-01
6.653694510459899902e-01
1.510398745536804199e+00
9.755595028400421143e-02
1.421948969364166260e-01
0.000000000000000000e+00
3.034076690673828125e-01
8.181521296501159668e-01
7.217595353722572327e-03
1.001615449786186218e-01
0.000000000000000000e+00
1.715173870325088501e-01
3.487510383129119873e-01
0.000000000000000000e+00
2.247796058654785156e+00
0.000000000000000000e+00
0.000000000000000000e+00
2.179663330316543579e-01
3.671755269169807434e-02
7.841994613409042358e-02
6.000375375151634216e-02
3.143557906150817871e-01
4.902175068855285645e-01
0.000000000000000000e+00
3.086859285831451416e-01
0.000000000000000000e+00
3.366691112518310547e+00
7.161357253789901733e-02
1.675162464380264282e-02
0.000000000000000000e+00
5.011766552925109863e-01
0.000000000000000000e+00
0.000000000000000000e+00
1.150770261883735657e-01
1.532677747309207916e-02
1.405944824218750000e+00
6.410441547632217407e-02
3.985131159424781799e-02
4.166386723518371582e-01
7.915822267532348633e-01
7.301528751850128174e-02
1.714533753693103790e-02
3.086170926690101624e-02
1.891834847629070282e-02
5.487055659614270553e-06
8.048604726791381836e-01
5.720222741365432739e-02
2.546830773353576660e-01
3.225268051028251648e-02
5.504070520401000977e-01
1.729929447174072266e-01
1.147541701793670654e-01
0.000000000000000000e+00
7.470715045928955078e-02
1.273827075958251953e+00
0.000000000000000000e+00
6.620565801858901978e-02
3.435129523277282715e-01
1.077265739440917969e-01
4.309301078319549561e-01
1.453475207090377808e-01
2.971505187451839447e-02
1.840534657239913940e-01
2.116983979940414429e-01
1.099456697702407837e-01
1.012039463967084885e-02
5.071288347244262695e-02
6.509661208838224411e-03
9.701070934534072876e-02
1.246058121323585510e-01
3.731381595134735107e-01
4.706545472145080566e-01
3.314056992530822754e-02
0.000000000000000000e+00
4.891923666000366211e-01
0.000000000000000000e+00
2.402047961950302124e-01
5.635382607579231262e-02
0.000000000000000000e+00
2.760071754455566406e-01
1.179290771484375000e+00
6.782466173171997070e-01
3.137074410915374756e-01
2.135397434234619141e+00
1.034028768539428711e+00
5.522969961166381836e-01
2.172057628631591797e-01
1.052656695246696472e-01
6.224796772003173828e-01
0.000000000000000000e+00
6.130912899971008301e-02
9.051198512315750122e-02
1.278795242309570312e+00
4.457678496837615967e-01
5.920662283897399902e-01
3.009143471717834473e-01
1.256963424384593964e-02
4.606114625930786133e-01
4.416109621524810791e-02
2.832007594406604767e-03
2.861204147338867188e+00
0.000000000000000000e+00
0.000000000000000000e+00
4.198661744594573975e-01
5.644221790134906769e-03
2.375326156616210938e+00
2.840042114257812500e-03
0.000000000000000000e+00
1.951574683189392090e+00
0.000000000000000000e+00
7.040365785360336304e-02
1.721729040145874023e-01
8.404877185821533203e-01
1.005623459815979004e+00
2.148853302001953125e+00
1.002276595681905746e-02
1.208775565028190613e-01
3.314437866210937500e-01
2.850662469863891602e-01
0.000000000000000000e+00
4.689371213316917419e-02
0.000000000000000000e+00
4.726170599460601807e-01
1.262941211462020874e-01
1.591456532478332520e+00
0.000000000000000000e+00
1.399840116500854492e-01
9.670021384954452515e-02
8.620820939540863037e-03
3.477160036563873291e-01
3.960827738046646118e-02
2.527219951152801514e-01
4.109967947006225586e-01
0.000000000000000000e+00
0.000000000000000000e+00
9.665244221687316895e-01
7.606584429740905762e-01
2.310884743928909302e-02
0.000000000000000000e+00
1.166393831372261047e-01
1.971322856843471527e-02
1.124438643455505371e+00
0.000000000000000000e+00
5.069873332977294922e-01
9.376350641250610352e-01
4.515237733721733093e-02
1.463938951492309570e-01
9.134346246719360352e-02
1.052804011851549149e-02
2.560239732265472412e-01
4.726397246122360229e-02
2.517041862010955811e-01
2.904786467552185059e-01
2.004451751708984375e-01
6.022584065794944763e-02
1.225933358073234558e-01
2.632020413875579834e-02
5.140799880027770996e-01
1.796467453241348267e-01
4.587945044040679932e-01
2.178113460540771484e+00
2.397437393665313721e-02
0.000000000000000000e+00
0.000000000000000000e+00
1.186106055974960327e-01
1.281093060970306396e-01
1.165126487612724304e-01
1.705904677510261536e-02
4.406805336475372314e-01
9.318173527717590332e-01
0.000000000000000000e+00
2.473195195198059082e-01
1.431964933872222900e-01
7.192068547010421753e-02
3.100868463516235352e-01
1.702491402626037598e+00
0.000000000000000000e+00
2.214653253555297852e+00
5.902549251914024353e-02
1.224490553140640259e-01
1.668727099895477295e-01
7.134144902229309082e-01
1.041870236396789551e+00
7.133776089176535606e-04
7.573878765106201172e-01
4.809742271900177002e-01
1.596035510301589966e-01
2.622765116393566132e-02
1.926221847534179688e-01
0.000000000000000000e+00
0.000000000000000000e+00
1.314388066530227661e-01
1.154083535075187683e-01
9.153928607702255249e-02
1.835202425718307495e-01
2.521664798259735107e-01
0.000000000000000000e+00
1.469888687133789062e-01
1.030015468597412109e+00
0.000000000000000000e+00
1.403088122606277466e-02
0.000000000000000000e+00
1.102746371179819107e-02
8.791583180427551270e-01
0.000000000000000000e+00
1.277098655700683594e+00
1.252867579460144043e-01
2.717611491680145264e-01
3.206082344055175781e+00
3.634899556636810303e-01
1.764643490314483643e-01
5.847385898232460022e-02
1.939258128404617310e-01
1.081501960754394531e+00
3.287443518638610840e-01
5.234815552830696106e-02
2.099756300449371338e-01
0.000000000000000000e+00
1.014490239322185516e-02
1.881724745035171509e-01
2.358458518981933594e+00
1.238787412643432617e+00
6.601876020431518555e-01
4.253631532192230225e-01
1.346828043460845947e-01
1.597867369651794434e+00
1.912379384040832520e+00
2.900096774101257324e-01
4.747554957866668701e-01
4.572447016835212708e-02
3.989416658878326416e-01
8.352829217910766602e-01
1.022875234484672546e-01
5.404929518699645996e-01
9.602922201156616211e-02
3.876515850424766541e-02
2.741356372833251953e+00
4.168431758880615234e-01
1.431602388620376587e-01
9.954028576612472534e-02
9.257453083992004395e-01
2.525361776351928711e-01
4.000737145543098450e-02
2.281066179275512695e+00
0.000000000000000000e+00
2.582068182528018951e-02
1.478790044784545898e-01
1.237924583256244659e-02
4.683109745383262634e-02
1.308076977729797363e-01
4.064548909664154053e-01
6.072477102279663086e-01
9.762060642242431641e-02
0.000000000000000000e+00
0.000000000000000000e+00
1.970841782167553902e-03
5.935676768422126770e-02
1.438587546348571777e+00
3.258813917636871338e-01
1.681905798614025116e-02
1.434677988290786743e-01
1.589895248413085938e+00
1.555155873298645020e+00
1.979857534170150757e-01
0.000000000000000000e+00
2.071633702144026756e-03
0.000000000000000000e+00
1.241387948393821716e-01
1.388621795922517776e-02
1.073723554611206055e+00
3.441304434090852737e-04
0.000000000000000000e+00
9.712428599596023560e-02
0.000000000000000000e+00
2.308205217123031616e-01
2.839094772934913635e-02
8.377653360366821289e-01
2.835679769515991211e+00
1.050148606300354004e-01
2.420789387542754412e-04
0.000000000000000000e+00
7.986733317375183105e-02
4.462788105010986328e-01
4.414119422435760498e-01
7.187698036432266235e-02
6.803320050239562988e-01
2.079163491725921631e-02
7.309214770793914795e-02
0.000000000000000000e+00
5.864893794059753418e-01
2.132202386856079102e-01
6.928029656410217285e-02
4.109858274459838867e-01
5.114813894033432007e-02
8.209868520498275757e-02
6.766850948333740234e-01
1.657837510108947754e+00
2.083351850509643555e+00
2.249688059091567993e-01
1.229762062430381775e-01
1.215427741408348083e-01
0.000000000000000000e+00
2.808888629078865051e-02
1.115645289421081543e+00
4.201503470540046692e-03
1.139944553375244141e+00
1.258852481842041016e-01
8.683109283447265625e-02
8.664362132549285889e-02
2.104739665985107422e+00
3.075951151549816132e-02
4.539999365806579590e-02
9.032538533210754395e-01
1.880422793328762054e-02
5.777014885097742081e-03
5.610684747807681561e-04
1.023417830467224121e+00
1.452391501516103745e-03
4.022248834371566772e-02
6.317081451416015625e-01
1.128876924514770508e+00
3.727676570415496826e-01
3.091406524181365967e-01
2.916588187217712402e-01
8.275903761386871338e-02
4.729288443922996521e-02
5.742080211639404297e-01
2.535469233989715576e-01
2.175846546888351440e-01
0.000000000000000000e+00
2.862354516983032227e-01
0.000000000000000000e+00
1.802215129137039185e-01
7.641074806451797485e-02
1.596893072128295898e-01
3.321411609649658203e-01
0.000000000000000000e+00
1.001064702868461609e-01
0.000000000000000000e+00
3.364204615354537964e-02
1.786245703697204590e+00
3.017230145633220673e-02
5.776209291070699692e-03
9.337203502655029297e-01
8.216429501771926880e-02
1.069076657295227051e+00
0.000000000000000000e+00
2.284282743930816650e-01
7.877367138862609863e-01
1.050428822636604309e-01
1.280001878738403320e+00
4.195497930049896240e-02
1.089286729693412781e-01
1.120063215494155884e-01
1.226216673851013184e+00
4.125759601593017578e-01
1.768193393945693970e-02
1.066370531916618347e-01
7.466534525156021118e-02
1.746122598648071289e+00
5.569288507103919983e-03
3.801793558523058891e-03
2.117696851491928101e-01
3.890506178140640259e-02
2.870450168848037720e-02
9.970084428787231445e-01
1.408586949110031128e-01
7.737586498260498047e-01
2.834664285182952881e-01
5.951331183314323425e-02
7.052601873874664307e-02
1.898438185453414917e-01
1.062362119555473328e-01
0.000000000000000000e+00
0.000000000000000000e+00
4.950172901153564453e-01
1.064970418810844421e-01
5.011328309774398804e-02
3.036675453186035156e-01
1.523951649665832520e+00
2.851771004498004913e-02
0.000000000000000000e+00
4.771678447723388672e-01
7.177590131759643555e-01
3.333943197503685951e-03
2.597626149654388428e-01
1.587607860565185547e+00
1.178009901195764542e-02
2.794433534145355225e-01
2.114531397819519043e-01
6.483087781816720963e-03
0.000000000000000000e+00
0.000000000000000000e+00
1.090458512306213379e+00
4.586533904075622559e-01
6.861450076103210449e-01
3.583598509430885315e-02
1.081678628921508789e+00
5.769011750817298889e-02
3.446168601512908936e-01
0.000000000000000000e+00
5.990635752677917480e-01
5.446675792336463928e-02
3.016334027051925659e-03
2.707353532314300537e-01
2.752744257450103760e-01
1.994475275278091431e-01
3.215873837471008301e-01
1.979307532310485840e+00
8.768972009420394897e-03
3.739627450704574585e-02
1.318334043025970459e-01
9.797953814268112183e-02
0.000000000000000000e+00
2.026328325271606445e+00
1.651341915130615234e+00
3.643256723880767822e-01
0.000000000000000000e+00
0.000000000000000000e+00
4.949512779712677002e-01
0.000000000000000000e+00
6.799839735031127930e-01
3.325430452823638916e-01
2.135638594627380371e-01
1.022563099861145020e+00
0.000000000000000000e+00
4.604601487517356873e-02
1.692975044250488281e+00
4.878189647570252419e-04
3.641934320330619812e-02
1.434993743896484375e-01
2.161775678396224976e-01
2.451776526868343353e-02
2.477716445922851562e+00
1.261097788810729980e+00
3.348207950592041016e+00
4.109817445278167725e-01
1.727838963270187378e-01
6.376438736915588379e-01
1.558510512113571167e-01
7.412644103169441223e-03
0.000000000000000000e+00
1.213889420032501221e-01
0.000000000000000000e+00
1.574409008026123047e-01
0.000000000000000000e+00
0.000000000000000000e+00
4.330725669860839844e-01
3.082274198532104492e-01
2.418089151382446289e+00
3.506794929504394531e+00
9.887657314538955688e-02
9.614997506141662598e-01
2.349110990762710571e-01
2.133056074380874634e-01
8.565511703491210938e-01
4.576096534729003906e-01
1.994975470006465912e-02
7.940889596939086914e-01
2.810000777244567871e-01
2.270604483783245087e-02
1.996055483818054199e+00
0.000000000000000000e+00
1.164801955223083496e+00
0.000000000000000000e+00
1.435489803552627563e-01
7.615938782691955566e-01
2.169836461544036865e-01
2.274666577577590942e-01
1.245212852954864502e-01
4.397830665111541748e-01
7.404960393905639648e-01
8.873051404953002930e-01
8.331710100173950195e-01
1.122529283165931702e-01
4.361872076988220215e-01
9.723585844039916992e-02
0.000000000000000000e+00
0.000000000000000000e+00
1.211412134580314159e-03
3.138541460037231445e+00
1.160459518432617188e-01
3.072072938084602356e-02
2.842572927474975586e+00
6.728180050849914551e-01
1.904330402612686157e-01
4.831772148609161377e-01
1.018101423978805542e-01
1.210809685289859772e-02
8.343992382287979126e-02
6.367763876914978027e-02
0.000000000000000000e+00
2.813282907009124756e-01
5.013502240180969238e-01
1.131956502795219421e-01
1.057179644703865051e-02
8.721493184566497803e-03
0.000000000000000000e+00
3.631760478019714355e-01
2.492777705192565918e-01
9.888735413551330566e-02
2.193411111831665039e+00
1.091284770518541336e-02
0.000000000000000000e+00
1.198623403906822205e-01
3.650588914752006531e-02
3.758619725704193115e-01
1.062369123101234436e-01
1.557628750801086426e+00
1.937794499099254608e-02
2.926802728325128555e-03
5.773212388157844543e-02
2.385829985141754150e-01
1.955433487892150879e-01
6.669898033142089844e-01
7.323641330003738403e-02
2.983209788799285889e-01
2.063271030783653259e-02
6.595391035079956055e-01
1.703837513923645020e+00
6.497947871685028076e-02
0.000000000000000000e+00
3.192515969276428223e-01
3.802005201578140259e-02
8.441709280014038086e-01
1.503745559602975845e-03
5.947178602218627930e-01
8.649359643459320068e-02
4.824269711971282959e-01
0.000000000000000000e+00
9.732338786125183105e-01
1.968090534210205078e-01
7.504085451364517212e-02
1.791227725334465504e-03
3.214159607887268066e-01
5.804576277732849121e-01
1.177548021078109741e-01
1.801706403493881226e-01
8.832362294197082520e-02
7.515342235565185547e-01
3.332642912864685059e-01
2.168144285678863525e-02
3.123171031475067139e-01
2.905740141868591309e-01
7.178199291229248047e-02
4.002868235111236572e-01
1.046509221196174622e-01
0.000000000000000000e+00
8.440781384706497192e-02
9.353553652763366699e-01
6.777629256248474121e-01
0.000000000000000000e+00
0.000000000000000000e+00
6.180209517478942871e-01
4.053178131580352783e-01
0.000000000000000000e+00
4.926956593990325928e-01
3.872531056404113770e-01
2.054643392562866211e+00
1.544652134180068970e-01
0.000000000000000000e+00
2.451385259628295898e-01
0.000000000000000000e+00
1.288817077875137329e-01
0.000000000000000000e+00
0.000000000000000000e+00
3.851810693740844727e-01
1.263705827295780182e-02
1.409717321395874023e+00
2.058129757642745972e-01
1.239390611648559570e+00
6.587636470794677734e-01
2.143247365951538086e+00
2.296047285199165344e-02
3.441566601395606995e-02
7.381349056959152222e-02
3.766134753823280334e-02
5.166962370276451111e-02
8.460487425327301025e-02
2.302552461624145508e-01
3.856723308563232422e-01
6.535906344652175903e-02
7.432830929756164551e-01
2.065942436456680298e-02
2.179668396711349487e-01
2.527938457205891609e-03
1.221518516540527344e+00
2.031324803829193115e-01
2.814724296331405640e-02
2.017712593078613281e+00
2.384876906871795654e-01
1.119323849678039551e+00
1.390369832515716553e-01
1.893635034561157227e+00
0.000000000000000000e+00
5.281087756156921387e-01
1.349884271621704102e-02
4.165965616703033447e-01
9.340419620275497437e-02
4.260030388832092285e-01
2.153536677360534668e-01
0.000000000000000000e+00
6.037858128547668457e-02
6.887673866003751755e-03
1.748099476099014282e-01
0.000000000000000000e+00
2.891357988119125366e-03
5.422798451036214828e-03
2.906364016234874725e-02
2.198190689086914062e-01
1.334370225667953491e-01
6.109418272972106934e-01
1.461950987577438354e-01
1.079564571380615234e+00
1.607799082994461060e-01
2.141404390335083008e+00
3.681167364120483398e-01
0.000000000000000000e+00
3.986259102821350098e-01
7.463343143463134766e-01
7.919987440109252930e-01
1.322257816791534424e-01
4.497620463371276855e-01
4.553772211074829102e-01
2.523765433579683304e-03
0.000000000000000000e+00
2.799001336097717285e-01
1.381447672843933105e+00
0.000000000000000000e+00
0.000000000000000000e+00
1.162051782011985779e-02
5.386573076248168945e-01
1.501636356115341187e-01
1.276190876960754395e-01
5.437211692333221436e-02
2.440004982054233551e-02
1.120649557560682297e-02
0.000000000000000000e+00
4.729473292827606201e-01
1.330272108316421509e-01
6.146011501550674438e-02
9.793348610401153564e-02
0.000000000000000000e+00
0.000000000000000000e+00
7.062278985977172852e-01
4.386781156063079834e-02
3.983656764030456543e-01
1.911602765321731567e-01
5.708948969841003418e-01
7.482129335403442383e-02
6.621233373880386353e-02
7.528259754180908203e-01
2.365339547395706177e-02
7.652009278535842896e-02
4.239443317055702209e-02
2.788603901863098145e-01
8.857796192169189453e-01
4.135877788066864014e-01
3.949070274829864502e-01
3.464922681450843811e-02
5.485798418521881104e-02
7.441177964210510254e-01
5.259165912866592407e-02
0.000000000000000000e+00
2.718498930335044861e-02
7.113417983055114746e-02
1.931083202362060547e-02
3.112213918939232826e-03
3.825632389634847641e-03
0.000000000000000000e+00
5.716489255428314209e-02
1.701773889362812042e-02
0.000000000000000000e+00
3.931078687310218811e-02
4.025952517986297607e-02
6.845338642597198486e-02
5.166741609573364258e-01
2.768194198608398438e+00
2.605837821960449219e+00
1.554359793663024902e+00
4.470099508762359619e-01
3.736509978771209717e-01
1.362491631880402565e-03
5.556661486625671387e-01
1.178296327590942383e+00
0.000000000000000000e+00
1.173350587487220764e-01
0.000000000000000000e+00
1.113826856017112732e-01
1.228562951087951660e+00
8.861366510391235352e-01
4.300753027200698853e-02
1.919818483293056488e-02
1.149976253509521484e+00
0.000000000000000000e+00
6.188611686229705811e-02
1.508348882198333740e-01
2.740637063980102539e-01
1.118596315383911133e+00
4.074764437973499298e-03
8.873137831687927246e-01
6.850996613502502441e-02
4.512521028518676758e-01
1.797936320304870605e+00
4.825379550457000732e-01
0.000000000000000000e+00
8.031354546546936035e-01
2.769451774656772614e-02
9.050576090812683105e-01
1.521973609924316406e+00
5.551081150770187378e-02
1.180818602442741394e-01
3.131971657276153564e-01
5.467712283134460449e-01
5.815637707710266113e-01
1.225588545203208923e-01
5.352453142404556274e-02
1.100647356361150742e-02
1.351774930953979492e+00
1.145506143569946289e+00
2.674718014895915985e-02
1.675348728895187378e-01
5.633354652673006058e-03
3.100494742393493652e-01
9.819830060005187988e-01
9.140236675739288330e-02
2.672964183147996664e-04
1.442314505577087402e+00
9.393122196197509766e-01
2.428246475756168365e-02
6.586472690105438232e-02
1.465298701077699661e-02
3.043828010559082031e-01
6.488682627677917480e-01
0.000000000000000000e+00
0.000000000000000000e+00
0.000000000000000000e+00
7.878236472606658936e-02
5.490611195564270020e-01
5.112195387482643127e-02
6.928922533988952637e-01
8.325321674346923828e-01
5.338214874267578125e+00
3.890599682927131653e-02
5.907393693923950195e-01
1.554662138223648071e-01
0.000000000000000000e+00
0.000000000000000000e+00
1.981701493263244629e+00
2.087435126304626465e-02
8.293680101633071899e-02
3.073978424072265625e-01
0.000000000000000000e+00
6.301297992467880249e-02
2.106106281280517578e-01
1.243222713470458984e+00
0.000000000000000000e+00
2.184801036491990089e-03
0.000000000000000000e+00
2.116280049085617065e-01
9.229245781898498535e-02
2.383699268102645874e-01
1.715466976165771484e-01
6.423942446708679199e-01
0.000000000000000000e+00
8.042797446250915527e-03
4.549258947372436523e-02
5.762047693133354187e-02
1.039268851280212402e+00
3.376994654536247253e-02
4.247671961784362793e-01
4.284953117370605469e+00
5.012381356209516525e-03
4.750224947929382324e-01
6.720454692840576172e-01
6.068976521492004395e-01
6.068928837776184082e-01
7.684386968612670898e-01
2.925435900688171387e-01
4.299815744161605835e-03
5.604782104492187500e-01
7.732895761728286743e-02
6.609574705362319946e-02
1.890866518020629883e+00
4.973809421062469482e-01
4.489843174815177917e-02
0.000000000000000000e+00
1.130884140729904175e-01
4.118268489837646484e-01
1.330564916133880615e-02
5.957469344139099121e-01
9.082618951797485352e-01
1.459472775459289551e-01
6.154539063572883606e-02
1.163247585296630859e+00
0.000000000000000000e+00
3.456671535968780518e-02
1.800821125507354736e-01
4.474451839923858643e-01
3.633779287338256836e-01
4.251528158783912659e-02
2.909362912178039551e-01
0.000000000000000000e+00
2.065490007400512695e+00
0.000000000000000000e+00
2.600120007991790771e-02
2.247463166713714600e-01
2.868826389312744141e-01
0.000000000000000000e+00
6.841920316219329834e-02
4.687339365482330322e-01
6.151277422904968262e-01
2.185765355825424194e-01
3.671017289161682129e-02
1.301345825195312500e-01
2.603495121002197266e+00
2.514513209462165833e-02
0.000000000000000000e+00
3.355934843420982361e-02
7.511564493179321289e-01
6.950455904006958008e-02
5.822009965777397156e-02
7.795657962560653687e-02
1.870891004800796509e-01
1.472883075475692749e-01
3.012204766273498535e-01
1.641427755355834961e+00
4.893864095211029053e-01
8.728148788213729858e-02
6.999999284744262695e-01
0.000000000000000000e+00
1.043087616562843323e-02
1.559300813823938370e-02
0.000000000000000000e+00
7.283404469490051270e-01
0.000000000000000000e+00
1.127736791968345642e-01
1.267776042222976685e-01
9.779344499111175537e-02
9.277511388063430786e-03
4.200723394751548767e-02
3.563528954982757568e-01
1.041968613862991333e-01
4.949723780155181885e-01
4.899978339672088623e-01
4.412470161914825439e-01
5.370824038982391357e-02
2.954344749450683594e-01
3.064054250717163086e-01
1.782256245613098145e+00
5.490230917930603027e-01
6.320369243621826172e-01
4.399108886718750000e-01
5.139836668968200684e-01
6.951695680618286133e-01
9.481366276741027832e-01
5.022335052490234375e-01
3.215316057205200195e+00
4.458551704883575439e-01
1.387566775083541870e-01
7.993987761437892914e-03
3.735618829727172852e+00
4.489912390708923340e-01
8.650937676429748535e-01
8.142392039299011230e-01
1.845243573188781738e-02
8.126015067100524902e-01
5.046731829643249512e-01
3.154109716415405273e-01
1.218950629234313965e+00
6.009131204336881638e-03
2.308597788214683533e-02
3.205417394638061523e-01
5.927456617355346680e-01
1.561506628990173340e+00
1.401673108339309692e-01
8.047464489936828613e-02
1.816425561904907227e+00
2.098302729427814484e-02
0.000000000000000000e+00
1.264699339866638184e+00
3.890195116400718689e-02
4.758358001708984375e-03
1.082625091075897217e-01
2.690186956897377968e-03
2.882130816578865051e-02
3.454681336879730225e-01
1.434406042098999023e+00
3.353395164012908936e-01
2.652269601821899414e-01
9.382165670394897461e-01
4.100895226001739502e-01
0.000000000000000000e+00
9.411635994911193848e-01
0.000000000000000000e+00
2.177572965621948242e+00
2.597240731120109558e-02
6.856924057006835938e+00
7.124102860689163208e-02
2.418924868106842041e-01
6.104680895805358887e-01
8.778211474418640137e-01
1.191760897636413574e-01
1.491468250751495361e-01
1.326954066753387451e-01
9.685097634792327881e-02
9.359443783760070801e-01
0.000000000000000000e+00
9.862535595893859863e-01
1.319950342178344727e+00
0.000000000000000000e+00
2.199734598398208618e-01
1.853738725185394287e-02
6.343086715787649155e-03
6.416997909545898438e-01
3.727978169918060303e-01
3.160336613655090332e-02
3.211835861206054688e+00
1.413929462432861328e-01
2.237665206193923950e-01
2.757330238819122314e-02
0.000000000000000000e+00
0.000000000000000000e+00
4.200998693704605103e-02
1.053359985351562500e+00
2.313118726015090942e-01
3.085495345294475555e-02
3.540554642677307129e-02
1.918782591819763184e-01
0.000000000000000000e+00
4.781364798545837402e-01
4.954371973872184753e-02
7.244660519063472748e-03
6.839642524719238281e-01
4.600258767604827881e-01
2.494275569915771484e-01
6.554211974143981934e-01
1.078164726495742798e-01
3.005052544176578522e-02
1.597282588481903076e-01
0.000000000000000000e+00
1.164143234491348267e-01
2.707045078277587891e-01
3.986530303955078125e-01
6.430026888847351074e-02
1.652901768684387207e+00
1.286232620477676392e-01
3.708937466144561768e-01
2.570196986198425293e-01
2.839149534702301025e-01
1.928054243326187134e-01
1.470276236534118652e+00
4.235411807894706726e-02
1.648048758506774902e+00
1.049079671502113342e-01
1.094719246029853821e-01
3.814497590065002441e-02
4.734339714050292969e-01
2.890893518924713135e-01
9.378830194473266602e-01
5.104670301079750061e-02
1.486620903015136719e-01
1.139075398445129395e+00
3.892620205879211426e-01
3.048303127288818359e+00
7.590521126985549927e-02
2.012360282242298126e-02
3.020317554473876953e-01
4.163777232170104980e-01
8.546603471040725708e-02
4.602659225463867188e+00
1.022221669554710388e-01
0.000000000000000000e+00
0.000000000000000000e+00
2.491116076707839966e-01
0.000000000000000000e+00
2.589825093746185303e-01
1.158360719680786133e+00
2.128549069166183472e-01
1.282513618469238281e+00
3.718074560165405273e-01
4.642012715339660645e-01
1.735269464552402496e-02
1.348858028650283813e-01
7.961457967758178711e-02
4.275504965335130692e-03
1.192053779959678650e-01
3.471972346305847168e-01
3.281159400939941406e-01
2.252798154950141907e-02
3.447670862078666687e-02
4.755648374557495117e-01
2.740305848419666290e-02
2.461019307374954224e-01
1.055635437369346619e-01
9.526399970054626465e-01
0.000000000000000000e+00
0.000000000000000000e+00
7.788106203079223633e-01
6.282348185777664185e-02
3.495548069477081299e-01
6.990122199058532715e-01
4.675031304359436035e-01
8.845850825309753418e-03
1.428437530994415283e-01
3.830872774124145508e-01
0.000000000000000000e+00
0.000000000000000000e+00
5.918030813336372375e-02
0.000000000000000000e+00
3.821072876453399658e-01
0.000000000000000000e+00
2.036708146333694458e-01
3.170297145843505859e-01
0.000000000000000000e+00
2.037782818078994751e-01
2.637300640344619751e-02
6.127737164497375488e-01
8.749291419982910156e+00
2.288193441927433014e-02
1.948910951614379883e-02
0.000000000000000000e+00
1.182961929589509964e-02
9.083019942045211792e-02
5.376965552568435669e-02
8.082934468984603882e-02
7.196307182312011719e-01
4.519733786582946777e-02
2.581723928451538086e-01
3.255096450448036194e-02
0.000000000000000000e+00
3.384509980678558350e-01
1.068985700607299805e+00
4.967494606971740723e-01
5.967497359961271286e-03
3.702311217784881592e-02
3.144011497497558594e-01
1.003576636314392090e+00
2.327270507812500000e-01
1.571998558938503265e-02
3.063794672489166260e-01
4.809963516891002655e-03
1.219499558210372925e-01
6.637408137321472168e-01
2.669166028499603271e-01
2.243305921554565430e+00
7.927267812192440033e-03
1.057802319526672363e+00
1.377894133329391479e-01
0.000000000000000000e+00
1.596358120441436768e-01
2.340465784072875977e-01
1.873501949012279510e-02
3.602844178676605225e-01
6.275074183940887451e-02
7.698807716369628906e-01
4.735723137855529785e-01
5.018138885498046875e-01
9.798036515712738037e-02
0.000000000000000000e+00
2.447212338447570801e-01
3.699705302715301514e-01
1.051184296607971191e+00
2.668820507824420929e-02
2.719294046983122826e-03
1.250938922166824341e-01
3.506029605865478516e+00
6.245654076337814331e-02
2.718135118484497070e-01
0.000000000000000000e+00
5.230347742326557636e-04
7.678276300430297852e-02
2.630807399749755859e+00
5.479310750961303711e-01
4.214419424533843994e-01
1.265343930572271347e-02
6.218357682228088379e-01
5.638620629906654358e-02
0.000000000000000000e+00
1.136653870344161987e-01
5.449966192245483398e-01
2.207551747560501099e-01
0.000000000000000000e+00
7.236798107624053955e-02
1.717444509267807007e-01
2.960058927536010742e+00
2.696050107479095459e-01
1.337141841650009155e-01
6.889126300811767578e-01
5.735370516777038574e-01
1.251833792775869370e-02
1.258283015340566635e-02
2.866864800453186035e-01
8.433166891336441040e-02
1.072588562965393066e-01
1.973182857036590576e-01
4.697609320282936096e-02
2.314362972974777222e-01
1.216908022761344910e-01
4.049640595912933350e-01
2.656279504299163818e-02
2.420450001955032349e-01
2.020833253860473633e+00
3.922895342111587524e-02
1.020802259445190430e+00
8.683403953909873962e-03
6.439343690872192383e-01
4.114452004432678223e-02
1.704792380332946777e+00
9.878372400999069214e-02
1.844993210397660732e-03
0.000000000000000000e+00
2.294269055128097534e-01
1.605382412672042847e-01
1.488458752632141113e+00
4.611496925354003906e-01
1.443945150822401047e-02
4.999141693115234375e-01
3.344699367880821228e-02
3.858002722263336182e-01
4.051997959613800049e-01
1.164470553398132324e+00
1.183804795145988464e-01
1.138894200325012207e+00
3.420353168621659279e-03
6.416848301887512207e-01
2.982510328292846680e-01
1.178946867585182190e-01
3.399815037846565247e-02
0.000000000000000000e+00
1.656517833471298218e-01
4.758099019527435303e-01
9.988994896411895752e-02
7.023127079010009766e-01
3.477179408073425293e-01
2.414298951625823975e-01
0.000000000000000000e+00
9.031785652041435242e-03
3.365586996078491211e-01
0.000000000000000000e+00
0.000000000000000000e+00
0.000000000000000000e+00
2.302206866443157196e-02
0.000000000000000000e+00
8.316678553819656372e-02
2.766168713569641113e-01
5.383321642875671387e-02
9.274237751960754395e-01
3.944798186421394348e-02
2.508708536624908447e-01
1.039300695993006229e-03
1.733591854572296143e-01
6.144628673791885376e-02
8.300409466028213501e-02
2.914959751069545746e-02
1.051177740097045898e+00
7.261558175086975098e-01
7.395406812429428101e-02
6.081795096397399902e-01
6.743848323822021484e-01
1.915027201175689697e-01
4.356071472167968750e+00
1.012913323938846588e-02
4.744783639907836914e-01
4.808816313743591309e-02
9.452276229858398438e-01
1.431574970483779907e-01
4.994966089725494385e-02
8.145533204078674316e-01
2.332666963338851929e-01
1.133099850267171860e-02
3.007817566394805908e-01
2.765025794506072998e-01
2.315335422754287720e-01
4.156661033630371094e-01
4.392305016517639160e-02
1.288546249270439148e-02
2.330393046140670776e-01
4.047639369964599609e-01
1.406201068311929703e-02
8.481391668319702148e-01
1.823705434799194336e-01
4.983367025852203369e-01
1.666378527879714966e-01
7.667975425720214844e-01
3.013965785503387451e-01
3.762472569942474365e-01
2.959420531988143921e-02
1.029373168945312500e+00
6.247588992118835449e-01
4.332566857337951660e-01
0.000000000000000000e+00
7.283980846405029297e-01
8.504097908735275269e-02
8.897994458675384521e-02
4.100617021322250366e-02
8.704628050327301025e-02
9.753662347793579102e-01
3.170511424541473389e-01
3.809534907341003418e-01
5.795783549547195435e-02
9.046534299850463867e-01
5.841272473335266113e-01
1.076788525097072124e-03
7.094337344169616699e-01
2.795237489044666290e-02
6.565508991479873657e-02
6.124822497367858887e-01
6.779078841209411621e-01
1.309202760457992554e-01
7.399120926856994629e-02
0.000000000000000000e+00
2.113997004926204681e-02
4.513454914093017578e+00
0.000000000000000000e+00
2.095641613006591797e+00
0.000000000000000000e+00
0.000000000000000000e+00
2.345886453986167908e-02
4.508987665176391602e-01
2.681810855865478516e-01
8.854892253875732422e-01
5.970404148101806641e-01
4.649187922477722168e-01
5.691708326339721680e-01
1.159661650657653809e+00
1.203804276883602142e-02
5.528915673494338989e-02
2.384492661803960800e-03
1.002480462193489075e-02
2.115226089954376221e-01
1.572877764701843262e-01
1.025310084223747253e-01
9.917826205492019653e-02
6.738337222486734390e-03
0.000000000000000000e+00
0.000000000000000000e+00
1.503810435533523560e-01
1.474917232990264893e-01
7.247769832611083984e-02
4.543417692184448242e-01
5.105304121971130371e-01
0.000000000000000000e+00
1.793027758598327637e+00
1.234481669962406158e-02
3.652018606662750244e-01
1.169730722904205322e-02
5.634436607360839844e-01
2.275150060653686523e+00
2.997944355010986328e-01
5.718517303466796875e-02
9.727469086647033691e-02
0.000000000000000000e+00
0.000000000000000000e+00
5.333217978477478027e-01
2.354226410388946533e-01
0.000000000000000000e+00
0.000000000000000000e+00
6.665875315666198730e-01
3.021760657429695129e-02
9.366534352302551270e-01
6.351663470268249512e-01
2.785976231098175049e-01
0.000000000000000000e+00
0.000000000000000000e+00
9.756538867950439453e-01
5.440375804901123047e-01
2.652238845825195312e+00
2.515717148780822754e-01
1.189854860305786133e+00
5.043694749474525452e-02
0.000000000000000000e+00
1.830031514167785645e+00
1.874306984245777130e-02
3.183512687683105469e-01
1.457185596227645874e-01
2.385906279087066650e-01
6.443391088396310806e-03
1.642967700958251953e+00
9.668271057307720184e-03
1.965338587760925293e-01
1.507721900939941406e+00
9.283892512321472168e-01
3.958480060100555420e-02
2.292196452617645264e-02
0.000000000000000000e+00
7.573559880256652832e-01
0.000000000000000000e+00
0.000000000000000000e+00
1.505706738680601120e-02
7.811931967735290527e-01
1.171124339103698730e+00
1.192468702793121338e-01
1.287781298160552979e-01
4.483252167701721191e-01
6.708785891532897949e-01
2.284698560833930969e-02
2.743890285491943359e-01
7.125994563102722168e-01
1.519447207450866699e+00
1.357165444642305374e-02
4.369034171104431152e-01
0.000000000000000000e+00
2.126458436250686646e-01
6.408512126654386520e-03
1.215684637427330017e-01
8.618950247764587402e-01
3.368742018938064575e-02
6.592153310775756836e-01
5.967036820948123932e-03
4.346124827861785889e-02
2.057187259197235107e-01
4.485562741756439209e-01
6.566493958234786987e-02
2.826194651424884796e-02
1.119246482849121094e+00
1.851950399577617645e-02
4.635136947035789490e-02
0.000000000000000000e+00
5.677101016044616699e-01
1.454372145235538483e-02
4.325226843357086182e-01
1.191885545849800110e-01
5.903757736086845398e-02
2.165384143590927124e-01
0.000000000000000000e+00
3.498981893062591553e-02
9.063889086246490479e-02
4.006437957286834717e-01
3.184061646461486816e-01
4.007076323032379150e-01
3.723065368831157684e-03
8.637986183166503906e-01
0.000000000000000000e+00
2.808617614209651947e-02
5.847400054335594177e-02
7.878825664520263672e-01
1.702792942523956299e-01
0.000000000000000000e+00
0.000000000000000000e+00
1.812030971050262451e-01
4.396812915802001953e-01
1.187602639198303223e+00
0.000000000000000000e+00
3.949588835239410400e-01
4.714840352535247803e-01
2.438316587358713150e-03
1.376413851976394653e-01
2.553431987762451172e-01
2.299057319760322571e-03
2.160372771322727203e-02
1.599136888980865479e-01
4.026626646518707275e-01
0.000000000000000000e+00
1.360834836959838867e-01
1.245607435703277588e-02
3.227082788944244385e-01
0.000000000000000000e+00
2.447871491312980652e-03
0.000000000000000000e+00
3.668159842491149902e-01
7.866261899471282959e-02
8.882882446050643921e-02
6.390062626451253891e-03
0.000000000000000000e+00
0.000000000000000000e+00
6.127628684043884277e-01
1.740662157535552979e-01
0.000000000000000000e+00
8.706415295600891113e-01
1.224966421723365784e-01
3.228620067238807678e-02
0.000000000000000000e+00
1.638175845146179199e+00
2.818934917449951172e-01
2.969842462334781885e-04
2.255023689940571785e-03
2.995331399142742157e-02
6.280986219644546509e-02
4.893590509891510010e-01
1.339094161987304688e+00
2.964641749858856201e-01
0.000000000000000000e+00
7.410975098609924316e-01
