0.000000000000000000e+00
5.855348706245422363e-01
8.924955874681472778e-02
3.645447194576263428e-01
1.260641962289810181e-01
3.566904366016387939e-02
1.051464397460222244e-02
0.000000000000000000e+00
2.954245209693908691e-01
5.161763668060302734e+00
1.240130066871643066e-01
0.000000000000000000e+00
6.398761272430419922e-01
1.619900763034820557e-02
3.089272230863571167e-02
5.337408781051635742e-01
2.438641548156738281e+00
3.191927075386047363e-01
1.907637119293212891e-01
1.202900886535644531e+00
7.595682889223098755e-02
8.519049879396334291e-05
1.036812812089920044e-01
2.389666885137557983e-01
0.000000000000000000e+00
3.460964187979698181e-03
8.989949226379394531e-01
0.000000000000000000e+00
9.301835298538208008e-02
8.084483146667480469e-01
1.123054385185241699e+00
5.759280920028686523e-02
4.457150772213935852e-02
7.977680116891860962e-02
2.944395504891872406e-02
1.257544875144958496e+00
1.683634705841541290e-02
1.377718726871535182e-04
0.000000000000000000e+00
8.788157701492309570e-01
1.189274564385414124e-01
4.241934776306152344e+00
0.000000000000000000e+00
1.932283163070678711e+00
0.000000000000000000e+00
0.000000000000000000e+00
9.116324782371520996e-02
1.342845112085342407e-01
1.157587766647338867e-01
5.438169091939926147e-02
3.057035431265830994e-02
6.480802297592163086e-01
0.000000000000000000e+00
0.000000000000000000e+00
0.000000000000000000e+00
8.080802857875823975e-02
3.978485241532325745e-03
5.536193847656250000e-01
5.620073080062866211e-01
7.615780830383300781e-01
2.032919973134994507e-01
5.322677493095397949e-01
1.537312269210815430e+00
1.596319973468780518e-01
4.857389256358146667e-02
2.558070234954357147e-02
3.331882059574127197e-01
6.552917003631591797e+00
2.758443355560302734e-01
4.821485280990600586e-01
1.737138390541076660e+00
2.428369283676147461e+00
4.765568301081657410e-02
1.745103895664215088e-01
1.763245277106761932e-02
8.537424802780151367e-01
1.060259580612182617e+00
0.000000000000000000e+00
2.054967403411865234e+00
3.908682614564895630e-02
8.258051872253417969e-01
1.480975449085235596e-01
0.000000000000000000e+00
6.992121934890747070e-01
3.425811603665351868e-02
1.022620081901550293e+00
1.329815834760665894e-01
0.000000000000000000e+00
1.625030040740966797e-01
3.818119466304779053e-01
2.788032591342926025e-01
3.961314912885427475e-03
4.261705279350280762e-02
1.156910322606563568e-02
0.000000000000000000e+00
0.000000000000000000e+00
8.215281367301940918e-01
6.826289743185043335e-02
5.319319963455200195e-01
9.944896399974822998e-02
1.877756416797637939e-02
4.477895200252532959e-01
4.419790953397750854e-02
5.285773053765296936e-02
0.000000000000000000e+00
1.186012029647827148e+00
1.245705261826515198e-01
3.018937306478619576e-03
1.278270501643419266e-02
1.254213809967041016e+01
5.320871621370315552e-02
2.735998392105102539e+00
2.574326038360595703e+00
1.119718253612518311e-01
2.518756985664367676e-01
3.633159399032592773e-01
4.120652079582214355e-01
0.000000000000000000e+00
3.750770986080169678e-01
1.147152259945869446e-01
3.127439320087432861e-01
8.974312543869018555e-01
6.369496136903762817e-02
4.654272794723510742e-01
2.008233815431594849e-01
9.741175919771194458e-02
4.368505775928497314e-01
3.196071600541472435e-03
0.000000000000000000e+00
7.208920121192932129e-01
2.626144587993621826e-01
1.242881920188665390e-02
0.000000000000000000e+00
1.332772821187973022e-01
1.735341787338256836e+00
0.000000000000000000e+00
3.780518472194671631e-01
7.518641948699951172e-01
7.913348078727722168e-01
1.138995811343193054e-01
1.083090230822563171e-01
0.000000000000000000e+00
1.487725675106048584e-01
4.844668880105018616e-02
0.000000000000000000e+00
3.049115538597106934e-01
2.187703996896743774e-01
0.000000000000000000e+00
7.600390911102294922e-02
0.000000000000000000e+00
1.675029098987579346e-01
0.000000000000000000e+00
2.157568186521530151e-02
1.140832551755011082e-03
1.122354149818420410e+00
3.595536947250366211e-02
2.565455675125122070e+00
1.496669650077819824e-01
4.628027603030204773e-02
4.030042886734008789e-02
3.298607096076011658e-02
1.073426380753517151e-02
9.058716297149658203e-01
1.900447249412536621e+00
1.077632978558540344e-01
4.685961246490478516e+00
0.000000000000000000e+00
0.000000000000000000e+00
6.463707983493804932e-02
5.167993903160095215e-01
0.000000000000000000e+00
8.116182684898376465e-01
9.473786354064941406e-01
5.737559497356414795e-02
2.201101928949356079e-02
8.768213391304016113e-01
4.195044562220573425e-02
1.106137186288833618e-01
0.000000000000000000e+00
5.426247417926788330e-02
6.635832041501998901e-02
3.947544336318969727e+00
1.224646329879760742e+00
1.839274764060974121e-01
9.927997738122940063e-02
6.179782748222351074e-01
3.048382699489593506e-01
6.076072454452514648e-01
1.096061617136001587e-01
7.101073265075683594e-01
9.588256478309631348e-02
0.000000000000000000e+00
2.868048250675201416e-01
2.883861958980560303e-01
2.759124338626861572e-02
1.276672929525375366e-01
4.371500909328460693e-01
1.451146900653839111e-01
5.555159226059913635e-02
5.883420705795288086e-01
7.074061036109924316e-02
1.234037801623344421e-01
9.388387203216552734e-02
3.971811830997467041e-01
2.517329454421997070e-01
6.172820329666137695e-01
5.295059457421302795e-02
1.333429455757141113e+00
1.106935646384954453e-02
2.774167060852050781e-02
0.000000000000000000e+00
0.000000000000000000e+00
1.422354765236377716e-02
2.247354015707969666e-02
4.387784600257873535e-01
0.000000000000000000e+00
5.533456802368164062e-01
2.101776748895645142e-01
1.368321478366851807e-02
5.070338845252990723e-01
1.266676038503646851e-01
1.016395315527915955e-01
1.345564126968383789e-01
1.463282555341720581e-01
6.379613280296325684e-01
1.027564644813537598e+00
3.082595951855182648e-02
2.277712523937225342e-01
1.719092018902301788e-02
9.052277356386184692e-02
0.000000000000000000e+00
8.874846622347831726e-03
2.660214900970458984e-03
6.978616118431091309e-02
3.820351511240005493e-02
1.421945095062255859e-01
0.000000000000000000e+00
0.000000000000000000e+00
0.000000000000000000e+00
5.419458821415901184e-02
5.111039802432060242e-02
3.347703441977500916e-02
6.305763721466064453e-01
0.000000000000000000e+00
0.000000000000000000e+00
3.941832184791564941e-01
4.600274935364723206e-02
5.558960139751434326e-03
6.130417436361312866e-02
2.482977509498596191e-01
0.000000000000000000e+00
5.859177112579345703e-01
3.272279165685176849e-03
1.492601539939641953e-02
1.419573575258255005e-01
0.000000000000000000e+00
2.785621909424662590e-03
1.109323278069496155e-01
3.290405571460723877e-01
1.569417119026184082e-01
9.055898189544677734e-01
1.818999767303466797e+00
1.007242918014526367e+00
1.700932346284389496e-02
4.081715047359466553e-01
3.889808140229433775e-04
0.000000000000000000e+00
5.646050721406936646e-02
2.532043159008026123e-01
0.000000000000000000e+00
2.015627145767211914e+00
3.021235466003417969e-01
3.092219866812229156e-02
1.553505361080169678e-01
3.754870891571044922e-01
1.534881711006164551e+00
1.912357211112976074e-01
1.908465921878814697e-01
2.862444221973419189e-01
4.082555323839187622e-02
1.620664633810520172e-02
1.942252963781356812e-01
1.156117990612983704e-01
0.000000000000000000e+00
9.014408588409423828e-01
1.190633416175842285e+00
2.743481658399105072e-02
6.176062822341918945e-01
6.072525501251220703e+00
5.978006124496459961e-01
3.277239203453063965e-01
5.531122088432312012e-01
1.687047332525253296e-01
1.215295314788818359e+00
3.461545857135206461e-04
1.076922640204429626e-01
0.000000000000000000e+00
3.471080213785171509e-02
7.352125644683837891e-02
1.346027106046676636e-01
0.000000000000000000e+00
4.753569364547729492e-01
4.080167412757873535e-02
1.013283850625157356e-03
5.051322579383850098e-01
1.508027687668800354e-02
1.975072920322418213e-01
0.000000000000000000e+00
9.179680608212947845e-03
4.125498607754707336e-02
2.205805033445358276e-01
1.673508435487747192e-01
2.074686586856842041e-01
0.000000000000000000e+00
5.142374038696289062e-01
3.997976481914520264e-01
7.632294297218322754e-02
3.928056359291076660e-02
0.000000000000000000e+00
4.408815801143646240e-01
0.000000000000000000e+00
5.678890943527221680e-01
3.047998249530792236e-01
2.337576821446418762e-02
8.217424154281616211e-02
3.711907193064689636e-03
0.000000000000000000e+00
4.411965310573577881e-01
0.000000000000000000e+00
2.617458701133728027e-01
2.226640880107879639e-01
1.439352780580520630e-01
8.852990865707397461e-01
1.362105488777160645e+00
1.198636889457702637e-01
0.000000000000000000e+00
1.336093805730342865e-02
7.234717160463333130e-02
7.577561587095260620e-02
2.057155370712280273e-01
0.000000000000000000e+00
9.820412844419479370e-02
0.000000000000000000e+00
1.695649325847625732e-02
5.298392102122306824e-02
2.945150621235370636e-02
0.000000000000000000e+00
0.000000000000000000e+00
0.000000000000000000e+00
0.000000000000000000e+00
2.107173919677734375e+00
3.858416378498077393e-01
1.090671658515930176e+00
9.918311238288879395e-02
6.664527058601379395e-01
2.507920503616333008e+00
1.611726582050323486e-01
1.252606958150863647e-01
5.843133330345153809e-01
1.171809881925582886e-01
8.679053932428359985e-02
1.070600226521492004e-01
8.828591555356979370e-02
0.000000000000000000e+00
0.000000000000000000e+00
4.881332218647003174e-01
1.375200271606445312e+00
8.938496112823486328e-01
6.427474319934844971e-03
5.802667513489723206e-02
3.842104673385620117e-01
8.926684409379959106e-02
0.000000000000000000e+00
1.695374965667724609e+00
6.733331829309463501e-02
0.000000000000000000e+00
1.528736017644405365e-02
0.000000000000000000e+00
4.563484191894531250e+00
0.000000000000000000e+00
8.076692372560501099e-02
5.934539794921875000e+00
4.738468229770660400e-01
0.000000000000000000e+00
1.520875215530395508e+00
2.077221311628818512e-02
3.395856171846389771e-02
0.000000000000000000e+00
2.819841802120208740e-01
0.000000000000000000e+00
4.613833129405975342e-01
1.214020606130361557e-02
1.565231359563767910e-03
1.529832184314727783e-02
3.158283233642578125e-01
2.776432275772094727e+00
3.899647155776619911e-03
0.000000000000000000e+00
0.000000000000000000e+00
8.111739531159400940e-03
0.000000000000000000e+00
2.958744466304779053e-01
4.219937697052955627e-02
9.030861258506774902e-01
1.206625699996948242e+00
1.703239046037197113e-02
0.000000000000000000e+00
8.439770340919494629e-01
2.546856999397277832e-01
5.689586326479911804e-02
1.825684905052185059e-01
5.831390619277954102e-01
8.463212847709655762e-01
0.000000000000000000e+00
3.386075019836425781e+00
2.796407043933868408e-01
0.000000000000000000e+00
3.360874354839324951e-01
1.095828693360090256e-02
7.211783528327941895e-02
0.000000000000000000e+00
4.481172189116477966e-02
5.536727309226989746e-01
2.016560919582843781e-02
4.657010138034820557e-01
3.073176145553588867e+00
7.312496185302734375e+00
3.124626278877258301e-01
3.273555338382720947e-01
0.000000000000000000e+00
6.187483310699462891e+00
5.146278142929077148e-01
1.490824460983276367e+00
2.404383271932601929e-01
4.748931825160980225e-01
1.898563742637634277e+00
5.631781816482543945e-01
0.000000000000000000e+00
5.243285000324249268e-02
1.025677397847175598e-01
8.733935952186584473e-01
0.000000000000000000e+00
9.166304022073745728e-03
3.115552663803100586e-01
0.000000000000000000e+00
9.609407186508178711e-01
0.000000000000000000e+00
4.147259891033172607e-02
1.247245371341705322e-01
1.121865883469581604e-01
6.877172589302062988e-01
2.073899656534194946e-02
0.000000000000000000e+00
5.587937831878662109e-01
6.899276375770568848e-01
3.871564269065856934e-01
4.361087381839752197e-01
9.591369628906250000e-01
1.486626148223876953e+00
3.650679290294647217e-01
0.000000000000000000e+00
3.436485230922698975e-01
1.501875668764114380e-01
0.000000000000000000e+00
6.974143385887145996e-01
5.507152900099754333e-02
1.626303195953369141e-01
1.008551001548767090e+00
2.721314551308751106e-03
1.394763827323913574e+00
1.520390212535858154e-01
1.926130294799804688e+00
8.267518132925033569e-02
8.349827677011489868e-02
1.883374750614166260e-01
1.017797470092773438e+00
1.950526386499404907e-01
6.642751097679138184e-01
7.739260196685791016e-01
0.000000000000000000e+00
9.886604547500610352e-01
1.095862761139869690e-01
4.557450115680694580e-02
3.153352439403533936e-01
1.627514481544494629e+00
1.454795245081186295e-02
1.043136231601238251e-02
8.347235620021820068e-02
2.063097476959228516e+00
5.255916714668273926e-01
8.210158348083496094e-01
3.300961852073669434e-02
9.885321557521820068e-02
2.311665266752243042e-01
5.087069869041442871e-01
0.000000000000000000e+00
1.026051025837659836e-02
9.232937693595886230e-01
0.000000000000000000e+00
4.099593684077262878e-02
4.558402579277753830e-03
1.440152078866958618e-01
4.600368812680244446e-02
0.000000000000000000e+00
9.232242107391357422e-01
2.799796126782894135e-02
7.329409718513488770e-01
0.000000000000000000e+00
2.013415843248367310e-01
2.191829122602939606e-02
4.852779209613800049e-01
6.013244856148958206e-03
1.887572050094604492e+00
7.176127284765243530e-02
2.347610235214233398e+00
1.989005692303180695e-02
7.848252356052398682e-02
8.878345787525177002e-02
0.000000000000000000e+00
0.000000000000000000e+00
4.129803180694580078e+00
1.841550618410110474e-01
0.000000000000000000e+00
2.009394168853759766e-01
0.000000000000000000e+00
4.214534759521484375e-01
0.000000000000000000e+00
1.515458524227142334e-01
0.000000000000000000e+00
1.199807785451412201e-02
2.017594426870346069e-01
2.963545918464660645e-02
8.504064753651618958e-03
8.229439705610275269e-02
1.756958603858947754e+00
0.000000000000000000e+00
9.871771186590194702e-02
2.568744122982025146e-01
6.683776974678039551e-01
3.573903068900108337e-02
0.000000000000000000e+00
1.926393248140811920e-02
2.173482328653335571e-01
0.000000000000000000e+00
3.775509893894195557e-01
4.968110471963882446e-03
6.485692858695983887e-01
1.872582435607910156e+00
1.114688813686370850e-03
3.912683486938476562e+00
8.039091480895876884e-04
2.206930331885814667e-02
1.008676290512084961e+00
1.403827778995037079e-02
5.418185144662857056e-02
0.000000000000000000e+00
7.842664718627929688e-01
0.000000000000000000e+00
0.000000000000000000e+00
0.000000000000000000e+00
1.828795969486236572e-01
0.000000000000000000e+00
5.736446380615234375e-01
3.678210079669952393e-01
0.000000000000000000e+00
1.361205708235502243e-02
3.766783773899078369e-01
0.000000000000000000e+00
3.897377057000994682e-03
1.821129202842712402e+00
2.175584793090820312e+00
1.881512403488159180e+00
0.000000000000000000e+00
9.207104444503784180e-01
9.930849820375442505e-02
1.430606693029403687e-01
0.000000000000000000e+00
1.773510426282882690e-01
4.843065440654754639e-01
1.074952840805053711e+00
2.334575176239013672e+00
1.696506440639495850e-01
2.519266605377197266e-01
7.577265799045562744e-02
1.885743252933025360e-02
2.461126744747161865e-01
9.078588336706161499e-02
6.411660909652709961e-01
6.398737430572509766e-01
1.899000070989131927e-02
2.177807735279202461e-03
9.660231880843639374e-03
3.707484006881713867e-01
4.752578213810920715e-02
0.000000000000000000e+00
2.495300173759460449e-01
3.382075950503349304e-02
2.541963100433349609e+00
1.502727746963500977e+00
5.744850262999534607e-02
0.000000000000000000e+00
1.116170883178710938e+00
0.000000000000000000e+00
2.073336601257324219e+00
1.787489295005798340e+00
0.000000000000000000e+00
5.273491144180297852e-01
1.265352487564086914e+00
0.000000000000000000e+00
7.558543086051940918e-01
4.662628471851348877e-01
4.486892223358154297e-01
2.488487362861633301e-01
1.131339445710182190e-01
6.156721711158752441e-01
3.393769562244415283e-01
2.959804609417915344e-02
3.317586183547973633e-01
7.900500297546386719e-02
1.949202641844749451e-02
1.886353269219398499e-02
0.000000000000000000e+00
4.227553959935903549e-03
2.339545078575611115e-02
0.000000000000000000e+00
6.631070375442504883e-01
1.531006395816802979e-01
3.571346044540405273e+00
1.410042494535446167e-01
0.000000000000000000e+00
2.931693792343139648e+00
4.169300198554992676e-02
8.674930930137634277e-01
3.764779865741729736e-02
0.000000000000000000e+00
4.786304011940956116e-02
0.000000000000000000e+00
2.437105178833007812e+00
8.716859817504882812e+00
2.645564265549182892e-02
8.026592731475830078e-01
4.695985615253448486e-01
7.718807458877563477e-02
4.636742770671844482e-01
2.479834407567977905e-01
4.579940438270568848e-02
3.230923712253570557e-01
1.431468725204467773e-01
3.326908051967620850e-01
1.915678679943084717e-01
5.264046788215637207e-02
0.000000000000000000e+00
1.164807602763175964e-01
1.516258239746093750e+00
6.176527738571166992e-01
2.146495580673217773e+00
1.192767098546028137e-01
8.253768086433410645e-01
0.000000000000000000e+00
1.723325490951538086e+00
0.000000000000000000e+00
8.919036388397216797e-02
6.242505908012390137e-01
4.773188557010143995e-04
1.338624954223632812e-02
2.262491703033447266e+00
1.389190554618835449e-01
0.000000000000000000e+00
7.395173907279968262e-01
0.000000000000000000e+00
3.778608739376068115e-01
1.434217810630798340e+00
5.126447975635528564e-02
6.478151082992553711e-01
3.852538764476776123e-02
3.882145509123802185e-02
4.621976017951965332e-01
6.018043756484985352e-01
0.000000000000000000e+00
1.391827940940856934e+00
8.774589747190475464e-02
7.276102900505065918e-02
0.000000000000000000e+00
8.967202901840209961e-01
1.626384444534778595e-03
2.848761901259422302e-02
2.614508867263793945e+00
4.316013157367706299e-01
4.249059781432151794e-02
2.750790212303400040e-03
2.073936939239501953e+00
1.776613146066665649e-01
0.000000000000000000e+00
1.130596362054347992e-02
1.910436600446701050e-01
0.000000000000000000e+00
0.000000000000000000e+00
0.000000000000000000e+00
6.152407079935073853e-02
2.454256296157836914e+00
5.604308605194091797e+00
3.820438683032989502e-02
2.023094519972801208e-02
4.813733696937561035e-02
6.786310672760009766e-01
5.234894901514053345e-02
3.256631195545196533e-01
3.434425294399261475e-01
1.016259908676147461e+00
8.746184408664703369e-02
2.617178857326507568e-01
1.533108115196228027e+00
4.908754825592041016e-01
3.629492998123168945e+00
0.000000000000000000e+00
1.779364794492721558e-01
4.878237843513488770e-01
4.740593433380126953e-01
1.019488573074340820e+00
2.677594870328903198e-02
2.426322177052497864e-02
1.112875621765851974e-02
8.622953295707702637e-01
1.611224189400672913e-02
1.684260070323944092e-01
2.463259398937225342e-01
3.729308843612670898e-01
2.214938253164291382e-01
1.782687902450561523e-01
8.060527443885803223e-01
0.000000000000000000e+00
0.000000000000000000e+00
1.132158711552619934e-01
2.090370416641235352e+00
1.545603945851325989e-02
6.330498456954956055e-01
8.412297070026397705e-02
4.597736522555351257e-02
2.093402743339538574e-01
0.000000000000000000e+00
1.181960999965667725e-01
4.647087454795837402e-01
0.000000000000000000e+00
2.910487540066242218e-02
3.189237788319587708e-02
0.000000000000000000e+00
1.764010041952133179e-01
3.568338230252265930e-02
3.715511411428451538e-03
2.617089509963989258e+00
0.000000000000000000e+00
2.414985150098800659e-01
4.643851816654205322e-01
6.185461208224296570e-02
4.143306612968444824e-01
3.106625080108642578e-01
4.611133635044097900e-01
9.523903727531433105e-01
1.967121720314025879e+00
8.210434317588806152e-01
3.299255296587944031e-02
4.254638552665710449e-01
4.783924296498298645e-02
2.393734753131866455e-01
4.181155934929847717e-02
1.693202406167984009e-01
1.390548143535852432e-02
4.269025623798370361e-01
1.778640598058700562e-01
2.789868831634521484e+00
1.699541509151458740e-02
0.000000000000000000e+00
2.142142772674560547e+00
1.954625964164733887e+00
1.401738971471786499e-01
2.791833281517028809e-01
1.996587514877319336e-01
6.524944901466369629e-01
5.296515226364135742e-01
7.123709470033645630e-02
3.466105461120605469e-01
7.743596285581588745e-02
1.175772994756698608e-01
5.716455578804016113e-01
1.029812455177307129e+00
0.000000000000000000e+00
0.000000000000000000e+00
7.234160900115966797e-01
1.602080417796969414e-03
0.000000000000000000e+00
0.000000000000000000e+00
1.735694110393524170e-01
2.305873334407806396e-01
4.059731494635343552e-03
1.487669199705123901e-01
2.097406238317489624e-01
2.604433894157409668e-01
0.000000000000000000e+00
0.000000000000000000e+00
2.176403999328613281e+00
3.396784514188766479e-02
1.332855084910988808e-03
9.046252369880676270e-01
2.852834463119506836e-01
0.000000000000000000e+00
6.532462239265441895e-01
9.949190914630889893e-02
1.963983327150344849e-01
1.166249394416809082e+00
7.844398915767669678e-02
1.333200097084045410e+00
1.244621053338050842e-01
2.790096774697303772e-02
9.170457720756530762e-01
4.325967282056808472e-02
5.109884142875671387e-01
0.000000000000000000e+00
2.571348845958709717e-01
5.929337143898010254e-01
0.000000000000000000e+00
3.989593386650085449e-01
3.168525919318199158e-02
0.000000000000000000e+00
1.499196588993072510e-01
7.820558547973632812e-02
0.000000000000000000e+00
9.492052793502807617e-01
3.020155243575572968e-02
2.391383349895477295e-01
3.948301076889038086e+00
0.000000000000000000e+00
2.185062319040298462e-01
6.626463681459426880e-02
6.612904667854309082e-01
1.138502731919288635e-01
3.613684475421905518e-01
2.806766629219055176e-01
2.285691648721694946e-01
3.009398654103279114e-02
2.041731595993041992e+00
3.623346611857414246e-02
1.520574986934661865e-01
1.563911736011505127e-01
7.776647061109542847e-02
2.697863057255744934e-02
2.852439165115356445e+00
7.274835556745529175e-02
6.342120170593261719e-01
8.187299966812133789e-01
9.289588034152984619e-02
3.136788904666900635e-01
0.000000000000000000e+00
5.863366723060607910e-01
0.000000000000000000e+00
0.000000000000000000e+00
1.832980103790760040e-02
1.564314588904380798e-02
1.750635802745819092e-01
5.180407315492630005e-03
8.516041934490203857e-02
1.247256714850664139e-02
1.360682118684053421e-02
1.712378621101379395e+00
1.205776780843734741e-01
8.424646221101284027e-03
0.000000000000000000e+00
0.000000000000000000e+00
4.026074707508087158e-01
0.000000000000000000e+00
1.762265086174011230e+00
7.137777656316757202e-02
2.413876168429851532e-02
5.900227278470993042e-02
1.136584401130676270e+00
7.492244243621826172e-01
5.855503082275390625e-01
0.000000000000000000e+00
1.130303833633661270e-02
1.980192400515079498e-02
4.494576156139373779e-02
2.373489886522293091e-01
0.000000000000000000e+00
3.035604059696197510e-01
1.026442870497703552e-01
3.839821219444274902e-01
5.004013180732727051e-01
5.323323607444763184e-02
8.686465770006179810e-02
2.094873934984207153e-01
2.287710011005401611e-01
6.924847960472106934e-01
9.844087064266204834e-03
1.243133425712585449e+00
2.507625520229339600e-01
4.635701656341552734e+00
9.933589100837707520e-01
1.398524194955825806e-01
7.705696225166320801e-01
5.814673304557800293e-01
1.085108742117881775e-01
1.465587973594665527e+00
4.407737553119659424e-01
9.185020625591278076e-02
1.118613220751285553e-02
0.000000000000000000e+00
1.280623793601989746e+00
7.689437866210937500e-01
2.711783885955810547e+00
8.603834547102451324e-03
5.315302405506372452e-04
0.000000000000000000e+00
4.772709012031555176e-01
2.342774718999862671e-02
4.387105628848075867e-02
3.072242259979248047e+00
2.045110911130905151e-01
3.395988643169403076e-01
8.106891065835952759e-02
5.924264788627624512e-01
4.029738306999206543e-01
4.975720494985580444e-02
3.192670643329620361e-01
2.893411368131637573e-02
9.383674263954162598e-01
3.551839292049407959e-01
1.630437731742858887e+00
5.626404285430908203e-01
4.754401743412017822e-01
4.343326762318611145e-02
0.000000000000000000e+00
6.625727564096450806e-02
9.249061346054077148e-02
5.198686718940734863e-01
0.000000000000000000e+00
2.066873013973236084e-02
9.732339978218078613e-01
2.606680430471897125e-02
0.000000000000000000e+00
1.015136167407035828e-01
2.094116248190402985e-02
3.674990683794021606e-02
1.437278866767883301e+00
6.737463176250457764e-02
0.000000000000000000e+00
1.486109197139739990e-01
0.000000000000000000e+00
2.436762452125549316e-01
5.685543417930603027e-01
1.861113160848617554e-01
2.852113544940948486e-01
0.000000000000000000e+00
7.681221235543489456e-03
4.455441236495971680e-02
1.539162158966064453e+00
9.176605343818664551e-01
2.933151483535766602e+00
0.000000000000000000e+00
5.698328092694282532e-02
5.805637240409851074e-01
1.567498922348022461e+00
1.303174376487731934e+00
1.317422866821289062e+00
1.353285610675811768e-01
0.000000000000000000e+00
5.469974130392074585e-02
1.833596080541610718e-01
3.295740485191345215e-02
3.164724349975585938e+00
1.450322508811950684e+00
4.187368974089622498e-02
0.000000000000000000e+00
2.329067885875701904e-02
4.899847209453582764e-01
4.965198040008544922e-01
0.000000000000000000e+00
3.522953987121582031e-01
3.538006305694580078e+00
0.000000000000000000e+00
1.463305056095123291e-01
1.188775710761547089e-02
4.253962337970733643e-01
9.566665440797805786e-02
0.000000000000000000e+00
3.304270505905151367e-01
2.204684913158416748e-02
1.601644992828369141e+00
0.000000000000000000e+00
1.251531392335891724e-01
2.159418351948261261e-02
7.694853842258453369e-02
1.237555891275405884e-01
3.998135030269622803e-01
3.363267183303833008e-01
5.893539786338806152e-01
1.961770176887512207e+00
0.000000000000000000e+00
5.383827090263366699e-01
0.000000000000000000e+00
0.000000000000000000e+00
1.460609287023544312e-01
4.184436500072479248e-01
0.000000000000000000e+00
1.632987149059772491e-02
3.785230591893196106e-02
0.000000000000000000e+00
2.170537132769823074e-03
8.557645604014396667e-03
1.573630571365356445e-01
6.886477023363113403e-02
5.681234598159790039e-02
4.587393701076507568e-01
3.214710056781768799e-01
4.908671602606773376e-02
8.882176131010055542e-02
4.890309333801269531e+00
0.000000000000000000e+00
6.777926534414291382e-02
0.000000000000000000e+00
0.000000000000000000e+00
2.283812314271926880e-02
0.000000000000000000e+00
0.000000000000000000e+00
0.000000000000000000e+00
3.541100770235061646e-02
1.906539499759674072e-02
7.181636989116668701e-02
1.587189584970474243e-01
0.000000000000000000e+00
6.168774515390396118e-02
3.901901096105575562e-02
3.702715912368148565e-04
4.421184659004211426e-01
8.418350666761398315e-02
0.000000000000000000e+00
8.468075096607208252e-02
4.291534423828125000e+00
2.076530903577804565e-01
1.707110106945037842e-01
2.750812768936157227e-01
1.036869734525680542e-02
4.227924346923828125e-02
3.974969685077667236e-02
8.837231993675231934e-01
9.481788426637649536e-02
6.695610284805297852e-01
1.869867146015167236e-01
8.501109480857849121e-01
2.706254422664642334e-01
0.000000000000000000e+00
3.728955239057540894e-02
1.008979916572570801e+00
2.473192214965820312e-01
7.586827874183654785e-01
2.718633040785789490e-02
3.699519904330372810e-03
4.146955441683530807e-03
0.000000000000000000e+00
8.872559070587158203e-01
6.083831563591957092e-02
8.525595068931579590e-03
1.661753165535628796e-03
1.191504836082458496e+00
3.368368744850158691e-02
4.402677118778228760e-01
1.781238242983818054e-02
0.000000000000000000e+00
1.824116259813308716e-01
2.524553053081035614e-02
0.000000000000000000e+00
1.736925095319747925e-01
5.420432090759277344e-01
1.447797715663909912e-01
8.957872390747070312e-01
1.147667970508337021e-02
9.053005576133728027e-01
3.000430464744567871e-01
3.580637276172637939e-01
4.506776034832000732e-01
2.584695577621459961e+00
1.724825143814086914e+00
5.663490295410156250e-01
0.000000000000000000e+00
9.293602705001831055e-01
1.312076598405838013e-01
0.000000000000000000e+00
1.110310479998588562e-01
4.758837167173624039e-03
5.290681719779968262e-01
7.587868571281433105e-01
1.162045355886220932e-02
3.559019863605499268e-01
1.951938509941101074e+00
0.000000000000000000e+00
0.000000000000000000e+00
9.955342113971710205e-02
8.564579486846923828e-01
1.993917971849441528e-01
2.582730948925018311e-01
3.246221065521240234e+00
1.648380994796752930e+00
2.029122710227966309e-01
3.854522854089736938e-02
6.797721143811941147e-03
4.107522070407867432e-01
0.000000000000000000e+00
2.936065010726451874e-02
3.573213180061429739e-04
1.497728098183870316e-02
1.683608815073966980e-02
5.600915476679801941e-02
2.178475856781005859e-01
0.000000000000000000e+00
1.100434511899948120e-01
4.245858639478683472e-03
6.901692748069763184e-01
0.000000000000000000e+00
3.477986454963684082e-01
1.029891371726989746e+00
1.378278364427387714e-03
5.916224122047424316e-01
3.481162190437316895e-01
2.611378207802772522e-02
5.519175529479980469e-01
1.683816671371459961e+00
6.800069808959960938e-01
3.193074762821197510e-01
9.072423577308654785e-01
8.812685497105121613e-03
3.499484062194824219e-01
2.374957352876663208e-01
3.172588050365447998e-01
0.000000000000000000e+00
5.281386375427246094e-01
0.000000000000000000e+00
1.385440230369567871e+00
3.953887820243835449e-01
3.003710210323333740e-01
2.295676469802856445e+00
2.800733745098114014e-01
5.872770547866821289e-01
0.000000000000000000e+00
0.000000000000000000e+00
1.479982584714889526e-02
8.949712663888931274e-02
6.145156174898147583e-02
1.404549181461334229e-02
6.858431696891784668e-01
1.186588555574417114e-01
3.085538446903228760e-01
8.439735770225524902e-01
2.317949295043945312e+00
2.901447415351867676e-01
2.022601217031478882e-01
0.000000000000000000e+00
2.450899779796600342e-01
2.301451191306114197e-02
1.185175590217113495e-02
5.339867472648620605e-01
4.815366491675376892e-02
0.000000000000000000e+00
2.208810091018676758e+00
2.147525846958160400e-01
1.135117292404174805e+00
2.861655652523040771e-01
1.844107210636138916e-01
4.800913110375404358e-02
0.000000000000000000e+00
7.378884404897689819e-02
1.877064583823084831e-03
3.760836422443389893e-01
3.122194111347198486e-01
6.572909653186798096e-02
9.630373120307922363e-01
1.872471347451210022e-02
6.052198633551597595e-02
0.000000000000000000e+00
1.272942498326301575e-02
1.760929077863693237e-01
7.956420183181762695e-01
7.840701378881931305e-03
3.670753836631774902e-01
3.159232139587402344e-01
4.450139701366424561e-01
0.000000000000000000e+00
2.880609333515167236e-01
0.000000000000000000e+00
0.000000000000000000e+00
4.465799033641815186e-01
2.764943122863769531e+00
5.303729176521301270e-01
2.594701051712036133e-01
8.250840008258819580e-03
4.416819512844085693e-01
0.000000000000000000e+00
8.811698555946350098e-01
8.184938691556453705e-03
4.276963770389556885e-01
0.000000000000000000e+00
8.690378665924072266e-01
7.484104633331298828e-01
7.349166274070739746e-02
4.308743402361869812e-02
0.000000000000000000e+00
2.688780725002288818e-01
2.812275290489196777e-01
1.840022578835487366e-02
1.566483736038208008e+00
6.896143555641174316e-01
7.112387567758560181e-02
7.652326673269271851e-02
8.088310956954956055e-01
3.716138601303100586e-01
8.108544349670410156e-01
5.865840986371040344e-02
1.935999989509582520e+00
3.651296719908714294e-02
4.472601786255836487e-02
1.602350473403930664e-01
3.411821722984313965e-01
0.000000000000000000e+00
9.430530071258544922e-01
8.055639266967773438e-01
3.381275177001953125e+00
1.864768564701080322e-02
0.000000000000000000e+00
0.000000000000000000e+00
9.768370538949966431e-02
8.439883589744567871e-02
4.128919243812561035e-01
7.724040746688842773e-02
8.561182767152786255e-02
4.075092077255249023e-01
4.400075599551200867e-02
5.172276869416236877e-03
4.713037237524986267e-02
8.996778130531311035e-01
2.129058092832565308e-01
3.366196155548095703e-01
1.185996755957603455e-01
6.833254694938659668e-01
7.678966224193572998e-02
1.526770710945129395e+00
0.000000000000000000e+00
1.725880987942218781e-02
2.157108336687088013e-01
3.065443038940429688e-02
0.000000000000000000e+00
2.186170667409896851e-01
4.294387623667716980e-02
2.517076954245567322e-02
2.123605757951736450e-01
5.537154674530029297e-01
1.506598591804504395e-01
9.013922810554504395e-01
2.550075948238372803e-01
4.082780182361602783e-01
2.410742267966270447e-02
2.480132818222045898e+00
7.414068561047315598e-03
4.559119790792465210e-02
0.000000000000000000e+00
4.292516410350799561e-02
4.416492953896522522e-02
4.643140435218811035e-01
1.695955358445644379e-02
5.857544541358947754e-01
1.234101597219705582e-02
4.984212294220924377e-02
2.291266679763793945e+00
3.949396312236785889e-02
0.000000000000000000e+00
4.768782556056976318e-01
1.329800486564636230e-01
4.519824683666229248e-01
0.000000000000000000e+00
2.338210940361022949e-01
8.628561347723007202e-02
0.000000000000000000e+00
0.000000000000000000e+00
4.317048937082290649e-02
1.448441147804260254e+00
0.000000000000000000e+00
2.733100205659866333e-02
7.702509760856628418e-01
1.643794961273670197e-02
1.778324991464614868e-01
2.580644786357879639e-01
1.689226366579532623e-02
2.033293247222900391e-02
0.000000000000000000e+00
0.000000000000000000e+00
0.000000000000000000e+00
0.000000000000000000e+00
1.631089001893997192e-01
0.000000000000000000e+00
1.512508392333984375e-01
4.822836220264434814e-01
0.000000000000000000e+00
8.205633610486984253e-02
4.108485877513885498e-01
4.040358364582061768e-01
0.000000000000000000e+00
3.802014887332916260e-01
0.000000000000000000e+00
2.789930999279022217e-02
0.000000000000000000e+00
5.256949663162231445e-01
0.000000000000000000e+00
3.350167572498321533e-01
0.000000000000000000e+00
5.816806879010982811e-05
4.301006495952606201e-01
1.922293752431869507e-01
1.279259920120239258e-01
1.292660981416702271e-01
1.396864205598831177e-01
3.685941994190216064e-01
6.242939233779907227e-01
2.476272583007812500e-01
2.506416141986846924e-01
4.398912191390991211e-01
1.274736404418945312e+00
6.107541918754577637e-01
0.000000000000000000e+00
1.038289666175842285e-01
2.530919611454010010e-01
1.076703071594238281e+00
0.000000000000000000e+00
9.762967824935913086e-01
5.484627187252044678e-02
8.681608736515045166e-02
5.922089219093322754e-01
7.962840027175843716e-04
5.901112779974937439e-02
1.654367446899414062e-01
6.741851568222045898e-01
4.412657395005226135e-02
5.034201145172119141e-01
0.000000000000000000e+00
1.165597066283226013e-01
0.000000000000000000e+00
9.825741648674011230e-01
3.118980169296264648e+00
3.158264160156250000e+00
0.000000000000000000e+00
9.775409474968910217e-03
3.001415729522705078e-02
0.000000000000000000e+00
5.346689373254776001e-03
3.054014965891838074e-02
3.320921957492828369e-01
1.375072002410888672e-01
8.158439993858337402e-01
5.303460955619812012e-01
7.075124979019165039e-02
1.899419911205768585e-02
0.000000000000000000e+00
3.380639553070068359e+00
6.168842688202857971e-02
1.375944495201110840e+00
0.000000000000000000e+00
1.979753673076629639e-01
2.033315449953079224e-01
0.000000000000000000e+00
1.198551058769226074e+00
4.676966369152069092e-02
2.105369120836257935e-01
1.107508912682533264e-01
3.238237202167510986e-01
0.000000000000000000e+00
6.309119462966918945e-01
0.000000000000000000e+00
1.464719653129577637e+00
9.688911437988281250e-01
2.198092825710773468e-02
2.800466716289520264e-01
9.950692057609558105e-01
4.012063443660736084e-01
8.868746757507324219e-01
6.020014286041259766e-01
1.690125912427902222e-01
1.144180446863174438e-02
4.820219278335571289e-01
3.510112315416336060e-02
2.634555995464324951e-01
1.416167169809341431e-01
0.000000000000000000e+00
7.220835238695144653e-02
2.637536963447928429e-03
5.889704823493957520e-02
1.413977146148681641e-01
5.944712832570075989e-02
3.318810760974884033e-01
1.147549390792846680e+00
8.717586994171142578e-01
2.402873486280441284e-01
1.420979946851730347e-01
1.470340974628925323e-02
9.116677194833755493e-02
3.628023713827133179e-02
0.000000000000000000e+00
0.000000000000000000e+00
0.000000000000000000e+00
8.850120939314365387e-03
1.310132741928100586e+00
2.338477611541748047e+00
2.433755159378051758e+00
0.000000000000000000e+00
1.388449966907501221e-02
1.849343299865722656e+00
2.269507646560668945e-01
0.000000000000000000e+00
2.516660213470458984e+00
5.013875663280487061e-02
0.000000000000000000e+00
0.000000000000000000e+00
7.087903562933206558e-03
0.000000000000000000e+00
4.623128846287727356e-02
2.732651710510253906e+00
3.696077316999435425e-02
1.256841868162155151e-01
2.397990413010120392e-02
0.000000000000000000e+00
6.843737959861755371e-01
2.694612443447113037e-01
8.052594214677810669e-02
4.638105630874633789e-02
1.687477082014083862e-01
1.324577778577804565e-01
0.000000000000000000e+00
4.883954301476478577e-02
4.857633113861083984e-01
2.653034403920173645e-03
0.000000000000000000e+00
2.170887470245361328e+00
0.000000000000000000e+00
1.378817409276962280e-01
2.122089862823486328e-01
8.221660554409027100e-02
2.781371027231216431e-02
1.633717268705368042e-01
1.148057077080011368e-02
9.331601671874523163e-03
0.000000000000000000e+00
0.000000000000000000e+00
4.320273399353027344e-01
1.253135204315185547e-01
0.000000000000000000e+00
8.006944507360458374e-02
3.045172691345214844e-01
1.197130084037780762e-01
2.681173384189605713e-01
1.208185218274593353e-02
1.428814649581909180e+00
5.896474719047546387e-01
5.303704179823398590e-03
4.565772414207458496e-02
2.662046670913696289e+00
1.604096889495849609e-01
0.000000000000000000e+00
3.966604545712471008e-02
2.396373271942138672e+00
1.689724177122116089e-01
0.000000000000000000e+00
4.881311655044555664e-01
4.500881955027580261e-02
0.000000000000000000e+00
0.000000000000000000e+00
4.697102904319763184e-01
5.611119270324707031e-01
2.268068343400955200e-01
0.000000000000000000e+00
2.342570722103118896e-01
5.390346050262451172e-03
1.003678321838378906e+00
3.123014047741889954e-02
0.000000000000000000e+00
1.532639749348163605e-02
9.290576577186584473e-01
2.530419230461120605e-01
7.800273597240447998e-03
9.436494708061218262e-01
0.000000000000000000e+00
8.821966499090194702e-02
4.303072690963745117e-01
3.838878571987152100e-01
7.030662894248962402e-02
3.173605501651763916e-01
3.582160234451293945e+00
2.264054119586944580e-02
7.415615953505039215e-03
1.430813223123550415e-02
4.627554863691329956e-02
0.000000000000000000e+00
9.778344072401523590e-03
0.000000000000000000e+00
7.912051677703857422e-01
1.486092526465654373e-02
6.066029518842697144e-02
3.417578637599945068e-01
6.370467543601989746e-01
1.313533037900924683e-01
0.000000000000000000e+00
2.348716259002685547e-01
1.398012340068817139e-01
3.129881858825683594e+00
7.309710979461669922e-01
4.353766143321990967e-01
5.111825466156005859e-01
7.047120481729507446e-03
4.110974371433258057e-01
1.063233092427253723e-01
4.715898334980010986e-01
2.154255658388137817e-01
1.608947515487670898e-01
2.170505970716476440e-01
2.390842437744140625e+00
1.641305834054946899e-01
1.086985349655151367e+00
3.505614995956420898e-01
4.620350897312164307e-03
3.463784232735633850e-02
5.241114273667335510e-02
4.002386331558227539e-01
1.123576283454895020e+00
4.705146700143814087e-02
0.000000000000000000e+00
6.592064499855041504e-01
3.458049148321151733e-02
9.194564819335937500e-02
5.694072246551513672e-01
2.051228880882263184e-01
2.393040657043457031e+00
8.529332280158996582e-02
4.095775485038757324e-01
0.000000000000000000e+00
6.862050294876098633e-01
1.010235428810119629e+00
1.915394514799118042e-01
0.000000000000000000e+00
3.573482483625411987e-02
0.000000000000000000e+00
1.598122343420982361e-02
3.382818996906280518e-01
6.037656217813491821e-02
0.000000000000000000e+00
0.000000000000000000e+00
2.725697457790374756e-01
4.015999287366867065e-02
1.173004150390625000e+00
2.911998927593231201e-01
0.000000000000000000e+00
0.000000000000000000e+00
9.495330601930618286e-02
1.831703186035156250e+00
1.743416339159011841e-01
7.188288122415542603e-02
9.788194298744201660e-02
1.216165423393249512e-01
6.457481384277343750e-01
5.854360461235046387e-01
8.906484581530094147e-03
5.305950064212083817e-03
0.000000000000000000e+00
2.869942188262939453e-01
1.476477980613708496e+00
5.588153600692749023e-01
1.012267768383026123e-01
8.578519225120544434e-01
3.662114739418029785e-01
0.000000000000000000e+00
3.115622885525226593e-02
0.000000000000000000e+00
1.145652458071708679e-01
4.083527252078056335e-02
1.858824980445206165e-03
3.849965985864400864e-03
6.372980028390884399e-02
1.614945411682128906e+00
0.000000000000000000e+00
1.498319983482360840e+00
2.895392477512359619e-02
2.291234433650970459e-01
1.730992496013641357e-01
0.000000000000000000e+00
4.450727999210357666e-01
2.412375062704086304e-02
1.037719726562500000e+00
9.490130543708801270e-01
4.811888188123703003e-02
3.167152032256126404e-02
5.692104808986186981e-03
8.186924271285533905e-03
1.456309676170349121e+00
2.480698972940444946e-01
2.586566098034381866e-02
1.227000504732131958e-01
1.265207380056381226e-01
1.844887286424636841e-01
1.164900511503219604e-01
2.818508259952068329e-02
3.268152475357055664e-02
0.000000000000000000e+00
0.000000000000000000e+00
2.623046003282070160e-02
1.321505662053823471e-02
0.000000000000000000e+00
1.512271761894226074e-01
5.196406841278076172e-01
0.000000000000000000e+00
2.940950095653533936e-01
3.715076670050621033e-02
0.000000000000000000e+00
4.014881700277328491e-02
3.977585554122924805e+00
6.631243824958801270e-01
1.494387909770011902e-02
7.403717935085296631e-02
2.700739204883575439e-01
4.011568427085876465e-01
6.165035814046859741e-02
2.459510788321495056e-02
6.357650756835937500e-01
2.202243171632289886e-02
6.813545823097229004e-01
1.427202075719833374e-01
0.000000000000000000e+00
4.296978473663330078e+00
1.311768740415573120e-01
0.000000000000000000e+00
0.000000000000000000e+00
4.814557552337646484e+00
1.056127250194549561e-01
1.959407210350036621e+00
0.000000000000000000e+00
0.000000000000000000e+00
0.000000000000000000e+00
0.000000000000000000e+00
6.915812380611896515e-03
1.231033876538276672e-01
0.000000000000000000e+00
1.671007717959582806e-03
8.941832780838012695e-01
9.415205121040344238e-01
3.070983886718750000e-01
0.000000000000000000e+00
6.097762286663055420e-02
0.000000000000000000e+00
3.092548847198486328e-01
0.000000000000000000e+00
1.039267897605895996e+00
0.000000000000000000e+00
3.452955782413482666e-01
0.000000000000000000e+00
3.090268075466156006e-01
5.908860638737678528e-02
0.000000000000000000e+00
2.754211127758026123e-01
6.413828134536743164e-01
1.294290926307439804e-02
1.430990397930145264e-01
5.702535435557365417e-02
0.000000000000000000e+00
1.661090105772018433e-01
2.088310003280639648e+00
1.063119173049926758e+00
0.000000000000000000e+00
1.428276896476745605e+00
1.841296943894121796e-05
6.607099622488021851e-02
0.000000000000000000e+00
8.594338297843933105e-01
0.000000000000000000e+00
0.000000000000000000e+00
1.439017802476882935e-01
0.000000000000000000e+00
3.930680751800537109e-01
0.000000000000000000e+00
9.683369994163513184e-01
9.344469010829925537e-02
5.494691804051399231e-02
2.303627580404281616e-01
0.000000000000000000e+00
0.000000000000000000e+00
3.183319047093391418e-02
1.297608204185962677e-02
7.639133930206298828e-01
6.021099537611007690e-02
2.352704480290412903e-02
0.000000000000000000e+00
2.063553035259246826e-02
1.196153014898300171e-01
5.511498451232910156e-01
0.000000000000000000e+00
2.815420925617218018e-02
0.000000000000000000e+00
1.422527670860290527e+00
5.209649801254272461e-01
1.596189439296722412e-01
1.741107404232025146e-01
1.291619688272476196e-01
1.371977210044860840e+00
1.098200827836990356e-01
4.194262325763702393e-01
1.424193498678505421e-03
0.000000000000000000e+00
9.625875949859619141e-02
4.400524497032165527e-01
3.455531969666481018e-02
1.338538825511932373e-01
2.192057482898235321e-02
2.945917844772338867e-01
1.501454133540391922e-02
5.513474345207214355e-01
9.959071129560470581e-02
0.000000000000000000e+00
8.111613988876342773e-02
1.176382973790168762e-01
6.683564186096191406e-01
2.620603144168853760e-01
7.334663271903991699e-01
1.168348081409931183e-02
3.068120777606964111e-01
9.512176364660263062e-02
3.442972898483276367e-01
3.898788616061210632e-02
3.514684438705444336e-01
1.148203480988740921e-02
6.213235668838024139e-03
1.095985651016235352e+00
0.000000000000000000e+00
0.000000000000000000e+00
1.020531415939331055e+00
3.492725193500518799e-01
4.442231655120849609e-01
1.095266222953796387e+00
6.594924926757812500e-01
1.347414255142211914e-01
2.448546700179576874e-03
2.709207832813262939e-01
1.157789006829261780e-01
0.000000000000000000e+00
0.000000000000000000e+00
1.427569627761840820e+00
1.201182380318641663e-01
7.077357918024063110e-02
4.358634054660797119e-01
3.131659626960754395e-01
2.913778424263000488e-01
0.000000000000000000e+00
3.260205984115600586e-01
6.811457872390747070e-01
3.660822287201881409e-02
6.032224893569946289e-01
2.870794832706451416e-01
2.535789012908935547e-01
0.000000000000000000e+00
3.967661410570144653e-02
1.124760359525680542e-01
0.000000000000000000e+00
0.000000000000000000e+00
8.542671799659729004e-01
2.703111432492733002e-02
2.173759490251541138e-01
2.349606752395629883e-01
1.843812912702560425e-01
2.977617681026458740e-01
3.659059703350067139e-01
7.448259741067886353e-03
3.068074882030487061e-01
3.360087051987648010e-03
2.166435867547988892e-01
2.018544822931289673e-02
0.000000000000000000e+00
6.578410416841506958e-02
3.069483041763305664e-01
0.000000000000000000e+00
0.000000000000000000e+00
2.352079600095748901e-01
2.522256612777709961e+00
1.163531318306922913e-01
1.279031276702880859e+00
5.158393383026123047e-01
5.633630976080894470e-02
8.907410502433776855e-02
6.008726358413696289e-02
1.926887989044189453e+00
1.109695136547088623e-01
3.130640745162963867e+00
5.368229001760482788e-03
6.108002737164497375e-02
5.442484021186828613e-01
0.000000000000000000e+00
6.241107359528541565e-03
9.920629858970642090e-02
1.546955108642578125e-01
1.305409669876098633e+00
1.946926265954971313e-01
1.418749451637268066e+00
0.000000000000000000e+00
4.189553260803222656e-01
1.676259934902191162e-01
5.289283990859985352e-01
8.359870910644531250e-01
0.000000000000000000e+00
1.511597633361816406e-02
2.962612509727478027e-01
2.865353226661682129e-02
1.941787600517272949e+00
0.000000000000000000e+00
6.243802234530448914e-02
2.134462594985961914e-01
0.000000000000000000e+00
0.000000000000000000e+00
2.005074024200439453e-01
1.653743833303451538e-01
0.000000000000000000e+00
4.847547784447669983e-02
0.000000000000000000e+00
3.424450382590293884e-02
0.000000000000000000e+00
9.325925707817077637e-01
1.145043298602104187e-01
0.000000000000000000e+00
1.342905908823013306e-01
0.000000000000000000e+00
2.479766495525836945e-02
0.000000000000000000e+00
6.099532246589660645e-01
6.207816600799560547e-01
2.262012660503387451e-01
0.000000000000000000e+00
5.726150870323181152e-01
4.080898314714431763e-02
2.307470887899398804e-01
0.000000000000000000e+00
1.661167889833450317e-01
0.000000000000000000e+00
4.572865366935729980e-01
6.825844198465347290e-02
2.006552219390869141e-01
2.431214094161987305e+00
5.381098389625549316e-01
1.524636298418045044e-01
1.348391473293304443e-01
1.662262916564941406e+00
1.888566315174102783e-01
4.161722660064697266e-01
7.380042970180511475e-02
0.000000000000000000e+00
0.000000000000000000e+00
6.205124258995056152e-01
0.000000000000000000e+00
3.679413348436355591e-03
0.000000000000000000e+00
3.351672785356640816e-03
1.551333069801330566e+00
1.299762278795242310e-01
1.209344193339347839e-01
0.000000000000000000e+00
6.133525371551513672e-01
4.231080710887908936e-01
1.330957412719726562e-01
1.211310386657714844e+00
6.935328990221023560e-02
5.306328460574150085e-02
7.004374265670776367e-02
6.480086803436279297e+00
5.966651439666748047e-01
6.689964234828948975e-02
6.491018575616180897e-04
0.000000000000000000e+00
1.227443814277648926e-01
0.000000000000000000e+00
5.110990405082702637e-01
8.800734877586364746e-01
9.421811699867248535e-01
2.591908574104309082e-01
8.273413032293319702e-02
3.809645473957061768e-01
0.000000000000000000e+00
1.945330858230590820e+00
3.993761539459228516e-02
5.861452221870422363e-02
3.722442686557769775e-01
8.125758171081542969e-01
7.014504075050354004e-02
3.210188150405883789e-01
2.025310397148132324e-01
0.000000000000000000e+00
2.810217440128326416e-01
3.101522568613290787e-03
2.036080598831176758e+00
4.384767115116119385e-01
2.256101071834564209e-01
4.130968451499938965e-01
1.161387749016284943e-02
4.153399541974067688e-02
0.000000000000000000e+00
0.000000000000000000e+00
0.000000000000000000e+00
5.099620223045349121e-01
0.000000000000000000e+00
0.000000000000000000e+00
0.000000000000000000e+00
1.942765414714813232e-01
6.283420324325561523e-01
1.061626195907592773e+00
0.000000000000000000e+00
2.158865891396999359e-02
1.574983075261116028e-02
7.018148303031921387e-01
6.949763000011444092e-02
1.492608189582824707e-01
2.574223875999450684e-01
1.034305021166801453e-01
0.000000000000000000e+00
5.901446193456649780e-02
1.392286643385887146e-02
1.538340151309967041e-01
2.221421524882316589e-02
9.524431228637695312e-01
3.984863162040710449e-01
4.931644797325134277e-01
0.000000000000000000e+00
8.089634776115417480e-02
5.464225411415100098e-01
2.231367975473403931e-01
0.000000000000000000e+00
4.124330822378396988e-03
3.319437026977539062e+00
1.761481165885925293e-01
4.616554379463195801e-01
4.616870880126953125e-01
3.666200935840606689e-01
1.780293583869934082e-01
7.100865244865417480e-01
5.346387624740600586e-03
9.893716573715209961e-01
2.216563522815704346e-01
1.046656370162963867e+00
4.279627278447151184e-02
0.000000000000000000e+00
2.303550206124782562e-02
4.771115183830261230e-01
2.517447471618652344e-01
1.507286168634891510e-02
6.802949309349060059e-02
1.740182191133499146e-01
1.509811282157897949e-01
0.000000000000000000e+00
0.000000000000000000e+00
5.903958156704902649e-02
2.814748764038085938e+00
2.465662211179733276e-01
1.537780761718750000e-01
0.000000000000000000e+00
2.232471294701099396e-02
2.132315337657928467e-01
2.195276021957397461e+00
1.965634757652878761e-03
2.042826414108276367e-01
3.801507055759429932e-01
1.706719696521759033e-01
6.740044336766004562e-04
6.433836370706558228e-02
5.735592842102050781e-01
1.323113918304443359e+00
1.734589934349060059e-01
2.215951383113861084e-01
0.000000000000000000e+00
4.687140509486198425e-02
3.009826876223087311e-02
0.000000000000000000e+00
8.456967771053314209e-02
0.000000000000000000e+00
1.845627464354038239e-02
0.000000000000000000e+00
0.000000000000000000e+00
3.550474941730499268e-01
1.780599802732467651e-01
8.818751573562622070e-01
2.162660121917724609e+00
3.528158962726593018e-01
3.340940773487091064e-01
0.000000000000000000e+00
0.000000000000000000e+00
5.434130430221557617e-01
3.272578865289688110e-02
1.393448114395141602e-01
5.424345657229423523e-02
1.879972754977643490e-03
9.905214309692382812e-01
7.182676196098327637e-01
1.271418094635009766e+00
1.932674646377563477e-01
3.091036379337310791e-01
3.739509582519531250e-01
3.921610862016677856e-02
4.699948728084564209e-01
3.672125935554504395e-02
0.000000000000000000e+00
4.352894425392150879e-02
1.294194487854838371e-03
0.000000000000000000e+00
7.347704768180847168e-01
0.000000000000000000e+00
0.000000000000000000e+00
1.556607149541378021e-02
0.000000000000000000e+00
3.183246776461601257e-02
8.555186539888381958e-02
2.182650566101074219e-02
1.992505509406328201e-03
9.118063747882843018e-02
5.164881050586700439e-02
7.838936522603034973e-03
4.086532592773437500e-01
8.037027716636657715e-01
1.061864942312240601e-01
0.000000000000000000e+00
2.915713191032409668e-01
4.036182910203933716e-02
2.495572268962860107e-01
4.288801923394203186e-03
3.514279797673225403e-02
1.094121579080820084e-02
3.147042170166969299e-02
0.000000000000000000e+00
2.460024118423461914e+00
9.169537574052810669e-02
0.000000000000000000e+00
4.013290405273437500e-01
1.148046925663948059e-01
6.982059776782989502e-02
8.835951089859008789e-01
1.851425021886825562e-01
7.801746577024459839e-02
0.000000000000000000e+00
0.000000000000000000e+00
0.000000000000000000e+00
5.842300057411193848e-01
0.000000000000000000e+00
3.774556517601013184e-01
1.361416578292846680e-01
2.013395912945270538e-02
1.634125262498855591e-01
