0.000000000000000000e+00
5.213341489434242249e-02
0.000000000000000000e+00
3.603128790855407715e-01
6.321542859077453613e-01
9.898162484169006348e-01
2.430493533611297607e-01
1.899936199188232422e-01
2.165579237043857574e-02
4.658868014812469482e-01
1.382694691419601440e-01
3.131978809833526611e-01
4.899549186229705811e-01
2.099006250500679016e-02
5.331100896000862122e-02
3.781442344188690186e-02
0.000000000000000000e+00
2.987464964389801025e-01
4.584579169750213623e-01
2.403641939163208008e+00
8.256618678569793701e-02
0.000000000000000000e+00
1.503036618232727051e-01
1.559245679527521133e-02
1.230687741190195084e-02
4.565083235502243042e-02
3.796663582324981689e-01
2.763917744159698486e-01
0.000000000000000000e+00
4.222833365201950073e-02
1.251955181360244751e-01
2.312630265951156616e-01
4.136973023414611816e-01
1.852184981107711792e-01
9.390575811266899109e-03
1.012482762336730957e+00
3.225054442882537842e-01
2.999004721641540527e-01
2.094325050711631775e-02
8.843147754669189453e-01
1.385260462760925293e+00
3.556868135929107666e-01
3.206291049718856812e-02
3.209795951843261719e+00
0.000000000000000000e+00
1.038293614983558655e-01
9.598536044359207153e-02
2.373850345611572266e-01
1.535226702690124512e-01
5.232713222503662109e-01
5.313108563423156738e-01
1.310654729604721069e-01
3.707069754600524902e-01
7.623779177665710449e-01
2.645391039550304413e-02
2.112689167261123657e-01
6.364688277244567871e-02
1.743801683187484741e-01
2.645561397075653076e-01
3.207816183567047119e-02
2.959863841533660889e-01
1.461200267076492310e-01
1.018817663192749023e+00
1.084626093506813049e-02
3.257271945476531982e-01
5.466403365135192871e-01
3.295899927616119385e-01
1.198332309722900391e+00
3.362903371453285217e-02
2.330675721168518066e-01
1.089443117380142212e-01
3.450078070163726807e-01
0.000000000000000000e+00
5.657251477241516113e-01
7.523831129074096680e-01
4.595243930816650391e-01
2.838434576988220215e-01
0.000000000000000000e+00
2.109377682209014893e-01
0.000000000000000000e+00
8.632746934890747070e-01
1.144973188638687134e-01
9.664151817560195923e-02
7.603906393051147461e-01
6.111586689949035645e-01
2.133637964725494385e-01
3.524211794137954712e-02
1.167504861950874329e-01
4.213233590126037598e-01
0.000000000000000000e+00
4.407102167606353760e-01
0.000000000000000000e+00
2.263394147157669067e-01
0.000000000000000000e+00
3.352433741092681885e-01
2.734298408031463623e-01
2.196235395967960358e-02
1.200402304530143738e-01
4.806939885020256042e-02
4.744940102100372314e-01
6.216394249349832535e-03
9.484913349151611328e-01
1.235657930374145508e+00
9.696010500192642212e-02
4.102601706981658936e-01
9.620538949966430664e-01
1.483463793992996216e-01
2.452736906707286835e-02
5.408024191856384277e-01
7.841091752052307129e-01
0.000000000000000000e+00
3.607662618160247803e-01
2.170578002929687500e+00
1.650002956390380859e+00
1.173835843801498413e-01
2.288357317447662354e-01
3.136456012725830078e-01
2.732871770858764648e-01
3.662480711936950684e-01
1.485415846109390259e-01
4.860444664955139160e-01
7.017998695373535156e-01
2.030779123306274414e+00
7.104832679033279419e-02
1.213097572326660156e+00
5.717413425445556641e-01
2.226215362548828125e+00
2.019462734460830688e-01
0.000000000000000000e+00
1.515608932822942734e-02
1.333516985177993774e-01
1.022784560918807983e-01
3.464058935642242432e-01
3.530328571796417236e-01
4.965525269508361816e-01
5.636451765894889832e-02
3.246439620852470398e-02
3.253194391727447510e-01
1.462310910224914551e+00
1.007953763008117676e+00
2.669442296028137207e-01
1.298661530017852783e-01
3.735822439193725586e-01
1.750165224075317383e-01
1.490926835685968399e-02
9.487301856279373169e-02
3.065211772918701172e-01
2.851427495479583740e-01
1.598222106695175171e-01
2.414915859699249268e-01
9.192986413836479187e-03
1.416259557008743286e-01
7.271173596382141113e-01
4.808904230594635010e-01
7.646651864051818848e-01
0.000000000000000000e+00
1.179599761962890625e-01
3.089890182018280029e-01
1.301072090864181519e-01
6.111667677760124207e-02
6.433032155036926270e-01
5.631858706474304199e-01
7.047341763973236084e-02
2.651784718036651611e-01
2.056293964385986328e+00
1.524303317070007324e+00
2.764639630913734436e-02
1.571857631206512451e-01
4.418099820613861084e-01
3.955243229866027832e-01
1.197222322225570679e-01
2.801332175731658936e-01
5.472532510757446289e-01
4.014213979244232178e-01
1.732957959175109863e-01
6.508087515830993652e-01
1.084071490913629532e-02
3.475494682788848877e-01
3.860329091548919678e-02
6.460148841142654419e-02
4.909413456916809082e-01
1.202368497848510742e+00
0.000000000000000000e+00
8.141205459833145142e-02
8.938701823353767395e-03
6.056467890739440918e-01
1.405337929725646973e+00
4.595015347003936768e-01
2.353018969297409058e-01
1.206093788146972656e+00
6.388727575540542603e-02
4.025366622954607010e-03
1.214421629905700684e+00
5.263651013374328613e-01
0.000000000000000000e+00
8.465532064437866211e-01
5.520258545875549316e-01
8.098361641168594360e-02
6.956744790077209473e-01
9.066960960626602173e-02
4.802595451474189758e-02
3.000942058861255646e-02
9.915377199649810791e-02
2.036420404911041260e-01
6.020842120051383972e-02
4.416303336620330811e-01
0.000000000000000000e+00
2.000034302473068237e-01
3.088301792740821838e-02
2.670469582080841064e-01
2.761743031442165375e-02
7.590517634525895119e-04
6.302788108587265015e-02
1.345243453979492188e-01
0.000000000000000000e+00
4.022629261016845703e-01
3.997304141521453857e-01
1.092517971992492676e+00
1.983828842639923096e-01
4.148581504821777344e+00
0.000000000000000000e+00
0.000000000000000000e+00
6.609548330307006836e-01
3.662797063589096069e-02
1.624160446226596832e-02
9.163368344306945801e-01
3.584074974060058594e-01
1.411176621913909912e-01
7.955253720283508301e-01
9.182233363389968872e-02
0.000000000000000000e+00
6.944592297077178955e-02
1.813985586166381836e+00
7.107875496149063110e-02
9.636890143156051636e-03
3.531167050823569298e-03
7.398779988288879395e-01
6.279138475656509399e-02
5.098383873701095581e-02
5.817470699548721313e-02
1.162237644195556641e+00
4.760851263999938965e-01
6.295579671859741211e-01
0.000000000000000000e+00
3.688111603260040283e-01
6.217415332794189453e-01
3.350029513239860535e-02
0.000000000000000000e+00
2.679877579212188721e-01
0.000000000000000000e+00
8.362843841314315796e-02
1.621124446392059326e-01
3.913174569606781006e-01
1.081922173500061035e+00
2.075211405754089355e-01
1.727403514087200165e-02
9.647114276885986328e-01
4.908515810966491699e-01
1.950867921113967896e-01
5.603105425834655762e-01
1.637066155672073364e-02
1.452700853347778320e+00
6.080176830291748047e-01
5.933253094553947449e-02
7.953312397003173828e-01
3.205971792340278625e-02
3.090307675302028656e-02
5.708625316619873047e-01
5.336008667945861816e-01
1.175398111343383789e+00
7.069621682167053223e-01
4.745165407657623291e-01
2.458563297986984253e-01
2.013842910528182983e-01
2.560460865497589111e-01
1.880892395973205566e+00
3.364253044128417969e-02
3.337637484073638916e-01
5.746642127633094788e-03
2.963864207267761230e-01
8.843819051980972290e-02
6.573460698127746582e-01
6.521654725074768066e-01
2.198453061282634735e-02
2.970535755157470703e-01
1.436587691307067871e+00
1.158011406660079956e-01
6.353047490119934082e-01
1.076143383979797363e+00
5.908514857292175293e-01
4.883098900318145752e-01
8.139078617095947266e-01
9.430217146873474121e-01
3.457124158740043640e-02
0.000000000000000000e+00
2.512596845626831055e-01
4.830031394958496094e-01
5.156790465116500854e-02
9.999385476112365723e-01
4.979091882705688477e-02
1.072511598467826843e-01
1.714664250612258911e-01
6.401495933532714844e-01
1.104841902852058411e-01
1.809805333614349365e-01
1.089717447757720947e-02
2.255237102508544922e-01
2.701259255409240723e-01
0.000000000000000000e+00
2.777851521968841553e-01
2.066576033830642700e-01
2.221084535121917725e-01
2.658988349139690399e-02
2.312646806240081787e-02
3.868082910776138306e-02
3.448494151234626770e-02
8.486275076866149902e-01
1.564629003405570984e-02
1.615270972251892090e-01
2.464583069086074829e-01
0.000000000000000000e+00
2.027028948068618774e-01
1.200419306755065918e+00
0.000000000000000000e+00
4.673348665237426758e-01
3.449018895626068115e-01
8.176350034773349762e-03
1.041522622108459473e-01
3.549159318208694458e-02
5.896713733673095703e-01
4.625091701745986938e-02
2.787434577941894531e+00
8.272803574800491333e-02
9.793398380279541016e-01
4.054244041442871094e+00
6.790526211261749268e-02
7.422759383916854858e-02
0.000000000000000000e+00
1.755238324403762817e-01
2.575879096984863281e-01
1.466774195432662964e-01
4.590919998008757830e-04
1.339862346649169922e-01
5.031672716140747070e-01
8.897793292999267578e-02
6.231425404548645020e-01
3.642237782478332520e-01
1.973634004592895508e+00
1.884999312460422516e-02
5.052974447607994080e-02
4.246253073215484619e-01
2.180793881416320801e-01
1.248250961303710938e+00
3.046821057796478271e-02
1.268229633569717407e-01
7.727488875389099121e-01
9.356422722339630127e-02
5.870739817619323730e-01
5.138473585247993469e-02
6.748377084732055664e-01
0.000000000000000000e+00
1.161437392234802246e+00
6.369026005268096924e-02
3.554022405296564102e-03
3.542097508907318115e-01
1.679640769958496094e+00
8.223842978477478027e-01
1.075787186622619629e+00
2.142379432916641235e-02
4.331115484237670898e-01
6.692977547645568848e-01
6.282477378845214844e-01
8.221859484910964966e-02
3.239743709564208984e-01
8.289749622344970703e-01
3.748812377452850342e-01
3.538026213645935059e-01
5.958382412791252136e-02
1.954206228256225586e+00
3.794716298580169678e-02
1.229026675224304199e+00
1.204994797706604004e+00
3.435064852237701416e-01
7.976028323173522949e-01
3.426625132560729980e-01
3.556437492370605469e-01
0.000000000000000000e+00
8.289862424135208130e-02
1.387589126825332642e-01
6.110689043998718262e-01
3.746608495712280273e-01
1.134551689028739929e-01
1.556074172258377075e-01
1.815975755453109741e-01
3.249031007289886475e-01
6.199353188276290894e-02
1.366870045661926270e+00
4.030926153063774109e-02
1.611727923154830933e-01
0.000000000000000000e+00
8.548980206251144409e-02
5.550868064165115356e-02
2.320716343820095062e-02
3.008493781089782715e-01
6.364047527313232422e-02
3.888012766838073730e-01
5.166871100664138794e-02
4.122047424316406250e-01
1.171421885490417480e+00
2.753302454948425293e-01
1.830001831054687500e+00
1.440644860267639160e-01
2.500404231250286102e-02
2.188136614859104156e-02
1.150110483169555664e+00
7.276875548996031284e-04
1.010108664631843567e-01
9.970445185899734497e-02
2.845618426799774170e-01
4.905681312084197998e-01
0.000000000000000000e+00
6.222665905952453613e-01
1.807012557983398438e-01
8.089823126792907715e-01
1.042592599987983704e-01
6.521169543266296387e-01
3.281619071960449219e+00
6.100316047668457031e-01
0.000000000000000000e+00
1.734781384468078613e+00
5.343208312988281250e-01
6.345183402299880981e-02
2.336746931076049805e+00
1.443734019994735718e-01
2.902199514210224152e-03
4.112687408924102783e-01
5.920441150665283203e-01
3.052451908588409424e-01
4.940952360630035400e-01
0.000000000000000000e+00
3.503585234284400940e-02
1.604635119438171387e-01
1.568974740803241730e-02
3.892658054828643799e-01
2.716960906982421875e-01
3.103610038757324219e+00
0.000000000000000000e+00
2.592205405235290527e-01
5.725951194763183594e-01
5.763921141624450684e-01
5.602306723594665527e-01
7.672024369239807129e-01
4.326342344284057617e-01
2.144041299819946289e+00
3.798364102840423584e-01
9.165433645248413086e-01
2.802700698375701904e-01
6.988177895545959473e-01
1.015017509460449219e+00
1.517627835273742676e-01
1.460294276475906372e-01
2.185726016759872437e-01
5.366398692131042480e-01
6.499943137168884277e-02
6.274431347846984863e-01
2.693523466587066650e-01
2.607965767383575439e-01
2.268643826246261597e-01
0.000000000000000000e+00
1.742372751235961914e+00
1.940328627824783325e-02
5.009730458259582520e-01
7.700361013412475586e-01
4.116874337196350098e-01
6.123864054679870605e-01
2.922357022762298584e-01
3.532233089208602905e-02
1.010123729705810547e+00
9.997730851173400879e-01
1.144838053733110428e-02
1.359569653868675232e-02
2.789203524589538574e-01
1.862497478723526001e-01
4.498988091945648193e-01
1.253813624382019043e+00
0.000000000000000000e+00
1.719954311847686768e-01
8.027386069297790527e-01
7.338358554989099503e-03
4.637784883379936218e-02
9.481400996446609497e-02
7.368693500757217407e-02
8.209619671106338501e-02
5.829386785626411438e-02
2.025272138416767120e-02
1.114499330520629883e+00
3.285141885280609131e-01
2.881420135498046875e+00
1.710609555244445801e+00
4.850874841213226318e-01
1.281401216983795166e-01
7.851545512676239014e-02
1.056096628308296204e-01
7.288967967033386230e-01
1.172898888587951660e+00
2.773609459400177002e-01
8.087176084518432617e-01
6.929827332496643066e-01
9.841481447219848633e-01
1.310937013477087021e-02
1.872424721717834473e+00
2.018074095249176025e-01
1.327368497848510742e+00
1.283000111579895020e+00
1.018800258636474609e+00
0.000000000000000000e+00
1.068782329559326172e+00
6.696819514036178589e-02
1.903282999992370605e+00
1.769273877143859863e-01
5.860263705253601074e-01
3.185385465621948242e-02
1.481125473976135254e+00
2.399173974990844727e+00
1.911589060910046101e-03
1.778398156166076660e+00
4.277439415454864502e-02
0.000000000000000000e+00
1.067130919545888901e-02
3.750619292259216309e-01
4.379278719425201416e-01
1.292688369750976562e+00
3.549813032150268555e+00
4.638721048831939697e-01
2.991421818733215332e-01
1.272647976875305176e-01
4.186833798885345459e-01
4.540363252162933350e-01
0.000000000000000000e+00
9.183697700500488281e-01
0.000000000000000000e+00
0.000000000000000000e+00
6.763260364532470703e-01
1.751717925071716309e-01
4.027501046657562256e-01
1.146498769521713257e-01
1.931765079498291016e+00
5.698466300964355469e-01
1.185389310121536255e-01
1.043350458145141602e+00
0.000000000000000000e+00
9.102356433868408203e-02
3.935428559780120850e-01
1.609024032950401306e-02
1.398641709238290787e-02
1.956901550292968750e-01
6.203854084014892578e-01
4.258259013295173645e-02
3.848391175270080566e-01
0.000000000000000000e+00
5.163393616676330566e-01
8.714742958545684814e-02
0.000000000000000000e+00
8.046041727066040039e-01
9.793286770582199097e-02
1.232289195060729980e+00
6.476888433098793030e-03
2.119116038084030151e-01
5.059223622083663940e-02
7.246803045272827148e-01
7.759508490562438965e-01
4.272078573703765869e-01
9.642014503479003906e-01
1.134879738092422485e-01
4.781017005443572998e-01
4.676626920700073242e-01
6.924910098314285278e-02
4.337470047175884247e-03
0.000000000000000000e+00
0.000000000000000000e+00
6.346516013145446777e-01
1.182765886187553406e-01
1.931205540895462036e-01
0.000000000000000000e+00
2.695566415786743164e-01
5.645632743835449219e-01
0.000000000000000000e+00
7.650772333145141602e-01
1.444933176040649414e+00
0.000000000000000000e+00
4.978641569614410400e-01
1.711001634597778320e+00
0.000000000000000000e+00
1.098682761192321777e+00
1.603150010108947754e+00
1.981063038110733032e-01
9.249114245176315308e-02
1.474064886569976807e-01
2.569189295172691345e-02
9.880959242582321167e-02
2.331953495740890503e-01
2.952769994735717773e-01
2.402258366346359253e-01
2.573669195175170898e+00
2.547274231910705566e-01
0.000000000000000000e+00
3.381413593888282776e-02
5.747358128428459167e-02
3.584296703338623047e-01
9.937689453363418579e-02
0.000000000000000000e+00
1.982953399419784546e-01
0.000000000000000000e+00
7.176119685173034668e-01
5.781795978546142578e-01
2.839157819747924805e+00
1.179886385798454285e-01
9.344441294670104980e-01
6.763320565223693848e-01
5.637941360473632812e-01
1.467146575450897217e-01
1.239912584424018860e-01
0.000000000000000000e+00
6.317455768585205078e-01
6.430216133594512939e-02
1.363559626042842865e-03
2.917563021183013916e-01
5.494995117187500000e-01
0.000000000000000000e+00
5.518624186515808105e-01
3.719974458217620850e-01
7.426063716411590576e-02
4.250091910362243652e-01
8.472651988267898560e-02
9.906210005283355713e-02
8.664540946483612061e-03
9.344194084405899048e-02
1.108042001724243164e+00
2.293191671371459961e+00
8.214035630226135254e-02
0.000000000000000000e+00
1.783783435821533203e+00
4.195946753025054932e-01
8.315930962562561035e-01
1.116350531578063965e+00
1.677363663911819458e-01
3.212762176990509033e-01
3.534792959690093994e-01
2.696082592010498047e-01
1.015878394246101379e-01
4.765477031469345093e-02
1.552266627550125122e-01
8.647704124450683594e-01
4.302662014961242676e-01
6.789256334304809570e-01
1.351417601108551025e-01
1.245697960257530212e-01
2.565928399562835693e-01
2.837722562253475189e-02
6.554031968116760254e-01
3.115619659423828125e+00
7.513306103646755219e-03
9.979127645492553711e-01
1.440787315368652344e+00
3.328796625137329102e-01
4.255682602524757385e-02
1.844539642333984375e-01
3.089646399021148682e-01
4.051436185836791992e-01
7.621799111366271973e-01
6.870521903038024902e-01
1.629538416862487793e+00
3.990323245525360107e-01
2.858610451221466064e-01
0.000000000000000000e+00
2.714182734489440918e-01
5.644525289535522461e-01
4.742131754755973816e-02
4.956654906272888184e-01
4.634193778038024902e-01
8.145396709442138672e-01
2.246292829513549805e-01
0.000000000000000000e+00
2.449134141206741333e-01
8.151749521493911743e-02
0.000000000000000000e+00
1.902656108140945435e-01
2.207740843296051025e-01
1.029427200555801392e-01
0.000000000000000000e+00
3.173180818557739258e+00
3.274246817454695702e-03
6.400717049837112427e-02
6.455757617950439453e-01
2.760184109210968018e-01
1.638216823339462280e-01
0.000000000000000000e+00
5.490517243742942810e-03
0.000000000000000000e+00
2.973663508892059326e-01
1.376917600631713867e+00
3.664711117744445801e-01
5.332148671150207520e-01
4.925450310111045837e-03
2.144456863403320312e+00
5.062177777290344238e-03
4.891551285982131958e-02
2.159358859062194824e-01
5.534089207649230957e-01
2.113313198089599609e+00
6.110246479511260986e-02
9.385999441146850586e-01
1.221301332116127014e-01
9.548278898000717163e-02
2.126082181930541992e-01
3.260651528835296631e-01
1.129045709967613220e-01
4.411268532276153564e-01
3.490890264511108398e-01
7.524999976158142090e-02
0.000000000000000000e+00
4.099875986576080322e-01
7.973572611808776855e-02
1.351011395454406738e-01
5.079289078712463379e-01
1.703358627855777740e-02
0.000000000000000000e+00
6.003732606768608093e-02
1.073906779289245605e+00
0.000000000000000000e+00
4.032247066497802734e-01
5.078340768814086914e-01
2.395692914724349976e-01
7.298619747161865234e-01
2.482448071241378784e-01
2.514347434043884277e-01
8.314074017107486725e-03
2.136956006288528442e-01
5.140270590782165527e-01
4.684089124202728271e-02
2.138273000717163086e+00
3.630706369876861572e-01
2.031726688146591187e-01
3.380571901798248291e-01
2.536115944385528564e-01
1.796944439411163330e-02
1.377043277025222778e-01
7.374948263168334961e-01
7.151311729103326797e-03
1.000270009040832520e+00
1.849248409271240234e-01
7.196617722511291504e-01
3.993996083736419678e-01
5.672195181250572205e-02
5.656257271766662598e-01
4.884088337421417236e-01
5.088016018271446228e-02
5.764848589897155762e-01
2.623237371444702148e+00
3.454576730728149414e-01
0.000000000000000000e+00
3.664415180683135986e-01
3.709443286061286926e-02
2.217345871031284332e-03
5.849973559379577637e-01
2.413910329341888428e-01
3.076708614826202393e-01
8.230803534388542175e-03
0.000000000000000000e+00
1.431470215320587158e-01
5.956254526972770691e-02
5.626907106488943100e-03
1.420834064483642578e-01
4.376948177814483643e-01
3.140074491500854492e+00
1.707924723625183105e+00
1.502757668495178223e-01
1.473175406455993652e+00
4.422786235809326172e-01
1.283095777034759521e-01
1.590011268854141235e-02
5.612823646515607834e-03
0.000000000000000000e+00
7.487106323242187500e-01
6.124471426010131836e-01
0.000000000000000000e+00
5.822600722312927246e-01
0.000000000000000000e+00
1.062710762023925781e+00
8.505182713270187378e-02
1.162460207939147949e+00
2.205817103385925293e-01
2.746690213680267334e-01
2.729217708110809326e-01
1.147359311580657959e-01
5.062782764434814453e-01
3.674710392951965332e-01
0.000000000000000000e+00
1.110832579433917999e-02
5.737693905830383301e-01
2.471690922975540161e-01
1.526714563369750977e-01
2.292159795761108398e+00
3.742004632949829102e-01
2.914456129074096680e-01
3.416109681129455566e-01
1.405429393053054810e-01
7.723127603530883789e-01
3.497614860534667969e-01
3.939483165740966797e-01
1.232747957110404968e-01
4.095972329378128052e-02
0.000000000000000000e+00
4.432750120759010315e-02
1.651930436491966248e-02
1.844506710767745972e-01
1.737107783555984497e-01
2.396834194660186768e-01
2.464899569749832153e-01
1.717334687709808350e-01
1.748747706413269043e+00
1.049102097749710083e-01
0.000000000000000000e+00
1.160486787557601929e-01
4.582172632217407227e-01
3.911988735198974609e-01
5.491652339696884155e-02
6.767197698354721069e-02
2.021313160657882690e-01
6.678290963172912598e-01
2.661304362118244171e-02
3.929624333977699280e-03
7.275269925594329834e-02
1.172876283526420593e-01
4.290335476398468018e-01
1.515527218580245972e-01
3.243114054203033447e-01
2.018347382545471191e-01
3.688582801260054111e-04
2.227309942245483398e+00
2.212084531784057617e-01
1.498849034309387207e+00
1.573309451341629028e-01
1.433746702969074249e-02
6.229148507118225098e-01
1.347708463668823242e+00
1.425913628190755844e-02
1.906881779432296753e-01
6.082739233970642090e-01
8.099172264337539673e-02
2.781526744365692139e-02
2.368756532669067383e-01
1.222364380955696106e-01
6.376373767852783203e-02
3.133048415184020996e-01
5.712299793958663940e-02
1.079273521900177002e-01
1.120934635400772095e-02
4.921185672283172607e-01
1.054286584258079529e-01
9.264045953750610352e-01
3.294350802898406982e-01
9.659969806671142578e-02
7.730351686477661133e-01
1.725007146596908569e-01
1.126652061939239502e-01
4.593805670738220215e-01
0.000000000000000000e+00
8.926256000995635986e-02
5.691103935241699219e-01
7.623532414436340332e-01
6.294985115528106689e-02
3.055583477020263672e+00
7.229897379875183105e-01
7.319877855479717255e-03
7.537583261728286743e-02
9.889445304870605469e-01
1.348854005336761475e-01
3.147077858448028564e-01
7.742301821708679199e-01
5.779954195022583008e-01
4.742752760648727417e-02
5.099039524793624878e-02
4.788004979491233826e-02
3.121579289436340332e-01
2.375451847910881042e-03
6.687739491462707520e-02
2.526248395442962646e-01
1.570323407649993896e-01
2.689462900161743164e-01
1.090175986289978027e+00
4.806129727512598038e-03
1.196693062782287598e+00
1.155263260006904602e-01
3.794493079185485840e-01
8.894389122724533081e-02
1.312382936477661133e+00
1.771800398826599121e+00
5.689429640769958496e-01
2.965701371431350708e-02
1.054568663239479065e-01
7.952291369438171387e-01
0.000000000000000000e+00
2.768218517303466797e-02
8.976383507251739502e-02
9.133616089820861816e-01
4.487600922584533691e-02
9.600881338119506836e-01
6.703485548496246338e-02
3.749676048755645752e-02
3.883378207683563232e-02
1.376398503780364990e-01
6.201241016387939453e-01
3.579882681369781494e-01
6.060464382171630859e-01
2.521182037889957428e-02
1.302972584962844849e-01
2.200582921504974365e-01
1.514320224523544312e-01
1.681216061115264893e-01
9.236650466918945312e-01
8.779576420783996582e-01
4.927368462085723877e-02
6.492464989423751831e-02
2.693607509136199951e-01
2.962985992431640625e+00
4.072273254394531250e+00
1.732788085937500000e-01
8.405723571777343750e-01
1.591686531901359558e-02
8.487708121538162231e-02
1.002550795674324036e-01
3.671129047870635986e-02
1.494832396507263184e+00
2.786029577255249023e-01
1.333792358636856079e-01
1.398872435092926025e-01
4.485760927200317383e-01
4.398128017783164978e-02
4.551889896392822266e-01
2.148292064666748047e-01
1.366142183542251587e-01
7.333124876022338867e-01
5.069942027330398560e-02
1.553442716598510742e+00
7.304660081863403320e-01
1.450168192386627197e-01
8.520162105560302734e-02
4.286712408065795898e-01
9.982308745384216309e-02
0.000000000000000000e+00
2.604550421237945557e-01
0.000000000000000000e+00
2.385077774524688721e-01
1.653991639614105225e-01
1.053672909736633301e+00
6.345469504594802856e-02
8.008707761764526367e-01
2.258779555559158325e-01
2.293906509876251221e-01
4.492512047290802002e-01
2.776652872562408447e-01
2.756160497665405273e-01
5.005618557333946228e-02
1.963580548763275146e-01
9.625310301780700684e-01
4.685160238295793533e-03
6.912816762924194336e-01
1.520658254623413086e+00
8.401195704936981201e-02
6.063339710235595703e-01
6.561924815177917480e-01
4.967111945152282715e-01
9.085832834243774414e-01
3.212898075580596924e-01
0.000000000000000000e+00
5.741358995437622070e-01
1.874761581420898438e-01
4.813205599784851074e-01
1.352108456194400787e-02
3.858882561326026917e-02
2.907424569129943848e-01
9.741084575653076172e-01
1.421532511711120605e+00
1.119739189743995667e-01
7.751060724258422852e-01
1.510737538337707520e+00
8.958120346069335938e-01
3.128684163093566895e-01
5.048931017518043518e-02
8.673606514930725098e-01
8.119238913059234619e-02
6.947639584541320801e-01
0.000000000000000000e+00
7.642242312431335449e-02
0.000000000000000000e+00
6.230854392051696777e-01
1.653538644313812256e-02
1.545885205268859863e-01
1.954237341880798340e+00
2.138756364583969116e-01
1.231820359826087952e-01
0.000000000000000000e+00
0.000000000000000000e+00
9.502589702606201172e-01
3.058319166302680969e-02
2.058631554245948792e-02
5.090293884277343750e-01
1.621018163859844208e-02
9.917343854904174805e-01
2.049463335424661636e-03
4.852459430694580078e-01
9.396670758724212646e-02
2.824852168560028076e-01
2.054446220397949219e+00
4.942571818828582764e-01
1.121484115719795227e-01
2.193433046340942383e-01
1.373624324798583984e+00
3.002741038799285889e-01
1.413223594427108765e-01
3.129577934741973877e-01
5.759180188179016113e-01
2.882700562477111816e-01
1.182602345943450928e-01
1.676968187093734741e-01
0.000000000000000000e+00
1.892198435962200165e-02
3.596856296062469482e-01
5.395963788032531738e-01
4.513457119464874268e-01
9.870339035987854004e-01
5.102025344967842102e-02
1.159155368804931641e-02
4.557199776172637939e-01
3.576559713110327721e-03
1.978079080581665039e-01
5.038494989275932312e-02
1.045582443475723267e-01
0.000000000000000000e+00
0.000000000000000000e+00
5.314186587929725647e-02
9.833633899688720703e-02
5.976423025131225586e-01
5.471202135086059570e-01
6.065638661384582520e-01
3.033620715141296387e-01
7.625789940357208252e-02
3.578010797500610352e-01
6.551579833030700684e-01
4.492361247539520264e-01
1.665972828865051270e+00
3.749104738235473633e-01
5.137918591499328613e-01
1.149310916662216187e-02
2.236172407865524292e-01
2.182936906814575195e+00
7.181694358587265015e-02
3.025566339492797852e-01
2.706857323646545410e-01
3.029363453388214111e-01
3.383831083774566650e-01
4.832598567008972168e-01
1.114458203315734863e+00
2.675847411155700684e-01
2.815622370690107346e-03
5.905898809432983398e-01
0.000000000000000000e+00
3.099634349346160889e-01
2.380356639623641968e-01
5.107505321502685547e-01
2.024715999141335487e-03
4.181569576263427734e+00
7.524669170379638672e-02
9.158149361610412598e-01
1.865677386522293091e-01
7.067757844924926758e-02
5.140920728445053101e-02
2.978654623031616211e+00
1.808167576789855957e+00
7.267974317073822021e-02
2.601403295993804932e-01
1.243914812803268433e-01
2.564970552921295166e-01
3.383715152740478516e-01
1.587039232254028320e-01
7.759141176939010620e-02
5.928505659103393555e-01
3.619131743907928467e-01
1.782223582267761230e-01
9.139627218246459961e-02
1.932795345783233643e-02
0.000000000000000000e+00
6.612122058868408203e-02
2.147013545036315918e-01
0.000000000000000000e+00
3.353795707225799561e-01
6.920412182807922363e-01
3.698517978191375732e-01
4.079801738262176514e-01
4.023678004741668701e-01
4.056307375431060791e-01
8.510608971118927002e-02
1.677176654338836670e-01
2.520357966423034668e-01
4.451951086521148682e-01
6.504545360803604126e-02
4.561488926410675049e-01
5.554593801498413086e-01
1.181997731328010559e-01
9.606480002403259277e-01
1.269169807434082031e+00
3.263546228408813477e-01
1.786256767809391022e-02
1.096208214759826660e+00
6.822114437818527222e-02
1.668771207332611084e-01
1.041015982627868652e+00
1.949795335531234741e-01
8.855534791946411133e-01
2.742415964603424072e-01
8.669461309909820557e-02
8.882805705070495605e-01
2.228537388145923615e-02
1.150494813919067383e-01
3.471262156963348389e-01
4.231262505054473877e-01
4.629026055335998535e-01
1.937919482588768005e-02
0.000000000000000000e+00
8.564274907112121582e-01
2.430725842714309692e-01
0.000000000000000000e+00
3.368578478693962097e-02
8.322622179985046387e-01
1.381818001391366124e-04
1.027345433831214905e-01
5.986262559890747070e-01
5.869309902191162109e-01
2.355777174234390259e-01
1.209147870540618896e-01
1.825834065675735474e-01
2.944031655788421631e-01
1.988915801048278809e-01
5.412417650222778320e-01
1.753529906272888184e-01
8.129272609949111938e-02
1.765996366739273071e-01
1.169273734092712402e+00
3.458306193351745605e-01
4.786551594734191895e-01
3.955987840890884399e-02
4.487926065921783447e-01
2.546746730804443359e-01
6.904236227273941040e-02
4.999092221260070801e-01
4.420818295329809189e-03
1.600913256406784058e-01
5.391880124807357788e-02
2.246617525815963745e-01
6.839470863342285156e-01
5.878477692604064941e-01
7.824361324310302734e-01
6.199609115719795227e-02
1.679057478904724121e-01
6.819075942039489746e-01
3.118254244327545166e-01
1.435649394989013672e-01
3.289268016815185547e-01
3.784279227256774902e-01
6.690583229064941406e-01
1.621971130371093750e-01
4.343369007110595703e-01
6.995816528797149658e-02
2.689794078469276428e-02
1.392221078276634216e-02
7.830989360809326172e-01
1.017295718193054199e+00
7.062748670578002930e-01
1.492682993412017822e-01
7.923182845115661621e-01
1.832446604967117310e-01
6.436587125062942505e-02
1.955427885055541992e+00
3.045873939990997314e-01
6.176209449768066406e-02
8.704540878534317017e-02
1.127018360421061516e-03
5.408078432083129883e-01
1.703049540519714355e-01
9.009312838315963745e-02
1.372383832931518555e-01
8.259137272834777832e-01
1.742482557892799377e-02
6.884911656379699707e-02
1.355576366186141968e-01
9.288373985327780247e-04
6.609481573104858398e-02
5.914401412010192871e-01
5.333618074655532837e-02
4.621589779853820801e-01
0.000000000000000000e+00
3.931127116084098816e-02
1.073787808418273926e-01
5.743145346641540527e-01
8.182332515716552734e-01
3.455284237861633301e-01
1.717051267623901367e-01
1.481315586715936661e-03
1.270339488983154297e-01
4.178181588649749756e-01
6.616489887237548828e-01
2.911915183067321777e-01
1.136178731918334961e+00
5.006612464785575867e-02
1.627340167760848999e-01
9.441100358963012695e-01
3.997885808348655701e-02
2.330825924873352051e-01
9.847976565361022949e-01
1.178581595420837402e+00
4.608102142810821533e-01
2.551968097686767578e+00
4.027146846055984497e-02
2.090309858322143555e-01
9.172581136226654053e-03
3.902162313461303711e-01
3.173756599426269531e-01
2.799003422260284424e-01
2.113758958876132965e-02
1.478834897279739380e-01
1.009631872177124023e+00
3.453645706176757812e+00
2.967298328876495361e-01
4.023576974868774414e-01
2.030636787414550781e+00
9.679427742958068848e-02
2.155858092010021210e-02
7.677955031394958496e-01
3.403589725494384766e-01
1.281954068690538406e-02
0.000000000000000000e+00
3.834936618804931641e-01
5.496403574943542480e-01
1.247992157936096191e+00
9.497319348156452179e-03
1.045109182596206665e-01
2.493377774953842163e-01
1.251959800720214844e-02
8.397725224494934082e-02
9.221343398094177246e-01
1.404750943183898926e+00
8.850413560867309570e-01
2.418043166399002075e-01
5.736644268035888672e-01
6.856021285057067871e-02
1.360061913728713989e-01
1.363913297653198242e+00
1.622008830308914185e-01
1.659127950668334961e+00
7.362526059150695801e-01
3.260674715042114258e+00
7.700484246015548706e-02
1.387760519981384277e+00
6.245617941021919250e-02
8.665619045495986938e-02
3.590615838766098022e-02
6.575208306312561035e-01
4.758179560303688049e-02
4.092924594879150391e-01
1.253296852111816406e+00
3.547579050064086914e-01
5.466256141662597656e-01
8.813129365444183350e-02
1.406999588012695312e+00
3.005261182785034180e+00
8.763583749532699585e-02
1.831018924713134766e+00
9.250105023384094238e-01
5.824694633483886719e-01
4.497342109680175781e-01
6.608449667692184448e-02
2.230617403984069824e-02
1.721367955207824707e+00
1.672928452491760254e+00
1.800002694129943848e+00
0.000000000000000000e+00
6.741007566452026367e-01
8.147612810134887695e-01
1.567500382661819458e-01
7.800640463829040527e-01
4.014706611633300781e-01
3.115863204002380371e-01
2.454113215208053589e-02
1.577765464782714844e+00
1.322281062602996826e-01
0.000000000000000000e+00
1.387732982635498047e+00
6.726447343826293945e-01
2.894097268581390381e-01
1.539665311574935913e-01
6.218833923339843750e-01
1.999850012362003326e-02
2.295144796371459961e-01
2.541924715042114258e-01
1.956715434789657593e-01
5.824418067932128906e-01
0.000000000000000000e+00
1.762446314096450806e-01
0.000000000000000000e+00
6.724578738212585449e-01
0.000000000000000000e+00
2.159824222326278687e-01
9.638888239860534668e-01
1.085479184985160828e-02
1.849655434489250183e-02
3.821447193622589111e-01
1.344977736473083496e+00
8.502799272537231445e-02
3.703789114952087402e-01
8.528528362512588501e-02
1.163714453577995300e-01
2.487442046403884888e-01
6.303922832012176514e-02
1.572978794574737549e-01
2.736849486827850342e-01
9.763099551200866699e-01
1.948640346527099609e-01
1.165692135691642761e-02
1.449688617140054703e-02
1.178594306111335754e-01
5.438371896743774414e-01
8.752162456512451172e-01
6.075998395681381226e-02
1.791692823171615601e-01
4.844976067543029785e-01
2.142500132322311401e-02
1.683862805366516113e-01
3.129773074761033058e-03
1.482606232166290283e-01
7.749564647674560547e-01
1.114574313163757324e+00
1.682919383049011230e+00
1.232908010482788086e+00
8.249499648809432983e-02
8.741462230682373047e-02
5.221439991146326065e-03
6.342605948448181152e-01
6.822714805603027344e-01
2.643151208758354187e-02
1.982013583183288574e-01
8.203954249620437622e-02
1.670191437005996704e-02
1.734600067138671875e-01
3.316867724061012268e-02
3.638966940343379974e-03
1.584039449691772461e+00
3.121349811553955078e+00
2.866790294647216797e-01
3.253264427185058594e-01
1.375132799148559570e-01
7.348975539207458496e-01
3.185588866472244263e-02
4.299731254577636719e-01
4.232817292213439941e-01
2.119744420051574707e-01
8.211214542388916016e-01
3.156887054443359375e+00
1.438234567642211914e+00
8.912722021341323853e-02
3.637262582778930664e-01
5.231019854545593262e-02
4.251069724559783936e-01
2.452210426330566406e+00
1.530500352382659912e-01
0.000000000000000000e+00
3.435033261775970459e-01
7.537283748388290405e-02
1.544185280799865723e+00
1.438882470130920410e+00
3.371832668781280518e-01
1.053854078054428101e-01
2.294913865625858307e-02
3.791996091604232788e-02
2.094069570302963257e-01
1.503744274377822876e-01
1.112605690956115723e+00
5.873236656188964844e-01
1.633824706077575684e-01
1.946079879999160767e-01
9.208825230598449707e-02
1.137607917189598083e-01
2.620848361402750015e-03
5.327823162078857422e-01
1.790697313845157623e-02
1.685873568058013916e-01
4.515634849667549133e-02
0.000000000000000000e+00
5.823083519935607910e-01
0.000000000000000000e+00
2.201492190361022949e-01
0.000000000000000000e+00
1.790326535701751709e-01
1.631135679781436920e-02
3.785675048828125000e+00
3.036189675331115723e-01
1.566738933324813843e-01
0.000000000000000000e+00
9.435619711875915527e-01
3.929158151149749756e-01
2.911687456071376801e-02
0.000000000000000000e+00
2.186806917190551758e+00
3.481796756386756897e-02
3.163370788097381592e-01
1.618334770202636719e+00
5.830365698784589767e-03
1.484615355730056763e-02
4.569393098354339600e-01
9.534841775894165039e-02
3.292822241783142090e-01
1.127332970499992371e-01
1.037850260734558105e+00
1.490129530429840088e-02
0.000000000000000000e+00
5.837182402610778809e-01
5.584073439240455627e-02
6.821622252464294434e-01
7.670239210128784180e-01
0.000000000000000000e+00
2.572965323925018311e-01
1.219523474574089050e-01
3.432785987854003906e+00
2.666512271389365196e-03
3.172558546066284180e-01
2.467042684555053711e+00
9.076945483684539795e-03
5.408303141593933105e-01
1.084391951560974121e+00
5.564563274383544922e-01
2.168856114149093628e-01
6.957857012748718262e-01
2.906286157667636871e-02
3.539930880069732666e-01
3.948141634464263916e-01
1.904974924400448799e-04
1.389082670211791992e+00
6.182387471199035645e-01
2.853695750236511230e-01
6.209875345230102539e-01
2.888871729373931885e-01
2.493347413837909698e-02
2.589729726314544678e-01
3.761212229728698730e-01
0.000000000000000000e+00
5.892888903617858887e-01
4.725189507007598877e-02
3.488735556602478027e-01
2.111768484115600586e+00
0.000000000000000000e+00
0.000000000000000000e+00
1.138081252574920654e-01
6.602030992507934570e-01
4.122810661792755127e-01
0.000000000000000000e+00
6.101468205451965332e-01
1.980216979980468750e+00
1.090696334838867188e+00
9.363666921854019165e-02
7.220181226730346680e-01
2.756196632981300354e-02
1.013584017753601074e+00
0.000000000000000000e+00
4.544920288026332855e-03
3.793088197708129883e-01
1.792044043540954590e+00
1.390641182661056519e-01
5.589100718498229980e-02
7.888537645339965820e-02
6.452332139015197754e-01
1.108403876423835754e-02
1.996259838342666626e-01
0.000000000000000000e+00
2.089869081974029541e-01
7.751997113227844238e-01
5.159248113632202148e-01
5.428667068481445312e-01
1.142862662672996521e-01
1.301945567131042480e+00
1.114028334617614746e+00
1.278614848852157593e-01
7.375627011060714722e-02
3.433940559625625610e-02
1.078203096985816956e-01
1.956819742918014526e-01
5.244152545928955078e-01
3.914899528026580811e-01
4.366458393633365631e-03
2.420796751976013184e-01
5.314378738403320312e-01
3.088176846504211426e-01
4.261711239814758301e-01
7.029943913221359253e-02
3.480392396450042725e-01
3.009923920035362244e-02
1.591470837593078613e+00
1.756391674280166626e-01
5.621365085244178772e-02
2.454900592565536499e-01
2.217207700014114380e-01
1.291587390005588531e-02
3.348346566781401634e-03
4.143347442150115967e-01
4.575635194778442383e-01
1.267185330390930176e+00
4.720975160598754883e-01
8.029248118400573730e-01
1.226535558700561523e+00
1.129411935806274414e+00
1.961466623470187187e-03
2.351553738117218018e-01
6.944428086280822754e-01
8.395138978958129883e-01
2.775870263576507568e-01
1.742306500673294067e-01
5.422320842742919922e+00
1.218694686889648438e+00
7.909919619560241699e-01
7.231390476226806641e-02
1.096313148736953735e-01
2.760336101055145264e-01
1.210159897804260254e+00
1.482853945344686508e-02
1.461061239242553711e+00
3.897669017314910889e-01
3.929360508918762207e-01
1.254196614027023315e-01
1.106865480542182922e-01
1.121349036693572998e-01
1.310727149248123169e-01
1.619191467761993408e-02
4.379816353321075439e-01
1.359890699386596680e-01
6.793479435145854950e-03
3.996351361274719238e-02
1.282907128334045410e-01
0.000000000000000000e+00
6.555232405662536621e-02
2.191451489925384521e-01
5.142637491226196289e-01
1.278826594352722168e+00
0.000000000000000000e+00
3.455313444137573242e-01
3.242662933189421892e-04
1.133295059204101562e+00
2.383717000484466553e-01
5.535578727722167969e-02
4.871492087841033936e-01
0.000000000000000000e+00
2.164436429738998413e-01
3.853597491979598999e-02
8.890188299119472504e-03
1.691557615995407104e-01
4.114369451999664307e-01
1.215813994407653809e+00
2.868755757808685303e-01
3.204295635223388672e-01
9.892539381980895996e-01
1.425801496952772141e-02
3.568607568740844727e-01
1.620309948921203613e+00
1.280666142702102661e-01
1.002628356218338013e-01
1.392654050141572952e-02
4.324083924293518066e-01
1.233177065849304199e+00
4.534288942813873291e-01
1.467746794223785400e-01
4.003079980611801147e-02
8.979025483131408691e-02
3.930743336677551270e-01
4.388296604156494141e+00
1.345467448234558105e+00
5.492832660675048828e-01
0.000000000000000000e+00
0.000000000000000000e+00
2.972112223505973816e-02
3.555620908737182617e-01
1.958959177136421204e-02
1.545728683471679688e+00
3.719065487384796143e-01
6.151887401938438416e-02
1.050258427858352661e-01
9.917431473731994629e-01
3.796761035919189453e-01
0.000000000000000000e+00
3.479405492544174194e-02
1.474277377128601074e+00
1.229274719953536987e-01
6.974513828754425049e-02
1.681984305381774902e+00
1.659193634986877441e-01
7.218188047409057617e-02
3.403253108263015747e-02
1.024815514683723450e-01
4.684577584266662598e-01
3.310418128967285156e-02
1.060012221336364746e+00
1.281883753836154938e-02
2.363495714962482452e-02
1.229089856147766113e+00
1.669649183750152588e-01
1.529858540743589401e-02
1.905498504638671875e-01
1.280337721109390259e-01
4.480194672942161560e-02
5.841048955917358398e-01
3.652396202087402344e-01
2.416477948427200317e-01
0.000000000000000000e+00
6.550725549459457397e-03
3.504069522023200989e-02
9.483658671379089355e-01
5.079957842826843262e-01
1.325394958257675171e-02
7.280407845973968506e-02
1.200830101966857910e+00
7.651896476745605469e-01
1.062592029571533203e+00
0.000000000000000000e+00
6.057519838213920593e-02
6.417952477931976318e-02
1.934208348393440247e-02
2.507100403308868408e-01
1.777940392494201660e+00
7.110260426998138428e-02
1.395146846771240234e-01
1.367162913084030151e-01
4.177764952182769775e-01
2.097359448671340942e-01
2.595001831650733948e-02
1.435979127883911133e+00
3.718528747558593750e-01
1.033395051956176758e+00
9.735925793647766113e-01
1.643405199050903320e+00
1.379056274890899658e-01
9.377455338835716248e-03
4.113696888089179993e-02
1.435064990073442459e-02
1.293256878852844238e-01
5.375093966722488403e-02
0.000000000000000000e+00
1.011379584670066833e-01
2.443502843379974365e-01
6.223794817924499512e-01
1.815422773361206055e-01
1.690822839736938477e-01
5.502287745475769043e-01
2.980301856994628906e+00
2.684664130210876465e-01
1.169491559267044067e-02
0.000000000000000000e+00
2.369801700115203857e-01
1.133245751261711121e-01
2.325309067964553833e-01
2.703281939029693604e-01
2.831351198256015778e-02
1.779600232839584351e-01
1.367221951484680176e+00
0.000000000000000000e+00
1.086650192737579346e-01
0.000000000000000000e+00
9.335914999246597290e-02
5.327987670898437500e-01
1.828976869583129883e-01
1.175439730286598206e-01
8.493160605430603027e-01
0.000000000000000000e+00
7.588607072830200195e-01
1.277768313884735107e-01
2.921347022056579590e-01
3.056087195873260498e-01
3.325498998165130615e-01
1.174245476722717285e-01
2.948668003082275391e-01
3.344479948282241821e-02
3.673539757728576660e-01
2.322268187999725342e-01
9.668840095400810242e-03
3.562915325164794922e-01
1.284564882516860962e-01
4.297138657420873642e-04
5.118180811405181885e-02
9.467238187789916992e-02
1.055785790085792542e-01
6.622171998023986816e-01
6.590745598077774048e-02
1.168472990393638611e-01
3.034639172255992889e-02
3.760330080986022949e-01
1.818574965000152588e-02
2.084817439317703247e-01
2.573493123054504395e-01
2.060399204492568970e-02
0.000000000000000000e+00
1.074813120067119598e-02
2.483844012022018433e-01
0.000000000000000000e+00
0.000000000000000000e+00
2.509507536888122559e-01
3.239646852016448975e-01
1.881913542747497559e-01
8.191633224487304688e-01
0.000000000000000000e+00
0.000000000000000000e+00
2.919291853904724121e-01
1.079532742500305176e+00
1.712320446968078613e-01
4.866220429539680481e-02
9.619554877281188965e-01
6.849860548973083496e-01
3.050436265766620636e-02
0.000000000000000000e+00
6.898177266120910645e-01
2.558441273868083954e-02
8.373988270759582520e-01
1.066566556692123413e-01
0.000000000000000000e+00
9.266710877418518066e-01
5.350548401474952698e-02
2.119960337877273560e-01
0.000000000000000000e+00
6.927539408206939697e-02
1.862110570073127747e-02
2.503029704093933105e-01
1.844394326210021973e+00
2.413878962397575378e-02
5.789072811603546143e-02
6.262168884277343750e-01
5.714924335479736328e-01
2.565802633762359619e-01
1.270602941513061523e-01
1.216691434383392334e-01
0.000000000000000000e+00
4.112007617950439453e-01
0.000000000000000000e+00
8.558806777000427246e-01
0.000000000000000000e+00
3.583428561687469482e-01
1.034508943557739258e+00
1.383652091026306152e+00
6.326726675033569336e-01
8.143856525421142578e-01
1.506089717149734497e-01
8.701481856405735016e-03
9.837817549705505371e-01
3.244971930980682373e-01
1.942436844110488892e-01
3.125693202018737793e-01
2.083657309412956238e-02
4.522375762462615967e-01
2.115215778350830078e+00
1.201536133885383606e-01
7.502743601799011230e-01
9.626198559999465942e-02
2.637514472007751465e-01
1.109365746378898621e-01
2.380559742450714111e-01
3.004361176863312721e-03
4.537393152713775635e-01
4.260840639472007751e-02
1.303987979888916016e+00
1.348342776298522949e+00
5.355100035667419434e-01
1.241570115089416504e-01
5.663000792264938354e-02
1.522159427404403687e-01
1.484311223030090332e-01
4.821971058845520020e-01
1.770827174186706543e-01
1.805430650711059570e-01
5.664693713188171387e-01
1.945078372955322266e-02
0.000000000000000000e+00
7.667483296245336533e-03
1.000694155693054199e+00
6.005752682685852051e-01
0.000000000000000000e+00
3.596523776650428772e-03
0.000000000000000000e+00
1.531828194856643677e-01
3.201160430908203125e-01
8.983531594276428223e-01
1.621528416872024536e-01
0.000000000000000000e+00
0.000000000000000000e+00
8.047412037849426270e-01
1.553475856781005859e-01
2.237081527709960938e+00
7.362943291664123535e-01
3.652890622615814209e-01
2.658573389053344727e-01
3.780444264411926270e-01
2.268535085022449493e-02
1.244226545095443726e-01
6.479369997978210449e-01
1.321023106575012207e-01
1.663366705179214478e-02
2.100370645523071289e+00
4.020890295505523682e-01
9.844911098480224609e-02
3.070352077484130859e-01
9.214399009943008423e-02
0.000000000000000000e+00
1.190666794776916504e+00
1.418440639972686768e-01
2.646421790122985840e-01
1.011747941374778748e-01
1.791438460350036621e-01
1.409549564123153687e-01
1.865280717611312866e-01
2.695483341813087463e-02
3.188027814030647278e-02
6.962620615959167480e-01
2.156191468238830566e-01
0.000000000000000000e+00
1.542245507240295410e+00
2.474002093076705933e-01
3.669907897710800171e-02
6.841637492179870605e-01
9.312164187431335449e-01
1.741532832384109497e-01
1.330242902040481567e-01
1.076868642121553421e-02
1.758624315261840820e-01
7.851810008287429810e-02
4.616578668355941772e-02
9.207306802272796631e-02
5.446614697575569153e-02
7.208407521247863770e-01
4.266142845153808594e-02
7.312102913856506348e-01
7.037586569786071777e-01
8.872115612030029297e-01
2.506053447723388672e+00
6.527824401855468750e-01
3.354803919792175293e-01
1.412697672843933105e+00
4.420378431677818298e-02
2.623105421662330627e-03
1.116962358355522156e-01
3.274860084056854248e-01
4.550780773162841797e+00
2.747502624988555908e-01
9.120959043502807617e-02
0.000000000000000000e+00
0.000000000000000000e+00
9.371998161077499390e-02
1.825447678565979004e-01
6.487419009208679199e-01
1.038002967834472656e-01
5.674755945801734924e-02
2.327801473438739777e-02
2.893860042095184326e-01
1.945665478706359863e-01
1.264307200908660889e-01
0.000000000000000000e+00
1.831038482487201691e-02
1.514763832092285156e-01
3.273513540625572205e-02
4.608204588294029236e-03
3.331772983074188232e-01
1.117930054664611816e+00
1.662064902484416962e-02
2.343611046671867371e-02
0.000000000000000000e+00
6.187390089035034180e-01
3.745150566101074219e-01
1.557585299015045166e-01
1.666313707828521729e-01
4.003279507160186768e-01
8.413664102554321289e-01
1.003636121749877930e-01
4.981155693531036377e-02
2.584127485752105713e-01
1.253909915685653687e-01
9.618856310844421387e-01
5.995826125144958496e-01
4.200453460216522217e-01
6.899806261062622070e-01
4.808225035667419434e-01
2.867529094219207764e-01
8.833886981010437012e-01
2.110460698604583740e-01
1.407404690980911255e-01
4.778056591749191284e-02
4.344072192907333374e-02
2.382919937372207642e-01
0.000000000000000000e+00
1.147000864148139954e-01
3.206614255905151367e-01
1.243993759155273438e+00
3.602280914783477783e-01
0.000000000000000000e+00
4.190559387207031250e-01
1.113374829292297363e+00
1.163217186927795410e+00
1.225088834762573242e-01
1.359910488128662109e+00
1.126612052321434021e-01
8.849951028823852539e-01
0.000000000000000000e+00
8.125968575477600098e-01
6.234404444694519043e-02
2.956784665584564209e-01
2.209967851638793945e+00
3.668900113552808762e-03
2.807914018630981445e-01
6.674056649208068848e-01
0.000000000000000000e+00
6.546930223703384399e-02
5.348804965615272522e-02
2.703600227832794189e-01
1.125232815742492676e+00
4.169770479202270508e-01
0.000000000000000000e+00
6.431322544813156128e-02
3.664194792509078979e-02
1.211742758750915527e+00
1.210919857025146484e+00
2.761234343051910400e-01
1.078423142433166504e+00
1.387681812047958374e-01
3.038063347339630127e-01
2.505191087722778320e+00
4.270719289779663086e-01
3.281023353338241577e-02
1.178433466702699661e-02
1.855349093675613403e-01
7.092795372009277344e-01
1.442589163780212402e-01
4.348685145378112793e-01
3.684960678219795227e-02
9.878692030906677246e-02
3.314480543136596680e+00
2.440858818590641022e-02
3.394929692149162292e-02
3.813800811767578125e-01
1.174488104879856110e-02
3.793249726295471191e-01
8.116623163223266602e-01
2.110916376113891602e-01
8.828631043434143066e-01
4.395506680011749268e-01
1.135481745004653931e-01
7.667729258537292480e-01
9.163131937384605408e-03
2.410886585712432861e-01
2.469058185815811157e-01
6.248665452003479004e-01
0.000000000000000000e+00
9.035860747098922729e-02
4.992371499538421631e-01
2.921655476093292236e-01
8.694403767585754395e-01
4.370981752872467041e-01
3.702890574932098389e-01
1.291562438011169434e+00
8.532282114028930664e-01
4.103147983551025391e-01
2.283126115798950195e-01
4.811944663524627686e-01
7.898606359958648682e-02
9.322483837604522705e-02
1.957443714141845703e+00
1.040669232606887817e-01
5.328715443611145020e-01
4.196188971400260925e-02
3.867538471240550280e-04
2.332752943038940430e-01
4.552113413810729980e-01
1.719375103712081909e-01
0.000000000000000000e+00
7.023386657238006592e-03
4.362229406833648682e-01
2.100753784179687500e-01
2.703448198735713959e-02
3.646075725555419922e-01
0.000000000000000000e+00
7.996468991041183472e-02
1.773935556411743164e-02
0.000000000000000000e+00
1.055150032043457031e+00
1.671853810548782349e-01
2.352934330701828003e-01
8.802447915077209473e-01
6.981216073036193848e-01
3.115832805633544922e-01
4.780292510986328125e-01
1.196684598922729492e+00
1.448346495628356934e+00
0.000000000000000000e+00
0.000000000000000000e+00
0.000000000000000000e+00
2.876660227775573730e-02
1.588958315551280975e-02
2.687998488545417786e-02
5.476009473204612732e-02
7.283915579319000244e-02
1.308050155639648438e-01
5.512196198105812073e-02
0.000000000000000000e+00
0.000000000000000000e+00
2.047599665820598602e-02
1.317522972822189331e-01
4.578863978385925293e-01
1.557641625404357910e+00
1.164173856377601624e-01
1.738488376140594482e-01
9.941136837005615234e-02
0.000000000000000000e+00
3.361472189426422119e-01
0.000000000000000000e+00
5.896266102790832520e-01
4.524833709001541138e-02
2.224551439285278320e+00
1.517012715339660645e+00
7.585260868072509766e-01
2.382847070693969727e-01
6.613304018974304199e-01
7.121155411005020142e-02
1.876401342451572418e-02
4.179922938346862793e-01
2.590152621269226074e-01
4.209763705730438232e-01
3.074738383293151855e-01
1.126222848892211914e+00
9.636868536472320557e-02
6.866045296192169189e-02
1.171526312828063965e+00
1.161582618951797485e-01
8.499720692634582520e-02
7.362417411059141159e-03
2.004495143890380859e+00
1.545835435390472412e-01
1.388218164443969727e+00
1.962223201990127563e-01
