0.000000000000000000e+00
0.000000000000000000e+00
2.437723129987716675e-01
4.772828519344329834e-01
2.303896099328994751e-01
1.221470311284065247e-01
5.161031484603881836e-01
1.790135204792022705e-01
1.844873905181884766e+00
2.135006427764892578e+00
2.904242835938930511e-02
7.010264694690704346e-02
2.671920955181121826e-01
3.186724334955215454e-02
8.196763694286346436e-02
1.962770670652389526e-01
6.467846632003784180e-01
1.310557406395673752e-02
2.631665170192718506e-01
1.028031229972839355e+00
5.830202624201774597e-02
1.739953309297561646e-01
5.293563008308410645e-01
0.000000000000000000e+00
8.799581788480281830e-03
2.694382667541503906e-01
2.923437654972076416e-01
2.468006499111652374e-02
3.100318312644958496e-01
1.520805410109460354e-03
0.000000000000000000e+00
3.577019870281219482e-01
1.995603740215301514e-01
2.635215222835540771e-01
1.447160094976425171e-01
3.462133705615997314e-01
1.150978505611419678e-01
2.767697095870971680e+00
1.664842851459980011e-02
8.724606782197952271e-02
1.526303887367248535e-01
2.574934065341949463e-02
1.292870193719863892e-02
6.848234683275222778e-02
3.360545961186289787e-03
2.248960547149181366e-02
3.227815330028533936e-01
6.483240127563476562e-01
4.790610074996948242e-01
7.768061757087707520e-01
2.069970505544915795e-04
2.162863254547119141e+00
1.122213006019592285e-01
6.641273200511932373e-02
2.024058103561401367e-01
6.494943499565124512e-01
1.010702371597290039e+00
6.798234581947326660e-02
0.000000000000000000e+00
5.278833582997322083e-02
1.210220456123352051e+00
2.369593083858489990e-02
4.461458921432495117e-01
6.506977081298828125e-01
1.141793727874755859e+00
8.185567855834960938e-01
9.743028879165649414e-02
4.612400233745574951e-01
5.768367052078247070e-01
4.110245499759912491e-03
4.811095297336578369e-01
2.209566116333007812e+00
5.150244757533073425e-02
6.148346662521362305e-01
3.280666843056678772e-02
1.301869601011276245e-01
2.051227807998657227e+00
4.629079103469848633e-01
1.756255626678466797e+00
2.334228903055191040e-02
2.237560302019119263e-01
0.000000000000000000e+00
1.882788240909576416e-01
4.541606009006500244e-01
5.764419436454772949e-01
5.783209577202796936e-02
4.017752707004547119e-01
3.302580490708351135e-02
8.725904226303100586e-01
8.415772765874862671e-02
4.707232117652893066e-02
1.499838083982467651e-01
0.000000000000000000e+00
1.041994690895080566e-01
2.219116874039173126e-02
7.266701757907867432e-02
3.356889188289642334e-01
1.791169881820678711e+00
4.612895846366882324e-01
1.088335752487182617e+00
5.245714634656906128e-02
5.953664779663085938e-01
3.127185344696044922e+00
1.388784646987915039e+00
6.158982589840888977e-02
8.736943006515502930e-01
6.107395165599882603e-04
2.080142498016357422e-01
3.050222992897033691e-01
2.867426164448261261e-02
0.000000000000000000e+00
2.965639591217041016e+00
2.943979501724243164e-01
9.733948707580566406e-01
0.000000000000000000e+00
2.073064893484115601e-01
1.217456385493278503e-01
8.270745165646076202e-03
3.484340906143188477e-01
5.060828104615211487e-02
1.955080628395080566e-01
3.321836709976196289e+00
1.754973828792572021e-01
1.349098980426788330e-01
8.973088860511779785e-01
4.376425743103027344e-01
8.724513053894042969e-01
4.588474631309509277e-01
4.925844967365264893e-01
1.491336151957511902e-02
6.084807515144348145e-01
1.127123162150382996e-01
3.811498880386352539e-01
2.646339833736419678e-01
9.527888894081115723e-02
6.381483078002929688e-01
1.861776113510131836e-01
8.022208809852600098e-01
3.389059782028198242e+00
5.670815706253051758e-01
6.885005235671997070e-01
3.782940804958343506e-01
6.794533133506774902e-01
6.850448250770568848e-02
1.189712405204772949e+00
8.622276186943054199e-01
1.002191305160522461e+00
9.855428338050842285e-02
2.323050945997238159e-01
2.150470018386840820e-01
3.472537696361541748e-01
2.464352250099182129e-01
5.645510554313659668e-01
5.090451240539550781e-01
6.555832624435424805e-01
6.418048739433288574e-01
6.985048204660415649e-02
8.807598948478698730e-01
4.584124311804771423e-03
1.873926222324371338e-01
1.473725438117980957e-01
4.359993338584899902e-01
1.432245876640081406e-02
1.428814381361007690e-01
6.731770038604736328e-01
1.722376108169555664e+00
9.081431478261947632e-02
1.215436831116676331e-01
4.339529871940612793e-01
3.970460295677185059e-01
7.725396752357482910e-02
1.553283035755157471e-01
2.177644968032836914e+00
1.885531246662139893e-01
1.013419590890407562e-02
5.423893928527832031e-01
2.766174636781215668e-02
1.495343893766403198e-01
8.517749607563018799e-02
2.200511932373046875e+00
1.239149197936058044e-01
8.756818622350692749e-02
1.379449963569641113e+00
4.137876909226179123e-03
9.145915508270263672e-02
4.200860261917114258e-01
1.060573011636734009e-01
0.000000000000000000e+00
7.684668153524398804e-02
9.792224168777465820e-01
9.965717792510986328e-02
6.859467923641204834e-02
5.266157537698745728e-02
1.137962099164724350e-03
0.000000000000000000e+00
8.065078258514404297e-01
2.071674317121505737e-01
2.449609041213989258e-01
1.093000546097755432e-02
1.333027984946966171e-02
8.245604485273361206e-02
2.403304815292358398e+00
1.176009047776460648e-02
1.142626032233238220e-01
1.092876791954040527e-01
1.547903418540954590e+00
1.335497021675109863e+00
9.680516719818115234e-01
1.292513608932495117e-01
3.338319063186645508e-02
9.751267433166503906e-01
1.009909391403198242e+00
5.287753418087959290e-02
6.996256113052368164e-01
2.482800185680389404e-01
1.013385415077209473e+00
4.649440944194793701e-01
2.530145049095153809e-01
5.744687467813491821e-02
1.143087148666381836e+00
8.973922133445739746e-01
3.902084529399871826e-01
2.731256484985351562e-01
9.614442288875579834e-02
2.224124036729335785e-02
4.910190999507904053e-01
3.180466294288635254e-01
1.231291770935058594e+00
2.959267236292362213e-03
8.741486072540283203e-01
5.924080610275268555e-01
3.638910874724388123e-02
4.944883823394775391e+00
2.445902116596698761e-02
2.116640470921993256e-02
2.904219627380371094e-01
1.338867098093032837e-01
5.578024685382843018e-02
0.000000000000000000e+00
1.181260868906974792e-02
4.161328822374343872e-02
2.734133601188659668e-01
3.551760455593466759e-03
4.880139231681823730e-02
4.331339299678802490e-01
1.882513761520385742e-01
5.010292530059814453e-01
3.107297718524932861e-01
1.203127279877662659e-01
1.368669420480728149e-01
3.376613557338714600e-01
6.415677070617675781e-01
1.471685171127319336e+00
9.532870352268218994e-02
3.672947883605957031e-01
1.262734383344650269e-01
2.860739827156066895e-01
9.177681989967823029e-03
3.932594880461692810e-02
6.815739870071411133e-01
9.889511018991470337e-02
2.923201918601989746e-01
7.825393974781036377e-02
6.221211552619934082e-01
1.969369798898696899e-01
1.539626866579055786e-01
4.576019048690795898e-01
1.616497755050659180e+00
1.930354475975036621e+00
1.236585855484008789e+00
4.242401421070098877e-01
2.237986087799072266e+00
2.364685572683811188e-02
8.178927302360534668e-01
6.168118864297866821e-02
4.378228187561035156e+00
3.277345657348632812e+00
1.064209267497062683e-01
8.731823563575744629e-01
3.575367927551269531e-01
3.874367475509643555e-02
3.621627390384674072e-01
1.393752824515104294e-02
4.134036600589752197e-01
8.214177191257476807e-02
5.737087726593017578e-01
3.110000193119049072e-01
1.336579211056232452e-02
5.310416817665100098e-01
2.977817952632904053e-01
8.289070725440979004e-01
3.685528039932250977e-01
1.426640450954437256e-01
5.005804449319839478e-02
1.113973379135131836e+00
8.655751943588256836e-01
3.100917674601078033e-03
6.456528306007385254e-01
1.893516778945922852e-01
0.000000000000000000e+00
9.358674883842468262e-01
2.824274450540542603e-02
4.008312225341796875e-01
6.330241262912750244e-02
3.681404590606689453e-01
4.747924804687500000e-01
1.108371019363403320e-01
4.055442810058593750e-01
7.717931270599365234e-01
2.566292583942413330e-01
8.137300610542297363e-01
0.000000000000000000e+00
6.458921432495117188e-01
1.579428911209106445e-01
4.574708342552185059e-01
1.042340636253356934e+00
1.010262370109558105e+00
3.310305476188659668e-01
1.539351232349872589e-02
3.753407895565032959e-01
4.923108965158462524e-03
1.154704168438911438e-01
5.730298161506652832e-01
6.777509115636348724e-03
2.658851444721221924e-01
1.884365826845169067e-01
5.998446941375732422e-01
3.274871826171875000e+00
2.973964214324951172e-01
1.639332532882690430e+00
2.981003522872924805e-01
5.103744864463806152e-01
4.156363308429718018e-01
2.196962535381317139e-01
4.091125488281250000e+00
2.920877933502197266e-01
1.700031638145446777e+00
1.426730602979660034e-01
8.201120495796203613e-01
1.771160587668418884e-02
9.473285824060440063e-02
5.441840291023254395e-01
1.507949948310852051e+00
1.232641458511352539e+00
1.733263432979583740e-01
3.159020841121673584e-02
5.344576835632324219e-01
2.847179889678955078e+00
6.845069676637649536e-02
0.000000000000000000e+00
5.076132416725158691e-01
8.056666702032089233e-02
3.320015966892242432e-01
5.418071746826171875e-01
1.244559884071350098e-01
6.498679518699645996e-02
2.895280346274375916e-02
3.005665838718414307e-01
2.627486288547515869e-01
1.383600473403930664e+00
1.477027218788862228e-02
8.065325617790222168e-01
1.685290575027465820e+00
1.878230832517147064e-02
9.562015533447265625e-02
2.504922822117805481e-02
2.599467039108276367e-01
3.479226529598236084e-01
2.737394273281097412e-01
6.206746678799390793e-03
1.718719489872455597e-03
1.272670775651931763e-01
0.000000000000000000e+00
3.749018311500549316e-01
1.575069278478622437e-01
2.472905367612838745e-01
1.500911116600036621e+00
7.969699054956436157e-02
8.364781141281127930e-01
1.162116974592208862e-02
3.418830633163452148e+00
2.747130632400512695e+00
2.299592018127441406e+00
1.011648178100585938e+00
2.953240275382995605e-01
0.000000000000000000e+00
3.825013339519500732e-01
1.545149832963943481e-02
6.115882992744445801e-01
1.531736731529235840e+00
4.491718113422393799e-01
0.000000000000000000e+00
1.212316658347845078e-02
4.008666053414344788e-02
1.062349557876586914e+00
1.341019719839096069e-01
2.824489958584308624e-02
2.304828464984893799e-01
0.000000000000000000e+00
2.161426544189453125e-01
3.231107294559478760e-01
1.695715487003326416e-01
2.936477363109588623e-01
1.307164669036865234e+00
0.000000000000000000e+00
9.711265563964843750e-02
5.720016360282897949e-01
1.846988081932067871e+00
7.731184959411621094e-01
6.796604394912719727e-02
3.581316173076629639e-01
9.476341307163238525e-02
2.564636468887329102e-01
0.000000000000000000e+00
8.600052595138549805e-01
0.000000000000000000e+00
7.034832239151000977e-02
0.000000000000000000e+00
1.045635566115379333e-01
5.922008752822875977e-01
1.346399933099746704e-01
2.165700912475585938e+00
2.468797266483306885e-01
2.331684231758117676e-01
2.525253891944885254e-01
9.913378953933715820e-01
6.821475028991699219e-01
5.346073508262634277e-01
4.299059510231018066e-02
0.000000000000000000e+00
2.842586040496826172e-01
5.376320481300354004e-01
2.546592712402343750e+00
3.867022693157196045e-02
5.364210903644561768e-02
1.409970074892044067e-01
1.353783756494522095e-01
1.393326371908187866e-01
1.783248901367187500e+00
1.905090808868408203e-01
4.788092337548732758e-03
2.595146298408508301e-01
9.749447703361511230e-01
2.098888456821441650e-01
2.675587534904479980e-01
2.717858850955963135e-01
3.760308772325515747e-02
4.713365137577056885e-01
6.640195846557617188e-02
4.937600195407867432e-01
1.916818261146545410e+00
5.034350752830505371e-01
1.600345671176910400e-01
3.129605650901794434e-01
1.955496370792388916e-01
3.848284780979156494e-01
1.889810413122177124e-01
1.746525049209594727e+00
4.437626302242279053e-01
6.538734305649995804e-03
2.485340982675552368e-01
1.764476060867309570e+00
0.000000000000000000e+00
4.481607675552368164e-01
1.603153049945831299e-01
2.372607588768005371e-02
2.547284662723541260e-01
1.160350516438484192e-01
5.674704909324645996e-02
4.723936915397644043e-01
8.628537505865097046e-02
1.430975317955017090e+00
1.263859272003173828e-01
3.501207530498504639e-01
1.012356519699096680e+00
4.034161567687988281e+00
1.657004654407501221e-02
6.842102389782667160e-03
1.268592238426208496e+00
9.532579779624938965e-02
7.051969319581985474e-02
1.227729439735412598e+00
9.747376441955566406e-01
2.359538152813911438e-02
1.704792857170104980e+00
2.815063595771789551e-01
1.399421244859695435e-01
1.216817423701286316e-01
2.943990528583526611e-01
8.797984570264816284e-02
4.440489709377288818e-01
1.855435520410537720e-01
2.090881466865539551e-01
2.475195974111557007e-01
5.234560966491699219e-01
5.906708538532257080e-02
4.371329843997955322e-01
9.753174781799316406e-01
1.023119211196899414e+00
2.010019302368164062e+00
3.376320898532867432e-01
1.195178832858800888e-02
3.585609793663024902e-01
1.281801462173461914e-01
6.202660873532295227e-02
4.621959626674652100e-01
3.218522965908050537e-01
0.000000000000000000e+00
8.613705039024353027e-01
2.027055919170379639e-01
2.441522032022476196e-01
1.666917800903320312e+00
3.876758813858032227e+00
6.872392892837524414e-01
3.712490946054458618e-02
6.779335737228393555e-01
1.067339658737182617e+00
5.887689441442489624e-02
2.165376096963882446e-01
4.417902976274490356e-02
8.047699928283691406e-01
9.887421131134033203e-01
2.291357219219207764e-01
1.811767697334289551e+00
3.383880257606506348e-01
3.651214540004730225e-01
4.670289754867553711e-01
3.313760273158550262e-03
5.882267951965332031e-01
1.590875834226608276e-01
6.425873637199401855e-01
2.386930026113986969e-02
3.050104975700378418e-01
8.461201786994934082e-01
1.722748398780822754e+00
1.050564527511596680e+00
3.133659362792968750e-01
7.957174181938171387e-01
0.000000000000000000e+00
1.333491444587707520e+00
2.396363765001296997e-01
1.728168278932571411e-01
3.472281217575073242e+00
8.994418382644653320e-02
8.043835759162902832e-01
1.210541367530822754e+00
3.300238132476806641e+00
0.000000000000000000e+00
5.437478423118591309e-02
6.395194213837385178e-03
1.623228043317794800e-01
7.538885623216629028e-02
5.391560196876525879e-01
3.608200326561927795e-02
2.199653536081314087e-01
5.825502276420593262e-01
4.670965373516082764e-01
1.327781975269317627e-01
5.111758112907409668e-01
4.460259377956390381e-01
1.015180647373199463e-01
5.161470770835876465e-01
2.357666045427322388e-01
3.458648920059204102e-01
1.142856255173683167e-01
4.439460635185241699e-01
1.035117030143737793e+00
9.233359247446060181e-02
4.657194614410400391e-01
8.591063618659973145e-01
7.138895988464355469e-01
9.122710227966308594e-01
9.241602420806884766e-01
1.735091023147106171e-02
4.813461005687713623e-01
1.499878287315368652e+00
3.787531703710556030e-02
1.017870068550109863e+00
4.545800387859344482e-03
1.179571524262428284e-01
1.027272120118141174e-01
3.929264470934867859e-02
2.770558297634124756e-01
3.713268339633941650e-01
0.000000000000000000e+00
9.526541829109191895e-01
1.126516014337539673e-01
3.134038448333740234e-01
1.384192943572998047e+00
6.562791764736175537e-02
5.621433630585670471e-02
3.108522891998291016e-01
5.774909853935241699e-01
2.412515319883823395e-02
2.505680620670318604e-01
2.513373613357543945e+00
5.919682383537292480e-01
1.641893237829208374e-01
5.215682387351989746e-01
5.863115191459655762e-02
2.471968412399291992e+00
1.311008632183074951e-01
2.512412667274475098e-01
3.892863988876342773e+00
7.394155859947204590e-02
7.619716692715883255e-03
1.730630695819854736e-01
1.227580189704895020e+00
2.757350504398345947e-01
3.798846155405044556e-02
4.453606009483337402e-01
2.716496586799621582e-01
6.042937748134136200e-04
6.117663383483886719e-01
1.074672117829322815e-01
1.752587914466857910e+00
1.922765523195266724e-01
2.458816468715667725e-01
2.195003628730773926e-01
3.162831962108612061e-01
1.381926536560058594e+00
1.617681980133056641e-02
4.075669944286346436e-01
0.000000000000000000e+00
4.915679693222045898e-01
0.000000000000000000e+00
1.138132959604263306e-01
0.000000000000000000e+00
1.148779839277267456e-01
4.529094696044921875e-01
3.644985258579254150e-01
2.035002037882804871e-02
9.082351624965667725e-02
8.053430169820785522e-02
1.229417085647583008e+00
0.000000000000000000e+00
3.720930544659495354e-03
3.098027110099792480e-01
1.291428685188293457e+00
8.969942331314086914e-01
1.884252415038645267e-03
1.852948188781738281e+00
2.690367460250854492e+00
2.708878219127655029e-01
1.881679296493530273e-01
2.960627675056457520e-01
5.689935684204101562e-01
2.379916608333587646e-01
1.345947533845901489e-01
1.926395855844020844e-02
2.664836645126342773e-01
2.529752254486083984e-01
2.031060457229614258e+00
6.338465213775634766e-01
1.023399591445922852e+00
3.842414617538452148e-01
6.535614728927612305e-01
1.240769773721694946e-01
6.656879782676696777e-01
1.787115931510925293e+00
7.926564216613769531e-01
1.654756665229797363e-01
2.446331977844238281e+00
2.395212054252624512e-01
2.793780341744422913e-02
0.000000000000000000e+00
6.576377749443054199e-01
7.338516414165496826e-02
1.514701366424560547e+00
1.036254875361919403e-02
7.583141922950744629e-01
1.910963416099548340e+00
4.447856172919273376e-02
9.737477898597717285e-01
3.400619029998779297e-01
6.130966916680335999e-02
1.177131056785583496e+00
6.595608592033386230e-01
8.141475170850753784e-02
7.791453599929809570e-02
6.154878735542297363e-01
0.000000000000000000e+00
1.975356787443161011e-02
7.460590004920959473e-01
9.325143694877624512e-01
1.783978044986724854e-01
3.258273899555206299e-01
6.543410420417785645e-01
5.015015229582786560e-02
1.150972396135330200e-01
4.535432338714599609e+00
0.000000000000000000e+00
5.142389610409736633e-02
4.839783608913421631e-01
3.481220304965972900e-01
3.047787845134735107e-01
0.000000000000000000e+00
2.910846658051013947e-02
1.280200719833374023e+00
9.298210144042968750e-01
1.071473360061645508e+00
3.199192509055137634e-02
3.289246559143066406e-02
8.672084212303161621e-01
3.131425082683563232e-01
1.884921342134475708e-01
0.000000000000000000e+00
2.611628472805023193e-01
2.428855281323194504e-03
1.141686558723449707e+00
1.081199645996093750e+00
8.098849654197692871e-01
2.585873007774353027e-02
2.107398808002471924e-01
4.172350466251373291e-02
5.262678116559982300e-02
1.152346059679985046e-01
6.559024453163146973e-01
2.151003926992416382e-01
4.963696599006652832e-01
2.015335112810134888e-01
6.706942617893218994e-02
7.771123945713043213e-02
2.250194996595382690e-01
2.908478677272796631e-01
2.369094043970108032e-01
1.414727568626403809e-01
2.628270685672760010e-01
0.000000000000000000e+00
9.527614116668701172e-01
4.933949708938598633e-01
2.369316518306732178e-01
3.569873794913291931e-02
3.624602079391479492e+00
7.899256423115730286e-03
1.098896741867065430e+00
7.276398595422506332e-03
1.120862483978271484e+00
2.451380193233489990e-01
5.755305290222167969e-01
3.840800285339355469e+00
2.059468030929565430e-01
5.777897238731384277e-01
2.629458159208297729e-02
1.985919177532196045e-01
1.113176420331001282e-01
5.281785875558853149e-02
2.046177148818969727e+00
2.768805623054504395e-01
2.067822366952896118e-01
1.486279517412185669e-01
1.050846576690673828e+00
5.376602336764335632e-02
4.909572750329971313e-02
8.081403374671936035e-01
1.010099053382873535e+00
8.526747673749923706e-02
4.121420681476593018e-01
2.621417522430419922e+00
7.062734365463256836e-01
9.253407269716262817e-02
3.605308234691619873e-01
6.994920223951339722e-02
4.378956854343414307e-01
6.072033196687698364e-02
1.367669180035591125e-02
2.485881894826889038e-01
3.656685352325439453e-01
4.972834512591362000e-02
5.680821537971496582e-01
5.624238848686218262e-01
4.791787825524806976e-03
1.133623495697975159e-01
8.455045819282531738e-01
9.235702753067016602e-01
1.286681532859802246e+00
1.524888634681701660e+00
6.472378373146057129e-01
9.934756755828857422e-01
5.392577964812517166e-03
3.018234483897686005e-02
3.466739952564239502e-01
3.033397495746612549e-01
1.614944458007812500e+00
1.172974824905395508e+00
0.000000000000000000e+00
2.791053950786590576e-01
3.325982391834259033e-01
1.956659853458404541e-01
5.170285701751708984e+00
5.421928167343139648e-01
2.098503261804580688e-01
1.968058198690414429e-02
1.603655889630317688e-02
7.930158376693725586e-01
2.482500821352005005e-01
7.395343184471130371e-01
7.741045951843261719e-01
4.301766306161880493e-02
1.017266511917114258e+00
1.362412095069885254e+00
1.254774808883666992e+00
7.477230429649353027e-01
7.572041940875351429e-04
0.000000000000000000e+00
1.214696645736694336e+00
3.376881778240203857e-01
1.798808336257934570e+00
3.229064941406250000e-01
4.898692294955253601e-02
4.678202793002128601e-02
5.569824576377868652e-01
1.130515336990356445e-01
4.609667360782623291e-01
5.504730939865112305e-01
2.757861316204071045e-01
2.091097831726074219e-02
1.661135070025920868e-02
3.472396731376647949e-01
2.752441726624965668e-02
1.463196754455566406e+00
3.527224659919738770e-01
3.606744110584259033e-01
7.680954039096832275e-02
1.509534567594528198e-01
4.576575942337512970e-03
3.884223699569702148e-01
5.247919559478759766e-01
2.269724383950233459e-02
1.501456022262573242e+00
1.728260219097137451e-01
1.201960206031799316e+00
1.920205727219581604e-02
1.202231794595718384e-01
1.670660078525543213e-01
2.123430669307708740e-01
1.337137222290039062e-01
1.598607003688812256e-01
6.476321220397949219e-01
4.816835224628448486e-01
2.232313901185989380e-01
1.546423137187957764e-01
4.047848880290985107e-01
0.000000000000000000e+00
0.000000000000000000e+00
1.735908389091491699e+00
6.188476830720901489e-02
8.278599381446838379e-01
2.852114200592041016e+00
2.204447835683822632e-01
6.659988779574632645e-03
7.379007339477539062e-01
1.014511227607727051e+00
3.587492704391479492e-01
3.024682402610778809e-01
2.867053151130676270e-01
1.518602389842271805e-02
1.084706280380487442e-02
7.162092328071594238e-01
1.585815548896789551e-01
4.374079406261444092e-01
1.998853236436843872e-01
2.026103019714355469e+00
3.467806279659271240e-01
1.517571359872817993e-01
3.307300806045532227e+00
6.279080510139465332e-01
5.094503164291381836e-01
7.599721429869532585e-04
5.578572303056716919e-02
6.489375233650207520e-01
2.098707914352416992e+00
2.313546419143676758e+00
5.718042850494384766e-01
9.984733909368515015e-02
1.395007967948913574e+00
5.655705332756042480e-01
1.047528441995382309e-02
9.411089122295379639e-02
4.873374700546264648e-01
5.986016243696212769e-02
0.000000000000000000e+00
5.643920898437500000e-01
2.029837518930435181e-01
9.440407752990722656e-01
1.830000162124633789e+00
1.119415402412414551e+00
1.535193622112274170e-01
4.172830283641815186e-01
1.404982328414916992e+00
3.163208067417144775e-02
1.280049383640289307e-01
2.077902555465698242e-01
2.195045351982116699e-02
8.296226710081100464e-02
9.422805160284042358e-02
1.737222820520401001e-01
6.690491437911987305e-01
2.845517635345458984e+00
6.062706112861633301e-01
3.375153839588165283e-01
7.979151010513305664e-01
6.287333965301513672e-01
2.046891450881958008e-01
2.405431717634201050e-01
7.063536643981933594e-01
1.235298514366149902e+00
4.428954124450683594e+00
1.052029523998498917e-02
2.022051960229873657e-01
5.673468708992004395e-01
2.553777396678924561e-02
6.387785077095031738e-01
1.823376268148422241e-01
2.429504632949829102e+00
9.398732781410217285e-01
4.474467039108276367e-02
5.049888789653778076e-02
1.189797639846801758e+00
2.670116424560546875e-01
1.823806166648864746e+00
1.610683798789978027e+00
7.280699908733367920e-02
1.507850736379623413e-02
3.405539095401763916e-01
2.273779153823852539e+00
0.000000000000000000e+00
2.207870408892631531e-02
2.939193882048130035e-02
5.869695171713829041e-02
3.486156463623046875e-01
2.244281917810440063e-01
1.922096014022827148e-01
6.305707097053527832e-01
1.999095320701599121e+00
5.593537092208862305e-01
4.431981444358825684e-01
2.070145308971405029e-01
2.917277216911315918e-01
1.993862390518188477e-01
5.372266769409179688e-01
9.537487626075744629e-01
1.543517857789993286e-01
2.091140300035476685e-01
2.795795798301696777e-01
2.918511331081390381e-01
7.908587576821446419e-04
4.171120375394821167e-02
9.171452522277832031e-01
6.223988905549049377e-02
0.000000000000000000e+00
7.815638184547424316e-02
6.423932500183582306e-03
1.480240970849990845e-01
7.274677753448486328e-01
1.293621897697448730e+00
8.169003576040267944e-02
2.262954115867614746e-01
5.401750206947326660e-01
1.535341702401638031e-02
9.414601325988769531e-01
3.334196805953979492e-01
7.252175360918045044e-02
2.074273973703384399e-01
9.555885195732116699e-01
1.327725172042846680e+00
9.702561795711517334e-02
4.750591516494750977e-01
2.196010589599609375e+00
1.250520199537277222e-01
1.219855189323425293e+00
1.923623681068420410e+00
4.414294064044952393e-01
5.409342050552368164e-01
4.771685004234313965e-01
0.000000000000000000e+00
4.606443941593170166e-01
3.796902671456336975e-02
5.300051718950271606e-02
7.321977615356445312e-02
1.705115102231502533e-02
9.508202224969863892e-02
1.249940916895866394e-01
1.008925661444664001e-01
7.745091915130615234e-01
1.005101129412651062e-01
9.877189248800277710e-02
5.285814031958580017e-02
6.894397735595703125e-02
2.493812441825866699e-01
4.495765209197998047e+00
2.235279530286788940e-01
1.893278956413269043e-02
1.864857524633407593e-01
1.643638163805007935e-01
0.000000000000000000e+00
2.313495635986328125e+00
3.739080950617790222e-02
1.328738927841186523e+00
1.068347573280334473e+00
1.670167207717895508e+00
3.124433755874633789e-01
1.500394642353057861e-01
7.885839045047760010e-02
2.586292028427124023e-01
8.047855459153652191e-03
0.000000000000000000e+00
6.003305912017822266e-01
8.316182494163513184e-01
1.243994712829589844e+00
5.555038452148437500e-01
8.425124287605285645e-01
4.836990237236022949e-01
1.961210072040557861e-01
4.324123382568359375e+00
1.641883015632629395e+00
1.365821242332458496e+00
3.113588690757751465e-01
3.414012491703033447e-01
6.262138485908508301e-01
5.725293755531311035e-01
2.192541807889938354e-01
1.683068089187145233e-02
1.226143538951873779e-01
6.825546622276306152e-01
3.492704033851623535e-01
5.931938812136650085e-02
1.318234652280807495e-01
3.263135254383087158e-02
3.616576790809631348e-01
4.892022907733917236e-01
1.537172794342041016e+00
1.727456897497177124e-01
1.380613207817077637e+00
1.028697639703750610e-01
1.080192774534225464e-01
2.366650104522705078e-02
3.058511912822723389e-01
5.535211414098739624e-02
1.901718378067016602e-01
0.000000000000000000e+00
8.564458787441253662e-02
9.293380193412303925e-03
4.078645259141921997e-02
4.623262211680412292e-03
1.702235937118530273e-01
1.237361788749694824e+00
0.000000000000000000e+00
2.594241499900817871e-01
1.278933405876159668e+00
3.263669908046722412e-01
1.886156946420669556e-01
3.413640335202217102e-02
8.586534112691879272e-02
3.336636349558830261e-02
3.914754688739776611e-01
1.002417355775833130e-01
1.134248524904251099e-01
0.000000000000000000e+00
1.192707300186157227e+00
1.836316585540771484e-01
7.176984548568725586e-01
2.130946330726146698e-02
6.522505879402160645e-01
1.655828654766082764e-01
3.409475684165954590e-01
0.000000000000000000e+00
1.985334306955337524e-01
5.000202655792236328e-01
1.245079040527343750e+00
2.603740692138671875e-01
5.201059579849243164e-01
1.347061634063720703e+00
1.103911280632019043e+00
8.229076862335205078e-01
1.549957275390625000e+00
5.409843921661376953e-01
0.000000000000000000e+00
4.467178344726562500e+00
7.282233834266662598e-01
1.296034216880798340e+00
2.235545963048934937e-01
1.578861325979232788e-01
2.594308927655220032e-02
6.679251044988632202e-02
1.037499383091926575e-01
6.729799788445234299e-03
1.881754398345947266e-01
8.551421165466308594e-01
2.915116846561431885e-01
2.268967926502227783e-01
5.667827650904655457e-02
4.324826598167419434e-02
4.059963524341583252e-01
4.880082905292510986e-01
1.707385480403900146e-01
0.000000000000000000e+00
1.740863025188446045e-01
1.325787186622619629e+00
2.830618433654308319e-02
2.345972299575805664e+00
5.186562538146972656e-01
2.073695361614227295e-01
4.061756134033203125e-01
3.985781669616699219e-01
3.465182542800903320e+00
9.658940881490707397e-02
2.988005280494689941e-01
1.756883710622787476e-01
9.569616988301277161e-03
1.161488331854343414e-02
1.616498678922653198e-01
7.255440205335617065e-02
5.417531728744506836e-01
2.249356508255004883e-01
0.000000000000000000e+00
3.955440223217010498e-01
2.943702936172485352e-01
1.583416581153869629e+00
6.508089303970336914e-01
2.833196878433227539e+00
0.000000000000000000e+00
1.459868103265762329e-01
9.322039037942886353e-02
1.615519046783447266e+00
3.529493093490600586e+00
9.422300457954406738e-01
5.293177962303161621e-01
0.000000000000000000e+00
2.743794918060302734e-01
2.056790590286254883e-01
1.481700241565704346e-01
4.182094335556030273e-02
7.367203235626220703e-01
1.206837296485900879e-01
4.468653798103332520e-01
7.499827146530151367e-01
1.268046617507934570e+00
1.218981862068176270e+00
7.509714365005493164e-01
3.597140312194824219e-01
3.839920997619628906e+00
6.521254777908325195e-02
1.267304271459579468e-01
2.438335912302136421e-03
1.221534252166748047e+00
6.620458364486694336e-01
8.234466910362243652e-01
1.843495070934295654e-01
1.680318713188171387e+00
0.000000000000000000e+00
6.491526961326599121e-01
2.094748020172119141e-01
2.510686516761779785e-01
5.240307375788688660e-02
5.254055559635162354e-02
9.303570725023746490e-03
3.854973018169403076e-01
1.243433058261871338e-01
0.000000000000000000e+00
5.718007087707519531e-01
1.665352821350097656e+00
1.244139298796653748e-01
1.759362339973449707e+00
1.388375461101531982e-01
1.171187281608581543e+00
1.122101664543151855e+00
1.798532307147979736e-01
6.401447206735610962e-02
6.911893486976623535e-01
3.555820584297180176e-01
4.756252765655517578e-01
3.903349637985229492e-01
9.590537846088409424e-02
1.437976658344268799e-01
0.000000000000000000e+00
1.757297277450561523e+00
9.453496932983398438e-01
3.579739853739738464e-02
5.229048728942871094e-01
7.898694276809692383e-02
5.579493939876556396e-02
1.314918976277112961e-02
8.037592768669128418e-01
1.884478032588958740e-01
0.000000000000000000e+00
1.001495003700256348e+00
7.448682188987731934e-02
6.736149191856384277e-01
2.110061049461364746e-01
3.370676636695861816e-01
1.344371289014816284e-01
1.268306225538253784e-01
5.443723797798156738e-01
6.740034222602844238e-01
8.096347451210021973e-01
0.000000000000000000e+00
6.769813299179077148e-01
4.052792787551879883e-01
1.633113026618957520e-01
3.491208329796791077e-02
7.942894101142883301e-01
4.441312327980995178e-02
1.323782801628112793e+00
1.558747529983520508e+00
6.195208802819252014e-02
2.668437734246253967e-02
1.374399304389953613e+00
2.596521675586700439e-01
1.169903017580509186e-02
1.042970538139343262e+00
3.350569307804107666e-02
1.498205773532390594e-02
2.073923200368881226e-01
1.314778625965118408e-01
2.276303023099899292e-01
1.563937425613403320e+00
5.204452318139374256e-04
7.319572567939758301e-01
1.529980063438415527e+00
5.538257956504821777e-01
9.381320476531982422e-01
3.198883533477783203e-01
3.462001979351043701e-01
6.775670498609542847e-02
9.881758689880371094e-01
1.331808716058731079e-01
2.160490453243255615e-01
4.742334187030792236e-01
2.396431416273117065e-01
0.000000000000000000e+00
1.041102930903434753e-01
5.463169813156127930e-01
2.452033385634422302e-02
7.578151226043701172e-01
1.204183995723724365e-01
2.820903360843658447e-01
2.707417309284210205e-02
8.238298296928405762e-01
7.290266156196594238e-01
3.775353729724884033e-01
1.174949035048484802e-01
3.937650322914123535e-01
0.000000000000000000e+00
5.062421560287475586e-01
5.015773326158523560e-02
0.000000000000000000e+00
1.507047284394502640e-02
1.478181332349777222e-01
1.463971585035324097e-01
6.281264781951904297e+00
5.851720571517944336e-01
1.411545183509588242e-02
4.348194301128387451e-01
1.838732719421386719e+00
8.799594044685363770e-01
1.535697430372238159e-01
4.368884563446044922e-01
9.457582235336303711e-02
8.645216226577758789e-01
1.798864454030990601e-01
1.427448630332946777e+00
4.570633769035339355e-01
5.931277275085449219e-01
5.473708510398864746e-01
1.089631114155054092e-03
2.456876337528228760e-01
1.681512594223022461e-01
9.150221198797225952e-02
3.904795646667480469e-01
9.354301728308200836e-03
2.124424576759338379e-01
1.054385304450988770e-01
5.491855144500732422e-01
3.122839212417602539e+00
1.714043736457824707e+00
3.508403301239013672e-01
6.492538452148437500e-01
6.949420571327209473e-01
9.308411478996276855e-01
1.777915805578231812e-01
1.308113336563110352e-01
3.415724635124206543e-01
6.322884559631347656e-01
4.378191232681274414e-01
2.426008433103561401e-01
2.550841867923736572e-01
4.187494516372680664e-01
1.965222656726837158e-01
5.462188124656677246e-01
8.585694432258605957e-02
2.261348962783813477e-01
1.500046998262405396e-01
2.350214570760726929e-01
7.791199088096618652e-01
1.395342987962067127e-04
8.291655778884887695e-01
8.381786942481994629e-02
7.367651164531707764e-02
3.918096721172332764e-01
0.000000000000000000e+00
5.289189219474792480e-01
3.651063144207000732e-01
2.483442276716232300e-01
2.412146888673305511e-02
2.099069505929946899e-01
6.196112185716629028e-02
3.054221533238887787e-02
6.719552874565124512e-01
8.089581727981567383e-01
6.806778907775878906e-02
1.072199583053588867e+00
9.904655814170837402e-02
3.407207250595092773e+00
2.237029373645782471e-01
2.748621404170989990e-01
3.316833257675170898e+00
3.665554225444793701e-01
2.493323758244514465e-02
2.450583726167678833e-01
1.506676912307739258e+00
4.278003796935081482e-02
7.094138860702514648e-01
3.417190909385681152e-01
2.446644566953182220e-02
1.784633696079254150e-01
7.698227763175964355e-01
1.083355322480201721e-01
2.845539450645446777e-01
9.460019879043102264e-03
2.915081977844238281e-01
2.628152370452880859e-01
2.049156427383422852e-01
4.983175545930862427e-02
0.000000000000000000e+00
1.868619441986083984e+00
7.218772917985916138e-02
1.009559512138366699e+00
5.587323755025863647e-02
5.715687870979309082e-01
4.338645935058593750e-01
7.798266410827636719e-01
1.621643751859664917e-01
3.419337749481201172e+00
1.229669302701950073e-01
2.612897753715515137e-01
3.144923597574234009e-02
8.769731521606445312e-01
8.900699019432067871e-01
3.609401732683181763e-02
8.145442605018615723e-01
2.408569213002920151e-03
1.833347976207733154e-01
2.379157394170761108e-01
3.117156028747558594e-01
1.743886321783065796e-01
4.508683681488037109e-01
1.611084938049316406e+00
1.236586093902587891e+00
0.000000000000000000e+00
1.021250009536743164e+00
8.335537314414978027e-01
1.373325288295745850e-01
5.844929441809654236e-02
5.745749473571777344e+00
5.509104728698730469e-01
4.811055064201354980e-01
8.891769051551818848e-01
8.236216306686401367e-01
1.513960957527160645e-01
1.538057476282119751e-01
5.884399265050888062e-02
1.254547476768493652e+00
8.563108444213867188e-01
2.103591263294219971e-01
4.742665886878967285e-01
5.158193111419677734e-01
1.540794253349304199e+00
1.460723996162414551e+00
1.634366624057292938e-02
1.396137923002243042e-01
1.276687681674957275e-01
1.386683464050292969e+00
3.305036306381225586e+00
1.128101069480180740e-02
8.905357122421264648e-01
1.741089344024658203e+00
3.087800145149230957e-01
5.816205739974975586e-01
1.066558957099914551e-01
4.257219657301902771e-02
1.365645229816436768e-01
5.506381392478942871e-01
0.000000000000000000e+00
1.125519037246704102e+00
4.047636687755584717e-01
6.209329366683959961e-01
2.103401869535446167e-01
3.764176368713378906e-01
9.319948554039001465e-01
0.000000000000000000e+00
5.408511757850646973e-01
2.373729795217514038e-01
8.163253068923950195e-01
2.309091091156005859e+00
1.050902366638183594e+00
2.771070003509521484e+00
1.571954041719436646e-01
1.779303669929504395e+00
3.927271347492933273e-03
8.924117684364318848e-01
1.764726042747497559e-01
2.412709146738052368e-01
2.625860087573528290e-02
1.367177218198776245e-01
4.695844650268554688e-02
6.581318378448486328e-02
2.880167365074157715e-01
3.134671747684478760e-01
0.000000000000000000e+00
6.183425337076187134e-02
3.084443323314189911e-02
4.208237826824188232e-01
4.177493751049041748e-01
8.755550980567932129e-01
5.116654634475708008e-01
6.795656867325305939e-03
4.237568974494934082e-01
2.520436942577362061e-01
7.213668525218963623e-02
9.154251217842102051e-01
8.188285827636718750e-01
7.978383898735046387e-01
6.089348718523979187e-02
0.000000000000000000e+00
2.927310228347778320e+00
5.158015489578247070e-01
2.891638994216918945e+00
1.036231294274330139e-01
6.185975670814514160e-01
1.841920427978038788e-02
6.546300053596496582e-01
9.314753115177154541e-02
4.702363628894090652e-03
1.642783284187316895e-01
1.664854884147644043e-01
2.534690141677856445e+00
0.000000000000000000e+00
1.767273545265197754e-01
1.823174059391021729e-01
2.601409554481506348e-01
0.000000000000000000e+00
6.528766751289367676e-01
1.448805212974548340e+00
8.639006614685058594e-01
3.232752904295921326e-02
0.000000000000000000e+00
2.031697273254394531e+00
1.064317449927330017e-01
1.441742777824401855e-01
1.737741231918334961e-01
1.783995889127254486e-02
2.585005760192871094e+00
3.337291777133941650e-01
2.335597872734069824e-01
5.209312215447425842e-02
1.528768390417098999e-01
7.606203854084014893e-02
1.543986517935991287e-02
1.177849650382995605e+00
1.932287454605102539e+00
3.056614100933074951e-01
2.815170884132385254e-01
7.996950745582580566e-01
1.419811397790908813e-01
5.184197902679443359e+00
8.936042189598083496e-01
2.459343373775482178e-01
4.219493567943572998e-01
9.867306351661682129e-01
2.716208063066005707e-02
1.112952753901481628e-01
6.006834562867879868e-03
3.063686937093734741e-02
2.538263797760009766e-01
8.859588503837585449e-01
6.545209288597106934e-01
6.266987323760986328e-01
3.582188114523887634e-02
1.598460972309112549e-01
4.433263540267944336e-01
4.855692386627197266e-01
3.270913362503051758e-01
7.476725429296493530e-02
5.593771338462829590e-01
1.717342734336853027e+00
3.718296885490417480e-01
1.736233383417129517e-01
2.459567934274673462e-01
2.816071808338165283e-01
1.333845704793930054e-01
4.962431788444519043e-01
1.858653783798217773e+00
6.004715561866760254e-01
1.728286147117614746e-01
3.975036554038524628e-03
3.942789733409881592e-01
2.237497568130493164e-01
7.720681279897689819e-02
1.915176510810852051e-01
0.000000000000000000e+00
3.845386505126953125e-01
3.368235111236572266e+00
1.185467004776000977e+00
7.297733426094055176e-02
8.094955682754516602e-01
4.208112359046936035e-01
1.137408465147018433e-01
0.000000000000000000e+00
9.021668434143066406e-01
2.575749754905700684e-01
2.521113395690917969e+00
6.518419086933135986e-02
9.622631222009658813e-02
0.000000000000000000e+00
9.019831418991088867e-01
4.695183038711547852e-01
7.433893084526062012e-01
4.410414099693298340e-01
5.599097609519958496e-01
0.000000000000000000e+00
0.000000000000000000e+00
2.309620082378387451e-01
1.846223115921020508e+00
3.552525639533996582e-01
8.647609502077102661e-02
1.237254813313484192e-01
2.101207673549652100e-01
3.200052082538604736e-01
0.000000000000000000e+00
1.791011393070220947e-01
9.620086550712585449e-01
0.000000000000000000e+00
0.000000000000000000e+00
7.237984985113143921e-02
1.091813072562217712e-01
3.839481621980667114e-02
1.426140666007995605e-01
5.423559620976448059e-02
3.566777408123016357e-01
1.276182889938354492e+00
3.749285638332366943e-01
6.652696728706359863e-01
9.316879510879516602e-01
4.585556089878082275e-01
1.616937220096588135e-01
1.277335286140441895e-01
8.350101113319396973e-01
3.354785963892936707e-02
3.868802785873413086e-01
1.195987343788146973e+00
1.769358217716217041e-01
9.608004689216613770e-01
2.325544208288192749e-01
2.460192441940307617e-01
1.607596427202224731e-01
3.804346546530723572e-02
3.314656734466552734e+00
0.000000000000000000e+00
2.898800849914550781e+00
1.729414463043212891e+00
2.130862697958946228e-02
1.508722454309463501e-02
1.888796091079711914e+00
1.330593526363372803e-01
1.322279691696166992e+00
1.793162822723388672e-01
4.605430364608764648e-01
2.593676567077636719e+00
1.482587099075317383e+00
3.918735980987548828e-01
2.920948266983032227e+00
1.097653031349182129e+00
1.385342180728912354e-01
0.000000000000000000e+00
2.082536220550537109e-01
0.000000000000000000e+00
2.563216090202331543e-01
5.340291261672973633e-01
2.275416254997253418e-01
3.506046235561370850e-01
6.015271544456481934e-01
2.457861006259918213e-01
3.878190815448760986e-01
3.671601712703704834e-01
7.882738113403320312e-01
1.039711199700832367e-02
1.032561063766479492e+00
1.350651867687702179e-02
7.834379076957702637e-01
9.501434564590454102e-01
6.842701882123947144e-02
5.789795517921447754e-01
4.573923647403717041e-01
5.527842789888381958e-02
5.047924518585205078e-01
1.091907843947410583e-01
5.931994691491127014e-02
4.111967980861663818e-01
1.892568916082382202e-02
1.572041153907775879e+00
1.534365117549896240e-01
1.373727340251207352e-02
0.000000000000000000e+00
3.765090703964233398e-01
3.531846046447753906e+00
3.906345844268798828e+00
9.861753582954406738e-01
8.698952198028564453e-02
1.068687736988067627e-01
2.245720028877258301e-01
1.770672053098678589e-01
1.415978550910949707e+00
2.619748711585998535e-01
0.000000000000000000e+00
0.000000000000000000e+00
9.866850972175598145e-01
7.414966225624084473e-01
1.687699198722839355e+00
1.499589532613754272e-01
1.214532136917114258e+00
1.747624129056930542e-01
5.126468837261199951e-03
7.980743423104286194e-03
3.859688639640808105e-01
3.467653095722198486e-01
7.573385536670684814e-02
1.233203172683715820e+00
2.307048765942454338e-03
1.946502737700939178e-02
7.261445373296737671e-02
7.226294875144958496e-01
6.129132583737373352e-02
5.077517628669738770e-01
4.477990567684173584e-01
3.551249206066131592e-01
4.563577845692634583e-02
6.420754790306091309e-01
3.010588698089122772e-02
1.763797521591186523e+00
2.929312288761138916e-01
3.553467988967895508e-01
1.104530766606330872e-01
2.906522899866104126e-02
8.442929014563560486e-03
6.759351119399070740e-03
5.518193840980529785e-01
4.842308461666107178e-01
1.206759691238403320e+00
9.121740460395812988e-01
1.185028478503227234e-01
4.182947874069213867e-01
1.799816964194178581e-04
3.089163303375244141e-01
0.000000000000000000e+00
1.007314801216125488e+00
7.717966288328170776e-02
1.433201283216476440e-01
1.093441620469093323e-01
1.946861892938613892e-01
0.000000000000000000e+00
8.339334279298782349e-02
0.000000000000000000e+00
3.252375423908233643e-01
9.239497780799865723e-01
6.889910250902175903e-02
6.641426682472229004e-01
8.363886922597885132e-02
4.160135686397552490e-01
5.567653179168701172e-01
3.515015915036201477e-02
2.743842303752899170e-01
2.233739614486694336e+00
2.134487628936767578e+00
8.724973537027835846e-03
2.566516995429992676e-01
7.737982273101806641e-02
1.465210467576980591e-01
1.125968575477600098e+00
5.345409363508224487e-02
3.868022859096527100e-01
3.484618961811065674e-01
4.195439815521240234e-01
0.000000000000000000e+00
5.543769523501396179e-02
2.832228541374206543e-01
0.000000000000000000e+00
2.675107717514038086e-01
2.170468121767044067e-01
8.426585793495178223e-01
4.247879087924957275e-01
2.123427838087081909e-01
1.776003986597061157e-01
7.712636142969131470e-02
0.000000000000000000e+00
6.833215951919555664e-01
1.714520342648029327e-02
3.436514437198638916e-01
3.778568506240844727e-01
0.000000000000000000e+00
2.172748446464538574e-01
5.711353197693824768e-02
1.795503139495849609e+00
5.457325577735900879e-01
2.208569198846817017e-01
1.846659183502197266e-01
9.364140629768371582e-01
2.168901443481445312e+00
1.172994017601013184e+00
9.854457527399063110e-02
5.285431742668151855e-01
3.154217243194580078e+00
2.934786081314086914e-01
2.262900471687316895e-01
9.604405611753463745e-02
1.579049229621887207e+00
5.880790352821350098e-01
4.856486916542053223e-01
2.813560664653778076e-01
4.557356536388397217e-01
0.000000000000000000e+00
3.584856912493705750e-02
1.028597474098205566e+00
2.775445580482482910e-01
1.034279726445674896e-02
5.040978267788887024e-02
1.361692190170288086e+00
4.026017151772975922e-03
6.449132412672042847e-02
5.307883620262145996e-01
8.903112262487411499e-02
1.394902229309082031e+00
8.087594062089920044e-02
6.109117269515991211e-01
9.639603667892515659e-04
1.503219157457351685e-01
0.000000000000000000e+00
2.929774224758148193e-01
4.673851132392883301e-01
3.108184337615966797e-01
5.798836350440979004e-01
0.000000000000000000e+00
1.715773046016693115e-01
8.975829482078552246e-01
1.150050535798072815e-01
3.408542871475219727e-01
2.875027060508728027e-01
2.765303850173950195e-01
8.181359171867370605e-01
1.474580448120832443e-02
2.112049981951713562e-02
2.210027538239955902e-02
5.106539726257324219e-01
3.524559782817959785e-03
3.315714374184608459e-02
3.583396077156066895e-01
1.384139508008956909e-01
1.048028543591499329e-01
5.560135841369628906e-01
4.035543203353881836e-01
1.170420181006193161e-02
7.492109388113021851e-02
8.495634198188781738e-01
8.284325152635574341e-02
7.122392654418945312e-01
5.405490398406982422e-01
0.000000000000000000e+00
5.548171401023864746e-01
1.340354382991790771e-01
3.535358905792236328e-01
6.914771199226379395e-01
1.054472208023071289e+00
1.889920085668563843e-01
0.000000000000000000e+00
5.075983703136444092e-02
4.898717403411865234e-01
0.000000000000000000e+00
1.095135807991027832e+00
2.004466392099857330e-02
1.779738068580627441e-02
3.652904927730560303e-01
2.753673307597637177e-02
9.949418902397155762e-01
2.963326405733823776e-03
7.352933883666992188e-01
2.374212503433227539e+00
7.631274312734603882e-02
3.448938727378845215e-01
2.619572162628173828e+00
5.438786745071411133e-01
1.257953792810440063e-01
0.000000000000000000e+00
1.214012980461120605e+00
1.179552450776100159e-01
2.363011473789811134e-03
3.611077666282653809e-01
3.418504297733306885e-01
1.985859125852584839e-02
2.007864564657211304e-01
3.717293143272399902e-01
2.725113332271575928e-01
5.475252270698547363e-01
1.415310055017471313e-01
2.451667189598083496e-02
0.000000000000000000e+00
8.181301951408386230e-01
2.178033739328384399e-01
1.011114716529846191e-01
4.003296196460723877e-01
2.975327968597412109e-01
1.604274064302444458e-01
2.335341721773147583e-01
2.526469826698303223e-01
1.549128741025924683e-01
2.017442137002944946e-03
3.366329193115234375e+00
5.532743334770202637e-01
1.702759414911270142e-01
1.107432484626770020e+00
9.012661874294281006e-02
4.494206905364990234e-01
1.304448962211608887e+00
1.816065460443496704e-01
3.350830078125000000e-01
1.831863373517990112e-01
0.000000000000000000e+00
1.637274473905563354e-01
2.025602310895919800e-01
4.932137727737426758e-01
2.283430658280849457e-02
2.004238665103912354e-01
6.223258376121520996e-02
1.106485798954963684e-01
1.122577786445617676e+00
0.000000000000000000e+00
2.748052179813385010e-01
1.282752513885498047e+00
4.849093258380889893e-01
1.326212435960769653e-01
2.847270965576171875e-01
2.520586550235748291e-02
6.250429153442382812e-02
8.755168318748474121e-01
1.174163520336151123e-01
8.948143124580383301e-01
6.661160849034786224e-03
2.123393118381500244e-02
1.059589758515357971e-01
6.320398766547441483e-03
5.201769247651100159e-02
2.398086637258529663e-01
2.407543897628784180e+00
3.991526365280151367e-02
1.001347526907920837e-01
6.386350840330123901e-02
7.554437518119812012e-01
8.733221888542175293e-02
5.371942371129989624e-02
9.740803241729736328e-01
1.893404245376586914e+00
3.312511146068572998e-01
3.109939575195312500e+00
6.118081808090209961e-01
2.031590417027473450e-02
1.343356072902679443e-02
1.507307142019271851e-01
1.684890827164053917e-03
3.542700409889221191e-01
9.333841800689697266e-01
2.064137458801269531e+00
5.429918169975280762e-01
1.709595173597335815e-01
6.871043443679809570e-01
3.134330511093139648e-01
5.145223736763000488e-01
5.890318751335144043e-02
1.848708987236022949e-01
3.033324480056762695e-01
7.982420176267623901e-02
5.817111730575561523e-01
5.137003064155578613e-01
3.762537240982055664e-02
8.441888727247714996e-03
2.873533666133880615e-01
6.554011106491088867e-01
1.530138999223709106e-01
1.588591746985912323e-02
8.879889547824859619e-02
9.239483624696731567e-02
0.000000000000000000e+00
4.897549152374267578e-01
1.091033667325973511e-01
2.470449358224868774e-01
9.701394289731979370e-02
0.000000000000000000e+00
7.446888685226440430e-01
2.234654277563095093e-01
2.211757600307464600e-01
6.305229663848876953e-02
2.364978045225143433e-01
1.578643441200256348e+00
3.840702027082443237e-02
3.842762438580393791e-03
1.702676564455032349e-01
5.103058218955993652e-01
1.677338838577270508e+00
8.127603530883789062e-01
1.019519120454788208e-01
1.016692280769348145e+00
1.300417631864547729e-01
3.323775529861450195e-02
2.044215649366378784e-01
4.610621929168701172e-01
1.115313172340393066e+00
5.419280529022216797e-01
1.693454980850219727e-01
6.955128163099288940e-02
8.462604135274887085e-03
5.034476518630981445e-02
9.644410759210586548e-02
0.000000000000000000e+00
8.468351513147354126e-02
5.128830671310424805e-01
1.715687036514282227e+00
1.302911996841430664e+00
2.398727178573608398e+00
8.841696977615356445e-01
7.286753654479980469e-01
2.527910172939300537e-01
1.458859205245971680e+00
8.187167644500732422e-01
0.000000000000000000e+00
2.335218667984008789e+00
0.000000000000000000e+00
1.595005393028259277e-01
1.371994018554687500e+00
1.090730905532836914e+00
3.608209192752838135e-01
6.200309395790100098e-01
0.000000000000000000e+00
1.524417400360107422e-01
2.184340804815292358e-01
3.806936442852020264e-01
1.635406613349914551e+00
0.000000000000000000e+00
5.809276700019836426e-01
8.839057087898254395e-01
1.656231433153152466e-01
3.119202330708503723e-02
8.754363656044006348e-01
1.195740103721618652e+00
1.038168221712112427e-01
5.685159564018249512e-01
3.289961516857147217e-01
8.342073112726211548e-02
6.830167770385742188e-02
2.775354385375976562e-01
1.060718178749084473e+00
7.843528389930725098e-01
9.604876637458801270e-01
2.140219449996948242e+00
3.040900826454162598e-01
5.434451699256896973e-01
6.227762699127197266e-01
1.262243688106536865e-01
8.611118793487548828e-02
1.490996964275836945e-02
1.006886124610900879e+00
1.057903289794921875e+00
1.529981493949890137e-01
5.901505947113037109e-01
5.805298313498497009e-02
1.086588144302368164e+00
1.698669791221618652e-02
2.014640346169471741e-02
3.000016808509826660e-01
5.553962588310241699e-01
0.000000000000000000e+00
2.418088763952255249e-01
9.870230220258235931e-03
6.622559577226638794e-02
1.677855476737022400e-02
1.201094985008239746e-01
2.907971382141113281e+00
0.000000000000000000e+00
5.387406945228576660e-01
3.086859285831451416e-01
1.384688913822174072e-01
5.383662879467010498e-02
3.391945362091064453e-01
6.248922944068908691e-01
3.690069019794464111e-01
6.073812842369079590e-01
1.315876841545104980e-01
1.520299464464187622e-01
1.942357867956161499e-01
1.687047243118286133e+00
5.015063881874084473e-01
1.105951592326164246e-01
2.387758195400238037e-01
4.695541411638259888e-02
4.436224400997161865e-01
8.461013436317443848e-03
3.487731814384460449e-01
4.392974674701690674e-01
7.017007470130920410e-02
3.033403456211090088e-01
5.179732441902160645e-01
1.414971470832824707e+00
0.000000000000000000e+00
7.930617928504943848e-01
6.989824771881103516e-02
3.365977406501770020e-01
4.259062465280294418e-03
6.007929891347885132e-02
1.729558920487761497e-03
3.126229643821716309e-01
1.357422471046447754e+00
8.535896539688110352e-01
6.135839819908142090e-01
9.779148548841476440e-02
6.833343952894210815e-02
1.562127750366926193e-02
1.983758956193923950e-01
5.289182066917419434e-02
4.891273081302642822e-01
2.529942691326141357e-01
2.603404223918914795e-01
8.310158550739288330e-02
3.835482001304626465e-01
2.151153326034545898e+00
0.000000000000000000e+00
8.575444221496582031e-01
1.045838277786970139e-02
2.495236247777938843e-01
4.357421994209289551e-01
8.491801619529724121e-01
1.020034179091453552e-01
