0.000000000000000000e+00
3.628179132938385010e-01
8.551127463579177856e-02
2.062368869781494141e+00
1.677325665950775146e-01
2.725884914398193359e-01
9.445762634277343750e-02
2.001845240592956543e-01
4.198659360408782959e-01
4.360297203063964844e+00
1.119622029364109039e-02
0.000000000000000000e+00
3.795993281528353691e-03
0.000000000000000000e+00
2.170534990727901459e-02
3.317378044128417969e+00
1.134550720453262329e-01
9.248811602592468262e-01
2.516638487577438354e-02
4.494313597679138184e-01
1.287698149681091309e-01
2.683443129062652588e-01
6.887474656105041504e-01
1.626732945442199707e-02
5.677891373634338379e-01
0.000000000000000000e+00
2.860820852220058441e-02
9.107881225645542145e-03
2.521572168916463852e-03
5.444712005555629730e-03
2.590073347091674805e-01
9.880454838275909424e-02
1.967152506113052368e-01
3.729682862758636475e-01
0.000000000000000000e+00
7.955492138862609863e-01
1.419969350099563599e-01
8.785154223442077637e-01
5.744675174355506897e-02
5.224973559379577637e-01
0.000000000000000000e+00
4.994364380836486816e-01
1.939431205391883850e-02
1.116293311119079590e+00
8.644331246614456177e-03
0.000000000000000000e+00
1.103405356407165527e+00
2.539070844650268555e-01
3.269312381744384766e-01
6.241210699081420898e-01
3.477223590016365051e-02
1.072034597396850586e+00
3.065228462219238281e-01
4.059445858001708984e-01
0.000000000000000000e+00
2.276098914444446564e-02
5.257624387741088867e-01
8.648504316806793213e-02
2.346731722354888916e-02
9.623758196830749512e-01
1.676038742065429688e+00
1.838652789592742920e-01
9.758057594299316406e-01
5.307861603796482086e-03
3.403692722320556641e+00
8.572851419448852539e-01
3.820405304431915283e-01
5.687804818153381348e-01
3.490491956472396851e-02
1.513203047215938568e-02
2.701723873615264893e-01
7.983368039131164551e-01
0.000000000000000000e+00
6.884881108999252319e-02
1.716829650104045868e-02
1.849339246749877930e+00
1.576287448406219482e-01
1.219906330108642578e+00
1.763160824775695801e+00
3.420060873031616211e-02
2.764720678329467773e+00
1.381067633628845215e-01
0.000000000000000000e+00
2.038188427686691284e-01
3.288172557950019836e-02
6.555620580911636353e-03
1.027209386229515076e-01
8.538261055946350098e-02
1.550794695504009724e-03
4.436793923377990723e-02
2.365721855312585831e-03
7.472550868988037109e-02
2.752361260354518890e-02
1.281948685646057129e-01
2.548808157444000244e-01
6.503172963857650757e-02
4.683220982551574707e-01
2.908087074756622314e-01
2.010224759578704834e-01
1.200973913073539734e-01
1.324970647692680359e-02
6.977009773254394531e-01
1.674036264419555664e+00
2.173344939947128296e-01
1.869352757930755615e-01
2.185222655534744263e-01
1.769926548004150391e-01
0.000000000000000000e+00
6.058752909302711487e-02
2.456014394760131836e+00
1.762562245130538940e-02
3.580976128578186035e-01
1.931293904781341553e-01
2.735998153686523438e+00
2.797079980373382568e-01
2.043214626610279083e-02
2.828410863876342773e-01
0.000000000000000000e+00
9.632594883441925049e-02
1.214771866798400879e-01
6.060823798179626465e-01
4.877858161926269531e-01
8.591995835304260254e-01
1.075126528739929199e-01
4.034388363361358643e-01
3.338645771145820618e-02
1.381415575742721558e-01
4.165835306048393250e-02
0.000000000000000000e+00
0.000000000000000000e+00
1.161452196538448334e-02
6.437648087739944458e-02
1.665460467338562012e-01
3.256451487541198730e-01
2.949166297912597656e-01
7.927678525447845459e-02
3.017882108688354492e-01
7.208213210105895996e-02
2.032858848571777344e+00
8.982340991497039795e-02
1.574540138244628906e+00
1.037136912345886230e-01
1.765050411224365234e+00
1.296076536178588867e+00
1.271710544824600220e-01
2.441915273666381836e-01
4.373113811016082764e-01
0.000000000000000000e+00
3.836567997932434082e-01
5.624997988343238831e-02
4.943683370947837830e-02
4.554114937782287598e-01
2.892541289329528809e-01
5.149671435356140137e-01
3.972743153572082520e-01
0.000000000000000000e+00
3.089718818664550781e-01
0.000000000000000000e+00
8.630182594060897827e-02
1.000573635101318359e+00
3.643833100795745850e-01
8.485845290124416351e-03
3.237495720386505127e-01
0.000000000000000000e+00
1.728387475013732910e+00
2.211240291595458984e+00
4.564744234085083008e-02
8.136665076017379761e-02
5.995169281959533691e-01
2.912801802158355713e-01
5.629422888159751892e-02
4.396005719900131226e-02
8.972522020339965820e-01
7.570114135742187500e-01
9.306726604700088501e-02
1.094323098659515381e-01
0.000000000000000000e+00
2.757488004863262177e-02
8.789642155170440674e-02
3.695673942565917969e-01
1.431259959936141968e-01
2.495296448469161987e-01
1.054247498512268066e+00
3.298459053039550781e-01
1.141577959060668945e-01
1.863989710807800293e+00
2.082059085369110107e-01
1.249309420585632324e+00
8.340619504451751709e-02
1.466077417135238647e-01
4.608679711818695068e-01
5.545910596847534180e-01
3.055393695831298828e-01
3.294266164302825928e-01
3.661331534385681152e-02
8.445711731910705566e-01
1.064773872494697571e-01
1.066339854151010513e-02
4.390411376953125000e-01
1.398604512214660645e-01
3.265370428562164307e-01
5.511847734451293945e-01
1.125646233558654785e-01
7.700644433498382568e-03
1.297688186168670654e-01
3.220192193984985352e-01
1.272221803665161133e-01
1.195847168564796448e-01
5.684354901313781738e-02
1.024845957756042480e+00
1.588665507733821869e-02
4.512262064963579178e-03
1.593262515962123871e-02
1.468174904584884644e-01
0.000000000000000000e+00
3.579554259777069092e-01
5.307530239224433899e-02
0.000000000000000000e+00
1.851711980998516083e-02
2.520778775215148926e-02
0.000000000000000000e+00
9.688236168585717678e-04
7.657786607742309570e-01
3.194723129272460938e-01
1.677736937999725342e-01
0.000000000000000000e+00
1.878546178340911865e-01
9.267279505729675293e-02
4.080938547849655151e-02
0.000000000000000000e+00
3.490645438432693481e-02
3.614796698093414307e-01
5.492504835128784180e-01
2.314925380051136017e-02
6.306816637516021729e-02
5.041502043604850769e-02
2.927684597671031952e-02
4.685384780168533325e-02
6.575747858732938766e-03
6.113537121564149857e-03
1.469471901655197144e-01
0.000000000000000000e+00
0.000000000000000000e+00
1.107095122337341309e+00
6.795679777860641479e-02
1.228314787149429321e-01
3.895716667175292969e-01
5.672547221183776855e-02
0.000000000000000000e+00
3.370676338672637939e-01
3.622481599450111389e-02
9.652877599000930786e-02
7.747871335595846176e-03
3.268769681453704834e-01
3.066741526126861572e-01
0.000000000000000000e+00
7.271933555603027344e-02
3.358379378914833069e-02
1.656913757324218750e-02
7.433767318725585938e-01
1.039250753819942474e-02
1.695369482040405273e+00
5.984141826629638672e-01
9.146534651517868042e-02
6.101439595222473145e-01
3.310173749923706055e-02
6.451775133609771729e-02
1.615100055932998657e-01
2.298720121383666992e+00
7.578520774841308594e-01
0.000000000000000000e+00
8.205667883157730103e-02
2.834488749504089355e-01
3.403134644031524658e-01
0.000000000000000000e+00
1.534142017364501953e+00
6.561093777418136597e-02
4.296045005321502686e-02
3.773312866687774658e-01
3.916530311107635498e-01
3.962672315537929535e-03
1.199518889188766479e-01
1.029675751924514771e-01
3.034682869911193848e-01
2.784458100795745850e-01
1.161182999610900879e+00
1.841907016932964325e-02
1.542849689722061157e-01
4.414701759815216064e-01
5.514728650450706482e-02
6.429073214530944824e-02
1.469477772712707520e+00
6.202969551086425781e-01
0.000000000000000000e+00
5.739178881049156189e-02
1.645700484514236450e-01
1.840470731258392334e-01
3.557731211185455322e-02
0.000000000000000000e+00
6.772814393043518066e-01
2.581243813037872314e-01
8.188064098358154297e-01
2.558684051036834717e-01
6.495441496372222900e-02
1.346093714237213135e-01
2.193677127361297607e-01
4.018496572971343994e-01
1.111473366618156433e-01
9.611880779266357422e-02
0.000000000000000000e+00
0.000000000000000000e+00
3.381175100803375244e-01
4.966959729790687561e-02
0.000000000000000000e+00
7.372485399246215820e-01
2.347221970558166504e-01
5.439160346984863281e+00
2.620629267767071724e-03
0.000000000000000000e+00
5.251972675323486328e-01
6.499383598566055298e-02
1.686949515715241432e-03
1.579656600952148438e+00
1.372159738093614578e-02
2.323717623949050903e-01
8.370497822761535645e-02
1.463218629360198975e-01
1.303823105990886688e-02
2.851216122508049011e-03
4.390835165977478027e-01
1.341266371309757233e-02
1.732884168624877930e+00
3.709118440747261047e-02
3.065310418605804443e-01
1.056118130683898926e+00
0.000000000000000000e+00
2.966922149062156677e-02
2.198784053325653076e-01
2.424994297325611115e-02
9.531546831130981445e-01
3.906683623790740967e-01
3.664723783731460571e-02
4.345294833183288574e-01
1.073247671127319336e+00
0.000000000000000000e+00
2.321406751871109009e-01
6.787636131048202515e-02
4.641330718994140625e+00
2.397933974862098694e-02
2.563712559640407562e-02
4.610859751701354980e-01
1.412090808153152466e-01
2.052081823348999023e-01
6.457703560590744019e-02
1.903789639472961426e-01
0.000000000000000000e+00
1.395697519183158875e-02
9.335181117057800293e-02
4.659148752689361572e-01
3.775351047515869141e-01
0.000000000000000000e+00
7.482454180717468262e-01
0.000000000000000000e+00
4.524447023868560791e-02
0.000000000000000000e+00
4.962767288088798523e-02
1.658074259757995605e+00
7.225135341286659241e-03
2.458541281521320343e-02
1.639360934495925903e-02
8.735040426254272461e-01
1.804259061813354492e+00
5.505159869790077209e-02
5.795189738273620605e-01
9.221807122230529785e-03
0.000000000000000000e+00
5.292640328407287598e-01
0.000000000000000000e+00
1.448642373085021973e+00
1.548274308443069458e-01
3.857722878456115723e-01
1.933827757835388184e+00
2.750739157199859619e-01
0.000000000000000000e+00
2.073967754840850830e-01
3.450420498847961426e-02
0.000000000000000000e+00
3.109338507056236267e-02
1.605461835861206055e-01
7.350616455078125000e-01
1.005236268043518066e+00
1.164579670876264572e-02
1.338129043579101562e-01
1.050811912864446640e-02
9.283556602895259857e-03
1.669975161552429199e+00
3.473825156688690186e-01
6.532299518585205078e-02
3.008647076785564423e-02
8.636967092752456665e-02
1.399346627295017242e-02
2.236674129962921143e-01
1.847043074667453766e-02
1.437765359878540039e-01
2.045566402375698090e-02
1.352268308401107788e-01
7.084459066390991211e-01
1.519836783409118652e+00
2.156714677810668945e+00
4.070151224732398987e-02
1.931175738573074341e-01
1.082924474030733109e-02
1.152384206652641296e-01
0.000000000000000000e+00
8.182384967803955078e-01
0.000000000000000000e+00
0.000000000000000000e+00
7.137412577867507935e-02
2.390062808990478516e-01
1.130152791738510132e-01
2.547586709260940552e-02
9.329328685998916626e-02
1.768212579190731049e-02
1.595657318830490112e-02
7.157219648361206055e-01
3.660318627953529358e-02
1.649461865425109863e+00
3.694427311420440674e-01
0.000000000000000000e+00
2.655301094055175781e-01
1.336964845657348633e+00
0.000000000000000000e+00
1.009662151336669922e+00
0.000000000000000000e+00
4.209592938423156738e-02
4.192056953907012939e-01
9.374808669090270996e-01
1.609809994697570801e-01
3.096031583845615387e-02
4.947745427489280701e-02
6.490417290478944778e-03
3.819812089204788208e-02
4.257781058549880981e-02
3.579463064670562744e-01
5.369830131530761719e-02
1.381356120109558105e+00
0.000000000000000000e+00
1.700823009014129639e-02
2.739141285419464111e-01
5.353403687477111816e-01
1.331834346055984497e-01
1.007822975516319275e-01
5.117853283882141113e-01
3.628117442131042480e-01
6.414023786783218384e-02
3.950818777084350586e-01
7.960394956171512604e-03
2.312805205583572388e-01
1.374166365712881088e-02
3.500541746616363525e-01
4.491682350635528564e-01
2.611386030912399292e-02
2.861645221710205078e-01
1.415562480688095093e-01
3.866881430149078369e-01
2.995599806308746338e-01
3.449086844921112061e-01
4.419758915901184082e-01
0.000000000000000000e+00
2.588996589183807373e-01
1.759548783302307129e-01
4.362208366394042969e+00
8.488393574953079224e-02
9.888913035392761230e-01
3.903723657131195068e-01
9.044265747070312500e-01
4.810938239097595215e-02
4.221141934394836426e-01
1.809042215347290039e+00
5.674964562058448792e-02
2.713877260684967041e-01
6.569308042526245117e-02
0.000000000000000000e+00
5.743046402931213379e-01
3.978758752346038818e-01
2.300821989774703979e-02
0.000000000000000000e+00
3.161441981792449951e-01
1.852805465459823608e-01
0.000000000000000000e+00
1.177273504436016083e-02
2.128567546606063843e-01
5.497483909130096436e-02
1.150814294815063477e-01
3.828520178794860840e-01
1.880692392587661743e-01
2.922855317592620850e-02
1.923327803611755371e+00
6.407549977302551270e-01
3.332274407148361206e-02
7.026614248752593994e-02
0.000000000000000000e+00
2.227464914321899414e-01
8.927018381655216217e-03
2.228042632341384888e-01
4.717553555965423584e-01
3.700383752584457397e-02
3.674170002341270447e-02
9.975997209548950195e-01
8.403126895427703857e-02
3.217617571353912354e-01
1.562648564577102661e-01
4.957804381847381592e-01
5.124438405036926270e-01
2.386835515499114990e-01
4.790877923369407654e-03
4.918063282966613770e-01
1.699398756027221680e-01
1.167138218879699707e-01
0.000000000000000000e+00
9.372492134571075439e-02
2.583138644695281982e-01
1.372769623994827271e-01
1.958476781845092773e+00
0.000000000000000000e+00
9.391425251960754395e-01
0.000000000000000000e+00
2.053320407867431641e-02
7.390728592872619629e-02
1.717988168820738792e-03
3.405180275440216064e-01
5.544060468673706055e-01
3.512743711471557617e-01
1.366790831089019775e-01
1.189023613929748535e+00
3.073221445083618164e-01
0.000000000000000000e+00
2.297237515449523926e-01
9.372421354055404663e-02
1.363668441772460938e+00
0.000000000000000000e+00
2.743140161037445068e-01
1.035101264715194702e-01
1.179501228034496307e-02
3.671213984489440918e-01
0.000000000000000000e+00
3.009101152420043945e+00
0.000000000000000000e+00
2.462446242570877075e-01
2.907233536243438721e-01
4.716022312641143799e-02
1.359698269516229630e-02
8.753278851509094238e-01
5.471085384488105774e-02
1.517613679170608521e-01
8.952924050390720367e-03
1.490596234798431396e-01
0.000000000000000000e+00
1.093171834945678711e-01
5.712744966149330139e-02
9.099725484848022461e-01
7.318032532930374146e-02
1.164733529090881348e+00
5.792202427983283997e-02
0.000000000000000000e+00
1.395450085401535034e-01
1.395978480577468872e-01
0.000000000000000000e+00
2.437068847939372063e-03
9.545139968395233154e-03
7.157517224550247192e-02
9.905729442834854126e-02
1.949497908353805542e-01
8.208199143409729004e-01
4.996266961097717285e-01
1.719781309366226196e-01
0.000000000000000000e+00
1.205006381496787071e-03
1.655775904655456543e-01
2.551131248474121094e-01
6.720869988203048706e-02
1.476872265338897705e-01
0.000000000000000000e+00
3.976398408412933350e-01
0.000000000000000000e+00
8.879044651985168457e-02
1.382368206977844238e-01
1.261247843503952026e-01
2.323084920644760132e-01
8.487524092197418213e-02
3.916927278041839600e-01
4.926500618457794189e-01
0.000000000000000000e+00
5.842561721801757812e-01
2.179573625326156616e-01
2.499658465385437012e-01
7.310616970062255859e-02
1.263746142387390137e+00
3.553872704505920410e-01
4.853173792362213135e-01
3.336077183485031128e-02
2.791413478553295135e-02
3.919734656810760498e-01
1.889734029769897461e+00
3.614020347595214844e-01
1.746482104063034058e-01
1.028110971674323082e-03
2.526786625385284424e-01
2.588210105895996094e-01
6.304760277271270752e-02
1.130521148443222046e-01
8.310537785291671753e-02
1.078855395317077637e-01
0.000000000000000000e+00
7.262969017028808594e-01
9.809859395027160645e-01
1.079923193901777267e-02
9.932666271924972534e-02
5.374594926834106445e-01
1.861975900828838348e-02
2.365373671054840088e-01
8.580972999334335327e-02
0.000000000000000000e+00
5.971891060471534729e-02
8.788505941629409790e-02
6.613135337829589844e-01
2.461604215204715729e-02
7.918011546134948730e-01
9.728575497865676880e-02
0.000000000000000000e+00
3.326277434825897217e-02
0.000000000000000000e+00
8.876246809959411621e-01
3.671361505985260010e-01
1.515084505081176758e-02
2.700422704219818115e-02
0.000000000000000000e+00
4.319914877414703369e-01
1.204455792903900146e-01
1.375270038843154907e-01
1.665260791778564453e-01
9.631116390228271484e-01
1.638711571693420410e+00
1.858622431755065918e-01
6.281008124351501465e-01
0.000000000000000000e+00
4.857490062713623047e-01
0.000000000000000000e+00
1.697707623243331909e-01
0.000000000000000000e+00
1.649940133094787598e+00
4.863908514380455017e-03
3.053507208824157715e-01
3.824207305908203125e+00
2.888225018978118896e-01
1.733092069625854492e+00
4.941738024353981018e-02
6.376062333583831787e-02
8.520467206835746765e-03
7.621614336967468262e-01
2.001724481582641602e+00
5.890058353543281555e-02
6.174164414405822754e-01
5.297940224409103394e-02
6.507644895464181900e-03
2.547765374183654785e-01
3.613535165786743164e-01
2.655274234712123871e-02
0.000000000000000000e+00
3.165917694568634033e-01
1.030227690935134888e-01
3.886391818523406982e-01
5.602347198873758316e-03
2.772237658500671387e-01
8.876138925552368164e-02
1.480537503957748413e-01
6.754710078239440918e-01
1.768506169319152832e-01
2.197064161300659180e-01
8.211076259613037109e-02
4.076274856925010681e-02
3.376854583621025085e-02
8.468668162822723389e-02
4.847349599003791809e-02
1.657555252313613892e-01
1.988822780549526215e-02
1.471127271652221680e+00
5.272697284817695618e-02
1.269135437905788422e-02
0.000000000000000000e+00
8.311886191368103027e-01
3.621202195063233376e-04
4.597199708223342896e-02
0.000000000000000000e+00
3.545051440596580505e-02
2.942277351394295692e-03
0.000000000000000000e+00
5.967533215880393982e-03
1.850751191377639771e-01
1.225181971676647663e-03
2.759718179702758789e+00
1.365140825510025024e-01
4.884152486920356750e-02
4.257097840309143066e-02
1.634982973337173462e-02
0.000000000000000000e+00
8.482605218887329102e-02
0.000000000000000000e+00
1.780852079391479492e-01
1.106494069099426270e+00
3.502196073532104492e-02
4.713796079158782959e-01
2.585672140121459961e-01
1.637667655944824219e+00
1.030099466443061829e-01
3.637558966875076294e-02
0.000000000000000000e+00
1.650529354810714722e-01
4.279993474483489990e-01
2.049054950475692749e-01
5.890625063329935074e-03
0.000000000000000000e+00
0.000000000000000000e+00
5.476961284875869751e-02
1.285928010940551758e+00
0.000000000000000000e+00
1.819080114364624023e-01
4.346877932548522949e-01
5.647056102752685547e-01
0.000000000000000000e+00
6.654384080320596695e-03
2.808391302824020386e-02
4.409197568893432617e-01
5.601429343223571777e-01
3.049376606941223145e-01
1.773904263973236084e-01
0.000000000000000000e+00
2.842373028397560120e-02
1.182808578014373779e-01
1.171346753835678101e-03
4.074401855468750000e+00
4.300713837146759033e-01
1.983648724853992462e-02
0.000000000000000000e+00
3.199515938758850098e-01
1.499505937099456787e-01
2.172630131244659424e-01
2.397001504898071289e+00
9.566528722643852234e-03
1.033545255661010742e+00
4.881246984004974365e-01
6.410037279129028320e-01
0.000000000000000000e+00
5.875159986317157745e-03
1.989124119281768799e-01
1.798319667577743530e-01
8.793592453002929688e-02
2.816976280882954597e-03
6.156553030014038086e-01
0.000000000000000000e+00
0.000000000000000000e+00
9.669299125671386719e-01
1.447211652994155884e-01
2.718078792095184326e-01
6.192439198493957520e-01
0.000000000000000000e+00
0.000000000000000000e+00
2.410368062555789948e-02
5.522836446762084961e-01
8.064379096031188965e-01
0.000000000000000000e+00
2.370743900537490845e-01
2.411856204271316528e-01
2.930943012237548828e+00
4.284406006336212158e-01
2.427050322294235229e-01
1.293172091245651245e-01
6.021397653967142105e-03
1.527064442634582520e+00
1.691895723342895508e-01
5.106491968035697937e-02
3.143599629402160645e-01
0.000000000000000000e+00
9.304418414831161499e-02
1.176651954650878906e+00
1.490442454814910889e-01
1.551124453544616699e-01
2.089887410402297974e-01
2.590276718139648438e+00
1.343339920043945312e+00
2.886568605899810791e-01
0.000000000000000000e+00
2.370691448450088501e-01
6.201648116111755371e-01
0.000000000000000000e+00
2.699437439441680908e-01
3.305029496550559998e-02
6.491339765489101410e-03
2.331924587488174438e-01
7.177258133888244629e-01
3.021492063999176025e-02
3.961885273456573486e-01
1.065839409828186035e+00
0.000000000000000000e+00
4.324720203876495361e-01
0.000000000000000000e+00
3.003147244453430176e-02
1.472218632698059082e-01
1.662949085235595703e+00
7.258751243352890015e-02
2.204973995685577393e-01
1.509846895933151245e-01
0.000000000000000000e+00
1.468657404184341431e-01
0.000000000000000000e+00
1.115005463361740112e-01
1.539894193410873413e-01
6.434590220451354980e-01
7.559142112731933594e-01
5.289125442504882812e-02
6.170333176851272583e-02
3.510753214359283447e-01
1.503501385450363159e-01
1.918319496326148510e-03
5.701994299888610840e-01
1.430636793375015259e-01
1.327782720327377319e-01
6.964942067861557007e-02
1.119805574417114258e-01
1.022824168205261230e+00
0.000000000000000000e+00
8.036851137876510620e-02
3.339050114154815674e-01
1.870475709438323975e-01
0.000000000000000000e+00
0.000000000000000000e+00
9.307947158813476562e-01
3.249733150005340576e-01
6.097464635968208313e-02
2.785700857639312744e-01
1.380865126848220825e-01
3.432281494140625000e+00
0.000000000000000000e+00
5.258292425423860550e-03
3.245880603790283203e-01
4.356430470943450928e-01
1.791979372501373291e-01
3.257586434483528137e-02
8.288882672786712646e-02
1.459427736699581146e-02
1.762634515762329102e-01
3.161863610148429871e-02
3.551623225212097168e-02
1.291325539350509644e-01
4.229583591222763062e-02
2.479319423437118530e-01
1.934322118759155273e-01
0.000000000000000000e+00
4.379833042621612549e-01
5.931387469172477722e-02
1.286066919565200806e-01
3.451296687126159668e-02
4.326972961425781250e-01
0.000000000000000000e+00
0.000000000000000000e+00
2.724320292472839355e-01
3.278729273006320000e-03
1.973069272935390472e-02
7.304896414279937744e-02
1.570119142532348633e+00
1.166639104485511780e-01
0.000000000000000000e+00
6.188881397247314453e-01
6.298545747995376587e-02
9.006923437118530273e-02
5.495289713144302368e-02
6.224395036697387695e-01
3.528548032045364380e-02
0.000000000000000000e+00
2.553665041923522949e-01
5.075949709862470627e-03
1.776176877319812775e-02
3.777324408292770386e-02
4.678470492362976074e-01
6.207568198442459106e-02
1.665416210889816284e-01
6.851625442504882812e-02
4.528735578060150146e-02
1.359195262193679810e-01
3.022447824478149414e-01
6.618260741233825684e-01
3.395640058442950249e-03
4.343283176422119141e-01
5.103681609034538269e-02
1.432085409760475159e-02
0.000000000000000000e+00
6.057872176170349121e-01
3.630400598049163818e-01
2.528943121433258057e-01
1.344828158617019653e-01
5.250378847122192383e-01
8.553200364112854004e-01
1.169402822852134705e-01
7.661274075508117676e-02
1.720062196254730225e-01
2.442248344421386719e+00
4.089348912239074707e-01
1.636412024497985840e+00
3.018368780612945557e-01
0.000000000000000000e+00
6.140265986323356628e-02
2.453098446130752563e-02
1.216387748718261719e+00
2.289117813110351562e+00
7.508183121681213379e-01
3.766551380977034569e-04
2.498220652341842651e-01
0.000000000000000000e+00
0.000000000000000000e+00
2.803466469049453735e-02
1.085836347192525864e-02
0.000000000000000000e+00
0.000000000000000000e+00
2.226234436035156250e+00
0.000000000000000000e+00
2.800203561782836914e-01
4.973333835601806641e+00
5.850980803370475769e-02
0.000000000000000000e+00
1.122599691152572632e-01
2.321938127279281616e-01
6.847702711820602417e-02
4.389044642448425293e-02
1.640330314636230469e+00
1.264729261398315430e+00
2.689696662127971649e-02
2.620584145188331604e-02
1.090234071016311646e-01
1.847783476114273071e-02
5.190021544694900513e-02
1.389015316963195801e-01
7.223678231239318848e-01
1.527310721576213837e-02
6.167975068092346191e-02
1.784459590911865234e+00
3.890359029173851013e-02
1.800824254751205444e-01
2.809015214443206787e-01
0.000000000000000000e+00
2.256096713244915009e-02
0.000000000000000000e+00
0.000000000000000000e+00
0.000000000000000000e+00
6.269695758819580078e-01
9.076406806707382202e-02
1.232617422938346863e-01
2.567197978496551514e-01
1.283635050058364868e-01
0.000000000000000000e+00
1.504544820636510849e-02
5.556238293647766113e-01
1.843821406364440918e-01
4.746961891651153564e-01
0.000000000000000000e+00
3.314176201820373535e-01
2.172235012054443359e+00
3.109385259449481964e-03
3.940019011497497559e-01
1.399226427078247070e+00
0.000000000000000000e+00
4.795659184455871582e-01
8.180406689643859863e-01
1.250564008951187134e-01
5.525314807891845703e-01
8.733457326889038086e-02
9.013048559427261353e-02
1.717616319656372070e-01
3.945303857326507568e-01
0.000000000000000000e+00
3.017074894160032272e-03
1.440027058124542236e-01
0.000000000000000000e+00
1.169531866908073425e-01
4.833948314189910889e-01
1.585264056921005249e-01
2.296425551176071167e-01
5.272084847092628479e-02
1.833342909812927246e-01
1.052427664399147034e-01
0.000000000000000000e+00
8.792952895164489746e-01
3.831844329833984375e-01
1.071432381868362427e-01
6.547160148620605469e-01
7.133098244667053223e-01
1.335564702749252319e-01
1.584969311952590942e-01
2.800526469945907593e-02
7.956823706626892090e-02
4.672733247280120850e-01
1.034615933895111084e-01
1.845128275454044342e-02
1.080612652003765106e-02
1.071669608354568481e-01
5.252141356468200684e-01
1.653355732560157776e-02
0.000000000000000000e+00
7.603309303522109985e-02
0.000000000000000000e+00
1.379700660705566406e+00
7.262036204338073730e-01
1.333588600158691406e+00
6.137846782803535461e-02
9.266391396522521973e-02
1.755803585052490234e+00
2.449657954275608063e-02
1.130781054496765137e+00
6.259071826934814453e-02
5.617446303367614746e-01
7.310700416564941406e-01
0.000000000000000000e+00
7.641949653625488281e-01
0.000000000000000000e+00
6.845995783805847168e-01
2.007433623075485229e-01
5.328992847353219986e-03
4.431143105030059814e-01
0.000000000000000000e+00
2.809929847717285156e-01
7.186934351921081543e-02
5.073699355125427246e-01
6.825045943260192871e-01
2.293520718812942505e-01
0.000000000000000000e+00
3.042913414537906647e-02
3.986262381076812744e-01
2.837039344012737274e-02
1.282801777124404907e-01
0.000000000000000000e+00
0.000000000000000000e+00
6.587875075638294220e-03
1.928602755069732666e-01
2.834897860884666443e-02
3.650535941123962402e-01
6.971044540405273438e-01
8.838812112808227539e-01
4.673636257648468018e-01
4.526880085468292236e-01
1.626479811966419220e-02
1.272691965103149414e+00
7.182624191045761108e-02
5.140642076730728149e-02
1.443353444337844849e-01
1.048572510480880737e-01
2.699004858732223511e-02
2.332114577293395996e-01
9.952809810638427734e-01
1.129482015967369080e-01
1.188699752092361450e-01
5.934877321124076843e-02
4.634612426161766052e-02
1.336400955915451050e-01
1.307533830404281616e-01
1.235313713550567627e-01
1.327973484992980957e+00
4.321866435930132866e-05
1.123066470026969910e-01
0.000000000000000000e+00
1.107343751937150955e-02
2.713681757450103760e-01
1.276029586791992188e+00
2.733096182346343994e-01
4.056455135345458984e+00
8.225703835487365723e-01
4.327247440814971924e-01
5.365298390388488770e-01
1.002797484397888184e-01
4.539677873253822327e-02
4.314778804779052734e+00
2.307513058185577393e-01
5.651941895484924316e-01
3.499491885304450989e-02
0.000000000000000000e+00
2.761346995830535889e-01
2.658183872699737549e-01
4.016967490315437317e-02
0.000000000000000000e+00
0.000000000000000000e+00
9.854348003864288330e-02
0.000000000000000000e+00
2.999384701251983643e-01
2.350942045450210571e-01
0.000000000000000000e+00
5.612139701843261719e-01
4.861114025115966797e-01
2.350223250687122345e-02
5.929603707045316696e-03
2.040086537599563599e-01
4.719420373439788818e-01
1.034542918205261230e+00
8.939456194639205933e-03
0.000000000000000000e+00
5.485671758651733398e-02
9.725338965654373169e-02
2.693276405334472656e-01
0.000000000000000000e+00
7.961851358413696289e-02
0.000000000000000000e+00
3.349536657333374023e-01
4.978479817509651184e-02
5.697400569915771484e-01
2.015338093042373657e-01
1.359584778547286987e-01
6.730011850595474243e-02
2.068606376647949219e+00
1.738366633653640747e-01
2.320588231086730957e-01
1.994819194078445435e-01
7.513044476509094238e-01
4.086139500141143799e-01
5.414795875549316406e-01
5.748562514781951904e-02
1.282104384154081345e-02
3.653199076652526855e-01
3.508839011192321777e-01
9.796386212110519409e-02
2.075445890426635742e+00
4.185516238212585449e-01
3.244514167308807373e-01
0.000000000000000000e+00
2.191594243049621582e-01
4.420533310621976852e-03
6.752238273620605469e-01
1.020281761884689331e-01
1.892655014991760254e+00
3.567788051441311836e-03
6.355572342872619629e-01
3.874749422073364258e+00
1.970063209533691406e+00
1.661006361246109009e-01
7.358797825872898102e-03
8.674840927124023438e-01
2.115712910890579224e-01
2.554282359778881073e-02
1.520522236824035645e-01
3.567057251930236816e-01
9.368679672479629517e-02
5.939478985965251923e-03
1.431005001068115234e+00
1.170513480901718140e-01
9.737675786018371582e-01
1.158501207828521729e-02
8.041264861822128296e-02
9.172347933053970337e-02
0.000000000000000000e+00
0.000000000000000000e+00
0.000000000000000000e+00
4.283732175827026367e-01
9.162242710590362549e-02
4.134268313646316528e-02
1.959936022758483887e+00
0.000000000000000000e+00
6.455497145652770996e-01
6.283769607543945312e-01
5.766687393188476562e-01
2.156515792012214661e-02
3.838174641132354736e-01
4.509775340557098389e-01
4.487242400646209717e-01
3.409764170646667480e-02
2.770512923598289490e-02
3.152278810739517212e-02
2.852119803428649902e-01
3.491765260696411133e-02
0.000000000000000000e+00
4.188252612948417664e-02
6.231799349188804626e-02
4.969092831015586853e-02
9.606573730707168579e-02
1.244211569428443909e-01
3.940052986145019531e-01
4.759982228279113770e-02
6.884402781724929810e-02
1.045066475868225098e+00
1.316885471343994141e+00
3.494083136320114136e-02
2.423891872167587280e-01
1.333456300199031830e-02
1.818458363413810730e-02
5.093256831169128418e-01
3.929683193564414978e-02
2.844707965850830078e-01
6.881805136799812317e-03
5.255398526787757874e-02
1.861323863267898560e-01
5.895210430026054382e-02
9.345385245978832245e-03
9.376525878906250000e-02
1.670390963554382324e-01
2.919708006083965302e-02
5.924437642097473145e-01
1.759684681892395020e-01
1.020502075552940369e-01
6.523949503898620605e-01
1.181788519024848938e-01
0.000000000000000000e+00
1.529777497053146362e-01
2.528333067893981934e-01
0.000000000000000000e+00
2.823578380048274994e-02
3.803232610225677490e-01
1.969058960676193237e-01
0.000000000000000000e+00
7.714428007602691650e-02
2.634025216102600098e-01
5.410292744636535645e-02
5.454284697771072388e-02
2.388364076614379883e-01
6.050807237625122070e-01
6.739675402641296387e-01
7.555229067802429199e-01
2.243955582380294800e-01
2.348100900650024414e+00
0.000000000000000000e+00
5.708558019250631332e-03
1.130445599555969238e-01
0.000000000000000000e+00
1.253637522459030151e-01
7.862461730837821960e-03
0.000000000000000000e+00
2.947882413864135742e-01
1.207544952630996704e-01
1.167511940002441406e+00
1.868036240339279175e-01
9.183044731616973877e-02
5.694027543067932129e-01
4.673338830471038818e-01
4.491313993930816650e-01
4.224230349063873291e-02
1.329985167831182480e-02
4.242886602878570557e-01
4.674911499023437500e-01
0.000000000000000000e+00
0.000000000000000000e+00
2.349871546030044556e-01
0.000000000000000000e+00
2.449718415737152100e-01
1.270694844424724579e-02
1.542367488145828247e-01
4.667386710643768311e-01
1.562904000282287598e+00
3.058420717716217041e-01
1.304643452167510986e-01
8.586794734001159668e-01
5.082056522369384766e-01
1.399018242955207825e-02
8.094287663698196411e-02
3.838898420333862305e+00
1.489255856722593307e-02
2.478591054677963257e-01
2.822209894657135010e-01
1.912720687687397003e-02
2.363808266818523407e-02
2.202790696173906326e-03
2.482325071468949318e-03
0.000000000000000000e+00
1.567876338958740234e-02
1.744317077100276947e-02
1.774905472993850708e-01
2.049392014741897583e-01
2.326097637414932251e-01
2.341533638536930084e-02
1.604404002428054810e-01
6.328700184822082520e-01
1.213416978716850281e-01
2.965756177902221680e+00
0.000000000000000000e+00
1.762003600597381592e-01
1.453915596008300781e+00
5.310907214879989624e-02
1.083847060799598694e-01
5.740379914641380310e-02
0.000000000000000000e+00
9.058232307434082031e-01
1.002739071846008301e-01
0.000000000000000000e+00
1.062541231513023376e-01
1.215669870376586914e+00
1.892308592796325684e-01
1.932229995727539062e-01
4.705075919628143311e-02
1.186340078711509705e-01
1.601685285568237305e-01
7.683758139610290527e-01
1.084880828857421875e-01
9.453763812780380249e-02
0.000000000000000000e+00
1.400657534599304199e+00
3.063080012798309326e-01
1.861936785280704498e-02
0.000000000000000000e+00
1.454283744096755981e-01
8.080587387084960938e-01
1.416734158992767334e-01
4.849690198898315430e-02
1.273224037140607834e-02
4.798423871397972107e-02
3.076283931732177734e-01
3.506172597408294678e-01
2.057188898324966431e-01
1.022939682006835938e+00
6.588895618915557861e-02
4.353781789541244507e-02
2.966940104961395264e-01
4.846185073256492615e-02
2.729257941246032715e-01
6.486797928810119629e-01
6.733231246471405029e-02
2.651273608207702637e-01
6.649388372898101807e-02
4.645453393459320068e-01
6.563015580177307129e-01
2.376221567392349243e-01
1.469052284955978394e-01
1.415670216083526611e-01
9.990565776824951172e-01
7.988710403442382812e-01
2.383300336077809334e-03
1.652721911668777466e-01
1.696095615625381470e-01
1.231999322772026062e-01
3.422501087188720703e-01
1.136384084820747375e-01
2.396766096353530884e-03
1.954797655344009399e-01
1.280813217163085938e+00
6.587913259863853455e-03
3.283225595951080322e-01
4.895669594407081604e-02
7.099276781082153320e-01
0.000000000000000000e+00
3.026669025421142578e-01
1.792385339736938477e+00
1.066989183425903320e+00
9.507415443658828735e-02
9.269281625747680664e-01
4.469243437051773071e-02
1.380170285701751709e-01
8.297115564346313477e-02
0.000000000000000000e+00
1.256211161613464355e+00
0.000000000000000000e+00
9.921397268772125244e-02
1.384935528039932251e-01
5.270883440971374512e-01
6.311339139938354492e-02
2.180299023166298866e-03
1.440357565879821777e+00
1.571747474372386932e-02
1.834843754768371582e-01
2.810531258583068848e-01
2.674132883548736572e-01
2.258211970329284668e-01
0.000000000000000000e+00
1.610459566116333008e+00
1.641135513782501221e-01
2.816542685031890869e-01
3.494802474975585938e+00
2.049462080001831055e+00
1.364125758409500122e-01
1.276000752113759518e-03
1.712964288890361786e-02
2.393616914749145508e+00
5.374941229820251465e-01
1.139649152755737305e-01
6.063642352819442749e-02
9.132885932922363281e-01
8.558877743780612946e-03
4.355522096157073975e-01
2.373739928007125854e-01
8.467782288789749146e-02
4.480456933379173279e-02
8.968697190284729004e-01
3.564433157444000244e-01
0.000000000000000000e+00
5.533196926116943359e-01
0.000000000000000000e+00
4.670045673847198486e-01
5.638852119445800781e-01
0.000000000000000000e+00
2.830666899681091309e-01
0.000000000000000000e+00
9.198021143674850464e-03
8.053082972764968872e-02
9.379186034202575684e-01
0.000000000000000000e+00
0.000000000000000000e+00
1.106673032045364380e-01
1.277218908071517944e-01
0.000000000000000000e+00
1.711927354335784912e-01
9.589993208646774292e-02
3.175967633724212646e-01
3.844146849587559700e-03
3.792663812637329102e+00
2.021216154098510742e-01
1.499171614646911621e+00
2.134300739271566272e-04
3.215837776660919189e-01
3.157941102981567383e-01
1.126350183039903641e-02
0.000000000000000000e+00
1.736834645271301270e-01
8.236599713563919067e-02
7.587593793869018555e-02
5.100369453430175781e-01
0.000000000000000000e+00
0.000000000000000000e+00
0.000000000000000000e+00
2.281135618686676025e-01
3.445562720298767090e-01
3.016947209835052490e-02
5.629867315292358398e-02
0.000000000000000000e+00
9.784522652626037598e-01
6.016744971275329590e-01
5.685243010520935059e-02
4.427188932895660400e-01
5.258258432149887085e-02
0.000000000000000000e+00
0.000000000000000000e+00
0.000000000000000000e+00
7.511958479881286621e-02
0.000000000000000000e+00
6.360509991645812988e-01
6.708862185478210449e-01
4.334251284599304199e-01
3.313775300979614258e+00
2.781528711318969727e+00
7.626967877149581909e-02
1.144019216299057007e-01
4.271233826875686646e-02
9.352900087833404541e-02
0.000000000000000000e+00
5.300290137529373169e-02
1.623401418328285217e-02
2.922985255718231201e-01
4.431900084018707275e-01
1.514570713043212891e-01
6.438346952199935913e-02
2.579611539840698242e-01
1.066104024648666382e-01
3.390242457389831543e-01
8.509781360626220703e-01
7.546898126602172852e-01
8.663789927959442139e-02
2.932011848315596581e-03
6.160368397831916809e-02
1.107291579246520996e+00
1.903709769248962402e-02
7.737377285957336426e-02
1.413734406232833862e-01
1.313437372446060181e-01
5.675896406173706055e-01
9.578849188983440399e-03
7.702369242906570435e-02
2.416713088750839233e-01
2.660586535930633545e-01
0.000000000000000000e+00
1.320722699165344238e-01
2.399009466171264648e-01
4.131483435630798340e-01
0.000000000000000000e+00
5.262699443846940994e-03
0.000000000000000000e+00
8.650703430175781250e-01
0.000000000000000000e+00
0.000000000000000000e+00
0.000000000000000000e+00
5.771945416927337646e-02
0.000000000000000000e+00
1.048671975731849670e-01
0.000000000000000000e+00
2.452280223369598389e-01
1.485610604286193848e-01
2.266579389572143555e+00
7.487273961305618286e-02
0.000000000000000000e+00
1.443569362163543701e-01
7.752126455307006836e-01
1.063846945762634277e+00
5.176067724823951721e-02
2.968125045299530029e-02
4.436699301004409790e-02
0.000000000000000000e+00
7.403136491775512695e-01
3.176977634429931641e-01
1.198392286896705627e-01
3.680118825286626816e-03
3.031669743359088898e-02
3.065465211868286133e+00
2.010143995285034180e-01
1.177727282047271729e-01
3.056586086750030518e-01
0.000000000000000000e+00
3.356671929359436035e-01
1.940702646970748901e-02
5.567362904548645020e-01
8.821589946746826172e-01
8.673753589391708374e-02
1.632096469402313232e-01
2.027542740106582642e-01
4.371835291385650635e-01
1.801796555519104004e-01
0.000000000000000000e+00
4.160771965980529785e-01
3.990957140922546387e-02
4.214598238468170166e-01
6.555100902915000916e-03
3.052491545677185059e-01
9.908474981784820557e-03
4.135380983352661133e-01
1.221052408218383789e+00
6.690602749586105347e-02
1.449203491210937500e-01
2.511691153049468994e-01
1.118880510330200195e+00
5.129067897796630859e-01
3.031640648841857910e-01
1.298291385173797607e-01
4.415787756443023682e-01
6.424647569656372070e-02
3.152752295136451721e-02
5.173476219177246094e+00
3.605448007583618164e-01
0.000000000000000000e+00
5.190488696098327637e-02
1.833799853920936584e-02
9.934578835964202881e-02
1.424498707056045532e-01
5.306571722030639648e-02
2.521792650222778320e-01
1.457918733358383179e-01
1.705721020698547363e-01
9.227080345153808594e-01
1.599814593791961670e-01
2.193272262811660767e-01
0.000000000000000000e+00
1.280750781297683716e-01
4.132020473480224609e-01
3.985726274549961090e-03
1.589390933513641357e-01
1.592065095901489258e-01
1.533221840858459473e+00
5.139707326889038086e-01
9.866369366645812988e-01
7.483269274234771729e-02
5.536819696426391602e-01
3.112975694239139557e-02
3.513414561748504639e-01
0.000000000000000000e+00
5.519129633903503418e-01
1.343353241682052612e-01
4.421362578868865967e-01
1.632852405309677124e-01
2.048242390155792236e-01
2.397634685039520264e-01
8.467844009399414062e+00
5.355366319417953491e-02
2.086299210786819458e-01
1.518584847450256348e+00
1.954149641096591949e-02
0.000000000000000000e+00
1.194044053554534912e-01
5.311291664838790894e-02
5.076292157173156738e-01
1.496314704418182373e-01
3.818209171295166016e-01
7.040077354758977890e-03
2.130420506000518799e-01
0.000000000000000000e+00
5.091903209686279297e+00
2.186231017112731934e-01
6.451508402824401855e-01
5.299535021185874939e-02
0.000000000000000000e+00
5.133368447422981262e-02
7.281548529863357544e-02
6.436701118946075439e-02
9.676172137260437012e-01
1.082607507705688477e+00
1.567266732454299927e-01
0.000000000000000000e+00
2.737145423889160156e-01
2.573997974395751953e-01
8.108694106340408325e-02
4.191425144672393799e-01
2.710107564926147461e-01
1.127041294239461422e-03
6.075749546289443970e-02
1.718716323375701904e-01
4.232962429523468018e-01
3.233940303325653076e-01
2.096981704235076904e-01
9.714303910732269287e-02
5.512232892215251923e-03
3.525801748037338257e-02
1.474026679992675781e+00
3.362638652324676514e-01
1.321880698204040527e+00
6.969875097274780273e-02
3.225282207131385803e-02
3.945675119757652283e-02
6.641054749488830566e-01
0.000000000000000000e+00
1.042614936828613281e+00
3.751281797885894775e-01
1.522371411323547363e+00
1.530269682407379150e-01
0.000000000000000000e+00
2.892674179747700691e-03
3.855235874652862549e-01
7.989774346351623535e-01
2.674652338027954102e-01
6.121344566345214844e-01
1.651339232921600342e-01
2.467448711395263672e-01
3.922154307365417480e-01
1.208713173866271973e+00
5.748230218887329102e-02
1.276535242795944214e-01
1.809074878692626953e+00
1.273453235626220703e-01
9.784533083438873291e-02
9.050061702728271484e-01
2.412145957350730896e-02
0.000000000000000000e+00
1.138182543218135834e-02
0.000000000000000000e+00
2.778930938802659512e-04
1.807369440793991089e-01
1.780118793249130249e-01
6.850526481866836548e-02
7.824961543083190918e-01
7.858869433403015137e-01
2.822590172290802002e-01
1.686672680079936981e-02
3.536622226238250732e-01
2.252538874745368958e-02
2.605784535408020020e-01
4.998083412647247314e-01
1.828943789005279541e-01
9.525937587022781372e-02
3.386261407285928726e-03
1.318962685763835907e-02
1.146358475089073181e-01
3.190819919109344482e-01
8.835639953613281250e-01
6.909289956092834473e-02
3.754297494888305664e-01
8.277685940265655518e-02
1.360139846801757812e+00
2.666703760623931885e-01
9.870979702100157738e-04
2.137514995411038399e-03
8.216227293014526367e-01
3.173855841159820557e-01
3.412544727325439453e-01
4.006260335445404053e-01
7.068090438842773438e-01
0.000000000000000000e+00
0.000000000000000000e+00
0.000000000000000000e+00
9.565827995538711548e-02
1.241396546363830566e+00
1.502662748098373413e-01
1.118408739566802979e-01
9.245496988296508789e-02
1.622519048396497965e-04
7.786051034927368164e-01
3.349935710430145264e-01
8.406598120927810669e-02
4.301898479461669922e-01
6.642781496047973633e-01
9.392288923263549805e-01
5.754863619804382324e-01
0.000000000000000000e+00
2.745529711246490479e-01
2.017314732074737549e-01
8.861331343650817871e-01
0.000000000000000000e+00
6.098315119743347168e-02
1.121365204453468323e-01
5.459623876959085464e-03
4.467030614614486694e-02
8.051397744566202164e-04
1.988711804151535034e-01
3.537087738513946533e-01
5.248469859361648560e-02
0.000000000000000000e+00
3.550443947315216064e-01
3.217850029468536377e-01
2.414872497320175171e-01
8.284976333379745483e-02
5.754437670111656189e-02
1.022740721702575684e+00
0.000000000000000000e+00
3.369949385523796082e-02
1.924605667591094971e-01
4.431374669075012207e-01
0.000000000000000000e+00
8.906309306621551514e-02
1.680613011121749878e-01
1.492223236709833145e-02
3.150165081024169922e+00
2.504139905795454979e-03
2.136799573898315430e+00
2.410497516393661499e-01
4.605941474437713623e-02
2.273622900247573853e-03
0.000000000000000000e+00
1.726415872573852539e+00
0.000000000000000000e+00
7.904283702373504639e-02
7.124649882316589355e-01
1.787295579910278320e+00
5.032130703330039978e-02
1.358375698328018188e-01
3.705132007598876953e-01
8.779044747352600098e-01
6.243507862091064453e-01
0.000000000000000000e+00
3.434844613075256348e-01
4.009982198476791382e-02
7.996926456689834595e-02
2.588957846164703369e-01
3.785764276981353760e-01
1.163860782980918884e-03
7.560654729604721069e-02
6.512576248496770859e-03
5.095728486776351929e-02
1.205471679568290710e-01
6.000026315450668335e-02
0.000000000000000000e+00
1.495620012283325195e-01
1.654354855418205261e-03
0.000000000000000000e+00
0.000000000000000000e+00
1.877075247466564178e-02
6.673695445060729980e-01
0.000000000000000000e+00
5.891234278678894043e-01
3.691728413105010986e-02
2.030028104782104492e-01
3.916319459676742554e-02
7.656679954379796982e-03
2.916171312332153320e+00
2.401038631796836853e-02
6.987132430076599121e-01
3.535601496696472168e-01
7.492081820964813232e-02
4.348499327898025513e-02
3.654869198799133301e-01
1.742014847695827484e-02
9.438812732696533203e-02
2.178212553262710571e-01
2.274323701858520508e-01
3.782059550285339355e-01
6.555197834968566895e-01
1.903078705072402954e-01
1.502776285633444786e-03
4.522043466567993164e-01
3.675754368305206299e-01
0.000000000000000000e+00
3.648710623383522034e-02
4.467449486255645752e-01
0.000000000000000000e+00
3.427850306034088135e-01
1.856744140386581421e-01
1.665457129478454590e+00
7.812073230743408203e-01
3.170543015003204346e-01
1.314600706100463867e-01
1.008831709623336792e-01
0.000000000000000000e+00
1.634689688682556152e+00
3.392148315906524658e-01
4.716672301292419434e-01
0.000000000000000000e+00
4.058032035827636719e-01
7.668037712574005127e-02
2.559624016284942627e-01
9.361191093921661377e-02
8.055245876312255859e-02
1.589476168155670166e-01
3.417004048824310303e-01
8.755923509597778320e-01
1.334374904632568359e+00
1.300221402198076248e-02
4.371283054351806641e-01
0.000000000000000000e+00
2.908173575997352600e-02
1.011240601539611816e+00
3.520788550376892090e-01
9.603773243725299835e-03
0.000000000000000000e+00
1.672768741846084595e-01
4.375270754098892212e-02
2.153538912534713745e-02
1.204732656478881836e+00
3.057674467563629150e-01
2.841400504112243652e-01
6.318697333335876465e-01
7.334009744226932526e-03
0.000000000000000000e+00
1.448657810688018799e-01
4.742800444364547729e-02
3.820415586233139038e-02
1.765368729829788208e-01
2.231485247611999512e-01
0.000000000000000000e+00
6.432187510654330254e-04
3.867693543434143066e-01
8.278337121009826660e-02
6.868755072355270386e-02
8.404434919357299805e-01
1.484034000895917416e-03
1.744501233100891113e+00
3.837388455867767334e-01
2.660456672310829163e-02
1.272176623344421387e+00
2.591617405414581299e-01
1.659080684185028076e-01
1.143218398094177246e+00
6.656090915203094482e-02
2.565813064575195312e-02
4.254570603370666504e-02
1.541629880666732788e-01
5.878695100545883179e-02
3.785666823387145996e-02
1.195592805743217468e-01
2.979736216366291046e-02
8.759667277336120605e-01
5.092374086380004883e-01
1.825674995779991150e-02
3.613944649696350098e-01
1.670688390731811523e+00
3.454017266631126404e-02
0.000000000000000000e+00
1.367903947830200195e-01
8.735071122646331787e-02
2.902856171131134033e-01
8.482983708381652832e-02
4.159958362579345703e-01
9.335374087095260620e-02
3.251972496509552002e-01
0.000000000000000000e+00
2.458535432815551758e-01
5.377079844474792480e-01
6.962692737579345703e-02
5.213888362050056458e-02
1.232780218124389648e+00
5.496775731444358826e-02
3.195247426629066467e-02
5.972627401351928711e-01
5.113755539059638977e-02
1.024484708905220032e-01
0.000000000000000000e+00
3.355663120746612549e-01
1.926520615816116333e-01
1.172912716865539551e-01
4.026251733303070068e-01
1.121009513735771179e-01
6.830764412879943848e-01
1.123731136322021484e+00
1.349630802869796753e-01
7.658188790082931519e-02
2.215719223022460938e+00
5.082679390907287598e-01
2.752449214458465576e-01
4.666937291622161865e-01
1.035031676292419434e+00
9.149195253849029541e-02
7.666590064764022827e-02
5.473116636276245117e-01
3.487759828567504883e-01
1.721688359975814819e-01
1.030528768897056580e-01
3.078011870384216309e-01
3.207155317068099976e-02
9.546088427305221558e-02
4.394842311739921570e-02
0.000000000000000000e+00
3.292511105537414551e-01
5.730822086334228516e-01
9.089607745409011841e-02
2.264744043350219727e-01
5.757529288530349731e-02
3.588617146015167236e-01
0.000000000000000000e+00
6.144781038165092468e-02
4.071709811687469482e-01
3.120483271777629852e-02
0.000000000000000000e+00
1.977970600128173828e-01
9.137585759162902832e-01
5.127385258674621582e-01
3.669213533401489258e+00
2.750072255730628967e-02
2.643969058990478516e-01
0.000000000000000000e+00
1.289189606904983521e-01
2.498164474964141846e-01
7.063039392232894897e-02
5.376458168029785156e-01
1.053551554679870605e+00
7.800112962722778320e-01
3.698416352272033691e-01
4.523029923439025879e-02
5.712019205093383789e-01
3.228861093521118164e-02
6.823938805609941483e-03
6.426272988319396973e-01
1.647873520851135254e-01
3.844371438026428223e-01
0.000000000000000000e+00
1.921598613262176514e-01
2.721796333789825439e-01
1.790791004896163940e-01
2.619131505489349365e-01
3.795408010482788086e-01
1.347221732139587402e+00
2.935515642166137695e-01
3.690352141857147217e-01
8.288431912660598755e-02
1.341496109962463379e+00
5.677371621131896973e-01
1.414431571960449219e+00
2.731131948530673981e-02
1.919598281383514404e-01
2.109270840883255005e-01
1.531488895416259766e-01
5.625245347619056702e-02
4.447397589683532715e-02
6.467841863632202148e-01
3.248907923698425293e-01
2.792966179549694061e-02
3.044683635234832764e-01
1.431974619626998901e-01
2.973887883126735687e-02
4.646101593971252441e-02
7.800702750682830811e-02
4.692007228732109070e-02
7.732951641082763672e-02
1.823091320693492889e-02
0.000000000000000000e+00
6.037683486938476562e-01
0.000000000000000000e+00
2.667940557003021240e-01
1.891711950302124023e-01
5.423412844538688660e-02
1.331617031246423721e-02
3.676145970821380615e-01
3.693962469696998596e-02
8.852955698966979980e-02
2.371676266193389893e-01
0.000000000000000000e+00
1.026683449745178223e-01
0.000000000000000000e+00
3.394875824451446533e-01
5.517098587006330490e-03
0.000000000000000000e+00
1.654835492372512817e-01
0.000000000000000000e+00
5.830076932907104492e-01
4.385845661163330078e-01
1.433664932847023010e-02
4.845024347305297852e-01
8.068708330392837524e-02
0.000000000000000000e+00
3.110730834305286407e-02
1.535471379756927490e-01
0.000000000000000000e+00
1.121524497866630554e-01
0.000000000000000000e+00
3.577578067779541016e-02
8.550918102264404297e-01
1.912994533777236938e-01
1.869965046644210815e-01
6.124710664153099060e-02
3.612410426139831543e-01
0.000000000000000000e+00
1.211879730224609375e+00
1.438406229019165039e+00
6.238986551761627197e-02
2.556538879871368408e-01
3.599626123905181885e-01
5.698666442185640335e-03
2.356682531535625458e-02
0.000000000000000000e+00
1.182980462908744812e-01
4.765551388263702393e-01
0.000000000000000000e+00
1.008687317371368408e-01
2.613095380365848541e-02
1.521047670394182205e-02
1.000347509980201721e-01
3.051937790587544441e-03
3.257426619529724121e-01
7.994408719241619110e-03
0.000000000000000000e+00
2.106381952762603760e-01
4.473274573683738708e-02
2.285760361701250076e-03
1.903711855411529541e-01
4.934129863977432251e-02
1.936871290206909180e+00
7.335224002599716187e-02
7.605824470520019531e-01
1.361348181962966919e-01
2.682454586029052734e-01
2.645539343357086182e-01
6.280381232500076294e-02
0.000000000000000000e+00
1.324557512998580933e-01
7.557103633880615234e-01
1.477165818214416504e-01
7.708166725933551788e-03
7.947647571563720703e-02
0.000000000000000000e+00
3.226833790540695190e-02
4.149529337882995605e-01
8.710451424121856689e-02
5.377667546272277832e-01
2.109116874635219574e-02
0.000000000000000000e+00
7.934969067573547363e-01
6.926475167274475098e-01
5.463064089417457581e-02
1.562188267707824707e+00
4.804792881011962891e+00
2.708446793258190155e-02
1.876006275415420532e-01
2.130304463207721710e-02
1.964723348617553711e+00
3.694560825824737549e-01
0.000000000000000000e+00
6.997156143188476562e-01
