1.773179322481155396e-01
0.000000000000000000e+00
3.068947046995162964e-02
5.605924129486083984e-01
5.919773578643798828e-01
1.557121276855468750e-01
1.257774949073791504e+00
6.368938833475112915e-02
1.669043660163879395e+00
3.597131013870239258e+00
0.000000000000000000e+00
4.104121029376983643e-02
0.000000000000000000e+00
3.905138745903968811e-02
0.000000000000000000e+00
3.735783323645591736e-02
9.843810647726058960e-02
1.611530482769012451e-01
5.373145267367362976e-02
8.989068865776062012e-01
6.484870333224534988e-03
2.370918840169906616e-01
1.185901015996932983e-01
0.000000000000000000e+00
3.964266180992126465e-01
3.753724321722984314e-02
9.839625358581542969e-01
2.860701382160186768e-01
9.709206223487854004e-01
3.293006420135498047e-01
1.400928050279617310e-01
1.906095072627067566e-02
1.068708002567291260e-01
0.000000000000000000e+00
1.783279888331890106e-02
7.697726488113403320e-01
2.424225658178329468e-01
1.363871574401855469e+00
1.734272688627243042e-01
9.260068647563457489e-03
3.796445578336715698e-02
2.314488887786865234e-01
0.000000000000000000e+00
1.442785739898681641e+00
1.236232146620750427e-01
0.000000000000000000e+00
4.513789117336273193e-01
5.683755874633789062e-02
8.379434049129486084e-02
5.954540371894836426e-01
6.550367176532745361e-02
2.302752882242202759e-01
0.000000000000000000e+00
0.000000000000000000e+00
0.000000000000000000e+00
1.740238815546035767e-01
5.123667716979980469e-01
3.938734233379364014e-01
7.186014652252197266e-01
1.412974894046783447e-01
9.555069208145141602e-01
5.781809091567993164e-01
4.228201806545257568e-01
1.572737656533718109e-02
1.598004698753356934e+00
7.405392527580261230e-01
1.904836177825927734e+00
3.844126760959625244e-01
7.062882184982299805e-01
1.857460737228393555e-01
1.292110562324523926e+00
2.681564390659332275e-01
4.653008282184600830e-02
1.150781288743019104e-01
4.863746836781501770e-02
8.019210100173950195e-01
4.556849002838134766e+00
8.485118150711059570e-01
1.151002496480941772e-01
0.000000000000000000e+00
9.703125953674316406e-01
0.000000000000000000e+00
5.346827954053878784e-02
1.366849690675735474e-01
3.066223859786987305e+00
5.098825097084045410e-01
2.424315363168716431e-01
1.525082625448703766e-03
5.096051469445228577e-02
5.762492865324020386e-02
8.895763754844665527e-01
0.000000000000000000e+00
0.000000000000000000e+00
2.678465247154235840e-01
1.974093914031982422e-02
4.232906401157379150e-01
1.545347124338150024e-01
1.317524194717407227e+00
1.401541382074356079e-01
7.600469589233398438e-01
1.296419054269790649e-01
7.706202268600463867e-01
1.494876742362976074e+00
9.354349225759506226e-02
2.935293503105640411e-02
6.156874820590019226e-02
2.392371594905853271e-01
1.021900534629821777e+00
0.000000000000000000e+00
9.324986457824707031e+00
2.444566637277603149e-01
2.080633878707885742e+00
1.932949870824813843e-01
2.884138345718383789e+00
7.254665717482566833e-03
6.735952338203787804e-04
0.000000000000000000e+00
1.990215331315994263e-01
7.332648383453488350e-04
0.000000000000000000e+00
1.198732495307922363e+00
3.266366198658943176e-03
8.415758013725280762e-01
6.847633123397827148e-01
4.502888023853302002e-02
8.279553651809692383e-01
7.556340694427490234e-01
1.191453412175178528e-01
2.566205151379108429e-02
1.184883043169975281e-01
3.272764682769775391e-01
9.251396059989929199e-01
5.199287831783294678e-02
2.135110199451446533e-01
1.785053133964538574e+00
2.539775967597961426e-01
1.690657138824462891e-01
0.000000000000000000e+00
1.363779664039611816e+00
1.929846167564392090e+00
3.240935802459716797e-01
5.829360708594322205e-02
1.509089022874832153e-01
2.643904462456703186e-02
1.557357609272003174e-01
3.191913291811943054e-02
8.709492683410644531e-01
2.429568208754062653e-02
6.223773360252380371e-01
4.274115338921546936e-02
1.387181598693132401e-02
1.131168082356452942e-01
4.386280104517936707e-02
8.946034312248229980e-02
4.386240243911743164e-01
2.195549197494983673e-03
1.475600060075521469e-02
7.903963923454284668e-01
8.017611503601074219e-02
1.924263536930084229e-01
6.330443173646926880e-02
2.745730876922607422e-01
4.411926567554473877e-01
1.110623031854629517e-01
5.544113516807556152e-01
1.494376659393310547e+00
1.190112978219985962e-01
2.047596685588359833e-02
1.687562227249145508e+00
1.093857765197753906e+00
2.550861835479736328e-01
0.000000000000000000e+00
1.501786231994628906e+00
0.000000000000000000e+00
8.612687140703201294e-02
3.496542870998382568e-01
6.554542183876037598e-01
1.104197874665260315e-01
4.349701404571533203e-01
5.902599692344665527e-01
5.226351320743560791e-02
1.045817043632268906e-02
3.833338022232055664e-01
3.286184743046760559e-02
9.913004003465175629e-03
1.599124073982238770e+00
6.034972667694091797e-01
1.127617955207824707e+00
6.144828349351882935e-02
9.184132814407348633e-01
2.003159970045089722e-01
9.237662553787231445e-01
2.473651915788650513e-01
1.863231420516967773e+00
0.000000000000000000e+00
7.265103459358215332e-01
3.245094120502471924e-01
5.323966145515441895e-01
0.000000000000000000e+00
2.497056126594543457e-01
2.734761238098144531e-01
5.727711686631664634e-05
3.895255923271179199e-02
4.751817882061004639e-02
0.000000000000000000e+00
2.362428665161132812e+00
3.013052046298980713e-01
5.002914667129516602e-01
1.467468775808811188e-02
6.349710822105407715e-01
5.665830969810485840e-01
0.000000000000000000e+00
1.498221457004547119e-01
5.440211296081542969e-01
0.000000000000000000e+00
9.168741106986999512e-01
4.946617782115936279e-02
7.449432015419006348e-01
1.266993284225463867e-01
1.483841776847839355e+00
5.971071124076843262e-01
0.000000000000000000e+00
5.877456068992614746e-02
4.447250366210937500e-01
3.431427478790283203e-02
5.365888476371765137e-01
2.407991886138916016e-01
3.581112325191497803e-01
4.991710484027862549e-01
2.132125082425773144e-04
1.248881500214338303e-02
1.571345478296279907e-01
4.880982935428619385e-01
0.000000000000000000e+00
1.508569717407226562e-01
0.000000000000000000e+00
4.876541495323181152e-01
1.897576451301574707e-01
8.837938308715820312e-03
2.512413263320922852e-01
4.472011923789978027e-01
4.422506093978881836e-01
5.630035698413848877e-02
1.271629631519317627e-01
5.446572788059711456e-03
8.413884043693542480e-01
7.186044752597808838e-02
8.757057785987854004e-02
2.062829732894897461e-01
4.087562561035156250e-01
0.000000000000000000e+00
4.127497673034667969e-01
7.285268306732177734e-01
3.612425327301025391e-01
6.328054517507553101e-02
2.063119225203990936e-02
1.080247312784194946e-01
0.000000000000000000e+00
8.929944634437561035e-01
3.364708041772246361e-03
1.004344411194324493e-02
1.932327151298522949e-01
3.351477086544036865e-01
4.194545447826385498e-01
1.601877659559249878e-01
1.819707155227661133e-01
2.843382954597473145e-01
7.433813214302062988e-01
5.246571302413940430e-01
1.699700504541397095e-01
2.227107882499694824e-01
2.691477298736572266e+00
3.370540142059326172e-01
4.110514745116233826e-02
1.043534517288208008e+00
2.058009147644042969e+00
2.749722599983215332e-01
3.085236821789294481e-04
5.764992535114288330e-02
0.000000000000000000e+00
6.514441967010498047e-02
6.204336881637573242e-02
2.500358223915100098e-01
0.000000000000000000e+00
1.068446189165115356e-01
1.200188159942626953e+00
8.310622721910476685e-02
7.641035318374633789e-02
1.107995033264160156e+00
2.258670516312122345e-02
4.703420102596282959e-01
1.092529892921447754e+00
1.772767491638660431e-02
6.921443343162536621e-01
5.612037610262632370e-03
4.839685261249542236e-01
4.991007149219512939e-01
5.902115255594253540e-02
5.854889005422592163e-02
1.010288149118423462e-01
0.000000000000000000e+00
0.000000000000000000e+00
1.321747183799743652e+00
1.982313394546508789e-01
2.014358639717102051e-01
3.626320362091064453e-01
1.363592445850372314e-01
6.435742974281311035e-01
3.467785716056823730e-01
2.169723808765411377e-02
8.944506198167800903e-02
1.625896096229553223e-01
9.694176316261291504e-01
2.818135917186737061e-01
2.058462426066398621e-02
3.000032901763916016e-01
3.556625366210937500e+00
1.038649212568998337e-02
4.343390837311744690e-02
2.903391122817993164e-01
1.440957002341747284e-02
5.836491659283638000e-02
4.706928431987762451e-01
1.349131762981414795e-02
6.434439867734909058e-02
4.744548797607421875e-01
1.732356399297714233e-01
6.958691477775573730e-01
6.155626475811004639e-02
2.148278474807739258e+00
4.970365762710571289e-01
4.717445373535156250e-01
2.168876826763153076e-01
4.529587030410766602e-01
1.009453237056732178e-01
2.493257820606231689e-02
1.292865574359893799e-01
3.674047887325286865e-01
1.181061148643493652e+00
2.830464839935302734e-01
3.360255956649780273e-01
2.619346380233764648e-01
8.940153568983078003e-02
5.156666636466979980e-01
5.796525999903678894e-02
0.000000000000000000e+00
1.393006443977355957e-01
1.022224068641662598e+00
1.858025938272476196e-01
5.593467876315116882e-02
4.087523519992828369e-01
2.803227305412292480e-01
2.444508790969848633e+00
4.028818607330322266e-01
0.000000000000000000e+00
3.005054891109466553e-01
3.706517815589904785e-01
1.647779703140258789e+00
7.927197813987731934e-01
1.341579668223857880e-02
1.023209244012832642e-01
1.861636757850646973e+00
1.512726545333862305e-01
0.000000000000000000e+00
3.501772284507751465e-01
1.265824735164642334e-01
1.274525284767150879e+00
2.089074134826660156e+00
3.081429600715637207e-01
8.810985088348388672e-02
1.124039292335510254e-01
2.899691462516784668e-01
2.399262599647045135e-02
0.000000000000000000e+00
3.961587697267532349e-02
9.613732248544692993e-02
2.213044911623001099e-01
0.000000000000000000e+00
1.945400476455688477e+00
4.832587838172912598e-01
1.135676980018615723e+00
1.981351733207702637e+00
4.045401886105537415e-02
5.723043531179428101e-02
9.621903300285339355e-01
2.065240889787673950e-01
0.000000000000000000e+00
0.000000000000000000e+00
1.406587064266204834e-01
2.206283807754516602e-01
2.374117076396942139e-01
4.294967651367187500e-02
3.085425868630409241e-02
0.000000000000000000e+00
1.035969614982604980e+00
2.861373901367187500e+00
3.435378521680831909e-02
3.316945582628250122e-02
9.677389636635780334e-03
1.592083647847175598e-02
4.418172687292098999e-02
7.377415150403976440e-02
0.000000000000000000e+00
8.251277613453567028e-04
6.997302174568176270e-02
1.590747013688087463e-02
0.000000000000000000e+00
2.566910982131958008e+00
8.435962200164794922e-01
0.000000000000000000e+00
5.374146103858947754e-01
1.776721924543380737e-01
2.456769943237304688e-01
3.847551718354225159e-02
1.221431374549865723e+00
1.441411525011062622e-01
2.002205932512879372e-03
2.754165604710578918e-02
3.859082758426666260e-01
4.320554137229919434e-01
0.000000000000000000e+00
1.576611846685409546e-01
2.547174394130706787e-01
1.326303929090499878e-01
8.895790576934814453e-02
6.210560798645019531e-01
4.500516414642333984e+00
6.571018695831298828e-01
1.289170384407043457e-01
1.554344892501831055e-01
1.196277022361755371e+00
6.226752400398254395e-01
7.082365155220031738e-01
1.731883920729160309e-02
0.000000000000000000e+00
1.520191431045532227e+00
3.666547298431396484e+00
0.000000000000000000e+00
6.486481428146362305e-01
1.563469506800174713e-02
1.121375411748886108e-01
3.888106718659400940e-02
1.059776172041893005e-02
4.129423499107360840e-01
1.797283589839935303e-01
2.739410102367401123e-01
7.345243543386459351e-02
2.299372572451829910e-03
7.306915521621704102e-02
6.554515361785888672e-01
8.142764568328857422e-01
9.761548638343811035e-01
2.545706033706665039e-01
2.217599630355834961e+00
0.000000000000000000e+00
1.053617358207702637e+00
1.096387267112731934e+00
1.221481040120124817e-01
7.871137261390686035e-01
3.722534328699111938e-02
1.366411987692117691e-02
2.742692828178405762e-02
5.463783144950866699e-01
1.615427061915397644e-02
1.019514501094818115e-01
9.776660241186618805e-03
1.085438206791877747e-01
2.227371633052825928e-01
7.927376776933670044e-03
1.441566944122314453e+00
5.777518749237060547e-01
1.614222884178161621e+00
7.915180921554565430e-02
4.958448708057403564e-01
4.990193247795104980e-01
1.812185764312744141e+00
0.000000000000000000e+00
9.224436432123184204e-02
2.554143667221069336e+00
1.651248693466186523e+00
7.155473344027996063e-03
3.334296494722366333e-02
3.321126401424407959e-01
4.375951290130615234e-01
2.786539793014526367e-01
3.158041974529623985e-03
9.396175853908061981e-03
1.221250444650650024e-01
5.318318009376525879e-01
1.320425868034362793e+00
0.000000000000000000e+00
3.347584605216979980e-01
4.906620085239410400e-01
1.416625380516052246e-01
8.687974810600280762e-01
5.481977388262748718e-02
1.239329576492309570e-01
3.130321502685546875e+00
1.771903634071350098e+00
4.147963225841522217e-01
0.000000000000000000e+00
1.511773318052291870e-01
4.608468115329742432e-01
2.320706658065319061e-02
3.159919261932373047e+00
2.552897334098815918e-01
5.341106057167053223e-01
1.356907635927200317e-01
3.079014122486114502e-01
0.000000000000000000e+00
8.583365678787231445e-01
1.832197755575180054e-01
2.597851753234863281e+00
6.316621303558349609e-01
5.511804223060607910e-01
0.000000000000000000e+00
2.886365652084350586e-01
1.080207452178001404e-01
1.143965311348438263e-02
2.902537286281585693e-01
5.421855449676513672e-01
1.902396082878112793e-01
7.246792912483215332e-01
1.709679007530212402e+00
0.000000000000000000e+00
1.340640306472778320e+00
4.878880381584167480e-01
4.246218875050544739e-02
1.334490776062011719e+00
1.604172587394714355e-01
5.035849809646606445e-01
3.534913301467895508e+00
3.404489278793334961e+00
3.487455099821090698e-02
2.415471553802490234e+00
1.537714123725891113e+00
2.344971448183059692e-01
3.350899219512939453e-01
1.081530153751373291e-01
2.305995374917984009e-01
0.000000000000000000e+00
6.704317927360534668e-01
2.721203863620758057e-02
1.457175016403198242e-01
0.000000000000000000e+00
1.075382456183433533e-01
2.086204767227172852e+00
3.097218573093414307e-01
1.163756251335144043e-01
7.241501808166503906e-01
3.466883301734924316e-02
5.882013123482465744e-03
9.091939777135848999e-02
7.085451856255531311e-03
3.150430917739868164e-01
5.428437888622283936e-02
8.767178058624267578e-01
2.801852822303771973e-01
7.907261699438095093e-02
4.337658286094665527e-01
2.318695783615112305e+00
4.856441318988800049e-01
2.683998823165893555e+00
1.326328516006469727e+00
5.603889375925064087e-02
8.232256770133972168e-02
1.034999415278434753e-01
1.320768892765045166e-01
2.836776971817016602e-01
0.000000000000000000e+00
4.411220252513885498e-01
2.970278449356555939e-02
0.000000000000000000e+00
5.756953358650207520e-02
5.487802624702453613e-01
6.761980801820755005e-02
0.000000000000000000e+00
7.586065530776977539e-01
1.897179894149303436e-02
9.924793243408203125e-02
0.000000000000000000e+00
6.750612258911132812e-01
7.267283797264099121e-01
6.319491863250732422e-01
0.000000000000000000e+00
4.944111406803131104e-02
2.110922150313854218e-02
6.974428892135620117e-02
4.035320281982421875e-01
1.090874616056680679e-02
8.193585276603698730e-02
7.706413865089416504e-01
5.904428288340568542e-02
6.282099485397338867e-01
4.081000760197639465e-02
8.324937820434570312e-01
0.000000000000000000e+00
1.446414828300476074e+00
1.740478537976741791e-02
9.178400784730911255e-02
0.000000000000000000e+00
1.391775161027908325e-01
7.773813605308532715e-02
4.454535484313964844e+00
6.727164611220359802e-03
3.513159602880477905e-02
2.795110940933227539e-01
4.510748088359832764e-01
9.707736968994140625e-02
6.517087668180465698e-02
1.194013208150863647e-01
9.924780577421188354e-02
3.072057366371154785e-01
6.608610153198242188e-01
1.290466934442520142e-01
1.220889210700988770e+00
5.252072587609291077e-03
3.704134225845336914e-01
6.032075732946395874e-02
9.698807597160339355e-01
0.000000000000000000e+00
8.359240889549255371e-01
6.939034909009933472e-02
0.000000000000000000e+00
1.573770493268966675e-01
6.327498704195022583e-02
1.768235117197036743e-01
8.148006796836853027e-01
3.311488926410675049e-01
1.545206010341644287e-01
1.416972130537033081e-01
2.432387135922908783e-02
1.593709468841552734e+00
1.335960328578948975e-01
0.000000000000000000e+00
0.000000000000000000e+00
0.000000000000000000e+00
8.576774001121520996e-01
4.970534890890121460e-02
5.139556527137756348e-01
2.168044261634349823e-02
8.614390492439270020e-01
3.192672133445739746e-01
1.012990921735763550e-01
1.915984511375427246e+00
6.831076741218566895e-01
1.807792037725448608e-01
7.519641518592834473e-02
3.857563808560371399e-02
3.592132329940795898e-01
3.882403075695037842e-01
3.132452070713043213e-01
4.869356453418731689e-01
1.500963449478149414e+00
0.000000000000000000e+00
7.795085310935974121e-01
2.143089056015014648e+00
0.000000000000000000e+00
3.134961724281311035e-01
8.377179503440856934e-01
7.821415662765502930e-01
4.539623111486434937e-02
1.300860404968261719e+00
2.242567092180252075e-01
1.140145212411880493e-01
3.093854524195194244e-02
6.929140090942382812e-01
3.518652617931365967e-01
0.000000000000000000e+00
4.561510402709245682e-03
1.533266603946685791e-01
2.260128021240234375e+00
8.000969886779785156e-02
1.226624011993408203e+00
0.000000000000000000e+00
2.493796497583389282e-01
2.537620365619659424e-01
2.458226680755615234e-02
9.337106943130493164e-01
1.829790137708187103e-02
5.547467991709709167e-02
5.963395833969116211e-01
0.000000000000000000e+00
1.420601755380630493e-01
4.930820763111114502e-01
0.000000000000000000e+00
6.595093607902526855e-01
6.201650574803352356e-02
3.009390830993652344e-02
1.566081196069717407e-01
2.525476694107055664e+00
7.039800286293029785e-01
5.582235381007194519e-02
1.001977324485778809e-01
8.685003966093063354e-02
0.000000000000000000e+00
0.000000000000000000e+00
4.372943639755249023e-01
3.485464840196073055e-04
8.333457261323928833e-02
1.220777153968811035e+00
1.697807013988494873e-02
1.124462485313415527e-01
1.661838889122009277e+00
2.665089070796966553e-02
1.830196194350719452e-02
3.405299410223960876e-02
0.000000000000000000e+00
1.791369438171386719e+00
6.085438653826713562e-02
7.266390603035688400e-03
2.469995319843292236e-01
0.000000000000000000e+00
3.269398584961891174e-02
5.428273230791091919e-02
3.783792629837989807e-02
1.083295792341232300e-01
2.910383641719818115e-01
1.253153383731842041e-01
1.712008714675903320e-01
2.479121834039688110e-02
1.305442899465560913e-01
2.047497034072875977e-01
2.966846525669097900e-01
1.247761130332946777e+00
2.848135530948638916e-01
6.917208433151245117e-02
9.197918772697448730e-01
2.079531364142894745e-02
4.132451489567756653e-02
3.564701601862907410e-02
1.658954173326492310e-01
6.288379430770874023e-02
7.523584961891174316e-01
4.912438988685607910e-01
1.815893948078155518e-01
2.686336040496826172e-01
4.649617969989776611e-01
8.978749066591262817e-02
0.000000000000000000e+00
6.578360795974731445e-01
3.456961214542388916e-01
5.625533461570739746e-01
9.418728202581405640e-02
8.091909289360046387e-01
2.916834950447082520e-01
1.421964168548583984e+00
8.301976323127746582e-01
6.639109551906585693e-02
2.067693322896957397e-02
7.006593942642211914e-01
4.006349146366119385e-01
8.773756772279739380e-02
8.640172891318798065e-03
1.498605608940124512e-01
9.973742067813873291e-02
6.171062588691711426e-01
6.728087365627288818e-02
2.064063787460327148e+00
4.396911144256591797e+00
0.000000000000000000e+00
9.286261796951293945e-01
8.240220136940479279e-03
3.074871301651000977e-01
1.847048401832580566e-01
6.338348984718322754e-01
7.855243980884552002e-02
9.409194588661193848e-01
3.915701210498809814e-01
2.156259536743164062e+00
7.253937423229217529e-02
1.214301064610481262e-01
1.998649835586547852e-01
1.692913100123405457e-02
1.489068269729614258e-01
1.739014625549316406e+00
3.380367066711187363e-03
2.379680424928665161e-01
2.633322477340698242e+00
3.890603482723236084e-01
5.681819319725036621e-01
0.000000000000000000e+00
3.004574179649353027e-01
1.678672581911087036e-01
1.093049049377441406e+00
1.261760115623474121e+00
3.787724971771240234e-01
8.740697801113128662e-02
7.885408401489257812e-01
3.373858928680419922e-01
2.772877812385559082e-01
0.000000000000000000e+00
2.676770091056823730e-01
2.089961431920528412e-02
7.932189702987670898e-01
7.161874324083328247e-03
3.679182827472686768e-01
3.420633971691131592e-01
5.409001111984252930e-01
8.754817247390747070e-01
1.079308748245239258e+00
1.675229221582412720e-01
3.165679693222045898e+00
0.000000000000000000e+00
0.000000000000000000e+00
1.265672743320465088e-01
1.074141025543212891e+00
7.683804035186767578e-01
1.798679590225219727e+00
1.706011772155761719e+00
6.839071512222290039e-01
0.000000000000000000e+00
9.416088461875915527e-02
1.082715511322021484e+00
0.000000000000000000e+00
5.525165200233459473e-01
4.123975336551666260e-01
2.468149214982986450e-01
0.000000000000000000e+00
1.037361770868301392e-01
5.254648625850677490e-03
2.843131870031356812e-02
7.082292437553405762e-01
9.669139236211776733e-02
5.413054823875427246e-01
1.583386510610580444e-01
2.712688595056533813e-02
0.000000000000000000e+00
3.853245824575424194e-02
2.724928855895996094e+00
1.928961090743541718e-02
2.011720895767211914e+00
1.576616615056991577e-02
1.084763765335083008e+00
4.920578375458717346e-02
6.178319826722145081e-02
7.519004493951797485e-02
1.406977232545614243e-02
5.245941877365112305e-01
5.145705938339233398e-01
1.883096545934677124e-01
1.972112894058227539e+00
4.453975856304168701e-01
3.110655248165130615e-01
3.049040138721466064e-01
2.942005395889282227e+00
1.109489127993583679e-01
0.000000000000000000e+00
1.743262290954589844e+00
2.988353669643402100e-01
1.850190460681915283e-01
9.588845819234848022e-02
6.128740310668945312e-01
2.843217849731445312e-01
0.000000000000000000e+00
0.000000000000000000e+00
3.006582558155059814e-01
2.518071979284286499e-02
7.196944952011108398e-01
1.030380949378013611e-01
2.831928431987762451e-01
1.139641553163528442e-01
1.357595682144165039e+00
8.011667989194393158e-03
1.826702356338500977e-01
2.525703907012939453e+00
2.646565251052379608e-02
9.638541340827941895e-01
0.000000000000000000e+00
4.531475067138671875e+00
3.105351235717535019e-03
6.557112932205200195e-02
2.639172077178955078e-01
5.328080058097839355e-01
0.000000000000000000e+00
0.000000000000000000e+00
9.714200347661972046e-02
1.674517244100570679e-01
1.807657182216644287e-01
7.540223002433776855e-01
2.506076395511627197e-01
0.000000000000000000e+00
6.789537668228149414e-01
1.851430982351303101e-01
9.973602294921875000e-01
1.417057752609252930e+00
9.383776783943176270e-02
5.303449034690856934e-01
4.531279206275939941e-01
9.814710021018981934e-01
8.086690306663513184e-01
8.482460863888263702e-03
1.303282022476196289e+00
6.174784153699874878e-02
3.441345691680908203e-01
3.168122768402099609e-01
9.691818058490753174e-02
1.969934813678264618e-02
1.140825867652893066e+00
3.145493939518928528e-02
1.256571650505065918e+00
3.863069415092468262e-02
0.000000000000000000e+00
0.000000000000000000e+00
2.070427685976028442e-01
1.080953836441040039e+00
1.536856412887573242e+00
4.696115970611572266e+00
4.326272010803222656e-01
7.439633458852767944e-02
4.885047078132629395e-01
2.840911746025085449e-01
1.103988528251647949e+00
2.297298982739448547e-03
1.772428870201110840e+00
6.272936463356018066e-01
9.111801534891128540e-02
0.000000000000000000e+00
1.701003755442798138e-03
7.466562390327453613e-01
1.554074764251708984e+00
6.989781856536865234e-01
9.254146367311477661e-02
3.000838332809507847e-04
5.765049904584884644e-02
2.662202835083007812e+00
2.463166475296020508e+00
3.309846222400665283e-01
1.459172926843166351e-03
0.000000000000000000e+00
3.674601390957832336e-02
3.250147998332977295e-01
2.757431864738464355e-01
2.400952130556106567e-01
1.747818589210510254e+00
4.167859554290771484e-01
0.000000000000000000e+00
6.651278585195541382e-02
1.058404684066772461e+00
5.199112463742494583e-03
7.426089048385620117e-02
1.187548875808715820e+00
3.116106688976287842e-01
0.000000000000000000e+00
1.957319021224975586e+00
4.262362420558929443e-01
1.800104379653930664e-01
6.562967300415039062e-01
3.284534811973571777e-01
0.000000000000000000e+00
0.000000000000000000e+00
2.537424564361572266e-01
6.399972736835479736e-02
6.996438652276992798e-02
1.171019822359085083e-01
1.183731667697429657e-02
1.928333789110183716e-01
2.713594734668731689e-01
1.901317685842514038e-01
1.048998087644577026e-01
5.913158878684043884e-02
5.933507159352302551e-02
1.638828516006469727e-01
9.442052990198135376e-02
1.196881942451000214e-02
4.142755866050720215e-01
3.194240480661392212e-02
1.535978198051452637e+00
6.935627460479736328e-01
0.000000000000000000e+00
4.217995330691337585e-02
1.123825430870056152e+00
1.762652397155761719e+00
7.993301153182983398e-01
0.000000000000000000e+00
0.000000000000000000e+00
2.923094928264617920e-01
9.962684512138366699e-01
1.215247362852096558e-01
1.252853423357009888e-01
2.846157550811767578e-01
3.936987221240997314e-01
2.478794893249869347e-03
0.000000000000000000e+00
5.568861961364746094e-01
2.340470850467681885e-01
4.232816100120544434e-01
1.034457564353942871e+00
6.368401926010847092e-03
2.783611183986067772e-03
6.710650324821472168e-01
5.921688675880432129e-01
4.142186045646667480e-02
9.122022986412048340e-02
2.618150552734732628e-03
1.405139118432998657e-01
1.512543678283691406e+00
1.545548811554908752e-02
1.536438614130020142e-02
2.029286861419677734e+00
1.685724377632141113e+00
7.094644755125045776e-02
4.554536044597625732e-01
4.355121850967407227e-01
2.361244440078735352e+00
3.170907124876976013e-02
0.000000000000000000e+00
1.808279275894165039e+00
2.392298914492130280e-02
1.346357107162475586e+00
2.252784669399261475e-01
1.489422559738159180e+00
4.331258535385131836e-01
7.717803120613098145e-02
2.952133417129516602e+00
8.517500162124633789e-01
1.739067584276199341e-01
1.475269645452499390e-01
1.430646330118179321e-01
1.594072394073009491e-02
0.000000000000000000e+00
6.146947741508483887e-01
8.678860217332839966e-02
3.840483427047729492e-01
1.429129987955093384e-01
1.355648413300514221e-02
2.512359917163848877e-01
0.000000000000000000e+00
5.061317086219787598e-01
1.810694783926010132e-01
0.000000000000000000e+00
5.042791366577148438e-01
1.083394885063171387e+00
7.274289727210998535e-01
8.767097592353820801e-01
6.514233946800231934e-01
2.296725660562515259e-01
5.747417211532592773e-01
4.146777465939521790e-02
3.446652553975582123e-03
6.700320243835449219e-01
1.618669182062149048e-01
0.000000000000000000e+00
1.235087066888809204e-01
9.110457897186279297e-01
9.182295203208923340e-02
4.978189170360565186e-01
0.000000000000000000e+00
2.432926148176193237e-01
2.697637081146240234e+00
1.482500314712524414e+00
1.126374721527099609e+00
4.364890754222869873e-01
4.408329725265502930e-02
0.000000000000000000e+00
5.112113952636718750e-01
1.566570401191711426e-01
2.727486491203308105e-01
9.111025929450988770e-02
0.000000000000000000e+00
3.447484597563743591e-02
1.292512655258178711e+00
2.847203984856605530e-02
1.166959047317504883e+00
2.812912166118621826e-01
0.000000000000000000e+00
1.233493685722351074e-01
1.325464844703674316e-01
4.684439003467559814e-01
1.140282079577445984e-01
3.910021483898162842e-02
4.176547527313232422e-01
4.002655506134033203e+00
1.187608242034912109e+00
3.040252685546875000e+00
1.300958544015884399e-01
2.351409435272216797e+00
0.000000000000000000e+00
3.160834610462188721e-01
1.535048961639404297e+00
4.448720216751098633e-01
0.000000000000000000e+00
7.854031920433044434e-01
1.163785979151725769e-01
4.660146683454513550e-02
2.075617611408233643e-01
0.000000000000000000e+00
1.306760907173156738e-01
1.347160220146179199e+00
3.117052912712097168e-01
7.020092010498046875e-02
0.000000000000000000e+00
5.804625749588012695e-01
2.675311565399169922e-01
4.004336893558502197e-01
5.951706767082214355e-01
3.187261894345283508e-02
5.305279493331909180e-01
7.731508463621139526e-02
8.586882948875427246e-01
2.316901922225952148e+00
3.666318580508232117e-02
0.000000000000000000e+00
7.223572582006454468e-02
1.170527189970016479e-01
2.196718901395797729e-01
0.000000000000000000e+00
2.689246833324432373e-01
6.840617060661315918e-01
7.088799476623535156e-01
2.948272228240966797e-01
1.713865697383880615e-01
1.717691570520401001e-01
1.661311239004135132e-01
2.665786981582641602e+00
4.357672855257987976e-02
3.227284550666809082e-01
8.898185938596725464e-02
1.425949215888977051e+00
8.215745538473129272e-02
2.741501033306121826e-01
1.862860172986984253e-01
0.000000000000000000e+00
3.315654993057250977e-01
3.032926023006439209e-01
5.266726613044738770e-01
8.205667734146118164e-01
1.216272562742233276e-01
1.243032887578010559e-02
0.000000000000000000e+00
2.186944335699081421e-01
2.390822023153305054e-02
2.928103804588317871e-01
3.857039213180541992e-01
2.958083152770996094e-01
6.580165028572082520e-01
1.935488283634185791e-01
4.165643155574798584e-01
7.260350137948989868e-02
2.799712419509887695e-01
1.626764386892318726e-01
1.824169158935546875e-01
2.580377459526062012e-02
0.000000000000000000e+00
7.778020948171615601e-02
8.210556954145431519e-02
1.322918981313705444e-01
8.691307306289672852e-01
1.696201920509338379e+00
1.410919308662414551e+00
1.176546216011047363e+00
3.849450731649994850e-03
9.773958008736371994e-04
4.919352531433105469e-01
1.610685706138610840e+00
6.210967898368835449e-01
9.290271401405334473e-01
0.000000000000000000e+00
3.653094768524169922e-01
0.000000000000000000e+00
1.963750272989273071e-01
1.494818776845932007e-01
3.871630132198333740e-01
8.372700810432434082e-01
2.048270463943481445e+00
8.826085329055786133e-01
6.974238157272338867e-02
1.965565979480743408e-01
1.241298556327819824e+00
9.599955379962921143e-02
1.673756092786788940e-01
8.074930906295776367e-01
1.097092330455780029e-01
1.294783800840377808e-01
1.968014426529407501e-02
2.724389312788844109e-03
1.593420058488845825e-01
6.313682198524475098e-01
5.158946383744478226e-03
3.075622320175170898e-01
1.343008875846862793e+00
1.518911030143499374e-02
9.050505608320236206e-02
3.854941427707672119e-01
5.725396871566772461e-01
0.000000000000000000e+00
6.944702267646789551e-01
1.378951221704483032e-01
1.724468171596527100e-01
1.595977395772933960e-01
2.749636173248291016e-01
0.000000000000000000e+00
1.730117574334144592e-02
6.033053994178771973e-01
9.744504839181900024e-02
7.495684176683425903e-02
3.274179995059967041e-01
9.386666864156723022e-02
9.146974235773086548e-02
3.663013339973986149e-04
4.795146584510803223e-01
5.988389849662780762e-01
1.637909561395645142e-01
7.254865765571594238e-01
2.423775009810924530e-02
6.351377367973327637e-01
3.948128223419189453e-01
5.790638327598571777e-01
5.212912335991859436e-02
1.602804213762283325e-01
2.805998802185058594e+00
0.000000000000000000e+00
0.000000000000000000e+00
5.624458789825439453e-01
5.110754817724227905e-02
1.239846125245094299e-01
3.727599978446960449e-02
1.056992486119270325e-01
7.959410548210144043e-02
2.777733802795410156e-01
3.607212901115417480e-01
6.209989190101623535e-01
7.267606258392333984e-01
1.348409149795770645e-02
1.105550117790699005e-02
1.474362611770629883e-01
2.324112132191658020e-02
1.439472138881683350e-01
5.623590350151062012e-01
7.700245082378387451e-02
6.555321216583251953e-01
9.559389203786849976e-02
3.043934822082519531e+00
1.055067300796508789e+00
7.310649156570434570e-01
6.989211440086364746e-01
2.829162180423736572e-01
2.751663625240325928e-01
4.940056800842285156e-01
4.110864996910095215e-01
2.422717958688735962e-01
0.000000000000000000e+00
8.560917973518371582e-01
0.000000000000000000e+00
1.296632643789052963e-02
0.000000000000000000e+00
1.518838703632354736e-01
8.382752537727355957e-02
9.430921077728271484e-01
3.716177493333816528e-02
1.572641015052795410e+00
5.201488733291625977e-01
1.286196559667587280e-01
3.335442841053009033e-01
1.106671810150146484e+00
2.441515177488327026e-01
2.463115565478801727e-02
2.986992120742797852e+00
3.585367798805236816e-01
2.119327783584594727e-01
1.219593361020088196e-01
7.724172472953796387e-01
3.070623613893985748e-02
1.570279359817504883e+00
3.121319040656089783e-02
4.622759222984313965e-01
1.750889569520950317e-01
0.000000000000000000e+00
1.175370141863822937e-01
2.698774635791778564e-01
2.010068297386169434e-01
0.000000000000000000e+00
3.130516707897186279e-01
6.595853567123413086e-01
1.039218530058860779e-01
1.452300667762756348e+00
3.276756405830383301e-02
9.694389253854751587e-02
5.365862846374511719e-01
1.515338718891143799e-01
5.354382991790771484e-01
1.111033335328102112e-01
0.000000000000000000e+00
4.273441731929779053e-01
3.406619131565093994e-01
1.753745973110198975e-01
1.755085960030555725e-02
8.073178678750991821e-02
1.206302642822265625e+00
2.466938644647598267e-01
5.251295864582061768e-02
5.837840437889099121e-01
2.084308117628097534e-01
0.000000000000000000e+00
1.423525959253311157e-01
7.276532053947448730e-02
5.860335230827331543e-01
4.336062908172607422e+00
2.204825915396213531e-02
2.052987515926361084e-01
4.715181887149810791e-02
0.000000000000000000e+00
7.231935858726501465e-01
2.120606601238250732e-01
6.505057215690612793e-02
1.077217049896717072e-03
5.007524415850639343e-02
2.734639644622802734e-01
2.801492214202880859e-01
8.861736208200454712e-02
1.264593601226806641e-01
2.240610681474208832e-02
5.441768839955329895e-02
8.995337486267089844e-01
1.817039996385574341e-01
5.574749708175659180e-01
5.524572730064392090e-01
6.095015443861484528e-03
0.000000000000000000e+00
1.402461677789688110e-01
8.985522389411926270e-01
4.740152955055236816e-01
1.359230875968933105e+00
1.873603314161300659e-01
2.700298652052879333e-02
3.520621359348297119e-01
8.677523136138916016e-01
1.130156219005584717e-01
9.171215444803237915e-02
2.359287142753601074e-01
9.531013667583465576e-02
2.333607971668243408e-01
9.368844330310821533e-03
0.000000000000000000e+00
8.040756583213806152e-01
2.400645256042480469e+00
2.767316251993179321e-02
2.653430998325347900e-01
2.835723757743835449e-01
1.162490129470825195e+00
0.000000000000000000e+00
7.262816429138183594e-01
2.542430877685546875e+00
7.504898905754089355e-01
1.661869168281555176e+00
0.000000000000000000e+00
4.302441328763961792e-02
2.518465042114257812e+00
1.184872351586818695e-02
0.000000000000000000e+00
7.118116021156311035e-01
3.246237710118293762e-02
0.000000000000000000e+00
1.333421468734741211e-01
1.205726981163024902e+00
8.917703628540039062e-01
3.172430098056793213e-01
6.071971654891967773e-01
2.626065909862518311e-02
9.629347920417785645e-01
6.651028990745544434e-01
5.139140486717224121e-01
2.001467943191528320e+00
6.772325634956359863e-01
7.591453194618225098e-01
3.469629883766174316e-01
0.000000000000000000e+00
2.468462228775024414e+00
3.425328731536865234e+00
0.000000000000000000e+00
3.292524814605712891e-02
3.562339022755622864e-02
2.111116170883178711e+00
1.390495657920837402e+00
8.784392476081848145e-01
6.834261864423751831e-02
1.024224877357482910e+00
3.343308344483375549e-02
1.390995979309082031e-01
0.000000000000000000e+00
2.004708647727966309e-01
2.111461758613586426e-02
8.738011717796325684e-01
1.133237481117248535e+00
6.517172604799270630e-02
4.872301518917083740e-01
2.145630598068237305e+00
7.351027727127075195e-01
0.000000000000000000e+00
5.128879845142364502e-02
2.785904407501220703e-01
0.000000000000000000e+00
0.000000000000000000e+00
1.780022978782653809e-01
1.260415554046630859e+00
0.000000000000000000e+00
1.493047773838043213e-01
2.000733613967895508e+00
0.000000000000000000e+00
9.880621731281280518e-02
4.682302474975585938e-02
0.000000000000000000e+00
0.000000000000000000e+00
4.162752069532871246e-03
2.486645698547363281e+00
1.933690309524536133e-01
3.418566226959228516e+00
1.094905100762844086e-02
2.112373523414134979e-02
1.302541136741638184e+00
7.633702456951141357e-02
2.358743101358413696e-01
4.588601589202880859e-01
2.716188728809356689e-01
0.000000000000000000e+00
2.920315861701965332e-01
0.000000000000000000e+00
2.606151998043060303e-01
1.315887272357940674e-01
4.457221925258636475e-01
3.550711572170257568e-01
4.367725178599357605e-02
1.346250772476196289e-01
0.000000000000000000e+00
5.460699796676635742e-01
2.372524261474609375e+00
1.717675924301147461e-01
1.758209243416786194e-02
1.577840149402618408e-01
1.574396789073944092e-01
5.217245966196060181e-02
6.687200628221035004e-03
2.809694111347198486e-01
9.047465324401855469e-01
7.055600285530090332e-01
3.915901899337768555e+00
3.546331450343132019e-02
1.181013941764831543e+00
1.312222480773925781e+00
1.549414992332458496e-01
1.662649065256118774e-01
6.516887340694665909e-03
3.982382118701934814e-01
0.000000000000000000e+00
5.708026513457298279e-02
6.971673965454101562e-01
1.114950418472290039e+00
5.305170640349388123e-02
1.367942839860916138e-01
3.118105530738830566e-01
3.113905787467956543e-01
4.137069582939147949e-01
1.460446268320083618e-01
1.343449831008911133e+00
6.032282114028930664e-01
1.228919699788093567e-01
1.364706158638000488e-01
2.210138291120529175e-01
1.727012515068054199e+00
0.000000000000000000e+00
7.597565650939941406e-02
9.850529581308364868e-02
5.215932726860046387e-01
9.970774650573730469e-01
9.829883463680744171e-03
3.879534602165222168e-01
1.775182723999023438e+00
3.994095921516418457e-01
4.584643244743347168e-02
1.560853272676467896e-01
1.796199679374694824e-01
0.000000000000000000e+00
0.000000000000000000e+00
1.482874434441328049e-02
1.745407283306121826e-01
5.189462304115295410e-01
5.395622253417968750e-01
0.000000000000000000e+00
0.000000000000000000e+00
2.532007217407226562e+00
3.112685084342956543e-01
2.331333160400390625e-01
2.652970328927040100e-02
3.205636143684387207e-01
1.681132018566131592e-01
3.601761817932128906e+00
2.584502100944519043e-01
1.112384255975484848e-02
2.883380055427551270e-01
2.528018057346343994e-01
2.772243693470954895e-02
4.336796328425407410e-02
3.692862093448638916e-01
8.494580537080764771e-02
1.589889526367187500e-01
1.812773495912551880e-01
1.693613231182098389e-01
7.044480741024017334e-02
8.979479968547821045e-02
1.160805702209472656e+00
2.110934734344482422e+00
3.189022541046142578e-01
1.769536733627319336e-01
7.052367329597473145e-01
8.962088823318481445e-01
6.710243821144104004e-01
1.169138699769973755e-01
1.006026387214660645e+00
2.008033245801925659e-01
9.489952772855758667e-02
6.463344395160675049e-02
1.909789085388183594e+00
1.076053529977798462e-01
1.991423368453979492e-01
0.000000000000000000e+00
7.083289325237274170e-02
5.590247735381126404e-02
1.330509305000305176e+00
0.000000000000000000e+00
1.994682997465133667e-01
5.993553437292575836e-03
1.103386096656322479e-02
1.003599166870117188e-01
1.073455691337585449e+00
4.482240602374076843e-02
5.086451768875122070e-01
8.366441726684570312e-01
2.132094800472259521e-01
3.938219845294952393e-01
2.175876498222351074e-01
1.465338170528411865e-01
3.082817234098911285e-02
1.171903610229492188e-01
4.031680583953857422e+00
6.088665723800659180e-01
0.000000000000000000e+00
0.000000000000000000e+00
2.138414144515991211e+00
4.242479503154754639e-01
2.695320546627044678e-01
0.000000000000000000e+00
3.592791780829429626e-02
0.000000000000000000e+00
4.123378396034240723e-01
1.567830592393875122e-01
0.000000000000000000e+00
6.354668736457824707e-02
1.414641831070184708e-02
4.252703394740819931e-03
4.261612519621849060e-02
1.738506436347961426e+00
0.000000000000000000e+00
1.816518545150756836e+00
3.155753910541534424e-01
2.289529889822006226e-01
1.516693234443664551e+00
1.626534201204776764e-02
3.534108102321624756e-01
0.000000000000000000e+00
1.009908080101013184e+00
1.943823695182800293e+00
2.022929191589355469e+00
3.635100424289703369e-01
2.151568084955215454e-01
3.692598044872283936e-01
6.362448930740356445e-01
1.636667102575302124e-01
8.152218818664550781e+00
0.000000000000000000e+00
9.453213214874267578e-01
4.120290577411651611e-01
1.695664525032043457e-01
1.743108034133911133e-01
1.058052420616149902e+00
5.756907537579536438e-02
2.391321808099746704e-01
7.213900680653750896e-04
5.962765589356422424e-02
1.350882649421691895e+00
3.896677494049072266e-01
1.001858115196228027e-01
1.279977321624755859e+00
1.305755674839019775e-01
5.762248635292053223e-01
0.000000000000000000e+00
2.236629724502563477e-01
7.773122936487197876e-02
2.221799790859222412e-01
6.357073187828063965e-01
2.033730745315551758e+00
1.029455065727233887e+00
1.034717783331871033e-01
0.000000000000000000e+00
0.000000000000000000e+00
5.320774912834167480e-01
6.780039519071578979e-02
1.658760666847229004e+00
4.054093733429908752e-02
3.610598668456077576e-02
0.000000000000000000e+00
8.256804198026657104e-02
6.214655041694641113e-01
9.987698793411254883e-01
9.139599800109863281e-01
0.000000000000000000e+00
0.000000000000000000e+00
6.876716762781143188e-02
3.191880881786346436e-01
6.614777445793151855e-01
1.168024659156799316e+00
1.409569263458251953e+00
1.794197708368301392e-01
3.589872717857360840e-01
4.930866062641143799e-01
6.449539661407470703e-01
7.085939645767211914e-01
3.860346078872680664e-01
6.452139019966125488e-01
2.463607341051101685e-01
3.176625967025756836e-01
0.000000000000000000e+00
3.186380267143249512e-01
1.209325909614562988e+00
2.427373647689819336e+00
8.797075748443603516e-01
1.816597767174243927e-02
4.115751758217811584e-02
4.115611016750335693e-01
1.091706037521362305e+00
1.748731434345245361e-01
6.399083882570266724e-02
7.077460289001464844e-01
2.558536827564239502e-01
1.341939717531204224e-01
1.072268366813659668e+00
9.447760581970214844e-01
4.228678345680236816e-02
1.262101978063583374e-01
2.001276016235351562e-01
6.278295069932937622e-02
2.188018895685672760e-02
1.044615864753723145e+00
0.000000000000000000e+00
8.786124587059020996e-01
3.274742603302001953e+00
1.310548305511474609e+00
7.060158066451549530e-03
1.155236124992370605e+00
6.921933889389038086e-01
4.727601706981658936e-01
4.830735176801681519e-02
7.608983516693115234e-01
0.000000000000000000e+00
8.287425041198730469e-01
2.840031683444976807e-01
5.787827447056770325e-02
3.472992032766342163e-02
8.336979746818542480e-01
1.749852597713470459e-01
8.995479345321655273e-02
6.222720146179199219e-01
1.254120171070098877e-01
9.604116529226303101e-02
6.179928779602050781e-02
0.000000000000000000e+00
7.329020649194717407e-02
8.053278923034667969e-01
1.858766376972198486e-01
5.805764794349670410e-01
2.154698073863983154e-01
2.183736860752105713e-01
1.335102468729019165e-01
0.000000000000000000e+00
3.240959718823432922e-03
3.314173221588134766e-01
1.647434383630752563e-02
1.175880506634712219e-01
2.512800693511962891e-01
1.464896351099014282e-01
4.332429468631744385e-01
5.139945819973945618e-02
2.727653086185455322e-01
1.261125087738037109e+00
2.568734996020793915e-02
1.225598692893981934e+00
4.634056985378265381e-01
9.597858041524887085e-02
4.797554016113281250e-01
1.899585366249084473e+00
2.445819415152072906e-02
7.056342363357543945e-01
4.157155156135559082e-01
7.434076163917779922e-03
1.702468693256378174e-01
1.333473563194274902e+00
8.618354052305221558e-02
4.951021447777748108e-02
2.938891053199768066e-01
0.000000000000000000e+00
8.799689239822328091e-04
1.007227659225463867e+00
1.513277292251586914e-01
1.713055372238159180e+00
3.859505951404571533e-01
1.588588654994964600e-01
3.397497832775115967e-01
1.662680134177207947e-02
1.630564592778682709e-02
8.126210421323776245e-02
0.000000000000000000e+00
0.000000000000000000e+00
6.516593098640441895e-01
9.481809735298156738e-01
2.707175910472869873e-01
8.579555898904800415e-02
0.000000000000000000e+00
7.953147292137145996e-01
1.672388195991516113e+00
2.844572765752673149e-03
4.143504202365875244e-01
2.253898605704307556e-02
2.387551546096801758e+00
2.257439121603965759e-02
0.000000000000000000e+00
1.323213577270507812e+00
5.414313077926635742e-02
0.000000000000000000e+00
2.926133573055267334e-02
1.679276861250400543e-02
4.961878657341003418e-01
2.889723479747772217e-01
1.235908363014459610e-02
4.452666640281677246e-02
0.000000000000000000e+00
3.707671537995338440e-03
1.056476160883903503e-01
9.419236183166503906e-01
0.000000000000000000e+00
9.296085834503173828e-01
1.351666003465652466e-01
0.000000000000000000e+00
2.291403524577617645e-02
2.187003046274185181e-01
2.963618338108062744e-01
9.771063923835754395e-01
1.747183352708816528e-01
4.384135082364082336e-02
3.617169857025146484e-01
1.769048348069190979e-02
4.386972784996032715e-01
0.000000000000000000e+00
2.988562220707535744e-03
1.735540926456451416e-01
7.725296020507812500e-01
1.644773036241531372e-01
9.044814854860305786e-02
6.568654179573059082e-01
1.145260408520698547e-02
1.061161041259765625e+00
3.667956963181495667e-02
1.342127751559019089e-02
1.219687819480895996e+00
6.567263007164001465e-01
2.784802764654159546e-02
1.092866808176040649e-01
0.000000000000000000e+00
1.054565548896789551e+00
0.000000000000000000e+00
1.861372776329517365e-02
4.868836700916290283e-01
8.749819397926330566e-01
1.515514850616455078e-01
6.514976620674133301e-01
8.333286643028259277e-02
2.726313173770904541e-01
3.829957917332649231e-02
0.000000000000000000e+00
6.358426213264465332e-01
1.223018169403076172e+00
4.506726861000061035e-01
2.527712345123291016e+00
3.072791695594787598e-01
2.053641080856323242e-01
2.375898212194442749e-01
0.000000000000000000e+00
4.012935161590576172e-01
2.503417730331420898e-01
7.640361189842224121e-01
0.000000000000000000e+00
2.952933609485626221e-01
1.150015555322170258e-02
2.222353816032409668e-01
2.630584537982940674e-01
2.264292212203145027e-03
5.615821108222007751e-02
5.254696011543273926e-01
3.488844633102416992e-02
8.015053272247314453e-01
0.000000000000000000e+00
1.956058144569396973e+00
1.569131389260292053e-02
1.160294935107231140e-01
6.560240983963012695e-01
7.781387120485305786e-02
5.243861116468906403e-03
0.000000000000000000e+00
4.291345775127410889e-01
6.238285899162292480e-01
1.747763156890869141e-01
5.741226300597190857e-02
4.246948286890983582e-02
9.916940331459045410e-02
4.196151345968246460e-02
6.427317112684249878e-02
2.063628584146499634e-01
9.200493097305297852e-01
9.647741317749023438e-01
1.317432373762130737e-01
3.440796583890914917e-02
0.000000000000000000e+00
5.119827389717102051e-01
5.901312455534934998e-02
6.031924858689308167e-02
8.104645647108554840e-03
0.000000000000000000e+00
2.184637069702148438e+00
2.135518342256546021e-01
0.000000000000000000e+00
5.405298620462417603e-02
7.298144102096557617e-01
0.000000000000000000e+00
2.311210781335830688e-01
5.012733116745948792e-02
2.944937646389007568e-01
2.023731470108032227e-01
3.550905734300613403e-02
0.000000000000000000e+00
4.888452962040901184e-02
3.984030336141586304e-02
5.693279951810836792e-02
2.246070802211761475e-01
3.935045003890991211e-02
1.631641983985900879e+00
1.331485152244567871e+00
2.512011229991912842e-01
6.586118936538696289e-01
2.191940069198608398e+00
1.040528267621994019e-01
6.444833427667617798e-02
5.101558193564414978e-02
4.328595697879791260e-01
0.000000000000000000e+00
2.671742916107177734e+00
2.797014415264129639e-01
1.857219189405441284e-01
5.735926032066345215e-01
3.436364978551864624e-02
4.628253877162933350e-01
1.825299978256225586e+00
1.472458988428115845e-01
2.407982945442199707e-02
1.025043845176696777e+00
1.768759568221867085e-03
7.264673709869384766e-03
2.376700878143310547e+00
1.416621446609497070e+00
2.353492826223373413e-01
0.000000000000000000e+00
3.611078262329101562e+00
2.367159128189086914e+00
2.977619767189025879e-01
1.551554501056671143e-01
4.415071308612823486e-01
1.817841082811355591e-01
2.054948568344116211e+00
1.536194980144500732e-01
2.263482958078384399e-01
0.000000000000000000e+00
1.521467447280883789e+00
8.221937417984008789e-01
1.578101068735122681e-01
1.565863490104675293e-01
1.187584757804870605e+00
2.658846415579319000e-02
1.666228055953979492e+00
4.022467136383056641e-01
3.811112940311431885e-01
1.215654611587524414e-01
8.040699362754821777e-01
4.686985537409782410e-02
1.677928805351257324e+00
2.478228695690631866e-02
3.854760900139808655e-02
1.238036751747131348e+00
7.237394452095031738e-01
1.591377407312393188e-01
5.250391364097595215e-02
0.000000000000000000e+00
1.600911095738410950e-02
0.000000000000000000e+00
4.611837677657604218e-03
4.265072047710418701e-01
6.404480338096618652e-01
3.348075449466705322e-01
0.000000000000000000e+00
2.657037377357482910e-01
7.149519920349121094e-01
2.248279571533203125e+00
1.049288064241409302e-01
2.409934550523757935e-01
2.742058970034122467e-02
1.443483233451843262e-01
2.167835980653762817e-01
1.233350858092308044e-01
4.053173363208770752e-01
3.615787252783775330e-02
3.804546296596527100e-01
3.520198464393615723e-01
4.003919288516044617e-02
9.906054139137268066e-01
3.803661465644836426e-01
4.429179131984710693e-01
3.080813407897949219e+00
9.506868198513984680e-03
1.881096065044403076e-01
1.139950513839721680e+00
8.531031198799610138e-03
1.137318909168243408e-01
1.700632274150848389e-01
0.000000000000000000e+00
1.124600972980260849e-02
2.389624834060668945e+00
0.000000000000000000e+00
2.249066829681396484e+00
5.543688312172889709e-02
9.975056648254394531e-01
9.981901943683624268e-02
1.641287654638290405e-02
4.622822701930999756e-01
3.331797122955322266e-01
6.459937691688537598e-01
5.925734639167785645e-01
2.889799475669860840e-01
4.301288351416587830e-02
2.453222125768661499e-01
1.349014282226562500e+00
1.720937967300415039e+00
0.000000000000000000e+00
2.554397843778133392e-02
1.032937407493591309e+00
1.039535164833068848e+00
0.000000000000000000e+00
3.294081687927246094e-01
5.839647054672241211e-01
7.181723415851593018e-02
9.796144366264343262e-01
7.062510848045349121e-01
5.934938192367553711e-01
6.835038959980010986e-02
1.131519913673400879e+00
1.694831997156143188e-01
1.036905869841575623e-01
6.047890782356262207e-01
4.617505073547363281e-01
9.828467853367328644e-03
8.714374899864196777e-02
4.290579855442047119e-01
7.556214332580566406e-01
5.624024868011474609e-01
4.629642069339752197e-01
7.176700234413146973e-02
6.792002823203802109e-03
5.652390718460083008e-01
4.495320841670036316e-02
9.210601449012756348e-03
7.824805974960327148e-01
2.639929354190826416e-01
2.808353677392005920e-02
1.815556436777114868e-01
9.676684439182281494e-02
3.233482688665390015e-02
7.782969158142805099e-03
7.384480237960815430e-01
0.000000000000000000e+00
6.567896902561187744e-02
1.776925101876258850e-02
9.248501062393188477e-02
1.041168253868818283e-02
3.297045528888702393e-01
3.436971828341484070e-02
5.693242549896240234e-01
0.000000000000000000e+00
5.910036340355873108e-02
2.064272880554199219e+00
2.089159041643142700e-01
3.375522792339324951e-01
2.732679843902587891e-01
1.650045160204172134e-03
0.000000000000000000e+00
1.269711732864379883e+00
3.523324131965637207e-01
2.635225057601928711e-01
4.476445913314819336e-01
1.040461137890815735e-01
3.192105591297149658e-01
6.123571470379829407e-02
1.357359647750854492e+00
0.000000000000000000e+00
2.847154438495635986e-02
0.000000000000000000e+00
1.339311301708221436e-01
4.871728420257568359e-01
3.371051847934722900e-01
1.529105473309755325e-02
7.499260455369949341e-02
7.321760058403015137e-02
2.087000384926795959e-02
4.024219214916229248e-01
2.811222076416015625e-01
1.854488253593444824e-01
1.384273171424865723e-01
8.215253055095672607e-02
1.811392456293106079e-01
0.000000000000000000e+00
4.045060873031616211e-01
0.000000000000000000e+00
6.024684309959411621e-01
3.767164424061775208e-02
2.005780301988124847e-02
2.090019546449184418e-02
2.968050956726074219e+00
1.360822468996047974e-01
1.000932417809963226e-03
1.105022057890892029e-02
0.000000000000000000e+00
2.092209815979003906e+00
6.492194253951311111e-03
4.655750095844268799e-01
8.971850574016571045e-02
1.314606964588165283e-01
8.754455484449863434e-03
0.000000000000000000e+00
0.000000000000000000e+00
4.123761057853698730e-01
1.634339243173599243e-02
8.848373591899871826e-02
8.445239067077636719e-01
3.985288739204406738e-02
