1.113280188292264938e-02
9.087961167097091675e-03
3.600779473781585693e-01
3.595414459705352783e-01
1.478605251759290695e-02
3.041889369487762451e-01
7.194397449493408203e-01
7.529018819332122803e-02
1.650242447853088379e+00
1.570267677307128906e+00
0.000000000000000000e+00
1.226787641644477844e-01
0.000000000000000000e+00
1.123726144433021545e-01
9.884157776832580566e-01
3.877616524696350098e-01
4.910718500614166260e-01
6.234094873070716858e-02
0.000000000000000000e+00
4.187629818916320801e-01
5.883759260177612305e-01
4.450978711247444153e-02
8.450284367427229881e-04
0.000000000000000000e+00
0.000000000000000000e+00
1.871213167905807495e-01
1.029760599136352539e+00
0.000000000000000000e+00
6.583291888236999512e-01
1.078160200268030167e-02
2.870677471160888672e+00
0.000000000000000000e+00
1.607631891965866089e-01
1.660851091146469116e-01
0.000000000000000000e+00
3.203621208667755127e-01
7.552140206098556519e-02
3.178206980228424072e-01
2.088990248739719391e-02
4.175653159618377686e-01
7.237830162048339844e-01
1.021468415856361389e-01
6.519031524658203125e-02
2.609851837158203125e+00
1.075211614370346069e-01
1.995020732283592224e-02
0.000000000000000000e+00
0.000000000000000000e+00
0.000000000000000000e+00
5.304544791579246521e-02
3.190781548619270325e-02
1.640913635492324829e-01
5.009253323078155518e-02
2.567372284829616547e-02
0.000000000000000000e+00
0.000000000000000000e+00
0.000000000000000000e+00
2.443612515926361084e-01
1.149122357368469238e+00
6.224712729454040527e-01
3.475709676742553711e+00
8.090835213661193848e-01
1.491080284118652344e+00
1.760846227407455444e-01
3.706310689449310303e-01
1.893592178821563721e-01
1.040018558502197266e+00
4.010589599609375000e+00
6.627446971833705902e-03
0.000000000000000000e+00
2.206341981887817383e+00
8.631148338317871094e-01
0.000000000000000000e+00
3.999921083450317383e-01
1.981449127197265625e-01
2.984242439270019531e-01
5.383755564689636230e-01
2.765377610921859741e-02
4.338733196258544922e+00
1.851882599294185638e-02
4.403890371322631836e-01
2.642804682254791260e-01
3.298350423574447632e-02
1.559187173843383789e-01
2.189527511596679688e+00
2.055046796798706055e+00
4.564196616411209106e-02
5.971708893775939941e-02
3.420266807079315186e-01
3.674608014989644289e-04
8.119770884513854980e-01
4.000491648912429810e-02
2.797804959118366241e-02
9.269810467958450317e-02
0.000000000000000000e+00
1.368663180619478226e-02
1.337225794792175293e+00
6.270927786827087402e-01
3.446482494473457336e-02
9.006865620613098145e-01
2.303691580891609192e-03
5.772098898887634277e-01
1.514836788177490234e+00
4.916949272155761719e-01
0.000000000000000000e+00
7.392227649688720703e-01
8.015032112598419189e-02
5.670280754566192627e-02
2.168611735105514526e-01
1.009463977813720703e+01
0.000000000000000000e+00
1.232708811759948730e+00
6.483080983161926270e-01
1.156672358512878418e+00
4.962628781795501709e-01
1.869829297065734863e-01
8.689018338918685913e-02
0.000000000000000000e+00
0.000000000000000000e+00
6.558567751199007034e-03
9.003711342811584473e-01
1.040009140968322754e+00
4.370676279067993164e-01
5.345923453569412231e-02
8.178927004337310791e-02
5.996457859873771667e-02
4.774490296840667725e-01
2.398521602153778076e-01
6.984080374240875244e-02
3.424822092056274414e-01
2.144848704338073730e-01
8.902817964553833008e-03
2.690432034432888031e-02
6.106301546096801758e-01
7.572975158691406250e-01
1.381344720721244812e-02
1.557143807411193848e+00
1.257364749908447266e-01
2.870790958404541016e+00
5.352213382720947266e-01
1.753257215023040771e-01
1.968884825706481934e+00
6.840163469314575195e-02
3.155579566955566406e-01
1.119634602218866348e-02
0.000000000000000000e+00
7.055598776787519455e-03
1.838715225458145142e-01
2.459397166967391968e-01
1.101360283792018890e-02
1.344260096549987793e+00
4.501396324485540390e-03
1.842816732823848724e-02
1.415320336818695068e-01
5.225109457969665527e-01
0.000000000000000000e+00
7.707585394382476807e-02
1.496432423591613770e-01
0.000000000000000000e+00
2.828805446624755859e-01
1.132474839687347412e-01
5.000188946723937988e-01
4.067715108394622803e-01
3.842661380767822266e-01
1.519086211919784546e-01
2.120568037033081055e+00
0.000000000000000000e+00
8.138633519411087036e-02
3.782024383544921875e-01
8.157452940940856934e-01
0.000000000000000000e+00
1.203393004834651947e-02
2.468546330928802490e-01
6.164526566863059998e-02
3.625737130641937256e-02
6.007058620452880859e-01
9.839497506618499756e-02
1.843521557748317719e-02
1.084987521171569824e-01
3.729175925254821777e-01
3.882598876953125000e-01
1.712004184722900391e+00
1.453196644783020020e+00
1.194792747497558594e+00
1.340550021268427372e-03
4.762459695339202881e-01
5.614464879035949707e-01
1.238077040761709213e-02
1.640277057886123657e-01
4.478979408740997314e-01
0.000000000000000000e+00
1.593949855305254459e-04
9.901423454284667969e-01
4.440877437591552734e-01
7.941922172904014587e-03
2.002208679914474487e-01
3.429556190967559814e-01
3.148370087146759033e-01
1.324669867753982544e-01
2.181515246629714966e-01
0.000000000000000000e+00
3.805478513240814209e-01
8.550730347633361816e-02
5.758967399597167969e-01
2.114500850439071655e-02
4.858403280377388000e-02
2.239977754652500153e-02
1.574484705924987793e+00
1.518260091543197632e-01
3.143956065177917480e-01
2.281553149223327637e-01
0.000000000000000000e+00
1.063834428787231445e-01
2.019170969724655151e-01
0.000000000000000000e+00
1.318665221333503723e-02
3.408113121986389160e-01
5.546107515692710876e-02
1.967332959175109863e-01
0.000000000000000000e+00
6.706710457801818848e-01
4.446166753768920898e-01
1.350543141365051270e+00
4.862165078520774841e-02
5.235309898853302002e-02
8.796028047800064087e-02
7.165724784135818481e-02
7.144539058208465576e-02
3.871255218982696533e-01
3.126609623432159424e-01
1.728649064898490906e-02
0.000000000000000000e+00
8.682982623577117920e-02
7.072195410728454590e-02
4.580070376396179199e-01
1.990069150924682617e-01
2.235611677169799805e-01
2.107536792755126953e-02
4.941082000732421875e-02
4.864685982465744019e-02
8.077277988195419312e-02
2.521781995892524719e-02
2.697231620550155640e-02
7.230313029140233994e-03
0.000000000000000000e+00
7.113253474235534668e-01
3.313439339399337769e-02
4.361783340573310852e-02
8.469488471746444702e-02
1.175173372030258179e-01
1.266208738088607788e-01
2.580364048480987549e-01
3.097608089447021484e-01
1.542593091726303101e-01
0.000000000000000000e+00
1.798058487474918365e-02
3.403878509998321533e-01
7.180695980787277222e-02
8.744313120841979980e-01
0.000000000000000000e+00
9.261010587215423584e-02
1.005294442176818848e+00
1.278803348541259766e+00
3.381215631961822510e-01
3.234034180641174316e-01
0.000000000000000000e+00
0.000000000000000000e+00
3.664722144603729248e-01
1.377860188484191895e+00
1.935217343270778656e-02
1.430039405822753906e+00
5.988334119319915771e-02
6.657804548740386963e-02
4.207572042942047119e-01
9.235051274299621582e-02
2.901988625526428223e-01
0.000000000000000000e+00
5.145958438515663147e-02
2.097571134567260742e+00
0.000000000000000000e+00
0.000000000000000000e+00
3.157182037830352783e-02
0.000000000000000000e+00
1.401472836732864380e-01
0.000000000000000000e+00
1.478699564933776855e+00
2.735080011188983917e-02
5.353897809982299805e-01
6.014553070068359375e+00
2.433189190924167633e-03
1.496288061141967773e+00
0.000000000000000000e+00
9.986569732427597046e-02
2.978369295597076416e-01
2.359902113676071167e-01
7.195831537246704102e-01
0.000000000000000000e+00
3.182015419006347656e-01
2.845460083335638046e-03
1.061212643980979919e-01
4.048214107751846313e-02
8.239526301622390747e-02
6.698089838027954102e-02
4.208079725503921509e-02
3.302009105682373047e-01
1.562253758311271667e-02
7.416732311248779297e-01
0.000000000000000000e+00
2.781116217374801636e-02
0.000000000000000000e+00
0.000000000000000000e+00
1.118579268455505371e+00
4.580870270729064941e-01
8.747502416372299194e-02
0.000000000000000000e+00
4.988786205649375916e-02
8.397441506385803223e-01
8.339468389749526978e-02
0.000000000000000000e+00
3.655760884284973145e-01
2.757957763969898224e-02
4.388276338577270508e-01
4.767765104770660400e-01
0.000000000000000000e+00
1.785282790660858154e-02
8.460520505905151367e-01
7.739564031362533569e-02
4.831142127513885498e-01
9.667170792818069458e-02
7.464152574539184570e-01
8.665471076965332031e-01
2.835927307605743408e-01
2.679038643836975098e-01
1.187372684478759766e+00
9.028475284576416016e-01
0.000000000000000000e+00
4.611694514751434326e-01
6.978080421686172485e-02
6.822572946548461914e-01
2.988429665565490723e-01
0.000000000000000000e+00
4.863946437835693359e-01
5.066175013780593872e-02
6.282271351665258408e-03
1.226509809494018555e-01
0.000000000000000000e+00
6.309179961681365967e-02
7.932124286890029907e-02
1.244781613349914551e-01
0.000000000000000000e+00
1.981682896614074707e+00
4.924725592136383057e-01
1.185068607330322266e+00
0.000000000000000000e+00
1.796938478946685791e-01
8.609732985496520996e-02
1.443224400281906128e-01
9.545394033193588257e-02
6.607277393341064453e-01
0.000000000000000000e+00
7.405670881271362305e-01
2.921032905578613281e-01
2.363124340772628784e-01
2.811167796608060598e-04
7.097052931785583496e-01
4.053728580474853516e-01
2.840406656265258789e+00
3.924782872200012207e-01
1.277689822018146515e-02
1.878277771174907684e-02
7.871248126029968262e-01
1.473052054643630981e-01
5.053365975618362427e-02
8.316419124603271484e-01
2.436411567032337189e-02
5.543982237577438354e-02
1.811906993389129639e-01
3.901062160730361938e-02
1.658917427062988281e+00
3.067435920238494873e-01
2.059237658977508545e-01
6.266938686370849609e+00
6.499221324920654297e-01
8.096718043088912964e-02
1.566324949264526367e+00
2.066047489643096924e-01
1.948832161724567413e-02
2.655570507049560547e-01
5.647301673889160156e-01
3.142589330673217773e-01
6.428843736648559570e-02
4.115463495254516602e-01
1.680404841899871826e-01
0.000000000000000000e+00
7.317230701446533203e-01
1.482670426368713379e+00
2.944021522998809814e-01
0.000000000000000000e+00
0.000000000000000000e+00
6.832163035869598389e-02
4.323921203613281250e-01
9.067693948745727539e-01
7.612668871879577637e-01
7.792577743530273438e-01
7.605379819869995117e-02
2.661113739013671875e-01
1.358713358640670776e-01
1.801819205284118652e+00
4.272164404392242432e-01
2.081640809774398804e-01
1.333068758249282837e-01
0.000000000000000000e+00
1.287741661071777344e+00
0.000000000000000000e+00
2.038697719573974609e+00
2.352308034896850586e-01
2.220962345600128174e-01
7.104878425598144531e-01
1.840903460979461670e-01
7.133771777153015137e-01
1.912985444068908691e-01
1.199531912803649902e+00
4.585251212120056152e-01
2.401774823665618896e-01
8.090107440948486328e-01
2.674630880355834961e+00
4.095962047576904297e+00
2.949947416782379150e-01
6.055567264556884766e-01
3.252656459808349609e-01
4.121850013732910156e+00
7.066324949264526367e-01
5.566274642944335938e+00
1.034849524497985840e+00
4.494035616517066956e-02
3.061973333358764648e+00
1.274655103683471680e+00
0.000000000000000000e+00
3.457559049129486084e-01
7.449465990066528320e-02
2.101752609014511108e-01
4.448369890451431274e-02
1.076116412878036499e-02
1.061253428459167480e+00
3.410724401473999023e-01
1.805676221847534180e-01
5.403854250907897949e-01
8.933236449956893921e-02
1.517554372549057007e-01
4.955326318740844727e-01
5.369669198989868164e-01
3.449333310127258301e-01
4.908535480499267578e-01
0.000000000000000000e+00
4.359134733676910400e-01
2.404636859893798828e+00
5.453605577349662781e-02
7.435391098260879517e-02
9.777961373329162598e-01
1.487341076135635376e-01
3.927109017968177795e-02
5.815653800964355469e-01
8.669742383062839508e-03
1.608614772558212280e-01
2.727837860584259033e-02
4.237031638622283936e-01
4.418791532516479492e-01
4.497024416923522949e-02
2.677187556400895119e-03
1.473539590835571289e+00
3.542656078934669495e-02
5.943830609321594238e-01
0.000000000000000000e+00
5.291576981544494629e-01
1.333420872688293457e+00
1.429490327835083008e+00
2.177369296550750732e-01
6.401749849319458008e-01
6.669026613235473633e-01
2.986629307270050049e-02
2.597636543214321136e-02
1.078237313777208328e-02
1.039279103279113770e-01
2.073637008666992188e+00
8.265613913536071777e-01
1.307474263012409210e-02
4.983148276805877686e-01
1.490206122398376465e-01
2.265978574752807617e+00
3.055426180362701416e-01
4.421611130237579346e-02
1.356675624847412109e-01
1.139545440673828125e+00
2.887401878833770752e-01
0.000000000000000000e+00
4.637584835290908813e-02
0.000000000000000000e+00
1.507031679153442383e+00
5.758020281791687012e-02
3.027835115790367126e-02
0.000000000000000000e+00
0.000000000000000000e+00
1.349592357873916626e-01
0.000000000000000000e+00
1.354801893234252930e+00
1.174955591559410095e-01
2.721400558948516846e-01
0.000000000000000000e+00
7.142184376716613770e-01
6.530389189720153809e-02
6.593595147132873535e-01
3.650437295436859131e-01
1.487150341272354126e-01
1.588525623083114624e-01
1.444293022155761719e+00
7.959119230508804321e-02
1.016055107116699219e+00
2.736153841018676758e+00
5.486033856868743896e-02
1.783145405352115631e-02
1.248994588851928711e+00
9.946497678756713867e-01
5.322182923555374146e-02
2.505649812519550323e-02
0.000000000000000000e+00
2.153468370437622070e+00
6.494379788637161255e-02
0.000000000000000000e+00
3.437865972518920898e-01
2.654323279857635498e-01
0.000000000000000000e+00
7.223116159439086914e-01
2.859694480895996094e+00
2.297491282224655151e-01
9.052177071571350098e-01
6.674603559076786041e-03
4.533648118376731873e-02
5.638149976730346680e-01
2.630912363529205322e-01
5.608634650707244873e-02
8.172044157981872559e-02
2.577746510505676270e-01
1.317938208580017090e+00
1.039795950055122375e-01
2.093134075403213501e-02
3.318952918052673340e-01
8.523452281951904297e-01
2.834368944168090820e-01
0.000000000000000000e+00
7.700446844100952148e-01
1.962734240805730224e-04
4.019722342491149902e-02
1.206615924835205078e+00
0.000000000000000000e+00
4.640443995594978333e-02
2.380506396293640137e-01
4.818279445171356201e-01
0.000000000000000000e+00
1.004761364310979843e-02
2.318220734596252441e-01
9.400189518928527832e-01
7.976161688566207886e-02
1.038704156875610352e+00
1.136796951293945312e+00
0.000000000000000000e+00
2.348131872713565826e-02
1.646012067794799805e-02
0.000000000000000000e+00
0.000000000000000000e+00
0.000000000000000000e+00
4.716564118862152100e-01
4.741873145103454590e-01
0.000000000000000000e+00
0.000000000000000000e+00
2.164128720760345459e-01
1.293831318616867065e-01
0.000000000000000000e+00
1.173948943614959717e-01
3.360981494188308716e-02
8.281741738319396973e-01
1.563536562025547028e-02
1.280260737985372543e-02
6.777248978614807129e-01
3.916305303573608398e-01
0.000000000000000000e+00
2.249559760093688965e-02
0.000000000000000000e+00
3.660800168290734291e-03
5.454008281230926514e-02
2.634093724191188812e-02
1.402774006128311157e-01
0.000000000000000000e+00
0.000000000000000000e+00
1.295034289360046387e-01
4.436969757080078125e-02
2.810095436871051788e-02
4.823647812008857727e-02
1.146845817565917969e+00
4.491977989673614502e-01
5.160618424415588379e-01
5.175763368606567383e-02
1.393078267574310303e-01
1.875012665987014771e-01
3.101149559020996094e+00
9.516994953155517578e-01
6.154318153858184814e-02
7.248464226722717285e-02
8.847721852362155914e-03
6.047438383102416992e-01
2.952891774475574493e-02
6.056949123740196228e-02
5.857871845364570618e-02
6.148938089609146118e-02
7.937168329954147339e-02
1.988467723131179810e-01
3.002894878387451172e+00
7.713994011282920837e-03
0.000000000000000000e+00
3.091108985245227814e-02
4.288887977600097656e-01
2.173504233360290527e-02
2.111237645149230957e-01
1.727862805128097534e-01
2.730026608332991600e-04
1.003328442573547363e+00
3.817164182662963867e+00
3.698938190937042236e-01
1.224990248680114746e+00
9.182303398847579956e-02
3.106555202975869179e-03
4.582430422306060791e-02
3.507147729396820068e-01
1.266914725303649902e+00
0.000000000000000000e+00
2.974181175231933594e-01
5.013402551412582397e-02
0.000000000000000000e+00
2.729952812194824219e+00
8.082261085510253906e-01
0.000000000000000000e+00
1.538924723863601685e-01
1.703264191746711731e-02
1.512673050165176392e-01
3.656106069684028625e-02
3.334042429924011230e-01
4.541783928871154785e-01
5.291622877120971680e-02
1.286286562681198120e-01
1.067653894424438477e+00
9.061381220817565918e-02
2.324563451111316681e-02
0.000000000000000000e+00
2.254554033279418945e-01
1.737994909286499023e+00
2.499682307243347168e-01
6.324578523635864258e-01
0.000000000000000000e+00
5.796178579330444336e-01
4.539803564548492432e-01
2.043250322341918945e+00
2.074529170989990234e+00
0.000000000000000000e+00
1.282082051038742065e-01
0.000000000000000000e+00
0.000000000000000000e+00
1.328612685203552246e+00
1.742434054613113403e-01
1.738451719284057617e-01
1.624966502189636230e+00
6.366221606731414795e-02
8.698190795257687569e-04
3.179979622364044189e-01
3.437472507357597351e-02
2.165070027112960815e-01
2.754736840724945068e-01
1.199220940470695496e-01
7.675428390502929688e-01
1.523981094360351562e-01
4.580828547477722168e-01
1.282681375741958618e-01
0.000000000000000000e+00
1.011074066162109375e+00
1.213964670896530151e-01
7.470031380653381348e-01
0.000000000000000000e+00
3.214070796966552734e-01
1.543378710746765137e+00
5.556483268737792969e-01
1.402608007192611694e-01
2.814283072948455811e-01
6.631278395652770996e-01
4.151535034179687500e-01
1.075954213738441467e-01
0.000000000000000000e+00
7.909275591373443604e-02
4.910105466842651367e-02
5.578615888953208923e-02
1.672610789537429810e-01
3.217485919594764709e-02
3.116229534149169922e+00
2.321446418762207031e+00
4.499848559498786926e-02
7.879699766635894775e-02
4.661973193287849426e-02
0.000000000000000000e+00
1.192436888813972473e-01
0.000000000000000000e+00
5.249060988426208496e-01
4.666275978088378906e-01
6.031034979969263077e-03
2.742279469966888428e-01
4.646053612232208252e-01
6.613964587450027466e-02
5.143628716468811035e-01
5.037024617195129395e-01
2.161222249269485474e-01
8.540636301040649414e-02
2.982776761054992676e-01
8.879165649414062500e-01
1.699055545032024384e-02
4.494362976402044296e-03
0.000000000000000000e+00
2.246386744081974030e-02
0.000000000000000000e+00
1.041523098945617676e+00
4.066753089427947998e-01
1.673831939697265625e-01
4.089272022247314453e-01
1.450410038232803345e-01
3.233221471309661865e-01
4.269398152828216553e-01
0.000000000000000000e+00
2.025843411684036255e-01
1.321260571479797363e+00
5.810186266899108887e-02
0.000000000000000000e+00
1.467926204204559326e-01
6.931412220001220703e-02
8.565545827150344849e-02
1.800088956952095032e-02
2.417771339416503906e+00
1.325644403696060181e-01
7.574295252561569214e-02
1.014167666435241699e+00
4.991606175899505615e-01
0.000000000000000000e+00
2.533499002456665039e-01
1.866397447884082794e-02
2.416146360337734222e-02
1.222497876733541489e-02
4.068495631217956543e-01
6.464909315109252930e-01
4.348389506340026855e-01
3.589523583650588989e-02
1.224132254719734192e-01
0.000000000000000000e+00
3.655886054039001465e-01
1.118323951959609985e-02
2.089963436126708984e+00
3.116152763366699219e+00
1.391872912645339966e-01
1.277478456497192383e+00
0.000000000000000000e+00
3.147850558161735535e-02
1.601185649633407593e-01
1.724706143140792847e-01
0.000000000000000000e+00
1.006763777695596218e-03
0.000000000000000000e+00
1.359071016311645508e+00
1.443477869033813477e-01
3.845230489969253540e-02
1.035976529121398926e+00
1.650447249412536621e-01
3.762986361980438232e-01
1.845795810222625732e-01
2.101969480514526367e+00
1.113673329353332520e+00
2.948114573955535889e-01
1.412378996610641479e-01
3.423924446105957031e-01
4.092530608177185059e-01
2.682900428771972656e-01
5.324214324355125427e-02
7.917757630348205566e-01
6.074669072404503822e-04
4.966102242469787598e-01
2.049474567174911499e-01
1.402806192636489868e-01
2.083170693367719650e-03
4.649140313267707825e-02
6.361774355173110962e-02
8.194076418876647949e-01
0.000000000000000000e+00
1.312115669250488281e+00
2.641880214214324951e-01
3.523109853267669678e-02
3.914904296398162842e-01
1.959449425339698792e-02
1.649849414825439453e+00
2.955342829227447510e-01
5.941796302795410156e-01
2.094088077545166016e+00
0.000000000000000000e+00
0.000000000000000000e+00
8.206081986427307129e-01
1.309881955385208130e-01
1.868491023778915405e-01
7.061708569526672363e-01
6.382186710834503174e-02
4.932680726051330566e-01
1.708756550215184689e-03
8.563856594264507294e-03
7.140501141548156738e-01
1.835569441318511963e-01
1.266490221023559570e-01
1.280766278505325317e-01
2.932180883362889290e-03
3.222822844982147217e-01
4.501161724328994751e-02
0.000000000000000000e+00
0.000000000000000000e+00
0.000000000000000000e+00
6.751815676689147949e-01
9.361660480499267578e-01
2.513974346220493317e-02
0.000000000000000000e+00
3.372365236282348633e-02
1.066638231277465820e-01
2.636380672454833984e+00
2.368090450763702393e-01
1.065143942832946777e-01
0.000000000000000000e+00
1.636174321174621582e-01
1.912006549537181854e-02
1.623612828552722931e-02
5.755562707781791687e-02
2.996140718460083008e-01
0.000000000000000000e+00
1.182335495948791504e+00
1.611773014068603516e+00
5.607134699821472168e-01
1.639183610677719116e-01
0.000000000000000000e+00
0.000000000000000000e+00
1.178672671318054199e+00
4.751806706190109253e-02
6.151376962661743164e-01
1.020103812217712402e+00
3.888976871967315674e-01
7.515559792518615723e-01
3.753492832183837891e-01
3.087905645370483398e-01
6.837984919548034668e-02
6.047624349594116211e-02
9.707625955343246460e-02
3.712972402572631836e-01
0.000000000000000000e+00
1.091592192649841309e+00
2.393044717609882355e-02
1.817412525415420532e-01
1.357425749301910400e-01
6.625300049781799316e-01
2.676337957382202148e-01
7.394133806228637695e-01
9.686632454395294189e-02
0.000000000000000000e+00
4.853585362434387207e-01
3.770184144377708435e-02
1.011058568954467773e+00
1.798472106456756592e-01
1.115335896611213684e-01
1.815986633300781250e-01
8.917350769042968750e-01
0.000000000000000000e+00
9.293765574693679810e-02
4.318992495536804199e-01
7.716078758239746094e-01
2.449919655919075012e-02
1.887655109167098999e-01
6.319493651390075684e-01
2.774099633097648621e-02
9.011633694171905518e-02
0.000000000000000000e+00
3.098925352096557617e-01
5.516104698181152344e-01
9.896787814795970917e-03
2.172566950321197510e-01
2.760355770587921143e-01
3.940172493457794189e-02
3.487351834774017334e-01
8.363612741231918335e-02
7.162886112928390503e-02
8.052729070186614990e-02
1.608533859252929688e+00
4.755054786801338196e-02
7.279372215270996094e-01
2.499781101942062378e-01
2.204514503479003906e+00
1.134711131453514099e-02
8.531183600425720215e-01
1.363314408808946609e-02
2.476580254733562469e-02
8.232630789279937744e-02
1.054182425141334534e-01
1.886841952800750732e-01
2.552254311740398407e-02
2.673507690429687500e+00
2.190197855234146118e-01
9.669844061136245728e-02
2.617746964097023010e-02
3.460536524653434753e-02
2.334980815649032593e-01
2.455940395593643188e-01
1.825470447540283203e+00
1.054701805114746094e+00
2.794331014156341553e-01
1.145352572202682495e-01
1.716166920959949493e-02
3.261968493461608887e-01
3.138415217399597168e-01
6.057701110839843750e-01
1.321581602096557617e-01
1.201597526669502258e-01
4.359951019287109375e-01
1.719498872756958008e+00
2.860815286636352539e+00
7.047380805015563965e-01
2.243005037307739258e-01
4.865415990352630615e-01
1.794044077396392822e-01
1.071768775582313538e-01
4.911524653434753418e-01
1.412479579448699951e-01
1.731534361839294434e+00
8.981782793998718262e-01
1.010775845497846603e-02
2.199654653668403625e-02
6.055483222007751465e-01
1.053017854690551758e+00
1.178833544254302979e-01
1.889862418174743652e+00
4.832573235034942627e-03
1.550963614135980606e-02
1.399057388305664062e+00
0.000000000000000000e+00
4.393175840377807617e-01
5.075152963399887085e-02
1.378822792321443558e-02
1.587192863225936890e-01
4.018048644065856934e-01
3.594187498092651367e-01
2.375455200672149658e-01
1.129988767206668854e-02
1.535440981388092041e-01
2.799839496612548828e+00
1.819295287132263184e-01
1.881630718708038330e-02
1.142552793025970459e-01
7.378289103507995605e-02
3.057500123977661133e+00
2.483810484409332275e-01
0.000000000000000000e+00
8.036140352487564087e-02
5.265951156616210938e-01
9.061810374259948730e-01
2.394937425851821899e-01
2.041410446166992188e+00
7.096333056688308716e-02
2.860840409994125366e-02
1.076147984713315964e-02
2.417142689228057861e-01
6.750816106796264648e-01
1.280621290206909180e+00
3.320059776306152344e-01
0.000000000000000000e+00
1.680136084556579590e+00
5.221775770187377930e-01
1.895950883626937866e-01
2.041682451963424683e-01
3.698295354843139648e-01
5.227749794721603394e-02
0.000000000000000000e+00
1.106142476201057434e-01
4.069983586668968201e-02
7.899261713027954102e-01
1.522976160049438477e-01
1.404346078634262085e-01
4.128397703170776367e-01
1.546140462160110474e-01
1.749268770217895508e+00
2.054447978734970093e-01
2.743683522567152977e-03
1.941906511783599854e-01
1.700201183557510376e-01
2.619476020336151123e-01
5.056030154228210449e-01
2.476791888475418091e-01
2.056116424500942230e-02
2.390979528427124023e+00
6.440057754516601562e-01
0.000000000000000000e+00
2.278031222522258759e-02
2.497743070125579834e-01
1.798681169748306274e-02
4.049609899520874023e-01
1.352711319923400879e-01
1.998718261718750000e+00
3.060525655746459961e-01
1.646115779876708984e-01
2.050855197012424469e-02
7.548133134841918945e-01
2.427491694688796997e-01
4.685701057314872742e-02
4.915019035339355469e+00
0.000000000000000000e+00
6.455331295728683472e-02
3.270631432533264160e-01
0.000000000000000000e+00
3.111485578119754791e-02
0.000000000000000000e+00
3.865668773651123047e-01
5.624308809638023376e-02
1.759766489267349243e-01
1.135129630565643311e-01
3.902730718255043030e-02
2.238291949033737183e-01
0.000000000000000000e+00
1.845360249280929565e-01
1.440894901752471924e-01
0.000000000000000000e+00
3.381115794181823730e-01
6.806943416595458984e-01
0.000000000000000000e+00
1.161816567182540894e-01
2.215045452117919922e+00
3.450193107128143311e-01
2.347260266542434692e-01
0.000000000000000000e+00
2.089354395866394043e-02
4.731940925121307373e-01
1.238990306854248047e+00
1.046966433525085449e+00
9.157339334487915039e-01
4.809255897998809814e-02
1.596501469612121582e-01
4.667454957962036133e-01
2.418252229690551758e+00
2.262852340936660767e-02
1.277555674314498901e-01
9.947347640991210938e-01
1.934843778610229492e+00
1.263606548309326172e-01
2.349925190210342407e-01
0.000000000000000000e+00
1.122404783964157104e-01
2.503792047500610352e-01
1.801978945732116699e-01
4.463278055191040039e-01
0.000000000000000000e+00
6.753690540790557861e-03
1.000988006591796875e+00
1.022191569209098816e-01
3.725984990596771240e-01
0.000000000000000000e+00
3.086912333965301514e-01
5.571061745285987854e-02
2.392216175794601440e-01
1.585171073675155640e-01
1.230557709932327271e-01
7.738428115844726562e-01
2.683190405368804932e-01
2.412237167358398438e+00
4.899500682950019836e-02
3.041867256164550781e+00
0.000000000000000000e+00
1.247047066688537598e+00
0.000000000000000000e+00
2.752573788166046143e-01
2.391094207763671875e+00
7.223246246576309204e-02
7.160257548093795776e-03
1.984543353319168091e-01
4.652981460094451904e-02
1.683082059025764465e-02
4.526051580905914307e-01
0.000000000000000000e+00
4.281183481216430664e-01
1.131916880607604980e+00
1.973136216402053833e-01
0.000000000000000000e+00
4.058252871036529541e-01
9.306855499744415283e-03
1.197216939181089401e-02
1.841984391212463379e-01
1.264066219329833984e+00
1.944081783294677734e-01
6.149925664067268372e-02
6.052796244621276855e-01
9.056882858276367188e-01
1.623024977743625641e-02
7.450802624225616455e-02
3.953535556793212891e-01
2.825601212680339813e-02
1.276901364326477051e-01
2.020898163318634033e-01
4.502929281443357468e-03
1.146055907011032104e-01
1.010992899537086487e-01
5.743598937988281250e-02
5.494370684027671814e-02
8.126358985900878906e-01
0.000000000000000000e+00
5.027558207511901855e-01
8.054493665695190430e-01
3.299960866570472717e-02
1.241134852170944214e-02
5.789477229118347168e-01
1.639567911624908447e-01
1.398442625999450684e+00
2.694600582122802734e+00
2.704021893441677094e-02
0.000000000000000000e+00
7.645367980003356934e-01
2.731865346431732178e-01
2.440939426422119141e+00
1.110901832580566406e-01
2.926590740680694580e-01
4.235271364450454712e-03
8.773332834243774414e-02
6.321200728416442871e-01
1.453931629657745361e-01
2.292675338685512543e-02
8.712717145681381226e-02
6.218010783195495605e-01
4.076070189476013184e-01
1.967585831880569458e-01
4.111313819885253906e-01
1.390578895807266235e-01
1.977801769971847534e-01
5.227842181921005249e-02
7.784603536128997803e-02
3.077742457389831543e-02
0.000000000000000000e+00
7.318410873413085938e-01
1.403399258852005005e-01
5.046626925468444824e-02
8.279057741165161133e-01
6.692578196525573730e-01
1.654638499021530151e-01
7.319351434707641602e-01
3.778560459613800049e-01
0.000000000000000000e+00
2.438918203115463257e-01
2.481967024505138397e-02
1.067091897130012512e-01
6.840353012084960938e-01
2.906958460807800293e-01
1.296362187713384628e-02
0.000000000000000000e+00
0.000000000000000000e+00
2.921130955219268799e-01
5.394690856337547302e-02
1.103022322058677673e-01
7.608658075332641602e-01
4.335629940032958984e-01
2.549318969249725342e-02
0.000000000000000000e+00
1.999227106571197510e-01
3.904919624328613281e-01
2.977474629878997803e-01
1.039770096540451050e-01
5.711507797241210938e-01
4.518572390079498291e-01
1.115805879235267639e-01
7.319853454828262329e-02
1.262783706188201904e-01
9.961189031600952148e-01
4.701033979654312134e-02
1.197031326591968536e-02
5.132862329483032227e-01
5.460350308567285538e-03
2.052835561335086823e-02
0.000000000000000000e+00
1.091779232025146484e+00
0.000000000000000000e+00
1.226107589900493622e-03
1.133160069584846497e-01
4.107636511325836182e-01
2.253321930766105652e-02
1.134497404098510742e+00
1.726821996271610260e-02
1.628085523843765259e-01
7.316851019859313965e-01
1.142351999878883362e-01
1.124892830848693848e-01
4.534153342247009277e-01
2.660594582557678223e-01
0.000000000000000000e+00
1.247775554656982422e-02
5.929776653647422791e-02
6.213723868131637573e-02
1.313787996768951416e-01
4.868325889110565186e-01
0.000000000000000000e+00
0.000000000000000000e+00
8.870508521795272827e-02
0.000000000000000000e+00
6.313174962997436523e-02
0.000000000000000000e+00
7.920001447200775146e-02
5.622292519547045231e-04
4.817252159118652344e-01
6.982663273811340332e-02
2.144179791212081909e-01
2.324377596378326416e-01
0.000000000000000000e+00
6.269018054008483887e-01
2.745593525469303131e-02
5.600289106369018555e-01
5.793116521090269089e-03
4.592307209968566895e-01
2.277379989624023438e+00
0.000000000000000000e+00
0.000000000000000000e+00
5.012379214167594910e-02
2.952503561973571777e-01
5.550398826599121094e-01
8.915869891643524170e-02
1.928931623697280884e-01
7.612099647521972656e-01
5.632829666137695312e-01
1.375769972801208496e+00
0.000000000000000000e+00
8.768195509910583496e-01
1.482602596282958984e+00
3.754660487174987793e-01
1.699296012520790100e-02
9.653859734535217285e-01
8.300166726112365723e-01
1.274251937866210938e+00
5.660744011402130127e-02
2.651522159576416016e-01
2.864307463169097900e-01
5.186330080032348633e-01
0.000000000000000000e+00
4.180356860160827637e-02
8.200896531343460083e-02
1.260657161474227905e-01
4.692596942186355591e-02
2.957241833209991455e-01
6.781888604164123535e-01
2.786074578762054443e-02
2.263388782739639282e-02
1.066002622246742249e-01
7.228888869285583496e-01
1.984939128160476685e-01
2.144148111343383789e+00
0.000000000000000000e+00
4.264854788780212402e-01
7.605513185262680054e-02
1.837074905633926392e-01
3.498539328575134277e-01
7.367559671401977539e-01
1.439011693000793457e-01
1.068135276436805725e-01
4.476911574602127075e-02
5.054537057876586914e-01
1.015675306320190430e+00
1.798016428947448730e-01
1.377172619104385376e-01
3.648245707154273987e-02
4.166819527745246887e-02
2.851318717002868652e-01
1.456635259091854095e-02
1.451307177543640137e+00
1.861094236373901367e-01
0.000000000000000000e+00
4.752116203308105469e-01
3.736535310745239258e-01
9.539620280265808105e-01
9.205038659274578094e-04
0.000000000000000000e+00
7.080828547477722168e-01
1.087761521339416504e-01
2.193830162286758423e-02
3.588871061801910400e-01
2.451678514480590820e-01
2.144982814788818359e+00
4.987213611602783203e-01
3.448143899440765381e-01
8.833204209804534912e-02
2.569175958633422852e-01
6.833475083112716675e-03
1.912912577390670776e-01
1.051355838775634766e+00
4.167197048664093018e-01
6.446300745010375977e-01
5.774694085121154785e-01
1.144201755523681641e+00
2.883170247077941895e-01
0.000000000000000000e+00
5.043284893035888672e-01
1.026267051696777344e+00
1.000348478555679321e-01
0.000000000000000000e+00
1.226427704095840454e-01
7.646042108535766602e-02
5.796968340873718262e-01
9.089638292789459229e-02
2.181040644645690918e-01
2.800147831439971924e-01
8.865170925855636597e-02
1.196941174566745758e-02
2.923832833766937256e-01
2.883720099925994873e-01
8.996404409408569336e-01
5.610259175300598145e-01
2.329774945974349976e-01
2.249513566493988037e-02
2.675319015979766846e-01
1.549394369125366211e+00
2.616945207118988037e-01
3.772639036178588867e-01
7.396021485328674316e-02
0.000000000000000000e+00
8.126947879791259766e-01
4.882726352661848068e-04
3.608131706714630127e-01
1.591639518737792969e-01
2.688448131084442139e-01
3.063705563545227051e-01
7.959571667015552521e-03
6.855307519435882568e-02
2.028085142374038696e-01
1.135943174362182617e+00
0.000000000000000000e+00
5.838239789009094238e-01
0.000000000000000000e+00
1.148308515548706055e-01
0.000000000000000000e+00
1.769309401512145996e+00
2.123833417892456055e+00
2.960590600967407227e+00
8.779226243495941162e-02
0.000000000000000000e+00
1.517688781023025513e-01
1.267367005348205566e+00
7.354652136564254761e-02
3.749807178974151611e-01
1.417975574731826782e-01
8.609412610530853271e-02
2.028421871364116669e-02
5.317064523696899414e-01
2.543618083000183105e-01
2.602910101413726807e-01
0.000000000000000000e+00
4.314023017883300781e+00
1.865062862634658813e-01
2.638068914413452148e+00
4.475226998329162598e-02
1.062434792518615723e+00
3.692974150180816650e-01
0.000000000000000000e+00
3.371267616748809814e-01
1.332856118679046631e-01
3.759165108203887939e-01
1.149070739746093750e+00
1.074007987976074219e+00
9.256074577569961548e-02
3.866724669933319092e-01
0.000000000000000000e+00
1.433468818664550781e+00
1.400037050247192383e+00
1.921587586402893066e-01
3.618207573890686035e-02
6.981477737426757812e-01
1.001553833484649658e-01
3.767421722412109375e+00
2.892027422785758972e-02
3.550534248352050781e-01
4.941839724779129028e-02
1.425911039113998413e-01
6.681834459304809570e-01
2.642335295677185059e-01
4.159076884388923645e-02
3.733691573143005371e-02
5.972782969474792480e-01
1.055978775024414062e+00
6.765784230083227158e-03
1.922052800655364990e-01
1.208441033959388733e-01
4.399048984050750732e-01
9.421388506889343262e-01
1.580285549163818359e+00
0.000000000000000000e+00
9.031711518764495850e-02
2.603812813758850098e-01
0.000000000000000000e+00
2.632953822612762451e-01
3.665974829345941544e-03
1.419645547866821289e-01
1.617265790700912476e-01
3.054099343717098236e-02
2.936536550521850586e+00
2.414003849029541016e+00
1.248913764953613281e+00
1.350258141756057739e-01
3.576694726943969727e-01
3.681814908981323242e+00
6.468297839164733887e-01
8.581590838730335236e-03
1.103512763977050781e+00
5.589853525161743164e-01
6.148573756217956543e-02
1.007042899727821350e-01
1.455378383398056030e-01
7.844822108745574951e-02
0.000000000000000000e+00
2.753894805908203125e+00
0.000000000000000000e+00
0.000000000000000000e+00
2.154532521963119507e-01
9.861221909523010254e-01
2.966430187225341797e-01
9.936192631721496582e-02
2.986980974674224854e-02
2.132177203893661499e-01
4.508856311440467834e-02
1.352360397577285767e-01
0.000000000000000000e+00
0.000000000000000000e+00
6.695721298456192017e-02
7.452194392681121826e-02
0.000000000000000000e+00
3.507961750030517578e+00
0.000000000000000000e+00
6.207156777381896973e-01
6.428114175796508789e-01
0.000000000000000000e+00
1.468974649906158447e-01
4.938509762287139893e-01
1.092404574155807495e-01
1.028276160359382629e-01
0.000000000000000000e+00
5.521675199270248413e-02
0.000000000000000000e+00
7.372242957353591919e-02
2.189831808209419250e-02
1.241939425468444824e+00
1.665886640548706055e-01
0.000000000000000000e+00
7.732683327049016953e-03
1.267779171466827393e-01
3.147725462913513184e-01
1.172416925430297852e+00
2.384297102689743042e-01
1.368084996938705444e-01
1.335927695035934448e-01
3.319758176803588867e-01
0.000000000000000000e+00
6.361591815948486328e-01
8.002205491065979004e-01
4.144836962223052979e-02
2.492536306381225586e-01
1.853289455175399780e-01
1.059496879577636719e+00
4.774007946252822876e-02
0.000000000000000000e+00
2.828557789325714111e-01
1.467980593442916870e-01
0.000000000000000000e+00
6.439003348350524902e-01
1.351455211639404297e+00
6.819311380386352539e-01
2.697382569313049316e-01
8.291350305080413818e-02
0.000000000000000000e+00
0.000000000000000000e+00
1.372631311416625977e+00
2.404982447624206543e-01
5.995410308241844177e-02
1.341183185577392578e-01
9.810475166887044907e-04
0.000000000000000000e+00
2.059469461441040039e+00
1.705714687705039978e-02
0.000000000000000000e+00
1.434441059827804565e-01
1.458885788917541504e+00
5.734843611717224121e-01
0.000000000000000000e+00
2.290705591440200806e-01
5.547538399696350098e-01
2.156871184706687927e-02
3.205390274524688721e-02
0.000000000000000000e+00
8.376558311283588409e-03
0.000000000000000000e+00
2.949261665344238281e-01
1.945683956146240234e+00
5.464782193303108215e-02
3.602148965001106262e-02
1.699910640716552734e+00
1.060071349143981934e+00
1.248960867524147034e-01
1.380737900733947754e+00
1.569304585456848145e+00
5.999622866511344910e-02
1.553384214639663696e-01
1.566790044307708740e-01
5.130668170750141144e-03
1.339444041252136230e+00
8.706195354461669922e-01
3.073559403419494629e-01
6.489587016403675079e-03
1.191494703292846680e+00
7.761708498001098633e-01
1.209718436002731323e-01
1.303322672843933105e+00
3.536521494388580322e-01
1.899874955415725708e-01
0.000000000000000000e+00
1.884866207838058472e-01
1.800007303245365620e-03
9.204838871955871582e-01
9.449571967124938965e-01
4.990696907043457031e-01
3.957915902137756348e-01
2.280247509479522705e-01
1.459840238094329834e-01
4.456391930580139160e-01
4.239335283637046814e-02
2.711428165435791016e+00
3.010265827178955078e-01
0.000000000000000000e+00
3.941588103771209717e-01
3.913098573684692383e-01
4.282028079032897949e-01
2.853868901729583740e-02
4.587480053305625916e-02
9.627901911735534668e-01
2.729486860334873199e-02
2.977751940488815308e-02
6.835568547248840332e-01
4.957398399710655212e-03
0.000000000000000000e+00
2.779448963701725006e-02
0.000000000000000000e+00
0.000000000000000000e+00
2.769130766391754150e-01
2.904237620532512665e-02
1.204883009195327759e-01
1.260948181152343750e-01
1.545049548149108887e-01
1.328563451766967773e+00
2.476195432245731354e-02
6.829274892807006836e-01
1.389855146408081055e-02
9.241766929626464844e-01
1.577083945274353027e+00
1.226017236709594727e+00
0.000000000000000000e+00
7.736538648605346680e-01
4.013204872608184814e-01
3.854881599545478821e-02
1.925601601600646973e+00
3.425229191780090332e-01
0.000000000000000000e+00
1.543785572052001953e+00
3.600527048110961914e+00
4.801681041717529297e-01
2.363042682409286499e-01
4.522745907306671143e-01
1.414881646633148193e-02
8.589993417263031006e-02
3.861952424049377441e-01
1.800745129585266113e-01
1.592127442359924316e+00
3.225075006484985352e-01
1.276101469993591309e-01
1.794907689094543457e+00
4.562905728816986084e-01
1.084424972534179688e+00
3.459960222244262695e-02
4.863559827208518982e-02
1.373297721147537231e-01
0.000000000000000000e+00
9.383677244186401367e-01
2.343643605709075928e-01
2.212753742933273315e-01
3.654646128416061401e-02
1.651457995176315308e-01
1.279174163937568665e-02
2.868000984191894531e+00
3.590087890625000000e-01
6.845038384199142456e-02
1.441592629998922348e-02
3.899756819009780884e-02
2.089707553386688232e-01
4.349178075790405273e-02
9.989563375711441040e-03
2.588756084442138672e-01
0.000000000000000000e+00
3.481951355934143066e-02
0.000000000000000000e+00
0.000000000000000000e+00
7.079071998596191406e-01
2.675485312938690186e-01
1.208328604698181152e-01
0.000000000000000000e+00
5.011574029922485352e-01
5.452409982681274414e-01
5.663167312741279602e-02
1.251621991395950317e-01
2.134478092193603516e+00
1.863271743059158325e-01
1.100467368960380554e-01
5.835239216685295105e-02
1.738442778587341309e-01
1.733016014099121094e+00
2.666419744491577148e-01
9.821569323539733887e-01
7.205022573471069336e-01
9.430630803108215332e-01
3.192298114299774170e-02
5.915737748146057129e-01
3.593477606773376465e-01
2.208996564149856567e-01
2.468231320381164551e-01
7.956932783126831055e-01
0.000000000000000000e+00
5.946668386459350586e-01
9.651492536067962646e-02
1.910359859466552734e+00
3.381835818290710449e-01
4.736779257655143738e-02
1.781940609216690063e-01
5.793651193380355835e-02
7.201310992240905762e-01
1.055869087576866150e-01
1.325103640556335449e-01
0.000000000000000000e+00
1.449071288108825684e+00
1.784075498580932617e-01
9.622914791107177734e-01
0.000000000000000000e+00
8.760751783847808838e-02
1.206693612039089203e-02
4.257954955101013184e-01
6.321272850036621094e-01
2.077510654926300049e-01
2.067169249057769775e-01
0.000000000000000000e+00
0.000000000000000000e+00
1.110642313957214355e+00
0.000000000000000000e+00
9.961064159870147705e-02
1.120171844959259033e-01
1.745030134916305542e-01
7.292411476373672485e-02
0.000000000000000000e+00
4.611641168594360352e-02
0.000000000000000000e+00
0.000000000000000000e+00
2.339545339345932007e-01
2.540679931640625000e+00
0.000000000000000000e+00
1.915915012359619141e+00
4.765615165233612061e-01
2.473664581775665283e-01
1.760555990040302277e-02
2.474261261522769928e-02
2.921001054346561432e-02
2.648956775665283203e-01
1.546009182929992676e-01
2.964752614498138428e-01
1.739119142293930054e-01
0.000000000000000000e+00
5.304719805717468262e-01
2.352933287620544434e-01
6.275707483291625977e-02
2.230184316635131836e+00
8.445415645837783813e-02
0.000000000000000000e+00
4.551690518856048584e-01
3.067155741155147552e-02
7.556226849555969238e-01
3.567565679550170898e-01
0.000000000000000000e+00
1.014396455138921738e-02
4.318395256996154785e-01
1.054276595823466778e-03
2.783603072166442871e-01
3.391511365771293640e-02
4.493267834186553955e-02
4.567458853125572205e-02
2.524561882019042969e-01
5.245771259069442749e-02
0.000000000000000000e+00
1.645193934440612793e+00
3.953841328620910645e-02
2.619056463241577148e+00
5.471188426017761230e-01
0.000000000000000000e+00
4.132283926010131836e-01
1.267148368060588837e-02
4.741732478141784668e-01
6.709488481283187866e-02
2.261388115584850311e-03
8.482916280627250671e-03
4.301338195800781250e-01
1.435597181320190430e+00
5.638290941715240479e-02
7.835540771484375000e-01
1.270656436681747437e-01
8.565203547477722168e-01
2.114709138870239258e+00
0.000000000000000000e+00
2.057413756847381592e-02
4.678988456726074219e-02
1.541278481483459473e+00
0.000000000000000000e+00
2.455996274948120117e-01
4.952722787857055664e-01
5.447772741317749023e-01
4.787576198577880859e-01
6.769037842750549316e-01
3.118982613086700439e-01
2.420106977224349976e-01
1.010202050209045410e+00
6.329308263957500458e-03
2.677608728408813477e-01
0.000000000000000000e+00
5.922389402985572815e-02
3.779796659946441650e-01
8.368616104125976562e-01
1.771876215934753418e-01
3.507046699523925781e-01
7.543672621250152588e-02
1.724037677049636841e-01
3.296562433242797852e-01
2.209040150046348572e-02
2.833755612373352051e-01
1.334423273801803589e-01
4.935745000839233398e-01
1.908364742994308472e-01
4.349010884761810303e-01
2.531867101788520813e-02
1.881297379732131958e-01
7.720716297626495361e-03
2.139884084463119507e-01
1.861780136823654175e-01
3.180390596389770508e-01
5.308713316917419434e-01
8.045226335525512695e-02
2.263776779174804688e+00
5.166776478290557861e-02
2.659581601619720459e-01
2.470689862966537476e-01
0.000000000000000000e+00
6.954647898674011230e-01
2.739173173904418945e+00
0.000000000000000000e+00
7.998089194297790527e-01
1.814673244953155518e-01
3.478831350803375244e-01
6.788383424282073975e-02
3.906104564666748047e-01
0.000000000000000000e+00
1.796068787574768066e+00
9.313722848892211914e-01
4.482647031545639038e-02
3.458756804466247559e-01
2.751553654670715332e-01
9.920151531696319580e-02
0.000000000000000000e+00
1.508634835481643677e-01
2.758917808532714844e-01
6.475021839141845703e-01
3.000825166702270508e+00
7.813227176666259766e-02
6.789188981056213379e-01
1.351312249898910522e-01
6.412634849548339844e-01
1.236852854490280151e-01
1.008263789117336273e-03
2.848882675170898438e+00
2.045040391385555267e-02
6.043394207954406738e-01
0.000000000000000000e+00
6.833212822675704956e-02
2.631061375141143799e-01
5.874166637659072876e-02
3.552704751491546631e-01
1.118445023894309998e-01
0.000000000000000000e+00
2.638073444366455078e+00
2.127698957920074463e-01
3.164880752563476562e+00
1.206223368644714355e-01
3.784858062863349915e-02
7.894610166549682617e-01
1.397307991981506348e+00
7.554402947425842285e-02
8.545351773500442505e-02
2.625476568937301636e-02
3.625327646732330322e-01
3.669302761554718018e-01
1.853620052337646484e+00
1.774918437004089355e-01
3.911532461643218994e-01
4.628757536411285400e-01
4.514119625091552734e-01
6.884460896253585815e-02
2.013816684484481812e-01
4.775948524475097656e-01
2.346401102840900421e-03
5.762122869491577148e-01
4.889031872153282166e-03
1.129206642508506775e-01
9.668994694948196411e-02
7.249123454093933105e-01
2.712592482566833496e-01
1.916753053665161133e-01
6.608495712280273438e-01
5.053400993347167969e-01
0.000000000000000000e+00
4.230207204818725586e-01
2.648781538009643555e-01
0.000000000000000000e+00
4.758944734930992126e-02
0.000000000000000000e+00
1.015539884567260742e+00
1.120679616928100586e+00
3.183226287364959717e-01
0.000000000000000000e+00
1.069858968257904053e-01
1.306182146072387695e-01
3.554550111293792725e-01
8.880847692489624023e-02
8.233495801687240601e-02
8.249338865280151367e-01
2.174340009689331055e+00
1.878587156534194946e-02
2.085402607917785645e-02
1.462279677391052246e+00
3.323414549231529236e-02
7.768463343381881714e-03
1.475466135889291763e-02
1.689676046371459961e-01
0.000000000000000000e+00
2.088048309087753296e-02
1.257804315537214279e-02
2.806796878576278687e-02
1.289353054016828537e-02
1.669490784406661987e-01
1.325165629386901855e-01
8.749900460243225098e-01
4.249505698680877686e-02
0.000000000000000000e+00
1.640911698341369629e+00
4.377140998840332031e-01
1.472113132476806641e-01
4.678725004196166992e-01
7.730766534805297852e-01
1.064382910728454590e+00
3.872292935848236084e-01
5.066513538360595703e+00
2.506415128707885742e+00
2.489497065544128418e-01
6.018412113189697266e-01
0.000000000000000000e+00
1.088582873344421387e+00
2.944280803203582764e-01
3.254905343055725098e-01
4.709728062152862549e-01
2.053903490304946899e-01
2.134495019912719727e+00
2.720597684383392334e-01
2.262583971023559570e-01
5.765711069107055664e-01
1.631187081336975098e+00
1.067057847976684570e+00
0.000000000000000000e+00
2.068516612052917480e-01
4.614085424691438675e-03
4.898113608360290527e-01
8.049662709236145020e-01
5.029932260513305664e-01
1.264302730560302734e-01
5.852043032646179199e-01
1.077567785978317261e-02
1.004049554467201233e-02
6.349299550056457520e-01
7.503761649131774902e-01
3.934293389320373535e-01
1.903599351644515991e-01
6.026917602866888046e-03
8.996329270303249359e-03
5.892525911331176758e-01
3.099404573440551758e-01
3.510949611663818359e-01
0.000000000000000000e+00
1.956270262598991394e-02
1.028354093432426453e-01
2.808293700218200684e-01
7.414885759353637695e-01
1.010444402694702148e+00
2.562306523323059082e-01
6.228195428848266602e-01
2.381852595135569572e-03
2.701764404773712158e-01
1.060605943202972412e-01
5.466732382774353027e-02
9.193757176399230957e-02
2.030552625656127930e-01
1.247659251093864441e-01
7.367821037769317627e-02
1.337389469146728516e+00
3.499424317851662636e-03
2.081102281808853149e-01
1.265857338905334473e+00
1.807237714529037476e-01
5.130645036697387695e-01
5.731433033943176270e-01
3.407416045665740967e-01
5.458618402481079102e-01
1.817949712276458740e-01
1.385168880224227905e-01
3.980979025363922119e-01
3.369740009307861328e+00
1.389360427856445312e-01
1.683322668075561523e+00
2.659105062484741211e-01
1.951046705245971680e+00
1.704504787921905518e-01
3.128513097763061523e-01
2.541329339146614075e-02
4.590734243392944336e-01
2.587692067027091980e-02
3.116440773010253906e-01
1.009172558784484863e+00
2.916989102959632874e-02
1.734675616025924683e-01
3.230154141783714294e-02
0.000000000000000000e+00
1.112163811922073364e-01
4.077085852622985840e-01
7.500858977437019348e-03
4.923329651355743408e-01
2.486822661012411118e-03
1.987558454275131226e-01
1.080936715006828308e-01
2.425785779953002930e+00
1.362963318824768066e-01
1.650919765233993530e-01
0.000000000000000000e+00
3.479936346411705017e-02
1.721675693988800049e-01
1.035661339759826660e+00
5.930213630199432373e-02
1.112629890441894531e+00
2.162365913391113281e+00
9.296579360961914062e-01
4.873973429203033447e-01
0.000000000000000000e+00
5.330760478973388672e-01
7.206591963768005371e-01
5.757254958152770996e-01
1.215378008782863617e-02
0.000000000000000000e+00
9.842125326395034790e-02
4.120875298976898193e-01
6.911523640155792236e-02
3.697076439857482910e-01
0.000000000000000000e+00
1.471404582262039185e-01
1.549910306930541992e-01
1.216338202357292175e-01
7.056200993247330189e-04
0.000000000000000000e+00
7.222076505422592163e-02
1.763625264167785645e+00
1.307188272476196289e-01
3.477661013603210449e-01
3.326003849506378174e-01
5.148056894540786743e-02
4.802590608596801758e-01
4.581387639045715332e-01
1.091035529971122742e-01
0.000000000000000000e+00
3.253951966762542725e-01
6.577766686677932739e-02
1.829987615346908569e-01
7.379297018051147461e-01
7.554761767387390137e-01
4.725507646799087524e-02
7.133960723876953125e-02
0.000000000000000000e+00
1.124885082244873047e+00
2.678709626197814941e-01
1.800542697310447693e-03
7.113415002822875977e-02
1.823421418666839600e-01
3.065304756164550781e-01
2.382499873638153076e-01
0.000000000000000000e+00
1.459391713142395020e-01
1.068799868226051331e-01
1.179156452417373657e-02
2.141140960156917572e-02
0.000000000000000000e+00
1.407024823129177094e-02
2.019210606813430786e-01
0.000000000000000000e+00
3.812345862388610840e-01
0.000000000000000000e+00
2.676787376403808594e-01
5.461828112602233887e-01
0.000000000000000000e+00
3.140151093248277903e-04
1.477617174386978149e-01
6.477151764556765556e-04
1.727055907249450684e-01
0.000000000000000000e+00
8.370894193649291992e-02
0.000000000000000000e+00
0.000000000000000000e+00
1.365769207477569580e-01
5.343458056449890137e-01
7.141953799873590469e-03
2.604126371443271637e-02
1.953484714031219482e-01
4.205271005630493164e-01
2.216849029064178467e-01
8.679608255624771118e-02
6.305858492851257324e-01
2.573350444436073303e-02
1.472822725772857666e-01
1.798623353242874146e-01
3.758484870195388794e-02
3.461271524429321289e-01
1.164991408586502075e-01
6.944009661674499512e-01
8.377940952777862549e-02
0.000000000000000000e+00
2.883388698101043701e-01
