2.717002928256988525e-01
2.123369602486491203e-03
9.900504350662231445e-02
2.502268552780151367e-01
6.310074031352996826e-02
6.570402532815933228e-02
2.455691099166870117e-01
8.280450105667114258e-02
8.716519474983215332e-01
5.187152028083801270e-01
4.522965848445892334e-02
1.458795547485351562e+00
2.129565030336380005e-01
1.594656109809875488e-01
5.233945846557617188e-01
1.546082179993391037e-02
4.596775770187377930e-02
0.000000000000000000e+00
5.835710763931274414e-01
1.989692598581314087e-01
1.267401576042175293e-01
3.117969930171966553e-01
2.749225199222564697e-01
2.624838612973690033e-02
3.658067286014556885e-01
7.060917466878890991e-02
8.445768617093563080e-03
6.847867369651794434e-01
1.238079145550727844e-01
3.345982357859611511e-02
0.000000000000000000e+00
0.000000000000000000e+00
1.276080161333084106e-01
3.222097828984260559e-02
0.000000000000000000e+00
1.315348129719495773e-02
3.371135098859667778e-03
3.466279059648513794e-02
0.000000000000000000e+00
1.919886171817779541e-01
2.637007832527160645e-01
1.024609804153442383e+00
0.000000000000000000e+00
2.665803194046020508e+00
0.000000000000000000e+00
6.314398050308227539e-01
1.543050911277532578e-02
0.000000000000000000e+00
1.537887006998062134e-01
1.425631761550903320e+00
1.728845946490764618e-02
1.529230028390884399e-01
5.680201138602569699e-05
9.511907100677490234e-01
2.636860907077789307e-01
2.185099720954895020e-01
0.000000000000000000e+00
0.000000000000000000e+00
4.357959702610969543e-02
3.196380138397216797e-01
1.006826400756835938e+00
4.951600134372711182e-01
2.029457837343215942e-01
1.845842450857162476e-01
1.514657735824584961e+00
7.912500202655792236e-02
5.938139185309410095e-02
2.073050886392593384e-01
4.621438086032867432e-01
0.000000000000000000e+00
2.251260757446289062e+00
0.000000000000000000e+00
2.563783228397369385e-01
6.993014216423034668e-01
0.000000000000000000e+00
2.347882747650146484e+00
7.792974710464477539e-01
0.000000000000000000e+00
2.557703554630279541e-01
1.587568037211894989e-02
2.011277437210083008e+00
1.144181862473487854e-01
0.000000000000000000e+00
0.000000000000000000e+00
7.854009866714477539e-01
3.995701670646667480e-01
3.402909934520721436e-01
0.000000000000000000e+00
7.041510939598083496e-02
1.207277737557888031e-02
4.556984826922416687e-02
3.144238471984863281e+00
0.000000000000000000e+00
9.056650102138519287e-02
1.901522397994995117e+00
0.000000000000000000e+00
4.140305817127227783e-01
5.851200222969055176e-01
2.188368588685989380e-01
1.185353174805641174e-01
1.988500118255615234e+00
5.265901088714599609e-01
9.487206339836120605e-01
1.506735533475875854e-01
3.578141927719116211e-01
2.914829552173614502e-01
2.347500063478946686e-02
4.730789661407470703e-01
4.152053967118263245e-03
2.537303686141967773e+00
5.206428095698356628e-02
2.351756542921066284e-01
0.000000000000000000e+00
1.679689168930053711e+00
2.880426943302154541e-01
6.329984217882156372e-02
1.033767014741897583e-01
2.371853440999984741e-01
6.729944143444299698e-03
7.200021296739578247e-02
7.376992702484130859e-02
2.377977520227432251e-01
1.284984469413757324e+00
1.575858235359191895e+00
4.466676339507102966e-02
4.861005395650863647e-02
4.367126822471618652e-01
4.273278266191482544e-02
1.395035982131958008e-01
3.644686192274093628e-02
1.457906246185302734e+00
1.000268980860710144e-01
8.767439052462577820e-03
8.938174694776535034e-02
1.624030232429504395e+00
1.087328866124153137e-01
2.944028973579406738e-01
9.096068143844604492e-02
6.195398569107055664e-01
1.572100162506103516e+00
5.409771203994750977e-02
1.199563264846801758e+00
1.471043825149536133e-01
5.836735963821411133e-01
2.202991582453250885e-02
7.822567224502563477e-02
2.654180049896240234e+00
2.333883196115493774e-03
2.031373530626296997e-01
1.199846625328063965e+00
2.395992279052734375e-01
4.147189855575561523e-02
6.234401091933250427e-02
5.885508656501770020e-01
8.358863592147827148e-01
0.000000000000000000e+00
0.000000000000000000e+00
9.017056822776794434e-01
5.156041383743286133e-01
8.894453942775726318e-02
8.084230870008468628e-02
5.992463827133178711e-01
1.305476725101470947e-01
1.536881644278764725e-02
4.646702110767364502e-01
6.898598670959472656e-01
0.000000000000000000e+00
9.307391941547393799e-02
1.018103241920471191e+00
4.351791143417358398e-01
6.413883566856384277e-01
2.701267413794994354e-02
2.287495136260986328e+00
0.000000000000000000e+00
1.257509738206863403e-02
5.181983709335327148e-01
1.527439951896667480e-01
6.668411940336227417e-02
2.423914670944213867e-01
1.818201839923858643e-01
4.630289226770401001e-02
3.628768920898437500e-01
6.083189249038696289e-01
8.011255264282226562e-01
1.711358428001403809e-01
1.054245233535766602e+00
5.851648449897766113e-01
6.859584152698516846e-02
3.685803711414337158e-01
4.634934961795806885e-01
0.000000000000000000e+00
3.045558743178844452e-02
2.801646292209625244e-01
2.010030746459960938e+00
0.000000000000000000e+00
6.780413985252380371e-01
8.829387277364730835e-02
6.379016041755676270e-01
8.023685775697231293e-03
2.485714554786682129e-01
2.945364415645599365e-01
1.342387795448303223e-01
1.022197455167770386e-01
0.000000000000000000e+00
8.762755393981933594e-01
2.416761815547943115e-01
9.755595773458480835e-02
1.112800016999244690e-01
0.000000000000000000e+00
6.467708945274353027e-02
2.244735211133956909e-01
0.000000000000000000e+00
4.679034650325775146e-02
7.159646600484848022e-02
1.224039196968078613e-01
8.903668522834777832e-01
0.000000000000000000e+00
2.245071232318878174e-01
0.000000000000000000e+00
7.839713692665100098e-01
5.752238631248474121e-02
0.000000000000000000e+00
1.880969256162643433e-01
1.428121235221624374e-03
0.000000000000000000e+00
2.599360942840576172e-01
6.523183584213256836e-01
9.994117915630340576e-02
0.000000000000000000e+00
0.000000000000000000e+00
2.359513789415359497e-01
0.000000000000000000e+00
6.989529132843017578e-01
1.520591322332620621e-02
2.228880487382411957e-02
9.865344166755676270e-01
9.026231616735458374e-02
7.470330595970153809e-02
0.000000000000000000e+00
9.910645484924316406e-01
6.714560836553573608e-02
3.492438197135925293e-01
9.854179024696350098e-01
3.161310672760009766e+00
2.003114521503448486e-01
9.031963348388671875e-02
1.181460395455360413e-01
2.493249773979187012e-01
3.091188967227935791e-01
9.385851621627807617e-01
9.868736565113067627e-02
4.434009492397308350e-01
5.633242428302764893e-03
1.233326196670532227e+00
9.293451905250549316e-02
6.000980734825134277e-01
7.280413806438446045e-02
4.663247466087341309e-01
1.899898238480091095e-02
3.169239461421966553e-01
1.291980147361755371e-01
1.298368722200393677e-01
1.541335694491863251e-02
4.832334071397781372e-02
3.505550324916839600e-01
4.624932259321212769e-02
9.296578913927078247e-02
1.380936145782470703e+00
0.000000000000000000e+00
2.707549929618835449e-02
2.029340714216232300e-01
1.889904737472534180e-01
3.509427979588508606e-02
1.196851357817649841e-01
1.193178534507751465e+00
2.872424602508544922e+00
9.809293597936630249e-02
2.655674934387207031e+00
1.405064821243286133e+00
2.131795696914196014e-02
2.429783344268798828e-02
3.849001526832580566e-01
0.000000000000000000e+00
2.137515842914581299e-01
1.914495229721069336e-01
5.161722302436828613e-01
0.000000000000000000e+00
1.765550300478935242e-02
1.721581071615219116e-01
1.812834851443767548e-02
5.329281687736511230e-01
1.412604331970214844e+00
5.742653086781501770e-02
7.798010110855102539e-02
0.000000000000000000e+00
2.186937481164932251e-01
9.653602540493011475e-02
1.144587874412536621e+00
3.142358362674713135e-01
0.000000000000000000e+00
4.606267437338829041e-02
8.589087724685668945e-01
7.553760707378387451e-02
9.159370064735412598e-01
2.583394050598144531e-01
1.297475397586822510e-02
6.742670536041259766e-01
7.356630265712738037e-02
1.132793817669153214e-02
1.591461300849914551e+00
5.516890883445739746e-01
3.690341487526893616e-02
0.000000000000000000e+00
5.066313147544860840e-01
4.608792811632156372e-02
2.017732709646224976e-01
2.587974071502685547e+00
9.552767872810363770e-02
7.289321422576904297e-01
1.249669790267944336e+00
4.955912008881568909e-03
1.853173971176147461e-02
0.000000000000000000e+00
1.250428110361099243e-01
1.724328398704528809e-01
3.271929174661636353e-02
1.378201395273208618e-01
2.739679813385009766e-01
9.265652298927307129e-02
9.818561375141143799e-03
4.502752721309661865e-01
2.353910446166992188e+00
3.507174551486968994e-01
2.922464609146118164e-01
3.630118072032928467e-01
0.000000000000000000e+00
0.000000000000000000e+00
3.504341542720794678e-01
2.997126281261444092e-01
2.598312497138977051e-01
1.362941712141036987e-01
4.822553992271423340e-01
7.529736310243606567e-02
3.269496858119964600e-01
1.416960954666137695e-01
4.856250584125518799e-01
3.578112460672855377e-03
9.564109444618225098e-01
7.423100471496582031e-01
1.388390315696597099e-03
8.508208990097045898e-01
2.275010645389556885e-01
1.027432322502136230e+00
5.968317855149507523e-03
0.000000000000000000e+00
7.959798676893115044e-04
1.605922579765319824e-01
1.509816050529479980e-01
3.618569970130920410e-01
3.404108285903930664e-01
1.183605659753084183e-02
8.832226693630218506e-02
3.449756279587745667e-02
1.850323751568794250e-02
3.285483121871948242e-01
5.261744856834411621e-01
7.934519648551940918e-01
1.612829923629760742e+00
7.684491872787475586e-01
5.940204262733459473e-01
1.290693283081054688e+00
1.471269607543945312e+00
0.000000000000000000e+00
2.061544358730316162e-01
8.031213283538818359e-02
2.125383317470550537e-01
6.949101388454437256e-02
0.000000000000000000e+00
4.470171451568603516e+00
5.598080754280090332e-01
1.038128018379211426e+00
3.036297857761383057e-01
8.020190149545669556e-02
4.427633062005043030e-02
1.468120813369750977e-01
3.221098706126213074e-02
1.052256301045417786e-02
3.814735636115074158e-02
9.193469304591417313e-04
3.228175267577171326e-02
8.427058458328247070e-01
2.811064198613166809e-02
2.705824971199035645e-01
5.070306733250617981e-02
3.844338282942771912e-02
1.398989200592041016e+00
8.593612909317016602e-02
2.905799448490142822e-02
2.500708401203155518e-01
0.000000000000000000e+00
1.098275259137153625e-01
3.916662633419036865e-01
0.000000000000000000e+00
2.900356292724609375e+00
8.905663707992061973e-05
3.500036001205444336e-01
7.096903920173645020e-01
2.979082465171813965e-01
7.154785394668579102e-01
1.400409787893295288e-01
1.113468766212463379e+00
1.173447631299495697e-02
1.208282351493835449e+00
2.511111088097095490e-02
2.602849960327148438e+00
2.577494978904724121e-01
6.657453626394271851e-02
8.910214528441429138e-03
6.406197547912597656e-01
9.484983682632446289e-01
0.000000000000000000e+00
1.508483886718750000e+00
5.887436270713806152e-01
1.912923902273178101e-01
1.143629327416419983e-01
1.557238958775997162e-02
1.484527707099914551e+00
1.535158753395080566e+00
0.000000000000000000e+00
7.353556156158447266e-02
1.178376078605651855e-01
3.050784394145011902e-02
5.114857852458953857e-02
1.112983655184507370e-02
0.000000000000000000e+00
0.000000000000000000e+00
3.554102778434753418e-02
6.633896380662918091e-02
1.567208468914031982e-01
4.498354718089103699e-02
2.930631339550018311e-01
3.570546582341194153e-02
1.762925647199153900e-02
0.000000000000000000e+00
7.200311422348022461e-01
2.384086698293685913e-01
2.520262002944946289e-01
5.901196002960205078e-01
3.625699281692504883e-01
2.236808650195598602e-02
1.005108833312988281e+00
2.452230006456375122e-01
3.047390878200531006e-01
2.298121929168701172e+00
1.025929823517799377e-01
3.986918032169342041e-01
8.693277835845947266e-01
5.939611196517944336e-01
1.189469695091247559e+00
7.902112603187561035e-02
1.086800023913383484e-01
5.292266011238098145e-01
5.449780225753784180e-01
0.000000000000000000e+00
2.671122252941131592e-01
7.518158853054046631e-02
2.929445803165435791e-01
1.815099567174911499e-01
1.153521612286567688e-02
7.588668465614318848e-01
2.791945934295654297e-01
3.326356887817382812e+00
3.441328406333923340e-01
8.846253901720046997e-02
7.224792242050170898e-01
7.000737190246582031e-01
1.055863276124000549e-01
2.077470064163208008e+00
9.987684488296508789e-01
7.727103829383850098e-01
4.464192688465118408e-02
1.740851104259490967e-01
2.599432170391082764e-01
5.273078680038452148e-01
3.980791568756103516e-01
9.424677118659019470e-03
0.000000000000000000e+00
5.587624311447143555e-01
1.071876138448715210e-01
4.454754292964935303e-01
1.246626749634742737e-01
4.592899233102798462e-02
0.000000000000000000e+00
4.844606816768646240e-01
7.299005389213562012e-01
4.623183310031890869e-01
4.190224707126617432e-01
3.273639678955078125e-01
2.581163883209228516e+00
9.757130146026611328e-01
0.000000000000000000e+00
0.000000000000000000e+00
1.545082032680511475e-01
0.000000000000000000e+00
2.555811643600463867e+00
6.408547163009643555e-01
3.267453610897064209e-01
9.985987097024917603e-02
1.819442957639694214e-01
0.000000000000000000e+00
8.721325993537902832e-01
1.776107996702194214e-01
1.314644694328308105e+00
4.461933374404907227e-01
8.018079400062561035e-01
8.484634570777416229e-03
0.000000000000000000e+00
1.199226379394531250e+00
6.301800161600112915e-02
2.814021706581115723e-01
1.029666304588317871e+00
9.358055889606475830e-02
4.575525820255279541e-01
3.427312135696411133e+00
1.209106326103210449e+00
1.431313037872314453e+00
8.929559960961341858e-03
6.646649241447448730e-01
2.454268217086791992e+00
3.927966654300689697e-01
1.429950356483459473e+00
2.285925000905990601e-01
7.069918513298034668e-01
1.330114156007766724e-01
2.403573751449584961e+00
5.073277354240417480e-01
9.229835867881774902e-01
7.612386941909790039e-01
1.672425419092178345e-01
1.519939541816711426e+00
1.648361206054687500e+00
3.283806741237640381e-01
7.399981468915939331e-02
6.009632721543312073e-02
0.000000000000000000e+00
1.295354217290878296e-01
1.825196504592895508e+00
3.747404515743255615e-01
2.415536344051361084e-01
1.175845265388488770e+00
6.611423939466476440e-02
1.557478755712509155e-01
1.518889218568801880e-01
3.022488020360469818e-02
3.786320090293884277e-01
1.207831054925918579e-01
2.165880680084228516e+00
0.000000000000000000e+00
0.000000000000000000e+00
1.557406783103942871e-01
1.634314060211181641e+00
8.017107248306274414e-01
1.698218107223510742e+00
5.427290201187133789e-01
1.024735793471336365e-01
0.000000000000000000e+00
6.550714969635009766e-01
7.944239377975463867e-01
1.770944893360137939e-02
2.585890237241983414e-03
0.000000000000000000e+00
4.579657614231109619e-01
3.127409219741821289e-01
2.430531978607177734e-01
4.348898231983184814e-01
1.120078206062316895e+00
1.160437911748886108e-01
8.921278119087219238e-01
1.042275071144104004e+00
2.445808351039886475e-01
2.275635004043579102e-01
9.292195737361907959e-02
7.101056724786758423e-02
2.996672689914703369e-01
0.000000000000000000e+00
4.404021892696619034e-03
2.130340784788131714e-02
6.051197648048400879e-01
2.184945903718471527e-02
0.000000000000000000e+00
5.491730943322181702e-02
1.933202028274536133e+00
0.000000000000000000e+00
9.780453890562057495e-02
8.656191080808639526e-02
2.146688252687454224e-01
3.322746604681015015e-02
1.524732351303100586e+00
2.175222188234329224e-01
3.602894954383373260e-03
1.050225138664245605e+00
0.000000000000000000e+00
2.271121554076671600e-02
1.511363625526428223e+00
1.513966917991638184e-01
0.000000000000000000e+00
2.305531054735183716e-01
1.875169724225997925e-01
0.000000000000000000e+00
3.633830845355987549e-01
6.611654162406921387e-01
2.481017261743545532e-01
5.980257987976074219e-01
0.000000000000000000e+00
5.996059775352478027e-01
1.939400553703308105e+00
9.480639100074768066e-01
2.020746767520904541e-01
1.472375988960266113e+00
1.512286424636840820e+00
1.858990937471389771e-01
4.756448790431022644e-02
9.658196941018104553e-03
4.131533671170473099e-03
4.380008578300476074e-01
5.447355508804321289e-01
2.884779125452041626e-02
3.081013679504394531e+00
1.966550827026367188e+00
2.954121530055999756e-01
5.336080789566040039e-01
1.101017892360687256e-01
3.764645457267761230e-01
1.662377268075942993e-02
1.073139533400535583e-01
0.000000000000000000e+00
3.162354929372668266e-03
1.392442464828491211e+00
7.358373403549194336e-01
0.000000000000000000e+00
4.726852178573608398e-01
1.122762203216552734e+00
1.953803539276123047e+00
8.437996506690979004e-01
1.001482486724853516e+00
3.152665868401527405e-02
8.324082195758819580e-02
1.890570111572742462e-02
1.618002653121948242e-01
0.000000000000000000e+00
1.981246657669544220e-02
4.642192646861076355e-02
1.286414980888366699e+00
2.726212263107299805e+00
4.086856842041015625e-01
7.853703945875167847e-02
2.511449158191680908e-01
6.224809885025024414e-01
4.185758903622627258e-02
7.304565906524658203e-01
2.012747049331665039e+00
0.000000000000000000e+00
1.029877662658691406e+00
6.326197981834411621e-01
0.000000000000000000e+00
1.305168773978948593e-02
1.251378357410430908e-01
7.457225769758224487e-02
2.917266823351383209e-02
2.435899496078491211e+00
1.815261989831924438e-01
1.345851063728332520e+00
6.677932292222976685e-02
1.779927611351013184e+00
2.123345434665679932e-02
3.878077259287238121e-04
4.498378559947013855e-02
2.058410495519638062e-01
3.424588963389396667e-02
1.646182894706726074e+00
0.000000000000000000e+00
5.091544389724731445e-01
0.000000000000000000e+00
2.252553962171077728e-02
0.000000000000000000e+00
4.845369607210159302e-02
1.776523739099502563e-01
4.352281615138053894e-02
1.163773164153099060e-01
0.000000000000000000e+00
1.903836607933044434e+00
2.998637557029724121e-01
0.000000000000000000e+00
4.656821191310882568e-01
0.000000000000000000e+00
0.000000000000000000e+00
3.149078413844108582e-02
5.166567489504814148e-02
5.386602878570556641e-01
1.246940437704324722e-02
3.506165504455566406e+00
2.764180898666381836e-01
3.926115483045578003e-02
8.301876485347747803e-03
2.047074139118194580e-01
1.084199994802474976e-01
4.999932944774627686e-01
9.293136536143720150e-04
9.581488966941833496e-01
8.399185538291931152e-02
1.965092308819293976e-02
1.214959472417831421e-01
3.637365698814392090e-01
4.111243188381195068e-01
5.025299787521362305e-01
2.315967157483100891e-02
7.763820886611938477e-02
3.746007084846496582e-01
1.392145268619060516e-02
3.163706883788108826e-02
3.193543478846549988e-02
1.063009619712829590e+00
2.961967885494232178e-02
8.294821530580520630e-02
6.090538978576660156e+00
6.127214431762695312e-01
2.861931324005126953e-01
3.147096931934356689e-02
0.000000000000000000e+00
0.000000000000000000e+00
0.000000000000000000e+00
0.000000000000000000e+00
1.593994908034801483e-02
5.599973797798156738e-01
0.000000000000000000e+00
0.000000000000000000e+00
5.552887320518493652e-01
5.038475990295410156e-01
9.568320512771606445e-01
7.012409623712301254e-03
3.096030950546264648e-01
4.618744924664497375e-02
9.990017116069793701e-02
5.112956166267395020e-01
7.090748548507690430e-01
1.462700814008712769e-01
2.736897468566894531e-01
1.609643936157226562e+00
1.243977248668670654e-01
5.548676252365112305e-01
1.242627024650573730e+00
1.628747940063476562e+00
4.393043741583824158e-02
1.862784624099731445e-01
0.000000000000000000e+00
4.566556215286254883e-02
1.025478094816207886e-01
7.427549362182617188e-02
1.555192749947309494e-02
2.289669990539550781e+00
9.832226485013961792e-02
1.206270813941955566e+00
3.022474944591522217e-01
1.182030886411666870e-01
1.070369035005569458e-01
1.052085906267166138e-01
2.213169448077678680e-02
1.531663388013839722e-01
4.105428159236907959e-01
1.241620928049087524e-01
1.888971403241157532e-02
1.531537324190139771e-01
2.566913962364196777e-01
0.000000000000000000e+00
1.169089600443840027e-02
2.994651079177856445e+00
5.451599135994911194e-03
1.058622121810913086e+00
1.942310094833374023e+00
0.000000000000000000e+00
3.343656361103057861e-01
1.156853556632995605e+00
4.739290475845336914e-01
2.045270502567291260e-01
1.007680177688598633e+00
1.551383286714553833e-01
3.645298071205615997e-03
4.083328694105148315e-02
5.263718310743570328e-03
1.264383912086486816e+00
2.226677723228931427e-02
1.950079798698425293e-01
2.699646353721618652e-01
1.357876658439636230e-01
7.896983623504638672e-01
2.955077290534973145e-01
0.000000000000000000e+00
0.000000000000000000e+00
1.028279304504394531e+00
1.757367998361587524e-01
1.204839325509965420e-03
4.282497987151145935e-02
1.050720572471618652e+00
1.809522882103919983e-02
2.403336390852928162e-02
7.351396679878234863e-01
2.294708937406539917e-01
0.000000000000000000e+00
1.893731713294982910e+00
4.652436822652816772e-03
6.414555311203002930e-01
1.036801636219024658e-01
0.000000000000000000e+00
5.785249471664428711e-01
2.204997278749942780e-02
4.978642333298921585e-03
1.760648638010025024e-01
3.992328345775604248e-01
6.642263848334550858e-03
4.814564716070890427e-03
9.548372030258178711e-02
1.720657348632812500e-01
2.295830249786376953e-01
5.443266034126281738e-02
7.203481346368789673e-02
8.062594570219516754e-03
8.995296806097030640e-02
4.284448325634002686e-01
1.770346909761428833e-01
3.468136787414550781e+00
9.662047028541564941e-03
0.000000000000000000e+00
3.049340248107910156e-01
0.000000000000000000e+00
9.789413772523403168e-03
0.000000000000000000e+00
5.391076952219009399e-02
0.000000000000000000e+00
1.483991146087646484e-01
1.223508358001708984e+00
7.625273428857326508e-03
4.355754852294921875e-01
2.953183352947235107e-01
2.197490818798542023e-02
1.243011578917503357e-01
5.198894143104553223e-01
1.223689675331115723e+00
2.264703512191772461e-01
6.771370172500610352e-01
4.196801185607910156e-01
4.044401943683624268e-01
6.903228759765625000e-01
1.475158095359802246e+00
0.000000000000000000e+00
0.000000000000000000e+00
7.706505246460437775e-03
1.552896350622177124e-01
0.000000000000000000e+00
2.048704400658607483e-02
3.851557150483131409e-02
0.000000000000000000e+00
4.753180146217346191e-01
6.203994750976562500e-01
0.000000000000000000e+00
2.301357090473175049e-01
6.419207453727722168e-01
0.000000000000000000e+00
7.170336786657571793e-03
0.000000000000000000e+00
1.572724580764770508e+00
2.417884916067123413e-01
1.611195355653762817e-01
3.685522824525833130e-02
1.285176277160644531e+00
0.000000000000000000e+00
2.687682956457138062e-02
1.434511989355087280e-01
2.833245992660522461e-01
2.477008819580078125e+00
0.000000000000000000e+00
0.000000000000000000e+00
1.531135737895965576e-01
5.007499456405639648e-01
5.535846203565597534e-02
3.836136758327484131e-01
0.000000000000000000e+00
1.609061509370803833e-01
0.000000000000000000e+00
1.159957493655383587e-03
1.603327840566635132e-01
1.390867948532104492e+00
3.141864016652107239e-02
2.691826105117797852e+00
0.000000000000000000e+00
1.391626521944999695e-02
0.000000000000000000e+00
5.085970163345336914e-01
2.177329301834106445e+00
1.053704991936683655e-01
8.383509516716003418e-02
3.804863393306732178e-01
8.049349188804626465e-01
4.969202727079391479e-02
0.000000000000000000e+00
9.807002544403076172e-02
1.030323147773742676e+00
1.533524394035339355e+00
1.058797359466552734e+00
1.482701748609542847e-01
7.301721721887588501e-02
9.723151475191116333e-02
3.282630741596221924e-01
1.318902730941772461e+00
2.861940264701843262e-01
3.042627871036529541e-01
8.078847825527191162e-02
3.485212624073028564e-01
4.125155210494995117e-01
1.526775211095809937e-02
2.641385793685913086e-01
1.120103895664215088e-01
1.894759684801101685e-01
1.659724563360214233e-01
2.285115718841552734e+00
1.416631937026977539e+00
3.519105017185211182e-01
7.847444534301757812e+00
0.000000000000000000e+00
7.575536519289016724e-02
2.002635737881064415e-03
2.174996882677078247e-01
8.035152219235897064e-03
1.257052570581436157e-01
4.072607755661010742e-01
1.433254003524780273e+00
4.093289673328399658e-01
2.546537816524505615e-01
6.679524779319763184e-01
2.422051876783370972e-01
1.627811463549733162e-03
2.354988157749176025e-01
0.000000000000000000e+00
2.207377433776855469e+00
0.000000000000000000e+00
1.151608109474182129e+00
1.128166556358337402e+00
6.141401827335357666e-02
4.405474662780761719e-01
0.000000000000000000e+00
1.601261496543884277e-01
4.220699891448020935e-03
3.667911589145660400e-01
0.000000000000000000e+00
1.624761462211608887e+00
8.178886026144027710e-02
4.319353401660919189e-02
3.492122590541839600e-01
1.147791929543018341e-02
1.348775327205657959e-01
7.774493694305419922e-01
4.467411339282989502e-02
7.994125783443450928e-02
4.450545012950897217e-01
3.658492565155029297e-01
8.854196220636367798e-02
6.948760747909545898e-01
3.206972181797027588e-01
4.916132893413305283e-03
4.357767999172210693e-01
3.386987149715423584e-01
2.860180139541625977e-01
6.394547224044799805e-01
4.873073697090148926e-01
2.162000089883804321e-01
0.000000000000000000e+00
9.553369134664535522e-02
5.540633797645568848e-01
1.116207361221313477e+00
9.925887733697891235e-02
0.000000000000000000e+00
3.918659314513206482e-02
1.566449403762817383e-01
0.000000000000000000e+00
2.889396250247955322e-01
2.613044083118438721e-01
5.910659953951835632e-02
3.364850999787449837e-03
9.332844614982604980e-01
0.000000000000000000e+00
1.776895374059677124e-01
5.228314876556396484e+00
0.000000000000000000e+00
7.824236899614334106e-02
2.679375410079956055e-01
8.074121475219726562e-01
4.486980289220809937e-02
2.450396716594696045e-01
2.999451197683811188e-02
7.126434147357940674e-02
1.265784382820129395e+00
0.000000000000000000e+00
1.064490303397178650e-01
4.211742281913757324e-01
0.000000000000000000e+00
1.822318583726882935e-01
0.000000000000000000e+00
1.027042269706726074e+00
1.051914811134338379e+00
0.000000000000000000e+00
1.739788800477981567e-01
1.196266897022724152e-02
1.653252867981791496e-03
3.906501829624176025e-01
9.219317883253097534e-02
2.154914140701293945e+00
2.740362644195556641e+00
7.243062257766723633e-01
2.642457485198974609e-01
6.495857238769531250e-01
8.510307408869266510e-03
1.913127861917018890e-02
1.118824258446693420e-01
2.658307254314422607e-01
4.079689383506774902e-01
8.822880685329437256e-02
3.603384494781494141e-01
1.254394352436065674e-01
0.000000000000000000e+00
1.553709030151367188e+00
3.570198416709899902e-01
2.136109629645943642e-03
3.261788129806518555e+00
5.936920046806335449e-01
7.620698213577270508e-02
3.166267573833465576e-01
1.867450118064880371e+00
5.270275846123695374e-02
3.117770850658416748e-01
2.509671903681010008e-04
0.000000000000000000e+00
5.493815988302230835e-03
2.082978039979934692e-01
7.570855319499969482e-02
2.480873912572860718e-01
3.583373501896858215e-02
7.297365665435791016e-01
1.816403567790985107e-01
1.043281145393848419e-02
0.000000000000000000e+00
3.387509822845458984e+00
9.383409619331359863e-01
2.216451466083526611e-01
1.292743533849716187e-01
9.135342240333557129e-01
8.726812154054641724e-02
1.349435560405254364e-02
1.015600860118865967e-01
5.745846629142761230e-01
1.261768788099288940e-01
2.601558901369571686e-02
1.452105236239731312e-03
0.000000000000000000e+00
4.978944957256317139e-01
2.604076266288757324e-01
3.252570927143096924e-01
1.647541224956512451e-01
0.000000000000000000e+00
2.893740534782409668e-01
0.000000000000000000e+00
6.718816757202148438e-01
7.741689682006835938e-02
1.958540380001068115e-01
2.431129932403564453e+00
1.341236472129821777e+00
2.332083463668823242e+00
5.826219320297241211e-01
6.069185137748718262e-01
6.190425530076026917e-02
8.273549675941467285e-01
1.411465853452682495e-01
1.491737723350524902e+00
2.394546270370483398e-01
4.569572806358337402e-01
3.690314292907714844e-02
6.211775168776512146e-02
1.830744504928588867e+00
0.000000000000000000e+00
2.260261476039886475e-01
2.316145747900009155e-01
1.620791107416152954e-01
3.179692849516868591e-02
2.726800441741943359e-01
4.905950129032135010e-01
4.369815886020660400e-01
4.217245876789093018e-01
4.699970781803131104e-02
4.034543037414550781e-02
4.382562041282653809e-01
2.926891669631004333e-02
8.086327314376831055e-01
7.294963002204895020e-01
7.301267385482788086e-01
2.680618502199649811e-02
8.167469501495361328e-02
2.012964338064193726e-01
1.233072653412818909e-01
0.000000000000000000e+00
0.000000000000000000e+00
2.811607532203197479e-02
1.114165425300598145e+00
3.777866661548614502e-01
6.871942896395921707e-03
5.613294839859008789e-01
3.244073688983917236e-02
4.547496795654296875e+00
0.000000000000000000e+00
1.012804284691810608e-01
1.005616664886474609e+00
1.058201789855957031e-01
0.000000000000000000e+00
1.583944797515869141e+00
0.000000000000000000e+00
4.250079691410064697e-01
2.972905039787292480e-01
0.000000000000000000e+00
2.206740081310272217e-01
4.229997992515563965e-01
2.987070977687835693e-01
2.664230391383171082e-02
0.000000000000000000e+00
8.379072695970535278e-02
0.000000000000000000e+00
1.930117420852184296e-02
1.645179092884063721e-01
1.413098573684692383e+00
5.567094311118125916e-02
2.907095244154334068e-03
5.390796065330505371e-01
0.000000000000000000e+00
1.068236306309700012e-02
1.872673183679580688e-01
3.519093394279479980e-01
2.372727170586585999e-02
6.569220218807458878e-03
1.224843263626098633e+00
1.802781410515308380e-02
2.138175725936889648e+00
1.047081202268600464e-01
1.709872961044311523e+00
8.814414739608764648e-01
4.028800129890441895e-01
5.520187318325042725e-03
5.259775519371032715e-01
2.142093777656555176e-01
6.435047984123229980e-01
2.870038151741027832e-02
1.010841801762580872e-01
0.000000000000000000e+00
1.588206291198730469e+00
0.000000000000000000e+00
3.587204933166503906e+00
5.574235320091247559e-01
5.820267200469970703e-01
1.239894181489944458e-01
1.759307682514190674e-01
3.091889917850494385e-01
7.489603012800216675e-02
5.289576053619384766e-01
0.000000000000000000e+00
1.015522956848144531e+00
2.967775054275989532e-02
1.021672561764717102e-01
1.891379117965698242e+00
7.356256842613220215e-01
3.974716663360595703e-01
2.759931143373250961e-03
9.098342061042785645e-01
1.930700838565826416e-01
1.146030202507972717e-01
1.599488407373428345e-01
9.105497002601623535e-01
3.832879662513732910e-01
1.352069139480590820e+00
3.659104555845260620e-02
8.388525992631912231e-02
2.413305453956127167e-02
5.140257999300956726e-04
7.245554924011230469e-01
4.050370454788208008e-01
4.534276574850082397e-02
1.281185261905193329e-02
1.532169878482818604e-01
9.254126548767089844e-01
5.886578187346458435e-02
2.049516700208187103e-02
0.000000000000000000e+00
7.157460786402225494e-03
2.367861382663249969e-02
2.047318071126937866e-01
2.880162298679351807e-01
2.071310579776763916e-02
7.126598060131072998e-02
1.030701305717229843e-02
5.449185371398925781e-01
1.862262189388275146e-01
3.104447759687900543e-02
8.214339613914489746e-01
1.164346262812614441e-01
0.000000000000000000e+00
0.000000000000000000e+00
2.204724788665771484e+00
2.107940912246704102e-01
0.000000000000000000e+00
2.340058326721191406e+00
3.461141288280487061e-01
7.844068855047225952e-02
2.117347270250320435e-01
6.759804487228393555e-02
9.395521283149719238e-01
6.709101200103759766e-01
3.033470511436462402e-01
3.315735578536987305e+00
3.002513200044631958e-02
4.392021298408508301e-01
2.883868813514709473e-01
2.186891250312328339e-02
3.236455842852592468e-02
2.919702827930450439e-01
4.326658844947814941e-01
1.730050086975097656e+00
2.683746516704559326e-01
3.090507388114929199e-01
1.510871052742004395e+00
3.775456547737121582e-01
6.060327291488647461e-01
3.181011974811553955e-02
1.015610098838806152e+00
2.262357175350189209e-01
4.467916786670684814e-01
1.263170957565307617e+00
7.585149258375167847e-02
8.137022256851196289e-01
0.000000000000000000e+00
2.519194185733795166e-01
3.989183008670806885e-01
1.250642985105514526e-01
5.811694264411926270e-01
9.100898168981075287e-03
7.800176143646240234e-01
2.952320575714111328e-01
3.949715137481689453e+00
1.733517289161682129e+00
2.155932635068893433e-01
2.569386065006256104e-01
2.681516110897064209e-01
7.670167833566665649e-02
3.126199543476104736e-02
8.916852951049804688e+00
4.910909757018089294e-02
8.052472472190856934e-01
9.116361290216445923e-02
1.161358803510665894e-01
2.450804561376571655e-01
5.073188543319702148e-01
9.816758101806044579e-04
1.184384673833847046e-01
0.000000000000000000e+00
0.000000000000000000e+00
5.693928599357604980e-01
1.045192629098892212e-01
1.450057774782180786e-01
1.324428468942642212e-01
2.080638706684112549e-02
1.084414497017860413e-01
4.619022309780120850e-01
6.760528087615966797e-01
0.000000000000000000e+00
0.000000000000000000e+00
5.607703700661659241e-02
1.209618151187896729e-02
1.053510084748268127e-01
0.000000000000000000e+00
0.000000000000000000e+00
4.716060459613800049e-01
4.816562235355377197e-01
1.051339204423129559e-03
3.800239413976669312e-02
6.862425804138183594e-01
1.791356086730957031e+00
2.568364739418029785e-01
6.579083949327468872e-02
2.913312613964080811e-01
3.929896950721740723e-01
2.696387469768524170e-01
2.701551318168640137e-01
1.179318428039550781e+00
4.841434657573699951e-01
1.388440374284982681e-03
2.026007175445556641e-01
4.703531041741371155e-02
1.079403519630432129e+00
1.080957174301147461e+00
4.479867219924926758e-01
5.208213999867439270e-02
8.475114703178405762e-01
0.000000000000000000e+00
8.901711106300354004e-01
3.637256845831871033e-02
1.932198405265808105e-01
5.829507485032081604e-02
9.411165863275527954e-02
1.011235117912292480e-01
2.245699018239974976e-01
2.111480236053466797e+00
0.000000000000000000e+00
4.352096468210220337e-02
1.371312975883483887e+00
9.942963719367980957e-02
6.376632302999496460e-02
2.372190356254577637e-01
3.404514491558074951e-01
9.822873473167419434e-01
8.292565345764160156e-01
5.458234343677759171e-03
3.416668251156806946e-02
1.037987098097801208e-01
1.627505570650100708e-01
9.372388720512390137e-01
1.675998717546463013e-01
2.101198732852935791e-01
1.339322447776794434e+00
2.634594142436981201e-01
4.470248222351074219e-01
6.123234331607818604e-02
0.000000000000000000e+00
1.513450503349304199e+00
1.178778409957885742e-01
4.590398371219635010e-01
1.958043426275253296e-01
5.898249149322509766e-01
2.476827055215835571e-02
1.959775388240814209e-01
4.475383758544921875e+00
5.590168237686157227e-01
1.645235270261764526e-01
1.264960691332817078e-02
2.379860915243625641e-02
2.460296452045440674e-01
7.691699545830488205e-03
6.979746371507644653e-02
4.379415810108184814e-01
1.547451317310333252e-01
1.889902725815773010e-02
1.144169449806213379e+00
4.609200954437255859e-01
4.815761744976043701e-01
2.864371240139007568e-01
1.238325238227844238e-01
1.547790504992008209e-02
5.459150075912475586e-01
5.427237749099731445e-01
1.011528968811035156e+00
4.219458997249603271e-02
8.779771625995635986e-02
5.340029001235961914e-01
5.880246404558420181e-03
6.821767091751098633e-01
5.577637255191802979e-02
1.000383734703063965e+00
2.522312402725219727e-01
0.000000000000000000e+00
0.000000000000000000e+00
9.376440048217773438e-01
1.880898326635360718e-01
2.619806230068206787e-01
1.676461398601531982e-01
4.420986652374267578e+00
1.576609938638284802e-04
1.007337570190429688e-01
4.677422344684600830e-02
1.741469860076904297e+00
0.000000000000000000e+00
3.441257774829864502e-01
2.153626233339309692e-01
5.998323559761047363e-01
2.977510914206504822e-02
1.161918878555297852e+00
3.016122579574584961e-01
0.000000000000000000e+00
1.498830676078796387e+00
1.240658834576606750e-01
2.884926199913024902e-01
0.000000000000000000e+00
2.786406502127647400e-02
8.652759194374084473e-01
8.739567995071411133e-01
0.000000000000000000e+00
5.975865721702575684e-01
2.013750141486525536e-03
6.225764006376266479e-02
1.575910151004791260e-01
2.113098045811057091e-03
4.551181495189666748e-01
4.083830118179321289e-02
9.439428448677062988e-01
9.053936600685119629e-02
1.327201247215270996e+00
3.431969583034515381e-01
7.358979433774948120e-02
9.997962974011898041e-03
8.749530650675296783e-03
0.000000000000000000e+00
1.046457052230834961e+00
1.575099974870681763e-01
3.483085706830024719e-02
0.000000000000000000e+00
1.042211651802062988e-01
0.000000000000000000e+00
5.207384377717971802e-02
2.268389910459518433e-01
8.530056476593017578e-02
6.731469184160232544e-03
2.765966951847076416e-01
1.230978295207023621e-01
9.242194145917892456e-02
4.503559112548828125e+00
1.807218883186578751e-03
6.218885183334350586e-01
0.000000000000000000e+00
3.723805770277976990e-02
2.165187895298004150e-02
0.000000000000000000e+00
8.761644959449768066e-01
7.329367995262145996e-01
1.217774033546447754e+00
6.904680728912353516e-01
0.000000000000000000e+00
3.849045038223266602e-01
4.596896648406982422e+00
4.529681801795959473e-01
0.000000000000000000e+00
6.003864482045173645e-02
8.478616178035736084e-02
2.598547935485839844e-01
9.093872457742691040e-02
3.492233529686927795e-02
1.224005699157714844e+00
4.894286692142486572e-01
4.158831760287284851e-02
7.970373034477233887e-01
7.000851035118103027e-01
1.564292311668395996e-01
2.045878618955612183e-01
2.130121439695358276e-01
2.142849713563919067e-01
0.000000000000000000e+00
6.053769029676914215e-04
8.085485547780990601e-02
4.344643592834472656e+00
5.896268412470817566e-02
4.396328330039978027e-02
7.080449461936950684e-01
7.524566054344177246e-01
1.191983297467231750e-01
1.665223389863967896e-02
2.097261399030685425e-01
1.088947951793670654e-01
7.775713205337524414e-01
0.000000000000000000e+00
2.664271183311939240e-02
0.000000000000000000e+00
1.637752503156661987e-01
4.181337356567382812e-02
1.197355240583419800e-01
1.102403551340103149e-01
5.975594520568847656e-01
2.534178495407104492e-01
7.391643244773149490e-03
0.000000000000000000e+00
1.561481833457946777e+00
9.391171857714653015e-03
1.996585354208946228e-02
0.000000000000000000e+00
2.446989268064498901e-01
0.000000000000000000e+00
3.451589822769165039e+00
2.859106659889221191e-02
2.028462141752243042e-01
1.394756913185119629e+00
0.000000000000000000e+00
1.318035461008548737e-02
8.903930429369211197e-04
6.039599776268005371e-01
1.443688720464706421e-01
0.000000000000000000e+00
5.035278573632240295e-02
4.962024837732315063e-02
6.724388897418975830e-02
7.043465971946716309e-02
4.934467002749443054e-02
3.143705606460571289e+00
6.106941495090723038e-03
3.464655280113220215e-01
1.442155521363019943e-02
1.592794209718704224e-01
2.353855073451995850e-01
6.775702834129333496e-01
6.469295024871826172e-01
7.235446572303771973e-01
1.926547586917877197e-01
4.639528342522680759e-04
1.923956871032714844e+00
2.995591051876544952e-02
9.576130509376525879e-01
8.134377002716064453e-01
8.368371725082397461e-01
1.391756832599639893e-01
4.272387325763702393e-01
1.224148198962211609e-01
9.054794907569885254e-02
2.305240631103515625e+00
1.445241458714008331e-02
4.521665722131729126e-02
1.082003489136695862e-01
8.205379545688629150e-02
7.639635801315307617e-01
6.645476073026657104e-02
8.340258151292800903e-03
0.000000000000000000e+00
1.077204663306474686e-02
3.008812293410301208e-02
1.249973922967910767e-01
9.975141147151589394e-04
4.337884902954101562e+00
6.472275257110595703e-01
3.225042310077697039e-04
0.000000000000000000e+00
6.505407691001892090e-01
6.747531294822692871e-01
4.183048009872436523e-01
2.475899904966354370e-01
1.654909253120422363e-01
6.297490000724792480e-01
2.050446122884750366e-01
1.626502424478530884e-01
0.000000000000000000e+00
6.139780282974243164e-01
2.724513411521911621e-01
2.624830007553100586e-01
6.249104142189025879e-01
4.851553961634635925e-02
8.122496306896209717e-02
9.080523252487182617e-02
6.171854212880134583e-02
2.879176288843154907e-02
1.852941513061523438e+00
8.197654783725738525e-02
3.746946156024932861e-01
0.000000000000000000e+00
2.146956175565719604e-01
1.173127628862857819e-02
5.375757813453674316e-01
4.174793362617492676e-01
1.832773685455322266e-01
7.318435192108154297e+00
6.201762557029724121e-01
2.419212460517883301e-01
1.187829875946044922e+01
0.000000000000000000e+00
6.197515726089477539e-01
1.058708280324935913e-01
2.626567482948303223e-01
3.917326629161834717e-01
1.841795146465301514e-01
0.000000000000000000e+00
3.968607783317565918e-01
1.290604704990983009e-04
3.256722688674926758e-01
4.262145757675170898e-01
0.000000000000000000e+00
3.206068649888038635e-02
2.720672607421875000e+00
5.322495102882385254e-01
0.000000000000000000e+00
4.571591615676879883e-01
1.121260374784469604e-01
3.695379793643951416e-01
2.565714716911315918e-02
7.390497326850891113e-01
2.003986597061157227e+00
0.000000000000000000e+00
3.601159811019897461e+00
1.005970537662506104e-01
0.000000000000000000e+00
4.632988870143890381e-01
0.000000000000000000e+00
2.123684249818325043e-02
9.088810682296752930e-01
0.000000000000000000e+00
2.907405495643615723e-01
0.000000000000000000e+00
7.657622545957565308e-02
2.492687664926052094e-02
2.136849053204059601e-02
0.000000000000000000e+00
0.000000000000000000e+00
0.000000000000000000e+00
3.040676414966583252e-01
0.000000000000000000e+00
1.760494828224182129e+00
2.210243195295333862e-01
6.093894839286804199e-01
1.798543147742748260e-02
0.000000000000000000e+00
1.525071915239095688e-02
1.546137928962707520e+00
3.538386225700378418e-01
1.619677305221557617e+00
5.666834115982055664e-01
7.290371507406234741e-02
2.077734768390655518e-01
1.275442820042371750e-02
4.327126443386077881e-01
1.601718366146087646e-01
6.374192833900451660e-01
0.000000000000000000e+00
1.047587171196937561e-01
4.198991060256958008e-01
1.811478853225708008e+00
6.924472749233245850e-02
4.303329885005950928e-01
7.082013040781021118e-02
4.706950783729553223e-01
2.212703041732311249e-02
4.045764803886413574e-01
3.127796202898025513e-02
3.282849788665771484e-01
6.714357733726501465e-01
1.975459232926368713e-02
1.385555714368820190e-01
2.559404075145721436e-02
1.583154320716857910e+00
0.000000000000000000e+00
3.591808795928955078e+00
1.328335523605346680e+00
9.238897562026977539e-01
1.699465215206146240e-01
6.309463977813720703e-01
1.932203769683837891e-02
8.433976173400878906e-01
1.183563917875289917e-01
1.854709386825561523e-01
6.803570687770843506e-02
1.134182233363389969e-02
8.089715987443923950e-02
6.079688668251037598e-01
0.000000000000000000e+00
0.000000000000000000e+00
2.271259576082229614e-02
9.499734267592430115e-03
1.888837292790412903e-02
2.971472740173339844e-01
0.000000000000000000e+00
3.594514727592468262e-02
0.000000000000000000e+00
3.886689245700836182e-01
2.640425562858581543e-01
8.733513765037059784e-03
0.000000000000000000e+00
4.019528329372406006e-01
1.685740590095520020e+00
1.467211358249187469e-02
0.000000000000000000e+00
1.178077422082424164e-02
2.605330646038055420e-01
5.056859850883483887e-01
4.822401702404022217e-01
6.355625391006469727e-02
0.000000000000000000e+00
7.914870381355285645e-01
3.406696319580078125e-01
4.181053638458251953e-01
6.339831948280334473e-01
2.111166715621948242e-01
0.000000000000000000e+00
2.530339956283569336e-01
2.680807933211326599e-02
1.385954767465591431e-01
1.223828315734863281e+00
1.322324573993682861e-01
4.003992676734924316e-01
1.089374795556068420e-01
2.201768904924392700e-01
4.559229314327239990e-01
6.435399502515792847e-02
0.000000000000000000e+00
5.564883723855018616e-02
2.238716334104537964e-01
3.707311451435089111e-01
1.013786569237709045e-01
8.397259116172790527e-01
4.486057162284851074e-02
9.696538448333740234e-01
9.676619619131088257e-02
0.000000000000000000e+00
4.307362735271453857e-01
3.270981088280677795e-02
0.000000000000000000e+00
1.875938177108764648e-01
0.000000000000000000e+00
4.846186637878417969e-01
6.202632188796997070e-01
4.332032501697540283e-01
8.231222629547119141e-02
1.029776781797409058e-02
0.000000000000000000e+00
6.585332006216049194e-02
5.619677305221557617e-01
1.375429630279541016e+00
5.491112545132637024e-02
0.000000000000000000e+00
1.016914248466491699e+00
2.243790775537490845e-02
6.696320176124572754e-01
2.322716712951660156e+00
5.312964916229248047e-01
2.714471146464347839e-02
2.575429081916809082e-01
0.000000000000000000e+00
1.728027127683162689e-02
1.343819592148065567e-02
0.000000000000000000e+00
1.182160854339599609e+00
2.823661454021930695e-02
1.015786901116371155e-01
3.496644496917724609e-01
8.013405203819274902e-01
0.000000000000000000e+00
0.000000000000000000e+00
8.952868729829788208e-02
1.729757152497768402e-02
2.168856263160705566e-01
4.134386032819747925e-02
1.948886513710021973e+00
2.366508357226848602e-02
7.982099056243896484e-02
1.716259121894836426e-02
2.705234289169311523e-01
0.000000000000000000e+00
1.862267136573791504e+00
2.198180407285690308e-01
4.703663289546966553e-01
5.881008110009133816e-04
5.955765247344970703e-01
4.468463361263275146e-02
2.570288442075252533e-02
3.162942886352539062e+00
0.000000000000000000e+00
0.000000000000000000e+00
1.914400309324264526e-01
2.636396884918212891e-01
1.432611495256423950e-01
0.000000000000000000e+00
2.449967116117477417e-01
1.238140389323234558e-01
5.621504504233598709e-03
1.842297792434692383e+00
1.548103839159011841e-01
4.938744604587554932e-01
1.762951351702213287e-02
7.688475847244262695e-01
4.830564931035041809e-02
1.131214737892150879e+00
7.509275525808334351e-02
2.913130044937133789e+00
1.927387475967407227e+00
6.344981193542480469e-01
4.376590251922607422e-01
4.401208460330963135e-01
9.028264135122299194e-02
4.650718688964843750e+00
2.173554152250289917e-01
4.277833551168441772e-02
4.030768200755119324e-02
9.174277633428573608e-02
2.018123567104339600e-01
9.255508780479431152e-01
2.176695346832275391e+00
1.569001674652099609e-01
3.210007026791572571e-02
4.160326346755027771e-02
2.077260315418243408e-01
0.000000000000000000e+00
1.088493019342422485e-01
2.197584062814712524e-01
1.834349334239959717e-01
0.000000000000000000e+00
2.101620286703109741e-01
9.326549246907234192e-03
3.035917878150939941e-01
3.767627477645874023e-01
2.456940896809101105e-02
4.297240078449249268e-01
6.112958192825317383e-01
1.710161715745925903e-01
1.092475414276123047e+00
1.352679915726184845e-03
0.000000000000000000e+00
2.011408954858779907e-01
3.239885091781616211e+00
0.000000000000000000e+00
1.927150972187519073e-02
3.917882740497589111e-01
2.028434276580810547e+00
6.454762816429138184e-02
0.000000000000000000e+00
9.249867498874664307e-02
1.990577206015586853e-02
2.749668061733245850e-01
5.880248919129371643e-02
7.581482529640197754e-01
1.301479190587997437e-01
1.115292236208915710e-01
3.472087681293487549e-01
2.601016163825988770e-01
4.036826789379119873e-01
5.800424609333276749e-03
5.602753162384033203e-01
3.992986381053924561e-01
1.702737450599670410e+00
3.866882324218750000e-01
3.661137521266937256e-01
0.000000000000000000e+00
1.798424720764160156e+00
0.000000000000000000e+00
2.986107766628265381e-01
1.339163035154342651e-01
1.051002461463212967e-02
4.622812196612358093e-02
5.584146976470947266e-01
1.116560697555541992e+00
4.644561931490898132e-02
9.933654069900512695e-01
1.159809231758117676e+00
0.000000000000000000e+00
2.247245311737060547e-01
1.495531558990478516e+00
8.534841239452362061e-02
5.844652652740478516e-03
0.000000000000000000e+00
8.307201862335205078e-01
0.000000000000000000e+00
1.158501863479614258e+00
1.750264614820480347e-01
9.130779653787612915e-02
1.909797787666320801e-01
4.626452028751373291e-01
3.021708428859710693e-01
4.175295587629079819e-03
5.294707417488098145e-01
8.743540942668914795e-02
2.333489656448364258e-01
0.000000000000000000e+00
2.825670540332794189e-01
3.195608139038085938e+00
6.104668974876403809e-01
8.916525170207023621e-03
0.000000000000000000e+00
1.981187313795089722e-01
3.793613314628601074e-01
9.832293540239334106e-02
1.237178519368171692e-01
1.852683573961257935e-01
7.288557291030883789e-02
1.247920036315917969e+00
1.911757826805114746e+00
4.810115396976470947e-01
2.527321279048919678e-01
5.146937847137451172e+00
9.023252129554748535e-01
1.336221545934677124e-01
1.586920619010925293e-01
4.997021853923797607e-01
1.200501099228858948e-01
5.238050818443298340e-01
7.165712118148803711e-02
0.000000000000000000e+00
1.116728782653808594e+00
2.440180033445358276e-01
1.843368709087371826e-01
2.502568364143371582e-01
1.732587963342666626e-01
5.598531290888786316e-02
1.066202446818351746e-01
7.365422248840332031e-01
2.068377733230590820e-01
4.282921850681304932e-01
1.725847460329532623e-02
0.000000000000000000e+00
0.000000000000000000e+00
0.000000000000000000e+00
4.465710371732711792e-02
1.511327326297760010e-01
5.266782268881797791e-02
5.117311328649520874e-02
5.622930824756622314e-02
2.597933411598205566e-01
1.547828316688537598e+00
3.308312296867370605e-01
5.989667773246765137e-01
4.939825832843780518e-02
5.954880118370056152e-01
2.049528956413269043e-01
6.241178512573242188e-01
2.580425143241882324e-01
8.475611805915832520e-01
5.605694651603698730e-02
1.560660451650619507e-01
0.000000000000000000e+00
2.352306246757507324e-02
4.449146613478660583e-02
1.941904053092002869e-02
1.608813881874084473e+00
1.429083663970232010e-02
3.316056728363037109e-01
6.942786276340484619e-02
3.415992856025695801e-02
1.178746148943901062e-01
4.396124184131622314e-01
1.141730546951293945e-01
1.022118449211120605e+00
6.599440574645996094e-01
1.600794047117233276e-01
3.898322880268096924e-01
6.015326976776123047e-01
8.377576470375061035e-01
7.893500924110412598e-01
5.754297971725463867e-02
5.466341972351074219e-01
2.793828547000885010e-01
1.447308659553527832e-01
1.459934830665588379e+00
2.163204178214073181e-02
1.810609400272369385e-01
1.533778607845306396e-01
1.841359019279479980e+00
1.614514231681823730e+00
3.497005626559257507e-02
8.338580131530761719e-01
7.582190632820129395e-02
1.967861533164978027e+00
0.000000000000000000e+00
3.207496404647827148e-01
2.278603911399841309e-01
2.627925714477896690e-03
5.227717757225036621e-02
3.510150685906410217e-02
0.000000000000000000e+00
4.311169981956481934e-01
1.439235210418701172e-01
4.205841422080993652e-01
7.386639714241027832e-01
8.088643662631511688e-03
3.310087919235229492e-01
5.050717666745185852e-02
1.003590822219848633e+00
0.000000000000000000e+00
5.631518736481666565e-02
3.794482350349426270e-01
1.538344144821166992e+00
3.508401513099670410e-01
9.121866524219512939e-02
1.723591536283493042e-01
1.001448407769203186e-01
1.871523074805736542e-02
8.287547528743743896e-02
8.204869180917739868e-02
5.542427301406860352e-01
5.003967881202697754e-01
3.811977505683898926e-01
0.000000000000000000e+00
7.011850476264953613e-01
6.683863997459411621e-01
4.156033396720886230e-01
7.527210712432861328e-01
1.420553326606750488e-01
1.311181932687759399e-01
2.412569522857666016e+00
2.219693660736083984e+00
0.000000000000000000e+00
1.044164746999740601e-01
3.122478025034070015e-03
4.155186116695404053e-01
6.856131553649902344e-01
8.137905597686767578e-02
2.840146720409393311e-01
0.000000000000000000e+00
2.891733124852180481e-02
9.757613390684127808e-02
0.000000000000000000e+00
4.109789431095123291e-01
0.000000000000000000e+00
1.704304367303848267e-01
1.143737602978944778e-02
0.000000000000000000e+00
8.393653482198715210e-02
6.655732989311218262e-01
1.071019098162651062e-02
3.456322848796844482e-01
2.890148013830184937e-02
0.000000000000000000e+00
3.432631865143775940e-02
1.020895913243293762e-01
3.535887598991394043e-01
2.708753049373626709e-01
2.831074893474578857e-01
1.851143538951873779e-01
2.220128178596496582e-01
1.733880758285522461e+00
7.112264633178710938e-02
0.000000000000000000e+00
0.000000000000000000e+00
1.416073590517044067e-01
0.000000000000000000e+00
0.000000000000000000e+00
8.363065123558044434e-01
4.773075133562088013e-02
2.950297892093658447e-01
3.201308250427246094e+00
7.849594950675964355e-02
2.078802287578582764e-01
0.000000000000000000e+00
6.868070457130670547e-03
0.000000000000000000e+00
6.820472478866577148e-01
1.530591771006584167e-02
1.450303941965103149e-01
0.000000000000000000e+00
2.983357906341552734e-01
5.223435815423727036e-03
0.000000000000000000e+00
0.000000000000000000e+00
1.697095632553100586e-01
1.628729820251464844e+00
6.012161970138549805e-01
6.880347430706024170e-02
6.591814756393432617e-02
1.441015452146530151e-01
