1.131479293107986450e-01
0.000000000000000000e+00
9.231308102607727051e-01
1.955580711364746094e-02
1.291209816932678223e+00
4.835024178028106689e-01
6.109635233879089355e-01
2.867506742477416992e-01
9.521830081939697266e-01
1.641029477119445801e+00
1.582082360982894897e-02
7.249183654785156250e-01
0.000000000000000000e+00
3.328335285186767578e-01
0.000000000000000000e+00
7.459516078233718872e-02
4.030004978179931641e+00
5.933273211121559143e-02
6.546978652477264404e-02
2.091670185327529907e-01
1.005485296249389648e+00
2.503021061420440674e-01
2.604870200157165527e-01
0.000000000000000000e+00
8.496911078691482544e-02
4.745174348354339600e-01
6.685773134231567383e-01
9.173178113996982574e-03
4.048652648925781250e-01
1.061226800084114075e-01
8.024895191192626953e-01
4.099846184253692627e-01
1.452778100967407227e+00
0.000000000000000000e+00
1.121083736419677734e+00
0.000000000000000000e+00
0.000000000000000000e+00
1.276368856430053711e+00
2.513906955718994141e-01
7.645629644393920898e-01
1.861131668090820312e+00
5.094535350799560547e-01
8.440103530883789062e-01
1.661121249198913574e+00
2.389637380838394165e-02
4.669302999973297119e-01
1.452868133783340454e-01
6.849492788314819336e-01
5.347501486539840698e-02
5.417407676577568054e-02
3.424997255206108093e-02
1.211498618125915527e+00
1.331523209810256958e-01
0.000000000000000000e+00
8.027175813913345337e-02
3.728550970554351807e-01
1.861381903290748596e-02
1.576613448560237885e-02
2.674864530563354492e+00
9.822884202003479004e-01
4.000332951545715332e-02
2.765091061592102051e-01
1.649856448173522949e+00
4.828688204288482666e-01
8.985612541437149048e-02
6.284170597791671753e-02
2.275778532028198242e+00
1.933775782585144043e+00
2.365693002939224243e-01
6.780280172824859619e-02
1.471305191516876221e-01
2.484169721603393555e+00
9.530544630251824856e-04
5.745216459035873413e-02
1.042647007852792740e-02
2.202079892158508301e-01
1.958832979202270508e+00
5.671678781509399414e-01
6.383442878723144531e-01
3.330126032233238220e-02
1.963297009468078613e+00
0.000000000000000000e+00
2.939548194408416748e-01
1.119675517082214355e+00
8.644849061965942383e-01
3.360983133316040039e-01
0.000000000000000000e+00
0.000000000000000000e+00
1.582486152648925781e+00
1.590561985969543457e+00
1.582427620887756348e-01
1.203429326415061951e-01
1.223190546035766602e+00
1.820356398820877075e-01
6.492231786251068115e-02
2.976796627044677734e-01
3.062806427478790283e-01
3.990316689014434814e-01
2.022607922554016113e-01
8.527139425277709961e-01
1.234159246087074280e-01
1.254915595054626465e+00
0.000000000000000000e+00
2.839591801166534424e-01
0.000000000000000000e+00
5.444454669952392578e+00
6.701344996690750122e-02
6.282301247119903564e-02
8.467347174882888794e-02
2.695282936096191406e+00
1.169885545969009399e-01
6.177573800086975098e-01
9.421682357788085938e-02
1.224185347557067871e+00
7.721583358943462372e-03
1.858241669833660126e-02
5.481561273336410522e-02
0.000000000000000000e+00
0.000000000000000000e+00
8.471575379371643066e-01
1.293175101280212402e+00
5.291910171508789062e+00
6.147377490997314453e-01
7.300775498151779175e-02
4.562768638134002686e-01
3.114437460899353027e-01
2.647597312927246094e+00
0.000000000000000000e+00
2.087179124355316162e-01
7.654551416635513306e-02
6.085866689682006836e-01
0.000000000000000000e+00
1.423126459121704102e-01
4.776131510734558105e-01
3.489124774932861328e-01
6.301567703485488892e-02
1.601213514804840088e-01
2.637071907520294189e-02
9.907317161560058594e-01
1.952440857887268066e+00
4.166710376739501953e-01
1.926744282245635986e-01
1.506728053092956543e+00
1.118285536766052246e+00
1.617006398737430573e-02
4.054070711135864258e-01
1.778864674270153046e-02
7.031464576721191406e-01
3.201260566711425781e-01
1.008040755987167358e-01
1.925183087587356567e-02
1.283050775527954102e-01
0.000000000000000000e+00
0.000000000000000000e+00
9.762696027755737305e-01
7.533276826143264771e-02
1.251416206359863281e-01
1.157277464866638184e+00
2.711413614451885223e-02
4.398970305919647217e-01
5.367984175682067871e-01
3.428309261798858643e-01
6.702642440795898438e-01
8.142364621162414551e-01
1.031576991081237793e+00
1.193567276000976562e+00
0.000000000000000000e+00
1.680453419685363770e+00
2.945679128170013428e-01
4.815982878208160400e-01
7.088998705148696899e-02
1.424058340489864349e-02
1.070767283439636230e+00
5.589005351066589355e-01
4.627743363380432129e-02
2.660513818264007568e-01
1.638974398374557495e-01
5.624693259596824646e-02
3.639771938323974609e-01
3.741405606269836426e-01
1.302649378776550293e-01
1.092393755912780762e+00
1.137034535408020020e+00
8.890947699546813965e-01
9.006635844707489014e-02
1.337037384510040283e-01
2.114736557006835938e+00
2.193436920642852783e-01
4.619187712669372559e-01
2.429606765508651733e-01
6.847439408302307129e-01
0.000000000000000000e+00
1.970488429069519043e-01
6.118311882019042969e-01
2.616243064403533936e-01
2.595258504152297974e-02
6.148683838546276093e-03
1.391818970441818237e-01
2.451960295438766479e-01
0.000000000000000000e+00
6.453344970941543579e-02
2.453077793121337891e+00
2.081528306007385254e-01
3.701505064964294434e-01
1.978050470352172852e-01
7.053040266036987305e-01
2.406820058822631836e-01
2.366719961166381836e+00
5.544284582138061523e-01
5.479184910655021667e-02
7.905829548835754395e-01
1.326940059661865234e-01
1.681640744209289551e-01
9.657839536666870117e-01
7.392456531524658203e-01
1.075131539255380630e-02
7.644399404525756836e-01
5.317233204841613770e-01
1.911998167634010315e-02
2.040375173091888428e-01
4.934071898460388184e-01
2.141102962195873260e-02
2.358477264642715454e-01
2.444633468985557556e-02
2.472118660807609558e-02
7.880392074584960938e-01
4.928166270256042480e-01
1.700018763542175293e+00
3.923834264278411865e-01
7.482573986053466797e-01
3.464460968971252441e-01
2.067762613296508789e-01
1.460983753204345703e-01
0.000000000000000000e+00
1.129490256309509277e+00
1.547022819519042969e+00
2.637844085693359375e-01
3.080175220966339111e-01
2.656796015799045563e-02
6.394412834197282791e-03
1.952031552791595459e-01
4.406411200761795044e-02
0.000000000000000000e+00
6.815786659717559814e-02
7.432895302772521973e-01
9.438545107841491699e-01
4.095802307128906250e-01
0.000000000000000000e+00
9.096897556446492672e-04
6.721235811710357666e-02
9.197291731834411621e-02
9.181472063064575195e-01
1.657630801200866699e+00
2.725648581981658936e-01
3.337676525115966797e-01
2.796338796615600586e-01
7.968783378601074219e-01
2.143970429897308350e-01
3.045720160007476807e-01
5.003629252314567566e-02
3.727087676525115967e-01
1.014542460441589355e+00
1.264428615570068359e+00
0.000000000000000000e+00
7.158295512199401855e-01
0.000000000000000000e+00
3.644924983382225037e-02
8.856880068778991699e-01
2.881617307662963867e+00
3.163819313049316406e-01
1.032862901687622070e+00
4.498897492885589600e-01
3.956568539142608643e-01
5.007991567254066467e-02
0.000000000000000000e+00
2.933942317962646484e+00
5.273852869868278503e-02
6.137092784047126770e-02
1.411307007074356079e-01
4.001307487487792969e-02
2.564862668514251709e-01
1.334351599216461182e-01
7.694680988788604736e-02
2.783792652189731598e-02
4.151899814605712891e-01
1.717280626296997070e+00
6.310261785984039307e-02
1.121112704277038574e+00
3.340175628662109375e+00
3.147508859634399414e+00
1.963941574096679688e+00
1.711554676294326782e-01
0.000000000000000000e+00
1.478940900415182114e-02
6.867290288209915161e-02
1.722925752401351929e-01
2.839631438255310059e-01
1.959067463874816895e+00
1.448172796517610550e-02
2.204993516206741333e-01
6.055084466934204102e-01
4.510971009731292725e-01
2.041873186826705933e-01
9.157133847475051880e-02
3.230291884392499924e-03
2.824641764163970947e-01
4.606830775737762451e-01
5.946337580680847168e-01
1.118073463439941406e+00
2.354385331273078918e-02
3.494112789630889893e-01
2.951766550540924072e-01
6.748396903276443481e-02
8.426225781440734863e-01
2.154642581939697266e+00
6.563585400581359863e-01
1.588857889175415039e+00
8.075623773038387299e-03
4.661056026816368103e-02
2.606241226196289062e+00
5.669946549460291862e-04
3.361560776829719543e-02
6.578495502471923828e-01
1.842164248228073120e-01
7.280564401298761368e-03
9.169546514749526978e-02
7.391414046287536621e-02
2.276815891265869141e+00
3.067765533924102783e-01
6.478660106658935547e-01
2.432229965925216675e-01
2.589934170246124268e-01
1.425436791032552719e-02
3.835709095001220703e-01
5.970680713653564453e-01
0.000000000000000000e+00
2.511578083038330078e+00
8.240915834903717041e-02
3.018760085105895996e-01
0.000000000000000000e+00
2.987655401229858398e-01
3.827624917030334473e-01
1.902970671653747559e-02
3.317132294178009033e-01
6.237567216157913208e-02
5.672286748886108398e-01
5.643280223011970520e-02
8.692438006401062012e-01
1.693477388471364975e-03
2.422728762030601501e-02
2.664749145507812500e+00
7.281646132469177246e-02
2.145602226257324219e+00
1.061149537563323975e-01
2.614994347095489502e-01
2.540921270847320557e-01
8.607819080352783203e-01
5.796726047992706299e-02
1.103170394897460938e+00
2.254423499107360840e-02
0.000000000000000000e+00
1.749088056385517120e-02
5.126409530639648438e-01
1.518004238605499268e-01
2.535185962915420532e-02
1.293422281742095947e-01
1.201039552688598633e+00
9.422536492347717285e-01
2.875292897224426270e-01
6.550804376602172852e-01
2.584980130195617676e-01
3.395577371120452881e-01
1.894975900650024414e-01
4.441450834274291992e-01
0.000000000000000000e+00
1.840967983007431030e-01
1.096709728240966797e+00
1.001771017909049988e-01
4.290281772613525391e+00
4.163269400596618652e-01
6.098534464836120605e-01
4.848880767822265625e+00
1.884763240814208984e-01
4.122605621814727783e-01
5.671261548995971680e-01
9.733771681785583496e-01
0.000000000000000000e+00
3.589608371257781982e-01
8.057801127433776855e-01
1.028905138373374939e-01
2.629182577133178711e+00
4.803881049156188965e-02
0.000000000000000000e+00
7.615524530410766602e-02
3.432122170925140381e-01
4.712599217891693115e-01
2.269867509603500366e-01
1.557117700576782227e-01
1.538201048970222473e-02
3.012543777003884315e-03
2.038203328847885132e-01
8.419256210327148438e-01
1.037155836820602417e-02
2.307069063186645508e+00
6.915277838706970215e-01
0.000000000000000000e+00
4.529296979308128357e-02
2.465125799179077148e+00
1.102899789810180664e+00
2.943301200866699219e-01
1.344535827636718750e+00
7.436432242393493652e-01
8.405912518501281738e-01
9.344039857387542725e-02
1.189208030700683594e+00
3.521823585033416748e-01
1.019538268446922302e-01
1.658169627189636230e-01
6.169466376304626465e-01
6.804447770118713379e-01
2.427594363689422607e-02
6.715573072433471680e-01
3.471314609050750732e-01
2.300355434417724609e-01
4.631001353263854980e-01
3.614416718482971191e-01
2.017506837844848633e+00
6.512567400932312012e-01
6.142535433173179626e-02
8.352173864841461182e-02
1.754795670509338379e+00
4.628064036369323730e-01
1.950539112091064453e+00
5.813401564955711365e-02
2.041866481304168701e-01
1.103350281715393066e+00
1.594100356101989746e+00
2.136328965425491333e-01
3.073650121688842773e+00
5.565495491027832031e-01
2.293267846107482910e-02
3.952820971608161926e-02
6.774113178253173828e-01
5.125067010521888733e-02
3.163524866104125977e-01
7.910131216049194336e-01
5.300607159733772278e-02
0.000000000000000000e+00
3.782241046428680420e-02
5.471905469894409180e-01
3.113223314285278320e+00
9.363148212432861328e-01
3.209085166454315186e-01
7.478324174880981445e-01
9.398003220558166504e-01
1.338686704635620117e+00
1.788457781076431274e-01
8.593773841857910156e-01
2.387677192687988281e+00
2.509672008454799652e-02
0.000000000000000000e+00
5.520273000001907349e-03
1.205988153815269470e-01
9.812079370021820068e-03
2.129120007157325745e-02
6.388008594512939453e-02
1.144400164484977722e-01
1.982045412063598633e+00
2.936984039843082428e-02
1.066686391830444336e+00
2.420020103454589844e-02
5.975207090377807617e-01
1.777873933315277100e-01
5.213846564292907715e-01
2.776153802871704102e+00
3.315600633621215820e+00
0.000000000000000000e+00
7.208240032196044922e-01
7.069483399391174316e-02
7.488114237785339355e-01
6.725203990936279297e-02
5.317106246948242188e-01
6.426104903221130371e-01
1.295635700225830078e-01
5.845230817794799805e-01
3.680423796176910400e-01
3.019183874130249023e-01
0.000000000000000000e+00
1.799923628568649292e-01
1.256084084510803223e+00
2.605545222759246826e-01
4.241995215415954590e-01
1.860919967293739319e-02
3.101146697998046875e+00
2.321022897958755493e-01
4.468582943081855774e-02
7.901873588562011719e-01
6.894227862358093262e-01
1.476011753082275391e+00
7.031053304672241211e-01
1.610229015350341797e-01
1.916622519493103027e+00
1.374070495367050171e-01
1.382385194301605225e-01
4.586946070194244385e-01
2.378096580505371094e+00
3.465507626533508301e-01
3.731146454811096191e-02
3.856452647596597672e-03
2.912055850028991699e-01
8.665053546428680420e-02
5.270745158195495605e-01
2.141557693481445312e+00
2.887383699417114258e-01
4.532624483108520508e-01
7.723772525787353516e-02
0.000000000000000000e+00
8.391139656305313110e-02
1.634755730628967285e-02
4.945077598094940186e-01
3.433067202568054199e-01
9.038501381874084473e-01
7.257800698280334473e-01
9.105920046567916870e-02
2.312572672963142395e-02
4.395330250263214111e-01
6.297639757394790649e-02
1.958114504814147949e-01
5.075902938842773438e-01
1.758766919374465942e-01
1.191941499710083008e+00
2.164369374513626099e-01
1.229412674903869629e+00
6.992632746696472168e-01
3.092508792877197266e+00
3.327769339084625244e-01
4.294202625751495361e-01
2.361976057291030884e-01
1.917257905006408691e-01
8.524742722511291504e-01
0.000000000000000000e+00
4.272854924201965332e-01
8.316684365272521973e-01
2.189356684684753418e-01
0.000000000000000000e+00
8.752659559249877930e-01
1.510997265577316284e-01
3.412500023841857910e-01
2.856295742094516754e-02
1.077769994735717773e+00
9.093984961509704590e-02
0.000000000000000000e+00
1.009470462799072266e+00
2.531649358570575714e-02
5.317586064338684082e-01
2.301990687847137451e-01
1.711487323045730591e-01
1.255692392587661743e-01
1.095705032348632812e-01
4.638045132160186768e-01
3.391801193356513977e-02
5.262009799480438232e-02
6.381936073303222656e-01
1.007292032241821289e+00
4.568998515605926514e-01
6.775593012571334839e-02
9.656213968992233276e-02
2.209968678653240204e-02
0.000000000000000000e+00
1.425031661987304688e+00
0.000000000000000000e+00
1.015652298927307129e+00
1.246985793113708496e+00
5.392975360155105591e-02
5.176602602005004883e-01
1.729395866394042969e+00
3.440370857715606689e-01
1.442134380340576172e-01
4.106442928314208984e-01
4.487879872322082520e-01
9.778894782066345215e-01
5.578801035881042480e-01
2.419278770685195923e-02
1.040461540222167969e+00
1.350047998130321503e-02
1.103856340050697327e-01
1.816256791353225708e-01
8.720596432685852051e-01
2.546698786318302155e-02
3.341650962829589844e-02
2.432931065559387207e-01
5.129918456077575684e-01
9.139735698699951172e-01
2.985017895698547363e-01
3.893383145332336426e-01
2.116497755050659180e-01
1.986658275127410889e-01
2.751120626926422119e-01
4.206740111112594604e-02
2.181112319231033325e-01
8.439835309982299805e-01
4.336993210017681122e-03
2.710928954184055328e-02
6.189000606536865234e-01
5.518824577331542969e+00
1.281713694334030151e-01
1.864281445741653442e-01
2.321073785424232483e-03
0.000000000000000000e+00
1.943653672933578491e-01
2.059143502265214920e-03
9.859462380409240723e-01
1.044175550341606140e-01
1.508963704109191895e+00
1.212752938270568848e+00
4.086325645446777344e+00
5.927694216370582581e-02
4.242202937602996826e-01
1.980284899473190308e-01
1.973307430744171143e-01
4.072968006134033203e+00
7.221041619777679443e-02
1.036766886711120605e+00
1.743232607841491699e+00
0.000000000000000000e+00
2.673529088497161865e-01
3.006660146638751030e-03
1.168493509292602539e+00
2.620323002338409424e-01
1.645449101924896240e-01
1.098396182060241699e-01
6.449180841445922852e-01
7.700524330139160156e-01
1.377745345234870911e-02
2.590079419314861298e-02
1.605440527200698853e-01
8.747774362564086914e-01
3.688724517822265625e+00
6.238966941833496094e+00
3.125172257423400879e-01
5.731071345508098602e-03
2.309177398681640625e+00
7.118901610374450684e-02
2.180276438593864441e-02
1.461118608713150024e-01
4.083044230937957764e-01
1.000792026519775391e+00
9.412341564893722534e-02
4.294345676898956299e-01
1.946205794811248779e-01
8.384931087493896484e-02
5.476409569382667542e-02
5.588396787643432617e-01
9.933423995971679688e-01
6.857394576072692871e-01
9.013931751251220703e-01
5.964200496673583984e-01
0.000000000000000000e+00
2.064011059701442719e-02
1.349066019058227539e+00
4.057857766747474670e-02
4.255623221397399902e-01
8.440473675727844238e-01
3.054212331771850586e-01
2.202270552515983582e-03
5.628129839897155762e-01
3.582750558853149414e-01
3.162270411849021912e-03
6.427878141403198242e-02
1.433672755956649780e-01
1.165581226348876953e+00
1.105088829994201660e+00
1.233167350292205811e-01
5.048111081123352051e-01
2.913882732391357422e-01
1.887193471193313599e-01
3.705981969833374023e-01
7.450289279222488403e-02
3.513333797454833984e-01
7.681097984313964844e-01
1.069176942110061646e-02
2.876804172992706299e-01
0.000000000000000000e+00
3.740704953670501709e-01
1.260049045085906982e-01
1.271832585334777832e-01
1.201475977897644043e+00
6.060418486595153809e-01
2.330537885427474976e-01
3.785928338766098022e-02
2.548694610595703125e+00
1.893840134143829346e-01
5.063486099243164062e-01
0.000000000000000000e+00
5.625112354755401611e-02
1.675330281257629395e+00
0.000000000000000000e+00
1.795801222324371338e-01
2.409056276082992554e-01
5.373367667198181152e-01
5.400993824005126953e-01
1.211732849478721619e-01
9.162394702434539795e-02
8.326068520545959473e-01
5.003902316093444824e-01
5.531725287437438965e-02
9.432821720838546753e-02
6.149907037615776062e-02
4.495972990989685059e-01
1.124508619308471680e+00
3.598247766494750977e-01
1.235626861453056335e-01
6.717176642268896103e-03
2.621279656887054443e-01
4.679164290428161621e-02
2.187553495168685913e-01
4.368528127670288086e-01
9.609929323196411133e-01
1.161622047424316406e+00
2.964898049831390381e-01
1.396398693323135376e-01
4.606049060821533203e-01
4.369683861732482910e-01
1.389851421117782593e-02
7.756782770156860352e-01
7.753379940986633301e-01
6.400265730917453766e-03
5.262228250503540039e-01
0.000000000000000000e+00
2.131011486053466797e+00
1.476957052946090698e-01
6.144778728485107422e-01
6.187866255640983582e-02
4.842190146446228027e-01
4.142504185438156128e-02
1.731267720460891724e-01
1.107495352625846863e-01
5.640597820281982422e+00
3.090128675103187561e-02
1.827878132462501526e-02
2.481076717376708984e+00
4.116087220609188080e-03
4.528773427009582520e-01
1.324994210153818130e-02
1.619727730751037598e+00
1.505218097008764744e-03
6.053411364555358887e-01
4.910276234149932861e-01
1.656579226255416870e-01
1.041824936866760254e+00
1.333593111485242844e-02
5.525246262550354004e-01
3.983092010021209717e-01
2.629844903945922852e+00
1.351450562477111816e+00
6.984455585479736328e-01
3.605461120605468750e-02
2.021748065948486328e+00
7.282671332359313965e-01
1.861402511596679688e+00
5.031880140304565430e-01
2.341929078102111816e-02
3.200738728046417236e-01
2.058854848146438599e-01
7.707828283309936523e-02
4.865771830081939697e-01
8.612393736839294434e-01
2.471659332513809204e-02
5.304244160652160645e-01
8.648175597190856934e-01
1.947970502078533173e-02
1.002193987369537354e-01
7.629979848861694336e-01
3.471584022045135498e-01
1.877496093511581421e-01
2.525861561298370361e-01
7.826303839683532715e-01
2.683460235595703125e+00
1.414072215557098389e-01
2.453517466783523560e-01
2.023507207632064819e-01
5.740715563297271729e-02
8.195521831512451172e-01
1.255269527435302734e+00
4.608953952789306641e+00
2.611016035079956055e-01
1.380407512187957764e-01
2.631275914609432220e-02
8.915087580680847168e-02
1.569276489317417145e-02
2.659673392772674561e-01
4.672030359506607056e-02
6.418783068656921387e-01
7.530309725552797318e-03
1.476362943649291992e-01
8.063679933547973633e-02
0.000000000000000000e+00
1.266808360815048218e-01
7.729607820510864258e-02
2.334680318832397461e+00
1.232182145118713379e+00
5.956311225891113281e-01
6.156543731689453125e+00
7.516685873270034790e-02
8.702690899372100830e-02
8.242279887199401855e-01
7.819331288337707520e-01
3.887078762054443359e-01
2.379953861236572266e-01
1.440343707799911499e-01
8.022674322128295898e-01
4.787394404411315918e-02
1.235513910651206970e-01
1.283267259597778320e+00
1.086784675717353821e-01
6.322646141052246094e-01
3.196733444929122925e-02
3.965971767902374268e-01
5.244851112365722656e-02
5.986421704292297363e-01
1.462250351905822754e+00
4.707106649875640869e-01
1.993415951728820801e-01
1.326072812080383301e-01
1.793375134468078613e+00
2.145722508430480957e-02
5.434342660009860992e-03
5.416105687618255615e-02
2.047531865537166595e-02
4.998548030853271484e+00
7.359828054904937744e-02
2.453233242034912109e+00
5.358279943466186523e-01
7.286567240953445435e-02
4.967221617698669434e-02
9.435907602310180664e-01
4.905445128679275513e-02
3.819084167480468750e-01
0.000000000000000000e+00
2.445445507764816284e-01
2.199476025998592377e-02
4.216733202338218689e-02
3.391473770141601562e+00
0.000000000000000000e+00
0.000000000000000000e+00
4.032104909420013428e-01
5.300021767616271973e-01
0.000000000000000000e+00
6.057574879378080368e-03
2.027738988399505615e-01
1.088125631213188171e-02
4.476812183856964111e-01
1.619248390197753906e+00
4.346469938755035400e-01
7.258056998252868652e-01
0.000000000000000000e+00
3.687668740749359131e-01
0.000000000000000000e+00
4.457013010978698730e-01
0.000000000000000000e+00
4.267719089984893799e-01
2.553041577339172363e-01
1.739074230194091797e+00
3.470197319984436035e-01
1.349771618843078613e+00
1.770507931709289551e+00
9.363258481025695801e-01
5.886372178792953491e-02
2.769784815609455109e-02
1.108890056610107422e+00
6.794111430644989014e-02
2.715539634227752686e-01
1.757636189460754395e+00
2.611518144607543945e+00
5.670377016067504883e-01
2.549802064895629883e-01
1.203360080718994141e+00
1.759378433227539062e+00
9.466552734375000000e-02
1.386456936597824097e-01
0.000000000000000000e+00
6.664661318063735962e-02
6.776084899902343750e-01
1.510064676403999329e-02
2.019927352666854858e-01
5.469289422035217285e-01
4.016198590397834778e-02
4.993587434291839600e-01
4.695682823657989502e-01
1.017435193061828613e+00
7.189387083053588867e-02
0.000000000000000000e+00
1.423489451408386230e+00
7.056673765182495117e-01
3.090871334075927734e+00
7.116218805313110352e-01
1.082612946629524231e-01
4.834685102105140686e-02
8.296315670013427734e-01
2.306582182645797729e-01
1.806779503822326660e+00
5.502785444259643555e-01
2.162532806396484375e-01
6.792254447937011719e-01
0.000000000000000000e+00
7.286084890365600586e-01
6.896489858627319336e-01
1.570236206054687500e+00
2.371532320976257324e-01
0.000000000000000000e+00
3.239520788192749023e-01
1.044395193457603455e-01
4.394810646772384644e-02
1.183193083852529526e-02
4.097529411315917969e+00
2.683118343353271484e+00
2.292566150426864624e-01
4.525206610560417175e-02
1.876670360565185547e+00
8.379954844713211060e-02
1.167415142059326172e+00
2.978583872318267822e-01
4.336355626583099365e-02
7.510357499122619629e-01
1.774732351303100586e+00
3.726235628128051758e-01
8.631556630134582520e-01
2.469916790723800659e-01
0.000000000000000000e+00
2.616427540779113770e-01
1.218148469924926758e-01
1.051236867904663086e+00
7.351076006889343262e-01
4.021220207214355469e-01
1.545065879821777344e+00
1.980020284652709961e+00
1.065273061394691467e-01
5.906742811203002930e-01
1.960248686373233795e-02
2.383509278297424316e-01
8.842393010854721069e-02
9.017769098281860352e-01
1.837817981140688062e-04
4.019681215286254883e-01
1.502838134765625000e+00
4.497257620096206665e-02
0.000000000000000000e+00
6.819648146629333496e-01
5.971945524215698242e-01
3.254063427448272705e-02
3.633704409003257751e-02
8.181063830852508545e-02
3.609316647052764893e-01
1.606665492057800293e+00
4.119973778724670410e-01
2.120835781097412109e+00
3.840804100036621094e-01
1.582415588200092316e-02
7.733944803476333618e-02
1.812159121036529541e-01
8.002079725265502930e-01
1.825312972068786621e+00
6.181357894092798233e-03
4.839685261249542236e-01
3.273437544703483582e-02
2.550576329231262207e-01
7.064673900604248047e-01
1.886300891637802124e-01
5.748888254165649414e-01
9.591561555862426758e-02
1.216510161757469177e-01
1.460165262222290039e+00
4.837529361248016357e-02
1.002530932426452637e+00
0.000000000000000000e+00
1.501494497060775757e-01
4.135469436645507812e+00
3.116852138191461563e-03
2.413468807935714722e-01
2.119831144809722900e-01
1.489825099706649780e-01
6.698766350746154785e-01
3.452409505844116211e-01
0.000000000000000000e+00
0.000000000000000000e+00
3.854084014892578125e-01
2.873697131872177124e-02
1.774385571479797363e+00
1.861047558486461639e-02
4.221155866980552673e-02
1.252409219741821289e+00
7.591485977172851562e-02
4.977265745401382446e-02
1.394923892803490162e-03
1.650883316993713379e+00
2.176348268985748291e-01
5.268166661262512207e-01
3.246049582958221436e-01
3.517059683799743652e-01
5.060858726501464844e-01
1.977090358734130859e+00
1.102278977632522583e-01
2.537529543042182922e-02
3.389235958456993103e-02
0.000000000000000000e+00
2.340597808361053467e-01
4.925378039479255676e-02
1.900748252868652344e+00
2.098359912633895874e-01
1.518030405044555664e+00
1.646524190902709961e+00
1.027478456497192383e+00
9.088055044412612915e-02
0.000000000000000000e+00
3.733674049377441406e+00
2.868486344814300537e-01
0.000000000000000000e+00
5.621829032897949219e-01
2.253833860158920288e-01
2.217028737068176270e-01
4.697845578193664551e-01
2.039781332015991211e+00
7.977485656738281250e-04
9.349288940429687500e-01
1.185809634625911713e-02
2.550614178180694580e-01
2.659840881824493408e-01
0.000000000000000000e+00
3.435012996196746826e-01
1.859039366245269775e-01
1.704829484224319458e-01
1.283673848956823349e-02
1.661160469055175781e+00
5.207670927047729492e-01
5.742573365569114685e-02
2.102184534072875977e+00
7.784159183502197266e-01
6.092480421066284180e-01
9.457508474588394165e-02
2.642216393724083900e-03
5.975824594497680664e-02
1.617154479026794434e-01
2.360290586948394775e-01
1.145637392997741699e+00
8.170766383409500122e-02
7.625086605548858643e-02
7.139425277709960938e-01
5.113057792186737061e-02
2.412235438823699951e-01
1.430692821741104126e-01
1.239184617996215820e+00
1.890230327844619751e-01
5.138136148452758789e-01
1.122574135661125183e-02
0.000000000000000000e+00
1.622480340301990509e-02
1.158741395920515060e-02
1.299044191837310791e-01
3.603831306099891663e-02
9.305393695831298828e-01
3.959704190492630005e-02
6.158053874969482422e-01
3.013163805007934570e-01
2.913954257965087891e-01
1.234473586082458496e-01
2.395719438791275024e-01
8.182268589735031128e-02
3.987179100513458252e-01
1.713300682604312897e-02
0.000000000000000000e+00
1.076938509941101074e+00
5.291275680065155029e-02
1.145830631256103516e+00
7.334577385336160660e-03
1.611851572990417480e+00
1.889231920242309570e+00
1.847504615783691406e+00
1.793625473976135254e+00
5.754147052764892578e+00
5.626524612307548523e-02
5.882554054260253906e-01
3.546877577900886536e-02
1.741173863410949707e+00
4.501228630542755127e-01
1.950033903121948242e-01
0.000000000000000000e+00
2.190692871809005737e-01
2.355629652738571167e-01
2.067342847585678101e-01
1.775382906198501587e-01
9.077271223068237305e-01
2.516041398048400879e-01
1.254516988992691040e-01
2.105756662786006927e-03
2.579467594623565674e-01
9.720685333013534546e-02
1.382711529731750488e-01
6.210065484046936035e-01
1.643070459365844727e+00
2.513496279716491699e-01
4.695404469966888428e-01
3.258863687515258789e-01
1.260833293199539185e-01
1.852813959121704102e-01
2.210124015808105469e+00
1.591589927673339844e+00
1.142846703529357910e+00
1.024441421031951904e-01
5.471525788307189941e-01
1.294001638889312744e-01
1.025636792182922363e+00
1.253695011138916016e+00
7.621594667434692383e-01
9.273469448089599609e-02
3.216625452041625977e-01
8.938226848840713501e-02
0.000000000000000000e+00
2.858544826507568359e+00
1.503636240959167480e-01
2.806087255477905273e+00
1.577417373657226562e+00
0.000000000000000000e+00
0.000000000000000000e+00
2.918903231620788574e-01
9.785423874855041504e-01
1.018349051475524902e+00
1.063663601875305176e+00
3.837792202830314636e-02
4.233950376510620117e-01
2.829677164554595947e-01
5.934438109397888184e-01
1.564313843846321106e-02
8.180738985538482666e-02
9.106865525245666504e-02
2.835290729999542236e-01
4.247538279742002487e-03
6.654567122459411621e-01
8.211858272552490234e-01
6.606987714767456055e-01
2.352239787578582764e-01
1.512010246515274048e-01
8.040593862533569336e-01
0.000000000000000000e+00
1.016122475266456604e-01
0.000000000000000000e+00
6.616783738136291504e-01
1.566864997148513794e-01
7.177398204803466797e-01
1.649217605590820312e-01
6.686078906059265137e-01
1.860297083854675293e+00
9.998572468757629395e-01
1.903528809547424316e+00
3.863930329680442810e-02
3.579017519950866699e-01
5.436478257179260254e-01
7.018907368183135986e-02
1.429435759782791138e-01
6.251958012580871582e-01
0.000000000000000000e+00
4.969279170036315918e-01
2.152680307626724243e-01
4.615024328231811523e-01
2.151102013885974884e-02
9.628378786146640778e-03
5.659451484680175781e-01
2.216771012172102928e-03
6.116290092468261719e-01
0.000000000000000000e+00
0.000000000000000000e+00
2.394491136074066162e-01
4.242673516273498535e-01
1.232633352279663086e+00
1.517470777034759521e-01
1.129310607910156250e+00
0.000000000000000000e+00
2.079357862472534180e+00
6.776645183563232422e-01
2.140231281518936157e-01
6.435096263885498047e-01
4.342835862189531326e-03
2.727709412574768066e-01
7.698720097541809082e-01
1.491578370332717896e-01
2.234335988759994507e-01
2.012955844402313232e-01
7.572117447853088379e-01
8.847559802234172821e-03
2.868208169937133789e+00
9.278988242149353027e-01
5.812724307179450989e-02
1.143285110592842102e-01
7.265273332595825195e-01
0.000000000000000000e+00
4.351952075958251953e-01
3.604256734251976013e-02
2.571381628513336182e-01
2.749664783477783203e-01
5.695023015141487122e-02
2.300195693969726562e+00
4.271331056952476501e-02
2.004884183406829834e-01
1.410073041915893555e-01
0.000000000000000000e+00
6.921363621950149536e-02
1.712633222341537476e-01
3.352006375789642334e-01
1.413287281990051270e+00
5.113687515258789062e-01
1.213260218501091003e-01
2.267094612121582031e+00
7.888908982276916504e-01
6.168414354324340820e-01
1.276775360107421875e+00
1.235780954360961914e+00
5.879100412130355835e-03
0.000000000000000000e+00
3.296924009919166565e-02
7.748011350631713867e-01
6.396298408508300781e-01
2.531197071075439453e-01
9.580152630805969238e-01
6.539062261581420898e-01
1.968872547149658203e-01
0.000000000000000000e+00
1.167599409818649292e-01
1.577752758748829365e-03
3.722459375858306885e-01
4.929720401763916016e+00
5.591640621423721313e-02
3.599220514297485352e-01
4.064793884754180908e-01
7.180948257446289062e-01
2.240933328866958618e-01
4.080973267555236816e-01
9.983537793159484863e-01
9.243469834327697754e-01
4.421468377113342285e-01
2.645207345485687256e-01
3.718569502234458923e-02
2.149342931807041168e-02
6.761068105697631836e-01
3.277634978294372559e-01
3.258011341094970703e-01
3.026161491870880127e-01
2.632259726524353027e-01
4.218700826168060303e-01
7.490471750497817993e-02
2.486063092947006226e-01
5.377783998847007751e-02
1.073535084724426270e+00
1.515206694602966309e-01
4.126731753349304199e-01
3.748159706592559814e-01
1.669749617576599121e+00
8.024521470069885254e-01
4.860063195228576660e-01
2.333730220794677734e+00
1.165741533041000366e-01
6.290901303291320801e-01
3.160398453474044800e-02
9.573898464441299438e-02
1.731359720230102539e+00
7.136494517326354980e-01
5.080182552337646484e-01
7.484060525894165039e-02
2.646733634173870087e-02
1.506790220737457275e-01
5.776169896125793457e-02
1.488042622804641724e-01
4.524866864085197449e-02
1.757304370403289795e-02
3.702249228954315186e-01
4.086776375770568848e-01
2.366363406181335449e-01
1.832311391830444336e+00
3.030388243496417999e-02
1.851867139339447021e-01
5.781672429293394089e-03
2.552635669708251953e-01
1.909714378416538239e-02
6.540244817733764648e-02
3.462505061179399490e-03
2.357734203338623047e+00
4.015167802572250366e-02
4.577778652310371399e-02
0.000000000000000000e+00
5.948562175035476685e-02
7.759013772010803223e-02
5.542063713073730469e-01
6.042008399963378906e-01
2.611230611801147461e-01
2.014043807983398438e+00
5.479833483695983887e-01
1.649309098720550537e-01
1.708850860595703125e-01
1.714204251766204834e-01
2.702922582626342773e+00
1.140178084373474121e+00
1.486301183700561523e+00
2.510703401640057564e-03
1.250076293945312500e+00
5.817095041275024414e-01
3.331712186336517334e-01
0.000000000000000000e+00
0.000000000000000000e+00
7.409828901290893555e-01
2.241466045379638672e-01
2.383344888687133789e+00
2.454702854156494141e-01
5.167176946997642517e-02
3.832847476005554199e-01
1.060075983405113220e-01
2.848779261112213135e-01
5.635416880249977112e-02
2.662557065486907959e-01
2.162722349166870117e+00
1.798758804798126221e-01
1.369691789150238037e-01
1.005956172943115234e+00
2.148585468530654907e-01
6.559033989906311035e-01
1.498430013656616211e+00
1.633025258779525757e-01
5.922809839248657227e-01
1.337922513484954834e-01
2.611678600311279297e+00
2.200128436088562012e-01
5.899611115455627441e-02
8.484278619289398193e-02
1.457323879003524780e-01
1.108468294143676758e+00
1.085836291313171387e-01
6.555438637733459473e-01
7.026417255401611328e-01
8.725916147232055664e-01
2.490508854389190674e-01
3.892667293548583984e-01
3.978531360626220703e-01
3.418595194816589355e-01
5.857129395008087158e-02
2.174035459756851196e-01
1.389602065086364746e+00
4.661149501800537109e+00
7.347668409347534180e-01
1.618046015501022339e-01
3.055237233638763428e-02
3.335528820753097534e-02
1.205974698066711426e+00
2.745010256767272949e-01
6.170107722282409668e-01
8.439561724662780762e-01
0.000000000000000000e+00
1.510430276393890381e-01
1.041840761899948120e-01
1.198354244232177734e+00
1.677107363939285278e-01
1.724283695220947266e+00
5.516720470041036606e-03
2.500500679016113281e+00
2.496435791254043579e-01
9.488015174865722656e-01
4.183187484741210938e+00
8.544072508811950684e-02
3.790530860424041748e-01
1.007920503616333008e+00
1.238831877708435059e-01
3.611210823059082031e+00
1.587812006473541260e-01
1.060678735375404358e-01
8.838145732879638672e-01
2.582370340824127197e-01
1.256837248802185059e-01
1.671233654022216797e+00
4.705678522586822510e-01
1.099836587905883789e+00
2.571511864662170410e-01
1.396214216947555542e-01
6.983318924903869629e-01
3.875507786870002747e-02
2.680090442299842834e-02
8.747710287570953369e-02
4.056321829557418823e-02
1.930160075426101685e-01
2.649229485541582108e-03
2.749753184616565704e-02
3.561608195304870605e-01
1.459572017192840576e-01
5.681202188134193420e-02
3.572579324245452881e-01
2.081241756677627563e-01
5.297698974609375000e-01
2.212518900632858276e-01
5.238049477338790894e-02
2.538783788681030273e+00
3.145497441291809082e-01
1.536754369735717773e+00
8.930331468582153320e-02
2.423674566671252251e-03
2.177850306034088135e-01
5.463661625981330872e-02
5.954163074493408203e-01
1.057473570108413696e-01
1.352611660957336426e+00
9.420691728591918945e-01
2.505204200744628906e+00
3.099017620086669922e+00
8.615338057279586792e-02
4.642924070358276367e-01
1.000669479370117188e+00
1.918644458055496216e-01
2.081308979541063309e-03
3.334850311279296875e+00
1.566362380981445312e-01
0.000000000000000000e+00
5.050130486488342285e-01
4.367600679397583008e-01
2.242172956466674805e-01
0.000000000000000000e+00
2.385727614164352417e-01
0.000000000000000000e+00
0.000000000000000000e+00
2.312511950731277466e-01
6.658799946308135986e-02
2.713135719299316406e+00
7.982612252235412598e-01
1.381725072860717773e-02
7.623982615768909454e-03
2.917931973934173584e-02
5.005731433629989624e-02
5.684266332536935806e-03
7.554323673248291016e-01
2.810497045516967773e+00
1.229984402656555176e+00
5.292096138000488281e-01
7.096766829490661621e-01
2.169594168663024902e-02
4.482257366180419922e-01
6.507350206375122070e-01
2.990021705627441406e-01
4.011927917599678040e-02
1.282198727130889893e-01
2.248483747243881226e-01
2.112426795065402985e-02
3.509728312492370605e-01
4.964956939220428467e-01
3.343578338623046875e+00
7.416421920061111450e-02
0.000000000000000000e+00
5.302922129631042480e-01
5.334922075271606445e-01
1.759795285761356354e-02
2.435120940208435059e-01
3.562692999839782715e-01
3.233045578002929688e+00
2.411946058273315430e+00
2.140785902738571167e-01
1.354833960533142090e+00
3.332142904400825500e-02
3.807075917720794678e-01
0.000000000000000000e+00
2.916516363620758057e-01
7.448061704635620117e-01
1.223697066307067871e+00
1.248421072959899902e+00
8.027803897857666016e-01
5.328863263130187988e-01
1.658215075731277466e-01
2.467901408672332764e-01
1.852054238319396973e+00
1.085319161415100098e+00
7.146323919296264648e-01
2.621224895119667053e-02
6.496050208806991577e-02
1.937529891729354858e-01
1.735391378402709961e+00
4.978146553039550781e-01
6.236868444830179214e-03
1.220144987106323242e+00
4.643026888370513916e-01
1.512230038642883301e-01
1.291137635707855225e-01
1.408674955368041992e+00
0.000000000000000000e+00
0.000000000000000000e+00
1.007981300354003906e+00
2.696550451219081879e-02
9.281485527753829956e-02
1.623487286269664764e-02
1.339928507804870605e+00
7.088133133947849274e-03
2.459356747567653656e-02
1.420904636383056641e+00
9.760949015617370605e-01
0.000000000000000000e+00
3.430245816707611084e-01
4.285335168242454529e-02
2.168058633804321289e+00
5.540828704833984375e-01
7.565871477127075195e-01
1.143778562545776367e+00
1.317432641983032227e+00
2.023054473102092743e-02
5.420306697487831116e-02
5.326998233795166016e-01
3.284097015857696533e-01
2.243164777755737305e+00
5.606384277343750000e-01
1.099751144647598267e-01
4.058248996734619141e-01
1.118451952934265137e-01
1.711647808551788330e-01
7.277525067329406738e-01
4.527151212096214294e-02
1.616383939981460571e-01
1.005063652992248535e-01
1.923982799053192139e-01
1.122487902641296387e+00
2.286393344402313232e-01
1.415930241346359253e-01
9.941283464431762695e-01
4.585347771644592285e-01
5.958570837974548340e-01
0.000000000000000000e+00
7.349326461553573608e-02
4.627055674791336060e-02
1.501956433057785034e-01
2.925644442439079285e-02
1.571139693260192871e-01
1.405740976333618164e-01
1.309230737388134003e-02
5.265299677848815918e-01
8.659882545471191406e-01
7.097945213317871094e-01
1.016259670257568359e+00
4.424993097782135010e-01
7.024413347244262695e-01
2.281131029129028320e+00
1.496248133480548859e-02
5.517482757568359375e-02
2.561560571193695068e-01
1.256850361824035645e-01
0.000000000000000000e+00
3.864656686782836914e-01
7.938975691795349121e-01
3.604379668831825256e-02
1.758181750774383545e-01
1.328592151403427124e-01
3.314648568630218506e-02
5.232698321342468262e-01
2.451515942811965942e-01
3.123012185096740723e-02
1.319101452827453613e+00
2.904155254364013672e-01
0.000000000000000000e+00
5.084434151649475098e-01
1.451810300350189209e-01
1.275786012411117554e-02
1.073446497321128845e-01
1.047972291707992554e-01
3.447206318378448486e-01
2.247941493988037109e-01
2.181241959333419800e-01
1.976322382688522339e-01
1.208880662918090820e+00
2.588149309158325195e-01
1.237448081374168396e-01
1.144151315093040466e-01
1.045205473899841309e+00
2.501590728759765625e+00
2.595020532608032227e-01
2.198565900325775146e-01
0.000000000000000000e+00
1.307381242513656616e-01
6.416525840759277344e-01
6.186789870262145996e-01
1.271947324275970459e-01
3.099431097507476807e-02
1.319081187248229980e+00
1.632233619689941406e+00
4.927766323089599609e-01
4.193283557891845703e+00
3.898165225982666016e-01
1.307925343513488770e+00
7.496671676635742188e-01
1.382270548492670059e-02
2.169921249151229858e-01
4.659133031964302063e-03
5.251232385635375977e-01
4.925920069217681885e-01
4.056503176689147949e-01
1.853334009647369385e-01
1.438852548599243164e-01
0.000000000000000000e+00
2.103383392095565796e-01
8.677666187286376953e-01
3.141648769378662109e-01
4.015446603298187256e-01
4.434868693351745605e-01
7.808572612702846527e-03
7.211368083953857422e-01
3.878223001956939697e-01
1.837728917598724365e-01
1.087044835090637207e+00
1.774490475654602051e-01
3.037417829036712646e-01
1.982791721820831299e-01
2.053094357252120972e-01
2.618932425975799561e-01
0.000000000000000000e+00
7.602676749229431152e-01
9.011904150247573853e-02
4.688016697764396667e-02
1.020661473274230957e+00
7.783867716789245605e-01
3.158557176589965820e+00
2.028120279312133789e+00
7.570000831037759781e-03
8.390087634325027466e-02
9.050908088684082031e-01
5.675576925277709961e-01
1.032236456871032715e+00
2.650103271007537842e-01
4.619781300425529480e-02
2.503221929073333740e-01
1.015757322311401367e-01
7.580938935279846191e-02
2.877208292484283447e-01
2.693871259689331055e+00
1.105305552482604980e+00
4.301407933235168457e-02
8.826779723167419434e-01
1.445424914360046387e+00
0.000000000000000000e+00
6.344265937805175781e-01
1.453027278184890747e-01
7.052232623100280762e-01
2.710565924644470215e-01
3.578078746795654297e-01
5.420086979866027832e-01
3.467261046171188354e-02
3.469166755676269531e-01
0.000000000000000000e+00
7.125174999237060547e-01
5.044262111186981201e-02
1.062290072441101074e+00
3.480048775672912598e-01
9.283836483955383301e-01
1.039863377809524536e-01
2.956236153841018677e-02
2.665074765682220459e-01
7.705174684524536133e-01
0.000000000000000000e+00
3.127424716949462891e-01
1.162915453314781189e-01
3.361241817474365234e-01
3.053899668157100677e-02
1.188187524676322937e-01
2.028490230441093445e-02
1.116640806198120117e+00
3.758301734924316406e-01
2.679944336414337158e-01
2.140736766159534454e-02
1.030258655548095703e+00
1.168456021696329117e-02
7.105277180671691895e-01
3.029119968414306641e+00
6.488443613052368164e-01
1.560389697551727295e-01
2.461703419685363770e-01
8.912516385316848755e-02
1.008549928665161133e+00
1.402611970901489258e+00
3.788607716560363770e-01
0.000000000000000000e+00
8.776331692934036255e-02
1.264499872922897339e-01
6.614491939544677734e-01
1.058324202895164490e-01
3.442320227622985840e-01
1.033545851707458496e+00
9.275719523429870605e-01
2.629242181777954102e+00
9.872626662254333496e-01
3.853027522563934326e-01
1.004466295242309570e+00
3.231764435768127441e-01
6.078659892082214355e-01
4.701809883117675781e-01
5.977184176445007324e-01
0.000000000000000000e+00
1.685065962374210358e-02
8.150599151849746704e-02
0.000000000000000000e+00
6.312650442123413086e-01
9.894429147243499756e-02
0.000000000000000000e+00
7.776575535535812378e-02
6.317805498838424683e-03
3.404719233512878418e-01
8.893844485282897949e-01
6.718355417251586914e-02
7.233710885047912598e-01
3.847315534949302673e-02
6.806973218917846680e-01
1.939595490694046021e-02
0.000000000000000000e+00
1.305172204971313477e+00
1.485339552164077759e-01
1.147236395627260208e-02
1.099358677864074707e+00
2.122660428285598755e-01
2.316188812255859375e+00
1.805492341518402100e-01
1.058443784713745117e+00
9.802592545747756958e-02
1.090603947639465332e+00
9.702637195587158203e-01
2.388679027557373047e+00
4.505238533020019531e-01
5.461006611585617065e-02
3.255957663059234619e-01
0.000000000000000000e+00
1.377850621938705444e-01
4.310149848461151123e-01
4.062542915344238281e-01
1.717746555805206299e-01
6.443960666656494141e-01
1.608295887708663940e-01
4.467078670859336853e-02
9.105684757232666016e-01
9.359087049961090088e-02
5.143839716911315918e-01
1.012676119804382324e+00
5.235641822218894958e-02
1.965397596359252930e-01
1.057911872863769531e+00
4.273563027381896973e-01
2.496321871876716614e-02
2.250092506408691406e+00
6.053111553192138672e-01
1.805821299552917480e+00
2.190339565277099609e-01
7.887723855674266815e-03
7.767165303230285645e-01
1.852014064788818359e-01
3.481191992759704590e-01
3.960054218769073486e-01
0.000000000000000000e+00
9.753998517990112305e-01
1.027086138725280762e+00
1.580803990364074707e+00
9.795412421226501465e-01
1.019545316696166992e+00
1.559926122426986694e-01
3.172118961811065674e-01
4.043370019644498825e-03
5.202415585517883301e-01
6.696896553039550781e-01
1.605600491166114807e-02
3.248020075261592865e-03
0.000000000000000000e+00
2.153885364532470703e+00
2.448481470346450806e-01
3.242919743061065674e-01
1.325086474418640137e+00
9.912618994712829590e-02
6.519014239311218262e-01
6.276198662817478180e-03
9.397358894348144531e-01
9.574785828590393066e-01
2.551547624170780182e-02
1.668463796377182007e-01
3.544950112700462341e-02
7.003552913665771484e-01
7.335310429334640503e-02
3.630762174725532532e-02
5.429515838623046875e-01
9.097414463758468628e-02
5.559163168072700500e-02
8.988563418388366699e-01
6.097664684057235718e-02
1.352478981018066406e+00
3.972193971276283264e-02
9.958397597074508667e-02
1.934735178947448730e-01
2.939151525497436523e-01
1.480875492095947266e+00
7.174021750688552856e-02
8.810790777206420898e-01
1.303847730159759521e-01
2.731477618217468262e-01
1.141852140426635742e+00
0.000000000000000000e+00
8.783464133739471436e-02
4.708426296710968018e-01
6.932216230779886246e-03
1.727219372987747192e-01
4.562160372734069824e-01
9.876422286033630371e-01
8.741462230682373047e-02
9.721197187900543213e-02
2.463601231575012207e-01
6.580448746681213379e-01
6.563931107521057129e-01
0.000000000000000000e+00
4.302293062210083008e-01
2.408535592257976532e-02
8.408737182617187500e-01
5.963755846023559570e-01
1.377074122428894043e-01
1.067343950271606445e+00
7.594003677368164062e-01
8.679784834384918213e-02
2.821384668350219727e-01
2.245331853628158569e-01
8.056459575891494751e-02
1.534233801066875458e-02
2.846409380435943604e-01
2.919978089630603790e-02
5.007566884160041809e-02
0.000000000000000000e+00
7.210317850112915039e-01
2.858604788780212402e-01
2.446448057889938354e-01
2.434056401252746582e-01
2.293913364410400391e-01
1.247356161475181580e-01
1.419351398944854736e-01
1.096508875489234924e-01
1.203935369849205017e-01
1.080780148506164551e+00
0.000000000000000000e+00
6.004503965377807617e-01
5.417761858552694321e-03
6.073569059371948242e-01
2.268860302865505219e-02
1.294782478362321854e-02
3.564161062240600586e-02
8.650746941566467285e-02
1.036549329757690430e+00
2.699382416903972626e-02
5.141623616218566895e-01
2.406488418579101562e+00
1.452825665473937988e-01
1.057344209402799606e-02
1.359307765960693359e-01
2.841724157333374023e-01
3.478684723377227783e-01
0.000000000000000000e+00
5.380406975746154785e-01
2.944951653480529785e-01
5.594028830528259277e-01
1.460343897342681885e-01
4.336607828736305237e-02
7.875101566314697266e-01
1.326005067676305771e-02
6.469013094902038574e-01
6.750913858413696289e-01
2.718288004398345947e-01
1.224823743104934692e-01
3.197757303714752197e-01
6.850513815879821777e-01
8.719060570001602173e-03
9.922782182693481445e-01
4.317146241664886475e-01
1.106311082839965820e-01
5.177767947316169739e-03
1.573816090822219849e-01
1.221694469451904297e+00
3.410174250602722168e-01
4.384536445140838623e-01
1.885991394519805908e-01
3.421339690685272217e-01
8.541386574506759644e-03
6.500613689422607422e-01
3.791490197181701660e-01
9.423170089721679688e-01
2.848135232925415039e-01
2.927324771881103516e-01
4.319698512554168701e-01
3.106546960771083832e-02
1.233095645904541016e+00
0.000000000000000000e+00
1.990561606362462044e-03
9.243044853210449219e-01
0.000000000000000000e+00
1.640515029430389404e-01
1.364288687705993652e+00
3.090133368968963623e-01
4.534159302711486816e-01
1.257553935050964355e+00
2.450306564569473267e-01
4.167706370353698730e-01
1.792891979217529297e+00
8.238891512155532837e-02
2.965594828128814697e-02
4.071583226323127747e-02
3.416383564472198486e-01
1.050464361906051636e-01
3.252642750740051270e-01
6.244053840637207031e-01
2.126586139202117920e-01
0.000000000000000000e+00
1.797778010368347168e-01
4.167676568031311035e-01
8.710500597953796387e-01
1.115331575274467468e-01
3.695977851748466492e-02
2.182715013623237610e-02
8.338441699743270874e-02
1.243764638900756836e+00
3.252654373645782471e-01
1.140552833676338196e-01
2.184502482414245605e-01
1.774493604898452759e-01
4.283831119537353516e-01
8.638905882835388184e-01
1.012778207659721375e-01
6.882737874984741211e-01
6.598896980285644531e-01
9.770568609237670898e-01
1.023075342178344727e+00
3.612853288650512695e+00
7.258931994438171387e-01
9.460270404815673828e-02
2.525488138198852539e-01
6.078543663024902344e-01
2.087078243494033813e-01
0.000000000000000000e+00
5.867188423871994019e-02
1.495279073715209961e+00
1.986780166625976562e-01
1.259266972541809082e+00
1.428062319755554199e+00
1.475136637687683105e+00
3.205246329307556152e-01
4.517918825149536133e-01
1.318900287151336670e-01
3.442734718322753906e+00
9.181989729404449463e-02
2.446928173303604126e-01
3.453748524188995361e-01
2.208458818495273590e-02
1.385981738567352295e-01
2.927337307482957840e-03
1.646624207496643066e-01
0.000000000000000000e+00
3.375023007392883301e-01
2.781052589416503906e-01
1.341568082571029663e-01
3.271653354167938232e-01
1.597997546195983887e-01
4.151803907006978989e-03
3.058163404464721680e+00
2.339355880394577980e-03
7.097790241241455078e-01
1.420773416757583618e-01
1.027521848678588867e+00
2.376870810985565186e-02
3.868815183639526367e+00
1.130799278616905212e-01
3.282521367073059082e-01
1.013437390327453613e+00
8.925810456275939941e-02
1.083891168236732483e-01
1.080350399017333984e+00
3.036394119262695312e+00
0.000000000000000000e+00
1.190841555595397949e+00
3.112410008907318115e-01
2.865643501281738281e-01
3.892573416233062744e-01
3.352599143981933594e-01
2.371054328978061676e-02
2.254236638545989990e-01
2.463381038978695869e-03
1.614938862621784210e-02
9.197572618722915649e-02
1.218474805355072021e-01
2.359688520431518555e+00
3.868674114346504211e-02
2.729752957820892334e-01
7.168487310409545898e-01
1.399258524179458618e-01
4.449005424976348877e-02
5.530147254467010498e-02
4.579297266900539398e-03
9.829094260931015015e-02
3.587678670883178711e-01
4.715270698070526123e-01
4.769260585308074951e-01
4.853978380560874939e-02
1.797890782356262207e+00
5.301435478031635284e-03
3.424492597579956055e+00
2.920845746994018555e-01
5.559172015637159348e-03
3.903587162494659424e-01
2.444490045309066772e-02
5.552518367767333984e-01
0.000000000000000000e+00
5.125361680984497070e-01
1.212576627731323242e-01
2.726075053215026855e-01
1.370608527213335037e-02
2.668395042419433594e-01
1.732383668422698975e-01
2.863011956214904785e-01
6.267793178558349609e-01
3.705073520541191101e-02
2.982991337776184082e-01
1.994119733572006226e-01
7.273019552230834961e-01
4.065297842025756836e-01
3.630188405513763428e-01
3.503549575805664062e+00
0.000000000000000000e+00
1.593878746032714844e+00
1.496953368186950684e+00
4.237133860588073730e-01
8.224998712539672852e-01
1.289008259773254395e-01
0.000000000000000000e+00
5.143620967864990234e-01
5.822621658444404602e-02
1.578764319419860840e+00
0.000000000000000000e+00
4.319392889738082886e-02
0.000000000000000000e+00
3.335566997528076172e+00
1.799569837749004364e-02
1.001032814383506775e-01
3.057218194007873535e-01
4.355684388428926468e-03
2.558132410049438477e-01
1.198741555213928223e+00
8.290109038352966309e-02
6.238435208797454834e-02
5.675538182258605957e-01
1.225435640662908554e-02
4.351214319467544556e-02
8.921084403991699219e-01
2.188844084739685059e-01
9.512136131525039673e-02
4.433413967490196228e-02
4.059160128235816956e-02
1.183870434761047363e-01
