4.197815433144569397e-02
2.376449666917324066e-02
1.257206350564956665e-01
1.314029932022094727e+00
9.794098138809204102e-02
7.649140059947967529e-02
4.837366938591003418e-01
1.796065270900726318e-02
2.314084768295288086e+00
1.343181014060974121e+00
5.010367631912231445e-01
2.550505697727203369e-01
2.930276095867156982e-01
0.000000000000000000e+00
2.759578526020050049e-01
5.092333555221557617e-01
5.834957957267761230e-01
4.744431972503662109e-01
9.505838155746459961e-02
2.583617269992828369e-01
0.000000000000000000e+00
1.026491597294807434e-01
8.412660956382751465e-01
1.687918901443481445e-01
5.045676231384277344e-01
1.391679346561431885e-01
2.689704857766628265e-02
6.953700184822082520e-01
3.563982993364334106e-02
0.000000000000000000e+00
2.033414244651794434e-01
1.238942667841911316e-01
1.863466054201126099e-01
3.885971307754516602e-01
0.000000000000000000e+00
6.883940100669860840e-02
8.137678354978561401e-02
1.197896301746368408e-01
1.832482069730758667e-01
1.338713914155960083e-01
1.503793522715568542e-03
1.674213260412216187e-01
4.942952468991279602e-02
1.993968009948730469e+00
1.114733610302209854e-02
7.688527554273605347e-02
4.121924750506877899e-03
6.852233409881591797e-02
3.589233011007308960e-02
5.002380609512329102e-01
0.000000000000000000e+00
1.805061399936676025e-01
4.592577219009399414e-01
6.041229516267776489e-02
1.507738530635833740e-01
2.905737757682800293e-01
0.000000000000000000e+00
0.000000000000000000e+00
1.784070162102580070e-03
2.202100902795791626e-01
2.270106792449951172e+00
0.000000000000000000e+00
4.991360940039157867e-03
1.549549517221748829e-03
2.995298147201538086e+00
8.913043141365051270e-01
2.021031826734542847e-01
3.702300041913986206e-02
1.888254880905151367e-01
0.000000000000000000e+00
3.217968702316284180e+00
1.305548787117004395e+00
1.022628992795944214e-01
4.036632180213928223e-01
1.335255354642868042e-01
4.377244412899017334e-01
5.457004904747009277e-01
1.530395299196243286e-01
1.079157114028930664e+00
5.261062979698181152e-01
1.069311022758483887e+00
4.189468622207641602e-01
0.000000000000000000e+00
2.336015179753303528e-02
2.588990926742553711e+00
4.815381765365600586e-01
1.487914323806762695e-01
1.162826791405677795e-01
7.085487246513366699e-01
2.496291995048522949e-01
1.218222267925739288e-02
1.646032556891441345e-03
1.128222607076168060e-02
1.488017439842224121e-01
1.184981241822242737e-01
9.046897292137145996e-03
1.588722348213195801e+00
3.173027753829956055e+00
1.551945805549621582e-01
9.874557852745056152e-01
0.000000000000000000e+00
4.369082450866699219e-01
1.232455372810363770e+00
1.573264598846435547e+00
9.435054846107959747e-03
5.275428891181945801e-01
5.143933296203613281e-01
4.330344125628471375e-02
0.000000000000000000e+00
1.902740448713302612e-01
1.602493524551391602e-01
0.000000000000000000e+00
3.576446324586868286e-02
1.998448848724365234e+00
2.135835438966751099e-01
5.758128315210342407e-02
3.282168507575988770e-01
9.048372507095336914e-02
1.919621787965297699e-02
0.000000000000000000e+00
3.172626793384552002e-01
3.089254796504974365e-01
5.832594633102416992e-01
0.000000000000000000e+00
4.063325226306915283e-01
3.503318876028060913e-02
4.733496308326721191e-01
2.850940227508544922e-01
0.000000000000000000e+00
2.678359299898147583e-02
4.220768343657255173e-03
2.431359589099884033e-01
0.000000000000000000e+00
1.229710653424263000e-01
3.551468625664710999e-02
1.230296306312084198e-02
4.132210016250610352e-01
1.475856453180313110e-02
2.760290622711181641e+00
1.852443516254425049e-01
9.714321494102478027e-01
1.229830026626586914e+00
2.437774896621704102e+00
2.096930027008056641e+00
2.129413634538650513e-01
2.761719524860382080e-01
9.236552566289901733e-02
2.879527211189270020e-01
2.283090651035308838e-01
2.427567727863788605e-03
1.039269473403692245e-02
9.469398856163024902e-02
5.960991978645324707e-02
0.000000000000000000e+00
1.311291307210922241e-01
0.000000000000000000e+00
0.000000000000000000e+00
0.000000000000000000e+00
0.000000000000000000e+00
1.120490908622741699e+00
7.059726119041442871e-01
2.786085307598114014e-01
2.157621532678604126e-01
0.000000000000000000e+00
1.570015959441661835e-02
5.530164837837219238e-01
1.707035154104232788e-01
0.000000000000000000e+00
2.694010734558105469e+00
2.545220851898193359e-01
2.012232542037963867e-01
2.594541311264038086e-01
4.465642571449279785e-01
0.000000000000000000e+00
5.125091671943664551e-01
5.070044994354248047e-01
0.000000000000000000e+00
0.000000000000000000e+00
5.006485432386398315e-02
8.418677449226379395e-01
2.989316582679748535e-01
3.988779783248901367e-01
3.861128687858581543e-01
6.045805811882019043e-01
8.347794413566589355e-03
1.215850710868835449e-01
3.799199759960174561e-01
1.259764581918716431e-01
2.228777669370174408e-02
1.342018544673919678e-01
0.000000000000000000e+00
1.774279773235321045e-01
4.723718464374542236e-01
3.316412866115570068e-01
7.293719798326492310e-02
4.231577217578887939e-01
8.580614924430847168e-01
2.198607772588729858e-01
1.517727255821228027e+00
2.119453251361846924e-01
1.974798291921615601e-01
3.727195039391517639e-02
6.045984104275703430e-02
3.537040352821350098e-01
1.377265341579914093e-02
1.350733399391174316e+00
6.216689944267272949e-02
0.000000000000000000e+00
2.603396177291870117e-01
0.000000000000000000e+00
4.144355282187461853e-02
7.856702804565429688e-02
1.969690322875976562e-01
2.479564845561981201e-01
2.878146469593048096e-01
8.404354453086853027e-01
2.490193694829940796e-01
1.739649027585983276e-01
9.801524132490158081e-02
2.549674808979034424e-01
1.253635529428720474e-02
1.682504415512084961e-01
1.374340891838073730e+00
1.153960078954696655e-02
1.121749579906463623e-01
0.000000000000000000e+00
2.470558509230613708e-02
8.727235347032546997e-02
1.988161355257034302e-02
4.850893616676330566e-01
0.000000000000000000e+00
5.296603441238403320e-01
2.503339052200317383e-01
2.635095501318573952e-03
3.411222994327545166e-01
1.877220720052719116e-01
3.696250729262828827e-03
1.829690337181091309e-01
0.000000000000000000e+00
3.544934988021850586e-01
9.901390969753265381e-02
1.896202862262725830e-01
3.739182949066162109e-01
5.326919555664062500e-01
5.569305736571550369e-03
4.738131463527679443e-01
0.000000000000000000e+00
2.728543877601623535e-01
9.678494185209274292e-03
1.034000292420387268e-01
0.000000000000000000e+00
0.000000000000000000e+00
0.000000000000000000e+00
1.952720135450363159e-01
1.267113536596298218e-01
2.872772514820098877e-01
5.387755036354064941e-01
2.012838609516620636e-02
0.000000000000000000e+00
6.058036684989929199e-01
1.857793703675270081e-02
1.302598277106881142e-03
1.224587798118591309e+00
1.424477994441986084e-01
6.718144416809082031e-01
4.563900828361511230e-02
2.993861585855484009e-02
7.264344394207000732e-02
2.158872550353407860e-03
0.000000000000000000e+00
2.416893094778060913e-02
7.751289010047912598e-01
0.000000000000000000e+00
1.819953918457031250e-01
1.947340220212936401e-01
2.225582748651504517e-01
4.367448762059211731e-02
2.773610591888427734e+00
2.524454832077026367e+00
1.543107181787490845e-01
1.371278776787221432e-03
4.706890881061553955e-02
0.000000000000000000e+00
8.405393362045288086e-02
0.000000000000000000e+00
1.187747716903686523e+00
0.000000000000000000e+00
2.578194439411163330e-01
3.003486394882202148e-01
8.206790089607238770e-01
1.803329885005950928e-01
1.355908960103988647e-01
3.945878520607948303e-02
0.000000000000000000e+00
3.115971630904823542e-04
0.000000000000000000e+00
5.953141301870346069e-02
3.281242027878761292e-02
4.423054754734039307e-01
1.045839115977287292e-02
0.000000000000000000e+00
1.774106770753860474e-01
1.819739788770675659e-01
3.538457155227661133e-01
9.798548817634582520e-01
0.000000000000000000e+00
1.925925165414810181e-01
5.986133813858032227e-01
3.409594297409057617e-01
7.554600387811660767e-02
1.889297515153884888e-01
4.519822597503662109e-01
4.843271970748901367e-01
6.819353252649307251e-02
8.266137912869453430e-03
1.274881511926651001e-01
9.104512929916381836e-01
5.132992863655090332e-01
0.000000000000000000e+00
2.801415026187896729e-01
2.231992483139038086e-01
2.052105776965618134e-02
4.043201506137847900e-01
7.134276628494262695e-01
2.093974351882934570e-01
6.012445092201232910e-01
1.353210359811782837e-01
1.783222854137420654e-01
1.916765235364437103e-02
1.034044027328491211e+00
5.745708197355270386e-02
1.059831857681274414e+00
2.386278063058853149e-01
1.443790197372436523e-01
1.283827543258666992e+00
0.000000000000000000e+00
3.331297934055328369e-01
6.709358841180801392e-02
7.248856425285339355e-01
3.422265350818634033e-01
6.474140882492065430e-01
1.142107024788856506e-01
3.386117145419120789e-02
2.737298011779785156e-01
5.960546806454658508e-02
1.648318022489547729e-01
8.780689537525177002e-02
3.446597754955291748e-01
4.399039745330810547e-01
2.922666817903518677e-02
1.271776109933853149e-01
1.198326330631971359e-02
7.247569411993026733e-02
7.618393748998641968e-03
2.376587986946105957e-01
1.432211371138691902e-03
2.806475758552551270e-01
0.000000000000000000e+00
9.170926213264465332e-01
5.849289894104003906e-01
0.000000000000000000e+00
1.713169664144515991e-01
0.000000000000000000e+00
0.000000000000000000e+00
1.691551208496093750e-01
1.007884889841079712e-01
5.629051327705383301e-01
1.173920705914497375e-01
0.000000000000000000e+00
6.151472777128219604e-02
5.352042913436889648e-01
3.836071193218231201e-01
0.000000000000000000e+00
3.995019942522048950e-02
2.210772037506103516e-01
5.782867083325982094e-04
3.184575736522674561e-01
0.000000000000000000e+00
7.154045104980468750e-01
3.100418299436569214e-02
6.433754563331604004e-01
1.789899021387100220e-01
2.608876824378967285e-01
2.034789472818374634e-01
5.190215110778808594e-01
2.357115596532821655e-01
1.163087598979473114e-02
0.000000000000000000e+00
1.969917863607406616e-01
8.687362074851989746e-02
1.640502363443374634e-02
0.000000000000000000e+00
1.086529046297073364e-01
0.000000000000000000e+00
6.478785276412963867e-01
1.122213840484619141e+00
4.638057649135589600e-01
4.284127429127693176e-02
7.849508896470069885e-03
1.308037936687469482e-01
1.161659210920333862e-01
4.346525371074676514e-01
2.803292274475097656e-01
8.018640279769897461e-01
2.095626145601272583e-01
1.606203056871891022e-02
2.756031155586242676e-01
9.911640882492065430e-01
4.308322429656982422e+00
5.635413900017738342e-02
1.002264380455017090e+00
0.000000000000000000e+00
1.827883243560791016e+00
1.437099836766719818e-02
1.129394471645355225e-01
1.306873559951782227e-01
2.448606342077255249e-01
5.567051470279693604e-02
4.164127409458160400e-01
8.230653405189514160e-02
7.577053271234035492e-03
1.081491038203239441e-01
5.182470008730888367e-02
5.820409394800662994e-03
2.756446897983551025e-01
7.436986565589904785e-01
4.123063683509826660e-01
4.177867993712425232e-02
0.000000000000000000e+00
8.259486556053161621e-01
2.933563947677612305e+00
2.623278833925724030e-02
8.955339789390563965e-01
1.205753564834594727e+00
0.000000000000000000e+00
4.394645690917968750e-01
5.339330434799194336e-02
3.166227415204048157e-02
0.000000000000000000e+00
4.350483044981956482e-02
0.000000000000000000e+00
4.368845373392105103e-02
2.345203459262847900e-01
4.475003778934478760e-01
7.485564053058624268e-02
3.866030310746282339e-04
1.173274591565132141e-01
4.075666069984436035e-01
0.000000000000000000e+00
7.622991502285003662e-02
2.245713233947753906e+00
2.038105428218841553e-01
1.510892510414123535e-01
5.098922550678253174e-02
9.915010631084442139e-02
3.131368160247802734e-01
2.142058461904525757e-01
2.820318005979061127e-02
1.306283593177795410e+00
4.888056591153144836e-02
1.546054333448410034e-01
5.405312180519104004e-01
1.156636029481887817e-01
5.697419047355651855e-01
4.137797951698303223e-01
4.563705623149871826e-01
2.238156273961067200e-02
5.005549266934394836e-02
0.000000000000000000e+00
6.554521918296813965e-01
6.836955249309539795e-02
1.133609294891357422e+00
0.000000000000000000e+00
2.446601152420043945e+00
1.708113789558410645e+00
5.509454291313886642e-03
1.042774766683578491e-01
2.054573774337768555e+00
2.722778022289276123e-01
3.045720338821411133e+00
6.507600098848342896e-02
6.322827935218811035e-02
1.413055788725614548e-02
3.460760414600372314e-01
8.568843007087707520e-01
3.342424705624580383e-02
3.370507955551147461e-01
4.058697819709777832e-01
3.688803017139434814e-01
9.913765788078308105e-01
2.001597022172063589e-04
7.455567247234284878e-04
0.000000000000000000e+00
5.881438776850700378e-02
2.544812262058258057e-01
6.318797916173934937e-02
1.109593868255615234e+00
1.830605983734130859e+00
1.891211867332458496e-01
1.543069005012512207e+00
0.000000000000000000e+00
1.000637039542198181e-01
0.000000000000000000e+00
1.711323484778404236e-02
1.597273279912769794e-03
1.684528589248657227e-01
8.716315962374210358e-03
0.000000000000000000e+00
8.071992546319961548e-02
2.027431428432464600e-01
3.733853697776794434e-01
5.583870224654674530e-03
7.237063050270080566e-01
2.249424755573272705e-01
4.579777121543884277e-01
0.000000000000000000e+00
8.132547736167907715e-01
1.877714872360229492e+00
4.983830731362104416e-04
0.000000000000000000e+00
0.000000000000000000e+00
6.015399098396301270e-01
1.360431164503097534e-01
3.286978960037231445e+00
1.394878490827977657e-03
3.151160478591918945e+00
1.014514803886413574e+00
1.404514629393815994e-02
8.417607545852661133e-01
2.248670011758804321e-01
2.284571528434753418e-01
1.025777101516723633e+00
2.306788921356201172e+00
5.681808665394783020e-02
1.812909960746765137e+00
6.081268787384033203e-01
8.503608405590057373e-02
1.008556112647056580e-01
1.557366549968719482e-01
1.466254740953445435e-01
3.541268780827522278e-02
6.430228054523468018e-02
3.353456258773803711e-01
1.866771280765533447e-01
1.317418217658996582e-01
4.060287959873676300e-03
1.726703524589538574e+00
4.932742565870285034e-02
1.782969236373901367e-01
1.436267495155334473e-01
5.650894250720739365e-03
3.953847917728126049e-04
4.194767475128173828e-01
2.267737314105033875e-02
6.183996330946683884e-03
6.441427469253540039e-01
8.343433728441596031e-05
0.000000000000000000e+00
0.000000000000000000e+00
1.647140383720397949e-01
7.868143916130065918e-01
3.114114515483379364e-02
1.410233736038208008e+00
4.384526610374450684e-01
0.000000000000000000e+00
3.515358781442046165e-03
2.196691930294036865e-01
0.000000000000000000e+00
0.000000000000000000e+00
1.163597032427787781e-01
4.312623441219329834e-01
1.029131487011909485e-01
8.490333333611488342e-03
2.152286320924758911e-01
8.941084146499633789e-01
1.053803920745849609e+00
0.000000000000000000e+00
2.285281419754028320e-01
3.214996308088302612e-02
1.092142343521118164e+00
2.673793733119964600e-01
6.681197136640548706e-02
1.730747818946838379e-01
9.497224688529968262e-01
0.000000000000000000e+00
3.590087592601776123e-01
0.000000000000000000e+00
6.230233609676361084e-02
6.477079391479492188e-01
3.147292137145996094e-02
8.944503962993621826e-02
2.188953459262847900e-01
4.321299195289611816e-01
1.367132186889648438e+00
0.000000000000000000e+00
1.625227630138397217e-01
3.156210109591484070e-02
2.355355024337768555e+00
4.870374202728271484e-01
3.587486743927001953e-01
3.181221187114715576e-01
1.017008423805236816e-01
4.828310385346412659e-02
2.003705739974975586e+00
1.748224020004272461e+00
5.512210354208946228e-02
2.351690828800201416e-02
3.749997615814208984e-01
5.700136348605155945e-02
1.325271576642990112e-01
1.788453459739685059e-01
3.541798517107963562e-02
1.282041519880294800e-01
4.783770442008972168e-02
3.569116815924644470e-02
1.360467433929443359e+00
4.604624211788177490e-01
3.314563930034637451e-01
6.869384050369262695e-01
2.464271485805511475e-01
1.186027526855468750e-01
4.611728489398956299e-01
3.190806508064270020e-01
2.182639837265014648e-01
2.579247355461120605e-01
5.245573520660400391e-01
1.573198735713958740e-01
1.232398867607116699e+00
4.403092339634895325e-02
4.646621346473693848e-01
7.914575189352035522e-02
1.105609774589538574e+00
1.064528822898864746e+00
3.127679228782653809e-02
3.399365395307540894e-02
0.000000000000000000e+00
8.003084659576416016e-01
8.161079883575439453e-01
2.231334596872329712e-01
2.869738265872001648e-03
2.683190703392028809e-01
3.356909275054931641e+00
2.916923761367797852e+00
6.968112587928771973e-01
1.478309154510498047e+00
1.860690951347351074e+00
3.850336670875549316e-01
1.126890182495117188e-01
1.502779424190521240e-01
5.089901089668273926e-01
3.204753696918487549e-01
4.707686901092529297e-01
1.401552438735961914e+00
1.306549549102783203e+00
6.473318934440612793e-01
1.281153202056884766e+00
2.266759276390075684e-01
5.714324489235877991e-02
8.229783773422241211e-01
1.869127988815307617e+00
1.970151424407958984e+00
0.000000000000000000e+00
8.597989678382873535e-01
0.000000000000000000e+00
0.000000000000000000e+00
8.307756856083869934e-03
5.074440836906433105e-01
1.906420588493347168e-01
8.477976322174072266e-01
1.711640506982803345e-01
4.895803928375244141e-01
1.043351553380489349e-02
5.202822759747505188e-02
1.007706597447395325e-01
1.596380323171615601e-01
8.072519302368164062e-01
3.680997610092163086e+00
1.096309907734394073e-02
1.207792997360229492e+00
2.016219645738601685e-01
8.908969175536185503e-05
0.000000000000000000e+00
3.774364292621612549e-02
1.131061986088752747e-01
0.000000000000000000e+00
4.811671376228332520e-02
4.049291014671325684e-01
5.405621603131294250e-02
1.225320473313331604e-01
6.611573044210672379e-03
5.461513996124267578e-01
3.935598731040954590e-01
3.889505863189697266e-01
3.532209619879722595e-02
0.000000000000000000e+00
1.395962107926607132e-02
2.929139733314514160e-01
2.953623831272125244e-01
4.802179038524627686e-01
3.505100011825561523e-01
1.280006527900695801e+00
1.399973779916763306e-01
2.546111866831779480e-02
5.198942422866821289e-01
0.000000000000000000e+00
3.980710729956626892e-02
2.609323151409626007e-02
0.000000000000000000e+00
3.746419548988342285e-01
5.081092119216918945e-01
8.276460692286491394e-03
8.832962512969970703e-01
1.027575507760047913e-01
8.599898219108581543e-02
3.037437051534652710e-02
4.860930144786834717e-02
4.548769444227218628e-02
4.132853448390960693e-01
0.000000000000000000e+00
7.650490105152130127e-02
4.157254099845886230e-02
1.015301644802093506e-01
0.000000000000000000e+00
6.608313918113708496e-01
1.896332383155822754e+00
7.363175391219556332e-04
8.244845271110534668e-01
8.748086169362068176e-03
1.996685713529586792e-01
0.000000000000000000e+00
1.442153751850128174e-01
1.497402936220169067e-01
5.498924851417541504e-01
2.171202749013900757e-01
1.673080623149871826e-01
1.653515966609120369e-03
8.395246416330337524e-02
2.933177351951599121e-01
3.045482337474822998e-01
8.588179945945739746e-02
1.291562318801879883e+00
1.089060455560684204e-01
5.797714591026306152e-01
0.000000000000000000e+00
1.082585081458091736e-01
1.537630110979080200e-01
9.934091567993164062e-01
3.968451321125030518e-01
1.042089518159627914e-02
1.854794502258300781e+00
2.436908483505249023e-01
4.241177082061767578e+00
1.372632980346679688e-01
5.698230862617492676e-01
2.093273252248764038e-01
8.218777365982532501e-03
1.766677796840667725e-01
1.137427315115928650e-01
1.176852583885192871e+00
8.202595710754394531e-01
3.960842192173004150e-01
1.051701664924621582e+00
7.018465083092451096e-03
2.013754993677139282e-01
2.318066596984863281e+00
0.000000000000000000e+00
0.000000000000000000e+00
0.000000000000000000e+00
4.440303742885589600e-01
9.724617600440979004e-01
1.679743975400924683e-01
1.513690650463104248e-01
2.619687467813491821e-02
5.270990729331970215e-01
1.108798146247863770e+00
4.731592535972595215e-01
1.058428049087524414e+00
7.812940478324890137e-01
1.033064484596252441e+00
7.845296710729598999e-02
7.198463380336761475e-02
2.002693891525268555e+00
2.603983283042907715e-01
0.000000000000000000e+00
5.271319746971130371e-01
0.000000000000000000e+00
2.415371984243392944e-01
3.129914402961730957e-01
1.895716786384582520e-01
1.075031161308288574e-01
2.381083816289901733e-01
2.430833177641034126e-03
3.880866765975952148e-01
7.628353834152221680e-01
5.276105832308530807e-03
2.306599855422973633e+00
1.782733500003814697e-01
7.920114696025848389e-02
3.795386478304862976e-02
8.669546246528625488e-01
1.319264620542526245e-01
2.184773236513137817e-01
5.559360980987548828e-01
2.754842936992645264e-01
0.000000000000000000e+00
8.320927023887634277e-01
0.000000000000000000e+00
5.433058738708496094e-01
1.656146645545959473e+00
1.155860070139169693e-02
1.052245777100324631e-02
2.026895433664321899e-01
2.431075274944305420e-02
1.417622249573469162e-02
8.532304316759109497e-03
2.294880338013172150e-02
1.137569546699523926e-01
2.200789928436279297e+00
4.343390092253684998e-02
1.341409206390380859e+00
6.634398549795150757e-02
8.914660811424255371e-01
2.671801447868347168e-01
1.812586039304733276e-01
8.897197246551513672e-02
4.175834357738494873e-02
2.916892468929290771e-01
2.645518817007541656e-02
1.635631024837493896e-01
4.023266732692718506e-01
0.000000000000000000e+00
1.107126846909523010e-02
4.886913001537322998e-01
7.018450647592544556e-02
2.313676923513412476e-01
0.000000000000000000e+00
9.112950414419174194e-02
1.290710568428039551e-01
0.000000000000000000e+00
8.428227156400680542e-02
2.484509795904159546e-01
7.908210158348083496e-01
1.160944551229476929e-01
0.000000000000000000e+00
1.000231862068176270e+00
2.066509425640106201e-01
4.041043519973754883e-01
4.093441367149353027e-01
2.056023329496383667e-01
4.085146635770797729e-02
5.018699765205383301e-01
1.905530929565429688e+00
0.000000000000000000e+00
1.598864197731018066e-01
4.306754469871520996e-02
4.444399476051330566e-01
1.725849956274032593e-01
3.529413044452667236e-01
1.865130066871643066e-01
2.511041462421417236e-01
7.632859051227569580e-03
0.000000000000000000e+00
1.020344614982604980e+00
3.112806975841522217e-01
1.278165817260742188e+00
4.572999775409698486e-01
2.867761999368667603e-02
2.013306170701980591e-01
3.594919806346297264e-03
1.011081099510192871e+00
1.213599920272827148e+00
7.480435818433761597e-02
4.923939704895019531e-01
1.283684521913528442e-01
3.780417144298553467e-02
3.617920726537704468e-02
1.448795292526483536e-02
8.944844454526901245e-02
2.291966974735260010e-01
5.560983419418334961e-01
4.555061087012290955e-02
6.818183064460754395e-01
1.704329699277877808e-01
1.013862043619155884e-01
2.169224470853805542e-01
6.570367813110351562e-01
1.856019347906112671e-01
0.000000000000000000e+00
2.059785425662994385e-01
8.321973681449890137e-01
2.281046628952026367e+00
0.000000000000000000e+00
1.629240214824676514e-01
0.000000000000000000e+00
6.020947098731994629e-01
8.476681262254714966e-02
1.851216077804565430e+00
3.583820462226867676e-01
1.958999782800674438e-01
2.454804442822933197e-02
7.790016382932662964e-02
1.136106967926025391e+00
3.058243019040673971e-04
6.464203447103500366e-02
1.010246053338050842e-01
7.265719175338745117e-01
4.626959323883056641e+00
1.270862579345703125e+00
6.196225434541702271e-02
1.511584036052227020e-03
0.000000000000000000e+00
6.228780746459960938e-02
1.072662949562072754e+00
3.725289404392242432e-01
5.335468798875808716e-02
2.798921167850494385e-01
7.680337131023406982e-02
2.405418157577514648e-01
3.728168457746505737e-02
2.194266766309738159e-01
4.864602088928222656e-01
5.513711571693420410e-01
6.586351245641708374e-02
1.970003366470336914e+00
1.557354480028152466e-01
4.998816549777984619e-01
2.804114818572998047e+00
2.252581715583801270e-02
1.147003099322319031e-01
2.452011853456497192e-01
0.000000000000000000e+00
1.867416203022003174e-01
0.000000000000000000e+00
4.445776343345642090e-02
2.616371631622314453e+00
6.201547104865312576e-03
1.602408662438392639e-02
0.000000000000000000e+00
1.200486198067665100e-01
5.336006283760070801e-01
4.949771240353584290e-02
4.228118658065795898e-01
7.179781049489974976e-02
8.411084301769733429e-03
1.054213047027587891e+00
2.885103523731231689e-01
2.301638871431350708e-01
1.887866854667663574e-01
7.138399034738540649e-02
0.000000000000000000e+00
2.290305448696017265e-03
0.000000000000000000e+00
0.000000000000000000e+00
6.680394411087036133e-01
2.647962421178817749e-02
2.269763872027397156e-02
1.137605383992195129e-01
5.806172266602516174e-02
1.270116120576858521e-02
1.198999434709548950e-01
2.689864039421081543e-01
1.445308513939380646e-02
4.129668176174163818e-01
1.810164377093315125e-02
2.134429104626178741e-02
3.265160620212554932e-01
0.000000000000000000e+00
3.315276205539703369e-01
4.332480952143669128e-02
6.588709354400634766e-01
5.873465538024902344e-01
6.057551503181457520e-01
2.235387451946735382e-02
7.752329707145690918e-01
0.000000000000000000e+00
0.000000000000000000e+00
4.342923760414123535e-01
9.082458615303039551e-01
2.054557949304580688e-02
0.000000000000000000e+00
1.485315561294555664e-01
4.227101057767868042e-02
8.405496925115585327e-02
6.372938752174377441e-01
3.673788309097290039e-01
2.117090225219726562e-01
2.335674911737442017e-01
1.436873674392700195e-01
1.740091945976018906e-03
1.512761473655700684e+00
1.146184802055358887e+00
4.446391761302947998e-01
1.080765366554260254e+00
2.312644198536872864e-02
8.707383871078491211e-01
0.000000000000000000e+00
0.000000000000000000e+00
1.138997077941894531e-01
3.636435046792030334e-02
5.070423126220703125e+00
1.266304105520248413e-01
0.000000000000000000e+00
0.000000000000000000e+00
2.357607148587703705e-02
2.011108398437500000e+00
8.965628594160079956e-02
2.134188413619995117e-01
1.755963712930679321e-01
0.000000000000000000e+00
3.578333258628845215e-01
4.669940844178199768e-02
9.870381951332092285e-01
7.755360752344131470e-02
7.109022699296474457e-03
3.154918432235717773e+00
3.353193104267120361e-01
1.009206175804138184e-01
1.707053661346435547e+00
1.128098368644714355e+00
1.327453702688217163e-01
0.000000000000000000e+00
9.336229562759399414e-01
3.931543231010437012e-02
6.682419180870056152e-01
2.334032654762268066e-01
3.336464166641235352e-01
1.879424303770065308e-01
4.791513085365295410e-02
4.328092187643051147e-02
1.360803365707397461e+00
3.250371515750885010e-01
1.083400100469589233e-01
6.009548306465148926e-01
2.869935333728790283e-01
6.266604065895080566e-01
1.171740889549255371e+00
2.307309024035930634e-02
2.276002056896686554e-02
1.091142557561397552e-02
0.000000000000000000e+00
1.209241747856140137e-01
1.126214303076267242e-02
7.770485430955886841e-02
1.766619920730590820e+00
2.585368789732456207e-02
1.343152999877929688e+00
1.060164213180541992e+00
3.068021237850189209e-01
2.557816356420516968e-02
3.999784886837005615e-01
8.530346751213073730e-01
1.636984109878540039e+00
0.000000000000000000e+00
1.468047350645065308e-01
9.803762286901473999e-02
0.000000000000000000e+00
4.875774085521697998e-01
5.307893753051757812e-01
6.317324936389923096e-02
1.446156948804855347e-01
7.209959030151367188e-01
8.501781523227691650e-02
2.799689769744873047e-01
1.126007959246635437e-01
3.552057743072509766e-01
5.862327665090560913e-02
3.479196876287460327e-02
5.200817808508872986e-02
4.279300212860107422e+00
1.440967172384262085e-01
2.063495635986328125e+00
7.176376581192016602e-01
1.358949184417724609e+00
2.661199569702148438e+00
2.222251415252685547e+00
6.633303761482238770e-01
7.947441339492797852e-01
1.087246313691139221e-01
2.109848737716674805e+00
4.286257326602935791e-01
1.353121250867843628e-01
0.000000000000000000e+00
8.830647915601730347e-02
4.291140288114547729e-02
2.860708348453044891e-02
1.800432056188583374e-02
0.000000000000000000e+00
6.397958844900131226e-02
7.571802139282226562e-01
4.743686616420745850e-01
1.201450586318969727e+00
1.070315241813659668e-01
1.139980629086494446e-01
1.321197003126144409e-01
5.564085841178894043e-01
0.000000000000000000e+00
4.990953803062438965e-01
4.482190310955047607e-01
4.244762361049652100e-01
3.429532051086425781e-01
1.302023679018020630e-01
9.305682033300399780e-03
5.918335318565368652e-01
6.982100009918212891e-02
4.913352802395820618e-02
4.166953265666961670e-02
0.000000000000000000e+00
6.463064346462488174e-03
2.015376567840576172e+00
0.000000000000000000e+00
3.020321018993854523e-02
8.296741843223571777e-01
2.718522846698760986e-01
2.114865034818649292e-01
3.149203360080718994e-01
3.984508216381072998e-01
1.156266808509826660e+00
6.588720530271530151e-02
2.957616448402404785e-01
2.371792644262313843e-01
8.515508174896240234e-01
1.583172678947448730e-01
6.153142079710960388e-03
0.000000000000000000e+00
4.547130689024925232e-02
1.309172153472900391e+00
1.106987595558166504e+00
8.065432310104370117e-02
1.146881505846977234e-01
0.000000000000000000e+00
1.287399232387542725e-01
7.534197717905044556e-02
4.135000407695770264e-01
1.934463158249855042e-02
9.470154643058776855e-01
1.175196692347526550e-01
6.706478446722030640e-02
1.579740196466445923e-01
1.047013700008392334e-01
2.354422211647033691e-01
0.000000000000000000e+00
1.838686943054199219e+00
7.805696129798889160e-02
2.260470837354660034e-01
5.151456594467163086e-01
5.129839852452278137e-02
0.000000000000000000e+00
5.610902979969978333e-02
2.783423066139221191e-01
4.489068090915679932e-01
2.001981735229492188e-01
8.259326219558715820e-02
3.909276332706212997e-03
1.533816099166870117e+00
0.000000000000000000e+00
7.525009661912918091e-02
8.377023786306381226e-02
5.996457934379577637e-01
1.022857353091239929e-01
3.866069251671433449e-03
9.750346541404724121e-01
2.770152807235717773e+00
7.652763128280639648e-01
1.221499592065811157e-02
1.874229311943054199e+00
6.047276258468627930e-01
4.789335429668426514e-01
0.000000000000000000e+00
1.601461321115493774e-01
0.000000000000000000e+00
1.988079249858856201e-01
2.417505681514739990e-01
6.848483532667160034e-02
7.219016551971435547e-02
5.258072540163993835e-02
3.965632990002632141e-02
7.503566145896911621e-01
6.988739967346191406e-01
4.300919920206069946e-02
1.279841214418411255e-01
7.618271112442016602e-01
6.641534566879272461e-01
0.000000000000000000e+00
1.714485324919223785e-02
1.888092011213302612e-01
0.000000000000000000e+00
2.507251799106597900e-01
6.832367926836013794e-02
2.305874079465866089e-01
1.618793308734893799e-01
4.006536900997161865e-01
0.000000000000000000e+00
1.401337534189224243e-01
5.605813488364219666e-02
6.474168896675109863e-01
1.300112530589103699e-02
2.406250834465026855e-01
9.188687801361083984e-01
2.690779417753219604e-02
5.514983832836151123e-02
1.917086541652679443e-02
2.607342600822448730e-01
1.373977661132812500e-01
3.872800469398498535e-01
1.480411291122436523e-01
2.113780528306961060e-01
2.527382373809814453e-01
2.081145998090505600e-03
0.000000000000000000e+00
3.519569337368011475e-02
6.902661640197038651e-03
0.000000000000000000e+00
1.456981599330902100e-01
8.864519186317920685e-03
5.124645233154296875e-01
4.636945948004722595e-02
8.509770967066287994e-03
0.000000000000000000e+00
0.000000000000000000e+00
1.222859025001525879e+00
6.585582345724105835e-02
2.798484563827514648e-01
5.969256907701492310e-02
0.000000000000000000e+00
9.703141450881958008e-02
5.910711288452148438e-01
4.927080590277910233e-03
4.650657176971435547e-01
0.000000000000000000e+00
4.359130933880805969e-02
4.142395257949829102e-01
2.818930149078369141e-01
2.614535808563232422e+00
0.000000000000000000e+00
5.159465789794921875e+00
2.912648618221282959e-01
2.848685979843139648e-01
9.005172252655029297e-01
6.553488224744796753e-02
1.658862709999084473e+00
0.000000000000000000e+00
2.338407039642333984e-01
0.000000000000000000e+00
0.000000000000000000e+00
4.397150278091430664e-01
1.113374456763267517e-01
4.726472124457359314e-02
1.348954588174819946e-01
1.687150150537490845e-01
8.273117244243621826e-02
2.410994768142700195e+00
1.285460829734802246e+00
1.046002149581909180e+00
0.000000000000000000e+00
8.257970958948135376e-02
5.043371766805648804e-02
4.923572391271591187e-02
4.754994392395019531e+00
5.812019109725952148e-02
4.886376559734344482e-01
5.852119922637939453e-01
2.083254791796207428e-02
7.115287333726882935e-02
5.552484989166259766e-01
2.976072579622268677e-02
0.000000000000000000e+00
0.000000000000000000e+00
2.254928052425384521e-01
9.000648856163024902e-01
5.334648489952087402e-02
3.911425545811653137e-02
1.114531993865966797e+00
2.481526583433151245e-01
8.430290967226028442e-02
9.722925722599029541e-02
2.299822807312011719e+00
0.000000000000000000e+00
5.369023084640502930e-01
8.828579634428024292e-02
1.056044936180114746e+00
3.884640634059906006e-01
1.795999240130186081e-03
9.296117424964904785e-01
1.259048283100128174e-01
4.508941769599914551e-01
0.000000000000000000e+00
3.415526822209358215e-02
9.123741388320922852e-01
5.627091601490974426e-02
0.000000000000000000e+00
0.000000000000000000e+00
1.074078828096389771e-01
0.000000000000000000e+00
2.733943425118923187e-02
7.837429642677307129e-01
6.953470706939697266e-01
2.447896078228950500e-02
3.400812670588493347e-02
0.000000000000000000e+00
4.500108361244201660e-01
3.128433600068092346e-02
1.243160888552665710e-01
2.452065646648406982e-01
6.649928092956542969e-01
7.062252759933471680e-01
1.485889554023742676e-01
0.000000000000000000e+00
8.886871337890625000e-01
1.559596359729766846e-01
9.766109287738800049e-02
1.633246243000030518e-02
3.955754265189170837e-02
1.053672358393669128e-01
1.194051373749971390e-02
1.230187341570854187e-01
6.284093111753463745e-02
6.724754571914672852e-01
2.556123137474060059e-01
0.000000000000000000e+00
1.421191245317459106e-01
1.370669901371002197e-02
6.363214254379272461e-01
4.274730384349822998e-01
8.789204992353916168e-03
9.356173276901245117e-01
1.436046004295349121e+00
2.223852872848510742e+00
2.604016801342368126e-03
1.988328248262405396e-01
1.914837211370468140e-02
0.000000000000000000e+00
0.000000000000000000e+00
7.414569705724716187e-02
0.000000000000000000e+00
1.728319795802235603e-03
2.426183700561523438e+00
0.000000000000000000e+00
5.519858598709106445e-01
4.729475975036621094e-01
1.676397472620010376e-01
8.216624706983566284e-02
7.650304436683654785e-01
1.894489526748657227e+00
1.063479185104370117e+00
1.506073594093322754e+00
5.138952136039733887e-01
1.170460104942321777e+00
3.773678466677665710e-02
0.000000000000000000e+00
3.972724452614784241e-02
5.402452945709228516e-01
6.668000668287277222e-02
6.096075177192687988e-01
2.656285166740417480e-01
3.737922310829162598e-01
1.813225299119949341e-01
3.268086433410644531e+00
6.290256977081298828e-01
0.000000000000000000e+00
9.449250251054763794e-02
1.967121362686157227e+00
4.444396495819091797e-01
1.231150984764099121e+00
7.487320899963378906e-02
7.865250855684280396e-02
4.092168509960174561e-01
2.415211945772171021e-01
8.238434791564941406e-01
9.111993908882141113e-01
6.703735589981079102e-01
6.877142935991287231e-02
0.000000000000000000e+00
4.324036538600921631e-01
1.305126309394836426e+00
5.928184390068054199e-01
2.877641022205352783e-01
5.130878090858459473e-01
0.000000000000000000e+00
4.648098349571228027e-01
1.649985611438751221e-01
1.049305915832519531e+00
1.144650392234325409e-02
4.149057343602180481e-02
4.128111302852630615e-01
0.000000000000000000e+00
7.865385711193084717e-02
1.652894169092178345e-01
1.173991262912750244e-01
1.222453236579895020e+00
3.698056340217590332e-01
1.934611201286315918e-01
3.320268094539642334e-01
1.211046278476715088e-01
3.675512969493865967e-01
1.360298037528991699e+00
0.000000000000000000e+00
3.620143746957182884e-03
4.566681105643510818e-03
2.727487981319427490e-01
0.000000000000000000e+00
7.209737598896026611e-02
3.466358482837677002e-01
4.371290504932403564e-01
0.000000000000000000e+00
1.255132913589477539e+00
9.484720826148986816e-01
9.885432720184326172e-01
1.900990009307861328e-01
1.689330488443374634e-01
7.870451547205448151e-03
3.943904042243957520e-01
7.305671460926532745e-04
1.716145128011703491e-01
8.246463537216186523e-02
0.000000000000000000e+00
2.301946431398391724e-01
2.472179234027862549e-01
0.000000000000000000e+00
1.443836092948913574e-01
4.287690520286560059e-01
1.105555891990661621e-01
1.033278480172157288e-01
6.227224692702293396e-02
1.444942057132720947e-01
5.429915785789489746e-01
4.365868568420410156e-01
0.000000000000000000e+00
1.313958048820495605e+00
0.000000000000000000e+00
4.746601581573486328e-01
2.035514637827873230e-02
0.000000000000000000e+00
5.221036076545715332e-01
1.118691563606262207e+00
5.361918807029724121e-01
1.586322546005249023e+00
8.395609259605407715e-02
2.218539237976074219e+00
7.204917073249816895e-01
9.595368802547454834e-02
1.207737565040588379e+00
2.447947859764099121e-01
0.000000000000000000e+00
1.230351701378822327e-01
8.401724626310169697e-04
3.052698373794555664e-01
8.559928536415100098e-01
0.000000000000000000e+00
1.145978048443794250e-01
1.164257377386093140e-01
7.968267798423767090e-02
2.761237919330596924e-01
0.000000000000000000e+00
6.868746876716613770e-02
3.112354502081871033e-02
6.840457320213317871e-01
1.967003103345632553e-03
3.840663433074951172e-01
9.979988932609558105e-01
6.604760885238647461e-02
2.982462383806705475e-02
0.000000000000000000e+00
4.087503626942634583e-02
3.349936604499816895e-01
5.679634585976600647e-02
1.555786584503948689e-04
6.281300783157348633e-01
1.773982197046279907e-01
4.209106564521789551e-01
1.562065958976745605e+00
1.257124543190002441e+00
1.100916981697082520e+00
1.341953594237565994e-02
1.746565103530883789e-01
0.000000000000000000e+00
6.091860532760620117e-01
6.377463787794113159e-02
3.209359711036086082e-03
0.000000000000000000e+00
1.497420191764831543e+00
9.295552223920822144e-02
1.573804765939712524e-01
1.205241307616233826e-01
2.149428576231002808e-01
4.698189347982406616e-02
2.150688171386718750e+00
0.000000000000000000e+00
9.990339726209640503e-02
9.696086496114730835e-02
1.253277957439422607e-01
8.908335864543914795e-02
2.434444576501846313e-01
1.362494826316833496e+00
1.912656053900718689e-02
6.512593477964401245e-02
9.862893819808959961e-01
3.608801066875457764e-01
0.000000000000000000e+00
0.000000000000000000e+00
0.000000000000000000e+00
2.968230962753295898e+00
1.934387087821960449e-01
7.089751958847045898e-02
1.965572476387023926e+00
4.378501698374748230e-02
6.726536899805068970e-02
4.141985997557640076e-02
5.023121237754821777e-01
0.000000000000000000e+00
5.999655649065971375e-02
0.000000000000000000e+00
1.102381665259599686e-02
2.491141796112060547e+00
3.733743429183959961e-01
1.032377593219280243e-02
1.138138845562934875e-01
0.000000000000000000e+00
4.076689183712005615e-01
1.155680716037750244e-01
6.416729837656021118e-02
9.917978197336196899e-02
1.290452122688293457e+00
2.145896106958389282e-02
1.012723818421363831e-01
4.211580380797386169e-02
3.908685684204101562e+00
3.754229068756103516e+00
1.763762682676315308e-01
3.147096140310168266e-03
4.204857349395751953e-01
0.000000000000000000e+00
1.222967170178890228e-02
3.675832226872444153e-02
2.738539695739746094e+00
1.487217694520950317e-01
2.817493677139282227e-01
2.535508712753653526e-03
4.912264645099639893e-01
1.014875248074531555e-02
2.538653314113616943e-01
9.498445689678192139e-02
1.939091533422470093e-01
3.014339692890644073e-02
0.000000000000000000e+00
1.694442033767700195e-01
1.484480351209640503e-01
2.606280520558357239e-02
2.031213231384754181e-02
0.000000000000000000e+00
3.435910865664482117e-02
3.350470364093780518e-01
3.432464301586151123e-01
1.852046549320220947e-01
0.000000000000000000e+00
0.000000000000000000e+00
7.669258713722229004e-01
4.151535928249359131e-01
1.859592944383621216e-01
3.409273689612746239e-03
1.562316063791513443e-02
1.005535870790481567e-01
3.752765953540802002e-01
4.143877625465393066e-01
2.060409307479858398e+00
1.054011434316635132e-01
4.167691171169281006e-01
6.162642035633325577e-03
5.352851867675781250e+00
7.032731920480728149e-02
0.000000000000000000e+00
1.026168584823608398e+00
1.254984140396118164e-01
1.394411474466323853e-01
0.000000000000000000e+00
1.477462947368621826e-01
0.000000000000000000e+00
2.602630257606506348e-01
1.670809462666511536e-02
9.512584656476974487e-03
2.621966302394866943e-01
3.217136561870574951e-01
7.302050590515136719e-01
6.998444199562072754e-01
4.344114661216735840e-01
8.111455291509628296e-02
1.529152691364288330e-01
3.484670445322990417e-02
6.822947263717651367e-01
4.452520012855529785e-01
6.411209702491760254e-01
0.000000000000000000e+00
8.225463330745697021e-02
0.000000000000000000e+00
1.056952998042106628e-01
3.087834119796752930e-01
3.877856135368347168e-01
2.069714106619358063e-02
1.006470471620559692e-01
0.000000000000000000e+00
4.311157390475273132e-02
2.906675636768341064e-01
1.120469719171524048e-01
1.077452659606933594e+00
2.613328099250793457e-01
0.000000000000000000e+00
0.000000000000000000e+00
6.841636300086975098e-01
1.318252444267272949e+00
3.619584143161773682e-01
9.307210445404052734e-01
0.000000000000000000e+00
9.162221848964691162e-02
8.681401014328002930e-01
8.480778336524963379e-01
5.865411367267370224e-03
3.045272111892700195e+00
2.218981087207794189e-02
6.381369382143020630e-02
1.131933531723916531e-03
0.000000000000000000e+00
9.017241001129150391e-02
7.897064089775085449e-02
5.896136760711669922e-01
9.805821627378463745e-02
6.916711926460266113e-01
1.055671018548309803e-03
9.900713711977005005e-02
6.270570755004882812e-01
1.292540669441223145e+00
1.943833567202091217e-02
5.751813650131225586e-01
4.212206900119781494e-01
3.951942622661590576e-01
4.437348544597625732e-01
5.893215537071228027e-01
4.197789356112480164e-02
0.000000000000000000e+00
4.212619364261627197e-02
2.359108179807662964e-01
1.054806634783744812e-01
8.992634713649749756e-02
1.262525200843811035e+00
6.257747858762741089e-02
6.255316734313964844e-01
2.168730020523071289e+00
3.493664860725402832e-01
1.669480323791503906e+00
0.000000000000000000e+00
3.702499344944953918e-02
1.097041144967079163e-01
1.398804187774658203e-01
2.662277780473232269e-02
2.062400430440902710e-02
4.508810937404632568e-01
0.000000000000000000e+00
2.493881620466709137e-02
3.716951608657836914e-02
1.345783621072769165e-01
3.837241604924201965e-02
1.778208315372467041e-01
3.256065249443054199e-01
2.119659911841154099e-03
5.270309373736381531e-02
0.000000000000000000e+00
0.000000000000000000e+00
1.520133495330810547e+00
1.243008255958557129e+00
1.179594174027442932e-02
3.843477964401245117e-01
3.328393399715423584e-01
8.367187343537807465e-03
0.000000000000000000e+00
1.279196590185165405e-01
2.288034856319427490e-01
3.078090250492095947e-01
1.017042875289916992e+00
6.841477155685424805e-01
2.434304356575012207e-02
1.613388396799564362e-02
9.869295358657836914e-02
0.000000000000000000e+00
7.163064181804656982e-02
1.771432161331176758e+00
0.000000000000000000e+00
7.808328419923782349e-02
1.593353971838951111e-02
0.000000000000000000e+00
5.929731726646423340e-01
1.651795268058776855e+00
2.391568720340728760e-01
1.843616366386413574e-01
3.029362559318542480e-01
7.323510050773620605e-01
8.826757967472076416e-02
2.545211017131805420e-01
5.713772773742675781e-01
7.099381089210510254e-01
0.000000000000000000e+00
1.563807725906372070e-01
0.000000000000000000e+00
6.994253396987915039e-01
3.225396871566772461e+00
3.638300895690917969e-01
3.830378502607345581e-02
2.901008427143096924e-01
2.974879555404186249e-02
2.656155824661254883e-01
6.646502017974853516e-01
1.477096915245056152e+00
2.800849080085754395e-01
1.078892648220062256e-01
7.290822267532348633e-01
3.290481567382812500e+00
6.070691719651222229e-02
2.094870656728744507e-01
1.700730621814727783e-02
3.982955515384674072e-01
8.607818484306335449e-01
0.000000000000000000e+00
3.538430610205978155e-04
3.792228922247886658e-02
1.484888315200805664e+00
1.817448250949382782e-02
0.000000000000000000e+00
8.332888782024383545e-02
1.176878333091735840e+00
4.986726865172386169e-02
3.316571116447448730e-01
1.313445530831813812e-02
2.035021930932998657e-01
2.250936985015869141e+00
8.002422400750219822e-04
6.146607398986816406e-01
0.000000000000000000e+00
5.282940343022346497e-02
8.970599621534347534e-02
5.214668512344360352e-01
1.166736632585525513e-01
1.077810302376747131e-01
0.000000000000000000e+00
1.941695064306259155e-01
1.967186033725738525e-01
3.875878825783729553e-02
0.000000000000000000e+00
4.298340976238250732e-01
8.471497297286987305e-01
1.079131849110126495e-02
6.035314798355102539e-01
2.010888010263442993e-01
2.258235692977905273e+00
9.191223978996276855e-02
0.000000000000000000e+00
4.490072727203369141e-01
5.485426187515258789e-01
0.000000000000000000e+00
1.109006166458129883e+00
2.991247892379760742e+00
5.938289687037467957e-03
0.000000000000000000e+00
1.464450359344482422e-01
3.289823606610298157e-02
2.042927220463752747e-02
5.002762675285339355e-01
9.525910019874572754e-01
3.687895834445953369e-01
4.362582042813301086e-02
2.983267009258270264e-01
1.525537073612213135e-01
4.371828436851501465e-01
4.228113964200019836e-02
9.279443621635437012e-01
1.590387523174285889e-01
5.197140574455261230e-01
0.000000000000000000e+00
1.007784485816955566e+00
9.426605701446533203e-01
0.000000000000000000e+00
2.762648090720176697e-02
4.959675967693328857e-01
1.580500602722167969e+00
1.306941390037536621e+00
3.464889228343963623e-01
7.746432442218065262e-03
4.377619326114654541e-01
1.617596670985221863e-02
2.756573855876922607e-01
4.414076358079910278e-02
1.401404142379760742e+00
0.000000000000000000e+00
1.051441788673400879e+00
9.521951898932456970e-03
1.346868723630905151e-01
1.469620227813720703e+00
1.551827788352966309e-01
1.846662610769271851e-01
5.748935341835021973e-01
0.000000000000000000e+00
1.899749971926212311e-02
2.960450947284698486e-01
5.219653248786926270e-02
9.423726797103881836e-02
4.285250306129455566e-01
1.769471019506454468e-01
8.899351209402084351e-02
0.000000000000000000e+00
1.212024968117475510e-02
2.844710946083068848e-01
6.189378350973129272e-02
3.334935009479522705e-02
1.491774678230285645e+00
1.795309901237487793e+00
1.925478428602218628e-01
2.901525795459747314e-02
1.582502126693725586e+00
0.000000000000000000e+00
9.893399477005004883e-01
7.189539819955825806e-02
3.289072215557098389e-02
2.450086176395416260e-01
6.878077983856201172e-02
7.804898545145988464e-03
3.020307421684265137e-01
2.689774632453918457e-01
4.614364504814147949e-01
8.971675485372543335e-02
2.978644132614135742e+00
5.801901593804359436e-02
5.361267179250717163e-02
1.858114957809448242e+00
3.624529540538787842e-01
5.067777633666992188e-01
1.136929169297218323e-01
9.973153471946716309e-02
1.242193818092346191e+00
8.018058724701404572e-04
1.648284941911697388e-01
4.119410738348960876e-02
1.075307279825210571e-01
1.510628819465637207e+00
6.253038067370653152e-03
1.998272091150283813e-01
0.000000000000000000e+00
1.025087833404541016e+00
6.615894317626953125e+00
9.569559991359710693e-02
3.551717847585678101e-02
6.462180614471435547e-01
0.000000000000000000e+00
1.416056752204895020e-01
2.081398665904998779e-02
3.851867839694023132e-02
7.403327617794275284e-03
6.352832913398742676e-02
1.492670327425003052e-01
5.281246080994606018e-02
2.231963574886322021e-01
1.392044872045516968e-02
1.761914342641830444e-01
5.192725360393524170e-02
0.000000000000000000e+00
3.049357533454895020e-01
2.212858438491821289e+00
1.339182555675506592e-01
7.243476808071136475e-02
1.094353422522544861e-01
1.200491905212402344e+00
2.664468251168727875e-02
7.224463857710361481e-03
3.593994379043579102e-01
6.222318410873413086e-01
1.320145428180694580e-01
2.865727663040161133e+00
2.260833829641342163e-01
5.045964121818542480e-01
1.909288316965103149e-01
2.370146960020065308e-01
8.730840682983398438e-02
1.447334170341491699e+00
1.515321582555770874e-01
2.144771337509155273e+00
9.567979577695950866e-05
9.173074960708618164e-01
1.309715211391448975e-01
6.192364171147346497e-02
2.840234339237213135e-01
1.590691655874252319e-01
1.456860750913619995e-01
8.756589144468307495e-02
1.174432992935180664e+00
8.866555243730545044e-02
6.183616518974304199e-01
4.273348022252321243e-03
1.153958737850189209e-01
2.215761244297027588e-01
2.387651950120925903e-01
2.781049534678459167e-02
0.000000000000000000e+00
0.000000000000000000e+00
7.075052708387374878e-02
0.000000000000000000e+00
1.779486387968063354e-01
3.250032663345336914e-03
1.644696742296218872e-01
1.755759567022323608e-01
0.000000000000000000e+00
7.207786291837692261e-02
8.292522281408309937e-02
4.300665855407714844e+00
4.575520008802413940e-02
5.931594371795654297e-01
2.466866374015808105e-01
2.923205494880676270e-01
3.782705068588256836e-01
1.436084032058715820e+00
1.061986312270164490e-01
0.000000000000000000e+00
0.000000000000000000e+00
8.372963964939117432e-02
5.464609861373901367e-01
1.375840425491333008e+00
0.000000000000000000e+00
2.381915003061294556e-01
6.207095831632614136e-02
0.000000000000000000e+00
8.039351552724838257e-02
5.661473795771598816e-02
0.000000000000000000e+00
2.316368557512760162e-02
8.269131183624267578e-02
3.616512417793273926e-01
7.529030740261077881e-02
3.342385053634643555e+00
2.834636531770229340e-02
1.437884569168090820e+00
0.000000000000000000e+00
6.164622306823730469e-01
1.775859743356704712e-01
4.880587100982666016e+00
1.046689897775650024e-01
3.559140488505363464e-02
4.523137211799621582e-02
1.256555020809173584e-01
6.680079698562622070e-01
4.070217311382293701e-01
5.765247941017150879e-01
1.410080790519714355e-01
1.466470956802368164e-01
1.982840001583099365e-01
3.156274259090423584e-01
0.000000000000000000e+00
3.236912488937377930e-01
3.712607175111770630e-02
4.828771948814392090e-01
6.202041730284690857e-02
6.497274637222290039e-01
1.094609275460243225e-01
6.364204287528991699e-01
9.930768609046936035e-02
4.693436622619628906e-02
6.340397596359252930e-01
0.000000000000000000e+00
3.023528959602117538e-03
2.786464393138885498e-01
9.550241231918334961e-01
7.229762077331542969e-01
2.915740907192230225e-01
1.457292679697275162e-02
2.411985844373703003e-01
5.862595438957214355e-01
6.330786645412445068e-02
1.704217493534088135e-01
9.190730750560760498e-02
7.759840786457061768e-02
6.561268121004104614e-02
0.000000000000000000e+00
7.156480550765991211e-01
3.162637352943420410e-01
3.776055574417114258e-01
5.607286840677261353e-02
8.815270662307739258e-02
3.632900416851043701e-01
1.777264103293418884e-02
6.523307878524065018e-03
1.861672103404998779e-01
9.533849358558654785e-02
3.735187277197837830e-02
2.694036066532135010e-01
2.159935608506202698e-02
9.058852195739746094e-01
2.388725802302360535e-02
1.509414911270141602e-01
0.000000000000000000e+00
1.094452500343322754e+00
6.745004653930664062e+00
2.722898311913013458e-02
4.734062775969505310e-02
1.289441436529159546e-01
5.688875913619995117e-02
3.641360104084014893e-01
3.305228948593139648e-01
8.517180681228637695e-01
2.034523040056228638e-01
2.119467779994010925e-02
0.000000000000000000e+00
2.668025437742471695e-03
0.000000000000000000e+00
2.113062422722578049e-03
0.000000000000000000e+00
1.324000477790832520e+00
4.196883738040924072e-02
1.120499968528747559e-01
0.000000000000000000e+00
2.594112651422619820e-03
3.783185780048370361e-02
7.782862987369298935e-03
5.727914720773696899e-02
4.757859930396080017e-02
6.989698857069015503e-02
3.248536884784698486e-01
4.486454650759696960e-02
2.051495760679244995e-01
1.046450510621070862e-01
2.722390741109848022e-02
6.322519481182098389e-02
5.430170893669128418e-01
4.638306498527526855e-01
1.672039926052093506e-02
1.225138306617736816e+00
1.287747547030448914e-02
4.768550768494606018e-02
2.596076428890228271e-01
5.818241238594055176e-01
3.157197535037994385e-01
1.589258790016174316e+00
4.256958961486816406e-01
0.000000000000000000e+00
6.321208477020263672e-01
2.415715694427490234e+00
0.000000000000000000e+00
6.118382811546325684e-01
2.057860195636749268e-01
0.000000000000000000e+00
2.813807725906372070e-01
1.891529187560081482e-02
2.605694770812988281e+00
6.558842211961746216e-02
0.000000000000000000e+00
4.277381896972656250e-01
