1.407987554557621479e-03
2.091235965490341187e-01
3.386481404304504395e-01
7.047783136367797852e-01
0.000000000000000000e+00
4.845256507396697998e-01
2.791830301284790039e-01
7.041870057582855225e-02
2.811276912689208984e-01
4.801085948944091797e+00
0.000000000000000000e+00
0.000000000000000000e+00
3.888238454237580299e-03
0.000000000000000000e+00
2.599246501922607422e-01
1.352888345718383789e+00
4.604423344135284424e-01
4.276963770389556885e-01
2.593108639121055603e-02
9.796505570411682129e-01
2.527850270271301270e-01
4.812027886509895325e-02
4.592679142951965332e-01
0.000000000000000000e+00
2.719950675964355469e-02
4.012628793716430664e-01
1.422551155090332031e+00
0.000000000000000000e+00
9.373286366462707520e-02
1.035460680723190308e-01
5.982348322868347168e-01
1.360279694199562073e-02
2.080943435430526733e-01
2.935892343521118164e-01
0.000000000000000000e+00
5.870126485824584961e-01
9.708770364522933960e-02
7.685321383178234100e-03
2.510307729244232178e-01
6.788643002510070801e-01
7.957659363746643066e-01
2.109198123216629028e-01
1.184242516756057739e-01
2.094232559204101562e+00
6.701236218214035034e-02
4.771266598254442215e-03
5.128723569214344025e-03
6.178744137287139893e-02
5.065218359231948853e-02
5.311514716595411301e-03
9.386562556028366089e-02
2.998417615890502930e-01
3.886244446039199829e-02
0.000000000000000000e+00
0.000000000000000000e+00
3.949962854385375977e-01
3.367899730801582336e-02
1.708762496709823608e-01
8.135505318641662598e-01
1.852938532829284668e-01
2.018610477447509766e+00
4.880807101726531982e-01
6.689001321792602539e-01
7.984939217567443848e-02
2.487628022208809853e-03
1.266779750585556030e-01
1.874156713485717773e+00
1.576003551483154297e+00
5.311342328786849976e-02
7.688931822776794434e-01
2.375710725784301758e+00
2.572547495365142822e-01
0.000000000000000000e+00
1.747814565896987915e-02
3.342236876487731934e-01
2.996758818626403809e-01
7.927258312702178955e-02
4.013173878192901611e-01
1.850411534309387207e+00
0.000000000000000000e+00
2.864475846290588379e-01
3.358879685401916504e-02
1.088925600051879883e-01
4.330974817276000977e-02
1.520559072494506836e+00
1.255349993705749512e+00
1.499761044979095459e-01
1.362015455961227417e-01
1.111891031265258789e+00
5.339241027832031250e-02
4.172283113002777100e-01
9.421290457248687744e-02
1.403466314077377319e-01
5.348518490791320801e-02
7.073083519935607910e-02
9.292705357074737549e-02
7.406113147735595703e-01
1.300925314426422119e-01
3.540792167186737061e-01
4.163501560688018799e-01
9.690736234188079834e-02
1.202431082725524902e+00
4.561768472194671631e-01
6.761878132820129395e-01
5.122686736285686493e-03
4.653610587120056152e-01
1.665887683629989624e-01
0.000000000000000000e+00
1.407880187034606934e-01
6.211726188659667969e+00
0.000000000000000000e+00
5.443117022514343262e-01
1.170513778924942017e-01
1.538506031036376953e+00
4.391012340784072876e-02
1.586072146892547607e-01
3.648217916488647461e-01
0.000000000000000000e+00
1.352771967649459839e-01
1.226317882537841797e-02
8.287183046340942383e-01
4.406568780541419983e-02
0.000000000000000000e+00
0.000000000000000000e+00
2.420906126499176025e-01
3.698565438389778137e-02
1.480282247066497803e-01
3.761098533868789673e-02
1.039228402078151703e-02
2.956035733222961426e-01
5.589180588722229004e-01
1.766781657934188843e-01
0.000000000000000000e+00
4.427588731050491333e-02
1.092411637306213379e+00
2.315395511686801910e-02
1.644338965415954590e+00
7.049318868666887283e-03
3.667085409164428711e+00
2.362290024757385254e-01
0.000000000000000000e+00
8.205243945121765137e-01
1.545163244009017944e-01
5.133779644966125488e-01
3.856511712074279785e-01
8.220259100198745728e-02
1.712843626737594604e-01
0.000000000000000000e+00
1.605184935033321381e-02
0.000000000000000000e+00
5.015769600868225098e-01
5.966711044311523438e-02
5.332962423563003540e-02
5.071185529232025146e-02
2.765628695487976074e-01
2.535773813724517822e-01
3.096478618681430817e-02
2.681026421487331390e-02
0.000000000000000000e+00
7.380115985870361328e-01
2.060948014259338379e-01
9.816100597381591797e-01
8.938586711883544922e-02
3.053218722343444824e-01
4.335620999336242676e-01
5.152359604835510254e-01
2.200057357549667358e-02
3.811110043898224831e-03
4.415789544582366943e-01
1.882074922323226929e-01
4.565887898206710815e-02
7.413356006145477295e-02
9.404039382934570312e-01
2.696188353002071381e-02
1.014640275388956070e-02
2.602129876613616943e-01
2.155743306502699852e-03
2.608209149911999702e-03
1.585539430379867554e-02
5.052218437194824219e-01
1.104783713817596436e-01
9.129890203475952148e-01
4.289479255676269531e-01
9.398857504129409790e-02
4.280059784650802612e-02
2.076051473617553711e+00
6.182254552841186523e-01
8.913838304579257965e-03
8.785713464021682739e-03
1.311221718788146973e+00
1.139197871088981628e-01
3.073988482356071472e-03
8.368321657180786133e-01
2.690948247909545898e-01
2.084565013647079468e-01
2.557147741317749023e-01
8.572494983673095703e-02
9.727127552032470703e-01
1.111167594790458679e-01
6.850662827491760254e-02
1.240996643900871277e-02
6.104421019554138184e-01
6.420485675334930420e-02
1.483963280916213989e-01
4.792988002300262451e-01
2.377966642379760742e+00
0.000000000000000000e+00
1.203110933303833008e+00
3.141336143016815186e-01
6.012727692723274231e-02
6.247901543974876404e-02
9.497898817062377930e-02
0.000000000000000000e+00
4.477691650390625000e-01
5.600661784410476685e-02
3.317516762763261795e-03
3.955898582935333252e-01
1.920179575681686401e-01
7.747967541217803955e-02
1.260043978691101074e+00
3.262452483177185059e-01
1.356333494186401367e-01
4.322715759277343750e+00
9.737977385520935059e-02
4.647151753306388855e-02
2.642754614353179932e-01
2.708686590194702148e-01
3.033618927001953125e-01
9.582008421421051025e-02
1.443708240985870361e-01
0.000000000000000000e+00
7.441772520542144775e-02
5.005562305450439453e-01
7.580931298434734344e-03
1.722864061594009399e-01
2.143874615430831909e-01
1.284865103662014008e-02
2.210023999214172363e-02
0.000000000000000000e+00
4.843870177865028381e-03
2.977154254913330078e-01
8.923314809799194336e-01
0.000000000000000000e+00
0.000000000000000000e+00
7.086595147848129272e-02
6.892879009246826172e-01
2.422731183469295502e-02
5.344013869762420654e-02
4.304386302828788757e-02
1.626541018486022949e-01
1.793276667594909668e-01
4.316770732402801514e-01
1.099821999669075012e-01
3.195386379957199097e-02
5.737995505332946777e-01
6.205296143889427185e-02
4.713115990161895752e-01
3.672891259193420410e-01
9.220916032791137695e-01
0.000000000000000000e+00
3.336871862411499023e-01
1.898536533117294312e-01
2.793068647384643555e+00
1.773683167994022369e-02
1.849402636289596558e-01
0.000000000000000000e+00
0.000000000000000000e+00
6.948387026786804199e-01
2.897531270980834961e+00
1.933725923299789429e-02
9.912577867507934570e-01
5.742945075035095215e-01
5.657930672168731689e-02
1.219536364078521729e-01
8.719071149826049805e-01
3.511470556259155273e-01
3.418297693133354187e-02
8.276926726102828979e-02
1.742112755775451660e+00
7.942955195903778076e-02
2.723289653658866882e-03
3.291561082005500793e-02
4.657132923603057861e-01
4.401973448693752289e-03
3.250777348875999451e-02
7.192766070365905762e-01
4.430829430930316448e-04
1.215455055236816406e+00
2.421144247055053711e+00
1.872971951961517334e-01
1.413691759109497070e+00
1.629075780510902405e-02
2.681095525622367859e-02
1.336467564105987549e-01
1.947354674339294434e-01
4.943079352378845215e-01
3.741709142923355103e-02
9.554550796747207642e-02
3.393293544650077820e-02
1.226979270577430725e-01
8.219762891530990601e-02
2.868156135082244873e-01
9.636990427970886230e-01
1.313842684030532837e-01
4.575930237770080566e-01
1.316739916801452637e-01
3.812806904315948486e-01
3.200323879718780518e-01
7.820249348878860474e-02
6.842319667339324951e-02
3.567073866724967957e-02
4.731347858905792236e-01
5.389608144760131836e-01
1.249662339687347412e-01
1.182236075401306152e-01
2.113187015056610107e-01
1.236664414405822754e+00
6.542960647493600845e-03
3.107621707022190094e-02
3.353815376758575439e-01
1.577807664871215820e-01
7.785068452358245850e-02
5.856953263282775879e-01
0.000000000000000000e+00
8.713322877883911133e-02
2.332225590944290161e-01
1.883665099740028381e-02
2.361799478530883789e+00
7.451342791318893433e-02
9.652990102767944336e-01
4.225517213344573975e-01
3.313619270920753479e-02
7.753784656524658203e-01
7.216650247573852539e-01
9.868476390838623047e-01
4.994240030646324158e-02
6.453199386596679688e-01
4.166585206985473633e-01
2.488228976726531982e-01
1.670948043465614319e-02
3.028813516721129417e-04
4.604019522666931152e-01
2.125735431909561157e-01
7.174672931432723999e-02
3.685041964054107666e-01
0.000000000000000000e+00
0.000000000000000000e+00
5.032529234886169434e-01
8.772466331720352173e-02
6.511306762695312500e-02
1.892488241195678711e+00
5.620366707444190979e-02
1.640361070632934570e+00
1.733510638587176800e-03
6.724847853183746338e-02
1.087435722351074219e+00
1.154247522354125977e-01
4.429764747619628906e-01
3.374385535717010498e-01
1.212277486920356750e-01
3.993780314922332764e-01
7.127393484115600586e-01
9.709005057811737061e-02
1.208624541759490967e-01
2.395200282335281372e-01
4.123622551560401917e-02
8.096240162849426270e-01
4.385455846786499023e-01
6.322943419218063354e-02
1.792420297861099243e-01
7.058796882629394531e-01
9.007648564875125885e-03
0.000000000000000000e+00
7.105559706687927246e-01
2.967326715588569641e-02
0.000000000000000000e+00
1.075034022331237793e+00
0.000000000000000000e+00
1.264661312103271484e+00
2.311495393514633179e-01
7.813268899917602539e-01
4.457417964935302734e+00
1.192180395126342773e+00
0.000000000000000000e+00
4.126692712306976318e-01
1.629272699356079102e-01
1.741159558296203613e-01
7.527698576450347900e-02
2.148812711238861084e-01
1.904647983610630035e-02
1.096500605344772339e-01
2.572852559387683868e-02
7.583313435316085815e-02
0.000000000000000000e+00
6.771916747093200684e-01
6.236819744110107422e+00
4.447383433580398560e-02
4.263092279434204102e-01
0.000000000000000000e+00
2.574250102043151855e-01
2.203492522239685059e-01
5.206898450851440430e-01
4.105238616466522217e-01
7.554965615272521973e-01
0.000000000000000000e+00
1.711726337671279907e-01
2.384970933198928833e-01
9.911292195320129395e-01
1.031062602996826172e+00
3.857794106006622314e-01
5.197552442550659180e-01
3.253133594989776611e-02
4.364818930625915527e-01
3.829366341233253479e-02
2.585612535476684570e+00
2.267960757017135620e-01
3.305218741297721863e-02
2.168393433094024658e-01
5.224140360951423645e-03
1.785764545202255249e-01
1.729908585548400879e-01
3.396957218647003174e-01
1.370699028484523296e-04
3.620558381080627441e-01
1.906039416790008545e-01
1.048701882362365723e+00
2.807997703552246094e+00
2.151769120246171951e-03
1.751548796892166138e-01
3.648720681667327881e-01
9.677292704582214355e-01
2.891865745186805725e-02
5.451928138732910156e+00
6.415180563926696777e-01
1.399584859609603882e-01
9.991658926010131836e-01
1.063713073730468750e+00
0.000000000000000000e+00
6.604899764060974121e-01
3.993682935833930969e-02
5.355226807296276093e-03
2.858160249888896942e-02
6.330435723066329956e-02
5.937476456165313721e-02
4.244708716869354248e-01
1.635482311248779297e+00
1.682932078838348389e-01
3.650868684053421021e-02
1.074687093496322632e-01
3.320548310875892639e-02
2.610695064067840576e-01
3.425693213939666748e-01
9.854772090911865234e-01
1.141748428344726562e-01
8.030147291719913483e-03
1.244647502899169922e+00
2.101410478353500366e-01
0.000000000000000000e+00
7.549270242452621460e-02
6.713527254760265350e-03
7.496048808097839355e-01
2.576152561232447624e-03
2.365775406360626221e-01
6.723589897155761719e-01
1.002628006972372532e-03
3.458112478256225586e-02
7.811893820762634277e-01
2.647508867084980011e-02
0.000000000000000000e+00
3.033480644226074219e-01
1.778902858495712280e-02
9.599446654319763184e-01
1.152481198310852051e+00
9.272025227546691895e-01
4.168758690357208252e-01
1.471328616142272949e+00
1.618711799383163452e-01
4.640575647354125977e-01
7.754813432693481445e-01
1.602945290505886078e-02
8.785856887698173523e-03
2.085437327623367310e-01
9.301443397998809814e-02
7.844178080558776855e-01
1.686265587806701660e+00
8.702749013900756836e-02
7.259240746498107910e-02
7.116131484508514404e-02
9.688057303428649902e-01
1.236019492149353027e+00
7.710663229227066040e-02
4.798811674118041992e-01
6.189448833465576172e-01
3.585051596164703369e-01
4.466136991977691650e-01
5.090957880020141602e-02
4.554043058305978775e-03
3.633491992950439453e+00
5.783630013465881348e-01
4.569994807243347168e-01
0.000000000000000000e+00
4.999874904751777649e-02
3.926713168621063232e-01
0.000000000000000000e+00
1.503960132598876953e+00
1.591265387833118439e-02
1.971548944711685181e-01
0.000000000000000000e+00
4.501450955867767334e-01
2.929448150098323822e-02
5.343942344188690186e-02
2.612540721893310547e-01
1.030330583453178406e-01
9.450437426567077637e-01
6.487571001052856445e-01
6.806590408086776733e-02
1.044569015502929688e+00
4.163973629474639893e-01
1.157764717936515808e-01
1.152106672525405884e-01
1.166461229324340820e+00
6.302035450935363770e-01
0.000000000000000000e+00
5.002926662564277649e-02
1.170139666646718979e-02
2.047971487045288086e+00
1.116997748613357544e-02
4.799502342939376831e-02
2.385585568845272064e-02
2.921380996704101562e-01
3.658580482006072998e-01
7.581301927566528320e-01
1.710657119750976562e+00
3.664752542972564697e-01
1.521535158157348633e+00
8.223780989646911621e-02
0.000000000000000000e+00
2.139495313167572021e-02
1.903105378150939941e-01
7.406185865402221680e-01
1.032876223325729370e-01
9.354898929595947266e-01
8.612583875656127930e-01
2.855648100376129150e-01
1.931302994489669800e-01
7.452460527420043945e-01
5.626237988471984863e-01
4.902650415897369385e-01
2.716937661170959473e-02
1.538811326026916504e+00
0.000000000000000000e+00
1.561720622703433037e-03
1.900219559669494629e+00
8.488082885742187500e-02
2.483889926224946976e-03
1.008154004812240601e-01
9.013515114784240723e-01
0.000000000000000000e+00
1.707179397344589233e-01
2.872121930122375488e-01
1.162528634071350098e+00
0.000000000000000000e+00
7.864367961883544922e-02
1.081298351287841797e+00
1.221200898289680481e-01
2.982607781887054443e-01
6.254885345697402954e-02
1.704659610986709595e-01
0.000000000000000000e+00
2.357311397790908813e-01
2.463233321905136108e-01
2.761243581771850586e-01
7.395792007446289062e-02
0.000000000000000000e+00
6.741272211074829102e-01
1.511909961700439453e-01
0.000000000000000000e+00
3.319692909717559814e-01
0.000000000000000000e+00
6.675621867179870605e-01
1.200066804885864258e-01
1.420540511608123779e-01
6.199362874031066895e-02
7.893733382225036621e-01
1.034526061266660690e-02
2.796836495399475098e-01
1.599011942744255066e-02
6.277300119400024414e-01
2.722820639610290527e-01
2.283752858638763428e-01
6.349599361419677734e-02
1.636148393154144287e-01
4.584285244345664978e-02
0.000000000000000000e+00
3.328790515661239624e-02
4.080054163932800293e-01
1.317463628947734833e-02
3.064604103565216064e-01
5.158497095108032227e-01
3.150229454040527344e-01
5.303388927131891251e-03
6.797472834587097168e-01
5.569455623626708984e-01
1.630058288574218750e+00
1.513427138328552246e+00
1.168472412973642349e-02
2.180173248052597046e-02
0.000000000000000000e+00
3.522665798664093018e-01
8.162662982940673828e-01
0.000000000000000000e+00
1.864578388631343842e-02
5.258120223879814148e-02
1.878220438957214355e+00
6.150752305984497070e-01
2.146596908569335938e+00
2.764847278594970703e-01
0.000000000000000000e+00
3.057258948683738708e-02
4.520254731178283691e-01
2.506899833679199219e-01
2.440346628427505493e-01
5.182357430458068848e-01
6.219247728586196899e-02
1.325388073921203613e+00
1.367125064134597778e-01
3.243267536163330078e-01
7.984334230422973633e-01
6.831214297562837601e-03
1.202486734837293625e-02
1.255384683609008789e-01
2.838063240051269531e-01
8.737774491310119629e-01
0.000000000000000000e+00
4.383402410894632339e-03
1.304755508899688721e-01
2.321483008563518524e-02
2.660020589828491211e+00
3.971433341503143311e-01
0.000000000000000000e+00
9.382269531488418579e-02
1.701528072357177734e+00
3.743526339530944824e-01
0.000000000000000000e+00
1.420646458864212036e-01
1.873351186513900757e-01
5.725340247154235840e-01
3.836176991462707520e-01
2.083274126052856445e+00
3.360169241204857826e-03
6.398283243179321289e-01
9.749966859817504883e-02
1.306474655866622925e-01
9.072829484939575195e-01
1.535109877586364746e-01
2.757969796657562256e-01
2.240019105374813080e-02
4.029014408588409424e-01
1.661110073328018188e-01
1.511487364768981934e+00
1.558929800987243652e+00
0.000000000000000000e+00
1.121385022997856140e-02
1.150553347542881966e-03
1.075260043144226074e-01
1.623591333627700806e-01
7.849113345146179199e-01
6.876510381698608398e-02
6.851144880056381226e-02
2.141053043305873871e-02
3.400354981422424316e-01
1.886165022850036621e+00
3.201102614402770996e-01
3.358031809329986572e-01
9.333620965480804443e-02
3.270750343799591064e-01
1.584071516990661621e+00
3.536386191844940186e-01
3.201844692230224609e-01
2.916992604732513428e-01
4.288878291845321655e-02
5.523902177810668945e-01
1.531358622014522552e-02
3.886477276682853699e-02
1.881215022876858711e-03
3.398534059524536133e-01
2.427208185195922852e+00
3.780584409832954407e-02
2.944930270314216614e-02
2.567650377750396729e-01
1.114240407943725586e+00
4.265400767326354980e-01
7.794813066720962524e-02
5.881194956600666046e-03
1.316877268254756927e-02
5.322380661964416504e-01
2.028815262019634247e-02
1.737841069698333740e-01
1.681258529424667358e-02
2.895186841487884521e-01
2.370408296585083008e+00
6.038996577262878418e-02
0.000000000000000000e+00
0.000000000000000000e+00
2.548389136791229248e-01
1.052863225340843201e-01
3.493233397603034973e-02
1.618051081895828247e-01
3.013912439346313477e-01
2.792441844940185547e-01
1.362753957509994507e-01
4.228533506393432617e-01
2.698656916618347168e-02
1.030958374030888081e-03
5.849133059382438660e-02
5.050338059663772583e-02
2.091448940336704254e-02
1.909549087285995483e-01
3.535317480564117432e-01
0.000000000000000000e+00
0.000000000000000000e+00
1.179692102596163750e-03
0.000000000000000000e+00
6.200315430760383606e-03
6.973698735237121582e-02
8.957770466804504395e-02
3.306265175342559814e-02
3.184098601341247559e-01
2.534043788909912109e-01
3.230625391006469727e-01
2.181714475154876709e-01
8.421093821525573730e-01
4.007956981658935547e-01
1.227994322776794434e+00
0.000000000000000000e+00
6.333801895380020142e-02
1.894112676382064819e-02
0.000000000000000000e+00
0.000000000000000000e+00
3.066081088036298752e-03
6.010937094688415527e-01
3.370072692632675171e-02
2.921110689640045166e-01
3.536102771759033203e-01
4.947781190276145935e-02
3.268657624721527100e-02
7.559888958930969238e-01
1.797692775726318359e-01
2.471544444561004639e-01
6.654680967330932617e-01
1.187572255730628967e-01
1.278821945190429688e+00
1.204238533973693848e-01
0.000000000000000000e+00
1.017664074897766113e+00
1.821503490209579468e-01
1.060152724385261536e-01
1.321008652448654175e-01
1.322999238967895508e+00
6.015008687973022461e-01
3.595678508281707764e-02
7.368322014808654785e-01
3.028986454010009766e-01
3.396558463573455811e-01
1.134089231491088867e+00
1.035787835717201233e-01
2.302941232919692993e-01
1.352632045745849609e-01
6.620024889707565308e-02
2.143226385116577148e+00
1.148607134819030762e-01
1.091736555099487305e-02
5.438918471336364746e-01
1.853590160608291626e-01
3.540608882904052734e-01
4.100550115108489990e-01
1.035143256187438965e+00
1.353631496429443359e+00
7.145686149597167969e-01
5.410496518015861511e-02
4.267631173133850098e-01
4.226967096328735352e-01
0.000000000000000000e+00
3.433851897716522217e-01
1.029271841049194336e+00
1.070627756416797638e-02
1.910055637359619141e+00
1.477050930261611938e-01
4.665505886077880859e-01
1.892423778772354126e-01
7.249407172203063965e-01
4.817704856395721436e-02
1.138992309570312500e+00
1.083626039326190948e-02
3.180947601795196533e-01
1.353036403656005859e+00
4.069168865680694580e-02
6.307777762413024902e-02
2.464893460273742676e-02
3.147026300430297852e+00
4.896780550479888916e-01
7.265083789825439453e-01
1.253823161125183105e+00
0.000000000000000000e+00
6.515068560838699341e-02
2.282560914754867554e-01
1.521073430776596069e-01
6.396358013153076172e+00
4.660634696483612061e-01
0.000000000000000000e+00
1.517195999622344971e-01
0.000000000000000000e+00
0.000000000000000000e+00
2.895564138889312744e-01
9.183281660079956055e-02
0.000000000000000000e+00
0.000000000000000000e+00
2.934950776398181915e-02
3.713073208928108215e-02
8.365093730390071869e-03
0.000000000000000000e+00
0.000000000000000000e+00
3.628765232861042023e-03
1.268863677978515625e+00
5.657941699028015137e-01
0.000000000000000000e+00
2.035743370652198792e-02
0.000000000000000000e+00
3.255129233002662659e-02
2.598211288452148438e+00
1.755230426788330078e-01
3.635043203830718994e-01
0.000000000000000000e+00
8.435291796922683716e-02
0.000000000000000000e+00
1.032722070813179016e-01
4.330075904726982117e-02
1.078899949789047241e-01
2.140696858987212181e-03
6.440346837043762207e-01
8.339299559593200684e-01
4.918485879898071289e-01
2.989556193351745605e-01
8.894820697605609894e-03
4.541808664798736572e-01
2.215550899505615234e+00
3.777403533458709717e-01
1.498369127511978149e-01
7.160234451293945312e-01
5.288970470428466797e-01
1.665415465831756592e-01
1.112727895379066467e-01
3.019565641880035400e-01
1.500863283872604370e-01
4.973813518881797791e-02
9.737481921911239624e-02
3.047489523887634277e-01
2.311929361894726753e-03
2.127693742513656616e-01
2.538828551769256592e-01
1.169729530811309814e-01
0.000000000000000000e+00
5.623992681503295898e-01
1.499481081962585449e+00
2.039016783237457275e-01
3.794545680284500122e-02
2.646283209323883057e-01
9.832097291946411133e-01
3.704422712326049805e-02
1.836684346199035645e+00
1.350418664515018463e-02
1.850326955318450928e-01
4.560799151659011841e-02
6.971147656440734863e-01
9.577934443950653076e-02
3.118601143360137939e-01
2.954615056514739990e-01
1.061431020498275757e-01
9.798895567655563354e-03
2.092567235231399536e-01
8.231775462627410889e-02
1.699267327785491943e-02
1.009120792150497437e-02
1.940273307263851166e-02
2.621545493602752686e-01
5.883387923240661621e-01
7.085795998573303223e-01
1.773558408021926880e-01
3.923677206039428711e-01
3.992492705583572388e-02
1.325344920158386230e+00
0.000000000000000000e+00
5.122596025466918945e-01
5.941805616021156311e-02
1.815308332443237305e-01
2.321622818708419800e-01
5.609563589096069336e-01
9.810429811477661133e-01
2.236562967300415039e+00
0.000000000000000000e+00
5.340197682380676270e-01
7.111504077911376953e-01
1.244369708001613617e-02
3.801144426688551903e-03
5.204912275075912476e-02
1.242243498563766479e-01
5.618977546691894531e-01
3.791151762008666992e+00
6.838009357452392578e-01
7.384544610977172852e-02
1.168535351753234863e-01
1.147771812975406647e-02
0.000000000000000000e+00
1.075763925909996033e-01
2.088567972183227539e+00
6.219882369041442871e-01
3.943108022212982178e-02
1.510583162307739258e-01
6.105015873908996582e-01
2.717537879943847656e-01
2.054016292095184326e-01
3.191034197807312012e-01
3.463754057884216309e-01
1.413887590169906616e-01
0.000000000000000000e+00
1.405819296836853027e+00
2.480314970016479492e+00
1.235752031207084656e-01
1.385731995105743408e-01
7.093048095703125000e-02
0.000000000000000000e+00
3.297138959169387817e-02
1.787869781255722046e-01
4.891264066100120544e-02
2.567045211791992188e+00
1.063056349754333496e+00
3.401898220181465149e-02
0.000000000000000000e+00
8.400571942329406738e-01
1.955253183841705322e-01
1.808913424611091614e-02
1.108587622642517090e+00
0.000000000000000000e+00
3.799305111169815063e-02
6.837397217750549316e-01
0.000000000000000000e+00
4.811855256557464600e-01
8.306509256362915039e-02
5.409027934074401855e-01
5.033008381724357605e-02
1.609021984040737152e-02
3.842438757419586182e-01
0.000000000000000000e+00
2.617005705833435059e-01
6.085584759712219238e-01
2.403086423873901367e+00
1.777372956275939941e-01
2.765552401542663574e-01
2.083984613418579102e-01
1.596785783767700195e-01
1.279063105583190918e+00
2.792192101478576660e-01
8.388210088014602661e-03
1.068336516618728638e-01
1.787584275007247925e-01
2.777379274368286133e+00
9.030339866876602173e-02
3.484983146190643311e-01
5.307053327560424805e-01
1.096167266368865967e-01
2.299674153327941895e-01
4.540725648403167725e-01
5.974682569503784180e-01
1.578608036041259766e+00
4.781990945339202881e-01
0.000000000000000000e+00
1.463535666465759277e+00
2.093150913715362549e-01
2.142403870820999146e-01
4.177858829498291016e-01
1.468864560127258301e+00
1.078133657574653625e-01
7.203623186796903610e-03
4.681634902954101562e-02
8.570350706577301025e-02
9.999371170997619629e-01
4.595779776573181152e-01
9.262993698939681053e-04
2.351938933134078979e-02
1.188472509384155273e-01
1.499478101730346680e+00
8.505728840827941895e-01
7.475255131721496582e-01
2.323597520589828491e-01
3.407879173755645752e-01
2.484351210296154022e-02
7.879864424467086792e-03
1.821167469024658203e-01
9.319705888628959656e-03
1.822093129158020020e+00
1.982136011123657227e+00
4.790180362761020660e-03
1.805513799190521240e-01
4.503410600591450930e-04
3.249465823173522949e-01
1.982076764106750488e-01
1.020844727754592896e-01
1.378062605857849121e+00
2.844815254211425781e-01
6.515777707099914551e-01
3.438540101051330566e-01
1.092709422111511230e+00
7.226959466934204102e-01
6.502006202936172485e-02
3.190450191497802734e+00
1.626817882061004639e-02
0.000000000000000000e+00
6.998996436595916748e-02
8.039983510971069336e-01
1.022355444729328156e-02
6.671711802482604980e-02
1.615556716918945312e+00
1.899134516716003418e-01
7.819051742553710938e-01
8.348658680915832520e-03
8.538745343685150146e-02
1.393673382699489594e-02
0.000000000000000000e+00
6.252626180648803711e-01
2.287038974463939667e-02
5.941228866577148438e-01
8.556717075407505035e-03
2.721544504165649414e-01
0.000000000000000000e+00
2.494058758020401001e-02
5.467008352279663086e-01
1.121013402938842773e+00
5.409488081932067871e-02
0.000000000000000000e+00
2.114104777574539185e-01
1.296228170394897461e-01
6.136542558670043945e-01
1.644701659679412842e-01
5.256414413452148438e-02
0.000000000000000000e+00
4.338624775409698486e-01
1.007306814193725586e+00
7.100645303726196289e-01
4.695245325565338135e-01
1.674394868314266205e-02
1.065355539321899414e+00
8.200355172157287598e-01
2.557548694312572479e-02
3.842632174491882324e-01
0.000000000000000000e+00
0.000000000000000000e+00
5.481636524200439453e-01
4.239668250083923340e-01
4.236698523163795471e-02
2.513160556554794312e-02
1.252020010724663734e-03
4.729127287864685059e-01
4.873755853623151779e-03
3.544114157557487488e-02
3.541816398501396179e-02
2.835544943809509277e-02
0.000000000000000000e+00
2.074236571788787842e-01
0.000000000000000000e+00
1.962361112236976624e-02
4.132929742336273193e-01
4.494883418083190918e-01
1.994452953338623047e+00
6.001673936843872070e-01
6.849878430366516113e-01
0.000000000000000000e+00
1.417706847190856934e+00
0.000000000000000000e+00
2.130469560623168945e+00
3.313912630081176758e+00
1.711933016777038574e-01
4.164644051343202591e-03
2.810235321521759033e-02
1.261010617017745972e-01
8.468928933143615723e-02
3.767471313476562500e-01
0.000000000000000000e+00
2.658409997820854187e-02
3.979774415493011475e-01
1.633513122797012329e-01
2.588942050933837891e-01
1.554730627685785294e-02
8.196104317903518677e-03
9.173750877380371094e-01
6.079754233360290527e-02
6.236785650253295898e-01
3.330730795860290527e-01
2.031284570693969727e-01
3.199943304061889648e-01
1.991232991218566895e+00
2.834491729736328125e-01
3.043315955437719822e-04
1.063119888305664062e+00
0.000000000000000000e+00
2.264259457588195801e-01
2.302089035511016846e-01
1.777699291706085205e-01
1.906982660293579102e-01
3.033104166388511658e-02
0.000000000000000000e+00
3.166690468788146973e-02
1.572380065917968750e-01
1.479393541812896729e-01
1.591420620679855347e-01
8.434346318244934082e-01
1.967681571841239929e-02
8.796533942222595215e-02
5.279295891523361206e-02
8.741832524538040161e-02
4.993105411529541016e+00
5.098788738250732422e-01
0.000000000000000000e+00
3.020624443888664246e-02
5.528529286384582520e-01
1.732149571180343628e-01
2.587119817733764648e+00
9.709687232971191406e-01
4.085610620677471161e-03
4.002226889133453369e-01
7.682734727859497070e-01
1.478851288557052612e-01
2.843124046921730042e-02
0.000000000000000000e+00
7.164593786001205444e-03
5.753354430198669434e-01
5.258791446685791016e-01
1.897432375699281693e-03
7.219244539737701416e-02
1.288132071495056152e+00
1.568219512701034546e-01
3.650191426277160645e-02
6.071909666061401367e-01
1.016780510544776917e-01
5.265517532825469971e-02
1.379499910399317741e-03
9.722490794956684113e-03
1.944829942658543587e-03
4.049447830766439438e-03
3.470582067966461182e-01
6.080563664436340332e-01
2.022941350936889648e+00
7.149821519851684570e-02
1.379920244216918945e-01
5.702120065689086914e-02
2.816057205200195312e-01
0.000000000000000000e+00
1.751046031713485718e-01
6.482460498809814453e-01
1.795084625482559204e-01
7.571015041321516037e-03
0.000000000000000000e+00
4.453231766819953918e-02
7.831869274377822876e-02
1.680712848901748657e-01
4.446316882967948914e-02
1.887007802724838257e-01
1.019305214285850525e-01
2.498180232942104340e-02
0.000000000000000000e+00
6.105545759201049805e-01
7.413320243358612061e-03
3.897560238838195801e-01
4.650919437408447266e-01
8.002454787492752075e-02
8.934077620506286621e-02
3.741097077727317810e-02
1.769848465919494629e-01
1.339633345603942871e+00
2.954068779945373535e-02
1.113547682762145996e-01
1.308824419975280762e-01
1.406360603868961334e-02
2.032554000616073608e-01
0.000000000000000000e+00
1.022682309150695801e+00
9.476998448371887207e-02
2.023865431547164917e-01
0.000000000000000000e+00
1.103537321090698242e+00
1.390869636088609695e-02
1.020261719822883606e-01
1.424608938395977020e-02
5.701010823249816895e-01
0.000000000000000000e+00
2.089059948921203613e-01
0.000000000000000000e+00
4.005182087421417236e-01
1.920837312936782837e-01
6.112753599882125854e-02
1.537266373634338379e-01
5.179828032851219177e-03
1.151412278413772583e-01
5.337593555450439453e-01
1.356281161308288574e+00
2.548312544822692871e-01
2.784714102745056152e-01
4.181008040904998779e-02
9.819118306040763855e-03
3.294807672500610352e-01
5.798783898353576660e-02
5.895509719848632812e-01
1.232556551694869995e-01
1.681107431650161743e-01
1.085374280810356140e-01
5.120601039379835129e-03
0.000000000000000000e+00
7.096243649721145630e-02
1.854267716407775879e-01
3.059831559658050537e-01
1.691668331623077393e-01
2.168399393558502197e-01
1.494774967432022095e-01
1.554751038551330566e+00
1.282041072845458984e-01
0.000000000000000000e+00
2.279795259237289429e-01
4.462431743741035461e-02
2.937106192111968994e-01
1.646083950996398926e+00
8.865333348512649536e-02
3.187285363674163818e-01
4.618446826934814453e-01
1.095199108123779297e+00
0.000000000000000000e+00
8.547734022140502930e-01
8.928605914115905762e-01
8.193243294954299927e-03
4.068805649876594543e-02
6.558746099472045898e-01
2.249644398689270020e-01
1.318568438291549683e-01
7.297617197036743164e-02
6.934044361114501953e-01
1.338295191526412964e-01
1.100109100341796875e+00
0.000000000000000000e+00
0.000000000000000000e+00
0.000000000000000000e+00
1.678998917341232300e-01
8.164765685796737671e-02
7.550832033157348633e-01
1.060592904686927795e-01
1.474856883287429810e-01
5.363008379936218262e-01
2.257036864757537842e-01
5.390981435775756836e-01
5.829011648893356323e-02
4.012856483459472656e+00
0.000000000000000000e+00
2.825143933296203613e-01
1.057961881160736084e-01
2.237636566162109375e+00
7.507444620132446289e-01
9.422811865806579590e-02
2.694331109523773193e-01
7.903239876031875610e-02
1.256902515888214111e-01
3.203577101230621338e-01
3.646427989006042480e-01
2.759280800819396973e-01
6.550115346908569336e-02
1.267761886119842529e-01
1.894435882568359375e-01
9.136419296264648438e-01
1.613947153091430664e-01
2.311975240707397461e+00
1.863006316125392914e-02
1.506444513797760010e-01
1.131716966629028320e+00
0.000000000000000000e+00
1.069062873721122742e-01
0.000000000000000000e+00
0.000000000000000000e+00
1.158812284469604492e+00
0.000000000000000000e+00
2.944111265242099762e-02
0.000000000000000000e+00
7.168337106704711914e-01
9.712702035903930664e-01
2.156866043806076050e-01
1.507508605718612671e-01
2.066847681999206543e-02
5.818026661872863770e-01
0.000000000000000000e+00
0.000000000000000000e+00
1.789755672216415405e-01
3.711544871330261230e-01
1.843884140253067017e-01
5.110812783241271973e-01
5.137160420417785645e-01
0.000000000000000000e+00
1.566982120275497437e-01
8.901605606079101562e-01
1.204399764537811279e-01
2.115771025419235229e-01
2.857002895325422287e-03
1.650875955820083618e-01
2.155754864215850830e-01
3.950777649879455566e-01
3.752334713935852051e-01
1.076559647917747498e-01
0.000000000000000000e+00
1.062139570713043213e-01
4.229965209960937500e-01
0.000000000000000000e+00
3.532638028264045715e-02
1.373668551445007324e+00
2.447486370801925659e-01
5.099054574966430664e-01
9.706481546163558960e-02
9.214378148317337036e-02
8.648332357406616211e-01
5.549086928367614746e-01
2.837733328342437744e-01
0.000000000000000000e+00
3.349122703075408936e-01
7.482467591762542725e-02
2.330417484045028687e-01
1.612401902675628662e-01
7.194668054580688477e-02
2.542883753776550293e-01
4.662286862730979919e-02
7.071596384048461914e-02
3.728404268622398376e-02
0.000000000000000000e+00
2.302048802375793457e-01
0.000000000000000000e+00
3.359015285968780518e-01
0.000000000000000000e+00
0.000000000000000000e+00
1.597495824098587036e-01
1.967295408248901367e+00
7.180846929550170898e-01
3.483920335769653320e+00
9.958558715879917145e-03
4.390858113765716553e-01
7.661581039428710938e-01
6.640240550041198730e-01
1.567335128784179688e-01
3.655171021819114685e-02
1.809017539024353027e+00
4.111921042203903198e-02
4.165337979793548584e-02
1.929109692573547363e-01
1.102056875824928284e-01
0.000000000000000000e+00
3.704743459820747375e-02
2.166655063629150391e+00
2.537993490695953369e-01
2.410911798477172852e+00
1.666299402713775635e-01
7.880488634109497070e-01
2.903402566909790039e+00
3.299745917320251465e-02
7.628425359725952148e-01
1.364075541496276855e-01
2.623171806335449219e-01
1.759248018264770508e+00
7.065321207046508789e-01
0.000000000000000000e+00
4.847201108932495117e-01
0.000000000000000000e+00
1.837101340293884277e+00
2.101130783557891846e-01
4.664053767919540405e-02
3.020829856395721436e-01
6.359428763389587402e-01
1.919413916766643524e-02
3.009251117706298828e+00
4.353550970554351807e-01
3.416255861520767212e-02
1.757442653179168701e-01
1.355375051498413086e-01
9.934601783752441406e-01
0.000000000000000000e+00
2.426909059286117554e-01
2.679264843463897705e-01
1.013800352811813354e-01
5.142441391944885254e-02
1.841164939105510712e-02
2.012412436306476593e-02
1.177668496966362000e-01
4.708118736743927002e-01
1.856919378042221069e-01
1.908146589994430542e-01
5.273366346955299377e-02
1.014186814427375793e-02
1.216470543295145035e-02
0.000000000000000000e+00
5.532263591885566711e-02
1.855070143938064575e-02
1.933800987899303436e-02
1.824352294206619263e-01
2.019891515374183655e-02
3.594449996948242188e+00
2.413582354784011841e-01
1.319129824638366699e+00
4.311793297529220581e-02
7.431446909904479980e-01
4.666769802570343018e-01
6.110625863075256348e-01
0.000000000000000000e+00
1.651128679513931274e-01
8.747489750385284424e-02
6.112400814890861511e-02
3.582740724086761475e-01
1.177163124084472656e-01
1.919903457164764404e-01
2.461862564086914062e-02
9.341122508049011230e-01
2.452392596751451492e-03
0.000000000000000000e+00
4.785889014601707458e-02
8.645569905638694763e-03
3.776257038116455078e-01
1.833549439907073975e-01
7.726054638624191284e-02
5.748258829116821289e-01
2.307876646518707275e-01
1.880583614110946655e-01
0.000000000000000000e+00
0.000000000000000000e+00
6.711525917053222656e-01
1.553648561239242554e-01
4.065875709056854248e-01
3.411908149719238281e+00
3.075280189514160156e-01
2.535204887390136719e-01
2.194665193557739258e+00
2.659327089786529541e-01
3.761529624462127686e-01
2.765249013900756836e-01
3.970257565379142761e-02
1.358915090560913086e+00
0.000000000000000000e+00
1.620839536190032959e-02
3.511033356189727783e-01
0.000000000000000000e+00
6.952386349439620972e-02
6.215314865112304688e-01
2.740904390811920166e-01
0.000000000000000000e+00
2.774683237075805664e-01
1.884389966726303101e-01
0.000000000000000000e+00
2.422551155090332031e+00
1.322146952152252197e-01
4.327899813652038574e-01
4.457436800003051758e-01
5.338257178664207458e-03
1.561798006296157837e-01
1.951920688152313232e-01
9.158529043197631836e-01
1.838667690753936768e-01
5.713778734207153320e-01
6.126577258110046387e-01
5.852326154708862305e-01
3.045111894607543945e-01
7.129703648388385773e-03
3.989854156970977783e-01
6.769526600837707520e-01
1.155833899974822998e-01
1.022803038358688354e-01
2.065764516592025757e-01
1.143505796790122986e-01
6.069821119308471680e-01
2.516078352928161621e-01
0.000000000000000000e+00
0.000000000000000000e+00
6.545891761779785156e-01
1.484200358390808105e-01
2.507814578711986542e-02
8.595583587884902954e-02
5.911527667194604874e-03
3.360339673236012459e-03
2.152368307113647461e+00
3.318818509578704834e-01
0.000000000000000000e+00
6.250985711812973022e-02
1.225960850715637207e+00
1.800184994935989380e-01
2.693151235580444336e-01
0.000000000000000000e+00
4.740475714206695557e-01
4.141125828027725220e-02
1.076464280486106873e-01
6.576335430145263672e-02
2.826566398143768311e-01
1.693516224622726440e-01
4.855122566223144531e-01
1.632647156715393066e+00
2.498461632058024406e-03
1.133676432073116302e-02
1.256144046783447266e+00
6.852791644632816315e-03
3.034154176712036133e-01
3.553339838981628418e-02
8.532747626304626465e-01
1.144289672374725342e-01
2.979177236557006836e-01
1.378117799758911133e-01
1.656153122894465923e-03
8.444157838821411133e-01
3.363125026226043701e-01
3.572149872779846191e-01
4.549162983894348145e-01
2.553627490997314453e-01
3.497765660285949707e-01
3.275717794895172119e-02
9.466094970703125000e-01
6.557739973068237305e-01
3.995790779590606689e-01
5.566879361867904663e-02
4.924173653125762939e-01
2.008786797523498535e-02
1.459995865821838379e+00
1.036105871200561523e+00
1.434365808963775635e-01
4.089687764644622803e-02
6.097298264503479004e-01
2.279734462499618530e-01
9.341621994972229004e-01
6.727533787488937378e-02
5.400918960571289062e+00
2.645405940711498260e-02
0.000000000000000000e+00
2.463785111904144287e-01
8.931271433830261230e-01
3.749328851699829102e-01
8.078075200319290161e-02
3.645886778831481934e-01
1.197649314999580383e-01
0.000000000000000000e+00
6.664387881755828857e-02
1.256453633308410645e+00
4.301072061061859131e-01
5.999014154076576233e-02
8.143804222345352173e-02
0.000000000000000000e+00
1.120027601718902588e-01
3.935814797878265381e-01
1.478786114603281021e-02
4.713830724358558655e-02
1.514423787593841553e-01
8.313173055648803711e-02
1.075052499771118164e+00
5.483962967991828918e-02
2.214783579111099243e-01
1.539397090673446655e-01
4.210677742958068848e-02
9.548487663269042969e-01
1.317790746688842773e+00
1.679060012102127075e-01
8.754521012306213379e-01
5.835430622100830078e-01
7.185516357421875000e-01
3.755997121334075928e-01
1.976311922073364258e+00
0.000000000000000000e+00
2.449217319488525391e+00
2.422774791717529297e+00
1.294933538883924484e-02
1.388727128505706787e-01
4.149588346481323242e-01
7.740841805934906006e-02
3.066773414611816406e-01
8.659104108810424805e-01
2.908898331224918365e-02
3.722001016139984131e-01
5.608254075050354004e-01
1.763603091239929199e-01
2.128372192382812500e+00
1.116842508316040039e+00
6.650145649909973145e-01
4.594987034797668457e-01
7.678920030593872070e-02
2.991765365004539490e-02
6.583918631076812744e-02
2.597596943378448486e-01
8.823952078819274902e-01
8.614392280578613281e-01
1.048472076654434204e-01
0.000000000000000000e+00
2.504319138824939728e-02
1.342614769935607910e+00
0.000000000000000000e+00
1.680526696145534515e-02
0.000000000000000000e+00
4.609212279319763184e-02
2.482872754335403442e-01
3.874284029006958008e-01
0.000000000000000000e+00
1.289573730900883675e-03
0.000000000000000000e+00
9.438171051442623138e-03
5.040324851870536804e-02
0.000000000000000000e+00
7.033798694610595703e-01
7.561478018760681152e-01
1.139829009771347046e-01
0.000000000000000000e+00
6.069355607032775879e-01
1.312724351882934570e-01
2.046713382005691528e-01
2.114134579896926880e-01
1.364188551902770996e+00
3.993819355964660645e-01
1.192521333694458008e+00
1.419988181442022324e-02
1.379295587539672852e-01
5.363826155662536621e-01
1.121461763978004456e-01
4.102356433868408203e-01
8.146466016769409180e-01
1.164673417806625366e-01
0.000000000000000000e+00
2.742216587066650391e-01
3.040104210376739502e-01
2.078186571598052979e-01
5.502726137638092041e-02
5.164918303489685059e-02
2.270983457565307617e-01
7.826524227857589722e-02
0.000000000000000000e+00
1.891135334968566895e+00
3.720095753669738770e-02
1.365090459585189819e-01
2.104133665561676025e-01
1.213406864553689957e-02
1.729327738285064697e-01
3.215472102165222168e-01
1.946331262588500977e-01
0.000000000000000000e+00
5.152572989463806152e-01
4.945894479751586914e-01
1.005594968795776367e+00
5.367763340473175049e-02
5.676676034927368164e-01
0.000000000000000000e+00
1.550458073616027832e-01
0.000000000000000000e+00
5.174187570810317993e-02
7.787171006202697754e-02
0.000000000000000000e+00
0.000000000000000000e+00
5.811704993247985840e-01
1.630672812461853027e-02
2.396872639656066895e-01
1.612172573804855347e-01
6.613165140151977539e-01
1.055635809898376465e-01
2.967025041580200195e-01
0.000000000000000000e+00
9.128306061029434204e-02
1.563055515289306641e-01
4.299209117889404297e-01
2.486417531967163086e+00
9.634453803300857544e-03
2.829249575734138489e-02
5.448641777038574219e-01
6.365285813808441162e-02
0.000000000000000000e+00
7.053076755255460739e-03
0.000000000000000000e+00
1.006604433059692383e+00
4.816345125436782837e-02
5.641414597630500793e-02
1.287630349397659302e-01
2.003480046987533569e-01
2.761807739734649658e-01
1.079663261771202087e-01
3.246229025535285473e-04
6.294282078742980957e-01
2.961325347423553467e-01
4.122729226946830750e-02
4.782132804393768311e-02
1.359631270170211792e-01
2.614070773124694824e-01
3.497942984104156494e-01
8.919051289558410645e-02
1.267054816707968712e-03
5.774731636047363281e-01
2.818991541862487793e-01
2.032485790550708771e-02
0.000000000000000000e+00
3.097251057624816895e-01
3.582293391227722168e-01
8.995603770017623901e-03
5.366140604019165039e-02
5.251558870077133179e-02
5.936065912246704102e-01
1.813012175261974335e-02
1.648249387741088867e+00
1.501487791538238525e-01
4.526913166046142578e-01
4.278329610824584961e-01
2.276984974741935730e-02
2.153214812278747559e-01
0.000000000000000000e+00
1.062954962253570557e-01
9.466832131147384644e-02
1.840169429779052734e-01
1.140964627265930176e+00
6.192807853221893311e-02
4.466331005096435547e-01
0.000000000000000000e+00
1.511301517486572266e+00
2.313988447189331055e+00
6.545910239219665527e-02
1.257370412349700928e-01
1.492907285690307617e+00
7.085329294204711914e-01
2.197679691016674042e-02
3.925725072622299194e-02
2.406876981258392334e-01
5.953834652900695801e-01
3.086034357547760010e-01
8.287256956100463867e-01
1.529646338894963264e-03
5.034986734390258789e-01
1.767713546752929688e+00
1.960578858852386475e-01
4.561045765876770020e-01
4.537553712725639343e-02
3.831606730818748474e-02
3.420049250125885010e-01
7.758713513612747192e-02
6.001672521233558655e-02
1.843031495809555054e-01
1.754795908927917480e-01
3.233605623245239258e-01
3.051255345344543457e-01
4.531118869781494141e-01
2.304419875144958496e-01
6.573087573051452637e-01
1.577826738357543945e-01
0.000000000000000000e+00
3.695342317223548889e-02
3.190666437149047852e-01
5.753698348999023438e-01
1.130430474877357483e-01
1.062518730759620667e-02
8.614922314882278442e-02
2.730114161968231201e-01
0.000000000000000000e+00
2.409499287605285645e-01
2.461010694503784180e+00
3.024344518780708313e-02
0.000000000000000000e+00
2.314479462802410126e-02
6.229274719953536987e-02
2.363372892141342163e-01
1.748622536659240723e+00
1.794798672199249268e-02
6.207717210054397583e-02
3.205254375934600830e-01
8.008749037981033325e-02
2.542041838169097900e-01
1.046916246414184570e-01
5.916492268443107605e-02
1.243443131446838379e+00
2.805356979370117188e-01
1.674931645393371582e-01
1.003167554736137390e-01
4.073510169982910156e-01
3.056342480704188347e-03
4.943212121725082397e-02
5.295994877815246582e-02
4.134818613529205322e-01
8.347709774971008301e-01
2.909741401672363281e-01
6.962990760803222656e-01
8.947897702455520630e-02
1.276255398988723755e-01
6.507414579391479492e-02
4.449221193790435791e-01
0.000000000000000000e+00
7.589614391326904297e-01
1.432994473725557327e-02
7.297752052545547485e-02
9.531634300947189331e-02
8.107395470142364502e-02
1.216458559036254883e+00
0.000000000000000000e+00
9.520314633846282959e-03
1.817083358764648438e-01
0.000000000000000000e+00
1.473721146583557129e+00
1.161716133356094360e-01
1.272896170616149902e+00
7.512672804296016693e-03
2.268437296152114868e-02
4.618878662586212158e-01
1.993221521377563477e+00
1.190636381506919861e-01
7.372353225946426392e-02
1.428245007991790771e-02
0.000000000000000000e+00
1.366606950759887695e-01
4.503855109214782715e-01
7.351913452148437500e-01
1.040894836187362671e-01
2.954238280653953552e-02
8.190760016441345215e-01
5.058517679572105408e-02
2.934601008892059326e-01
8.820337802171707153e-02
3.277020752429962158e-01
5.897519588470458984e-01
7.783063501119613647e-02
2.042304575443267822e-01
6.104058027267456055e-02
9.195179939270019531e-01
0.000000000000000000e+00
1.958140730857849121e-01
9.305711984634399414e-01
0.000000000000000000e+00
1.572651714086532593e-01
1.673105061054229736e-01
4.767960011959075928e-01
7.569346576929092407e-02
9.195913076400756836e-01
0.000000000000000000e+00
8.979114890098571777e-02
1.739730089902877808e-01
2.394624520093202591e-03
7.762393355369567871e-02
2.862219512462615967e-01
7.697480171918869019e-02
7.129193097352981567e-02
2.274716496467590332e-01
2.467221580445766449e-02
7.925295829772949219e-01
2.028161287307739258e+00
5.678100883960723877e-02
1.197958365082740784e-01
8.383798599243164062e-01
1.520509272813796997e-02
6.142857018858194351e-03
0.000000000000000000e+00
0.000000000000000000e+00
7.944389432668685913e-02
1.226824522018432617e-01
0.000000000000000000e+00
1.533604115247726440e-01
2.089398726820945740e-02
5.797530710697174072e-02
3.345176279544830322e-01
7.943078875541687012e-01
2.660272121429443359e-01
0.000000000000000000e+00
1.934354752302169800e-01
5.124772191047668457e-01
6.686500459909439087e-02
3.420175909996032715e-01
2.809837162494659424e-01
8.871252648532390594e-03
0.000000000000000000e+00
1.857352018356323242e+00
4.393172264099121094e-01
1.641713976860046387e-01
2.677929997444152832e-01
1.849349737167358398e-01
2.451421692967414856e-02
2.278027087450027466e-01
2.723262459039688110e-02
1.452806144952774048e-01
2.224381864070892334e-01
1.754634976387023926e+00
8.759508281946182251e-02
1.183277964591979980e+00
3.202092945575714111e-01
6.690106987953186035e-01
2.217411547899246216e-01
5.447180941700935364e-02
1.118755415081977844e-01
1.915573887526988983e-02
9.221802353858947754e-01
3.187274634838104248e-01
2.058700025081634521e-01
7.481315732002258301e-01
2.252061814069747925e-01
2.201919630169868469e-02
5.789567157626152039e-02
5.208982229232788086e-01
1.848420500755310059e-01
5.608665570616722107e-02
2.338577620685100555e-02
3.908320069313049316e-01
1.162971649318933487e-02
2.984442710876464844e-01
3.764972388744354248e-01
1.250451207160949707e-01
2.893031202256679535e-02
0.000000000000000000e+00
4.630707576870918274e-02
1.325494349002838135e-01
1.244251608848571777e+00
8.551205694675445557e-02
3.949245437979698181e-03
7.974520921707153320e-01
8.347856998443603516e-01
7.560761272907257080e-02
3.930147886276245117e-01
6.979750096797943115e-02
7.867244072258472443e-03
9.705355763435363770e-01
1.115335077047348022e-01
2.829026244580745697e-02
1.798581123352050781e+00
9.800357371568679810e-02
1.160968542098999023e-01
1.984822273254394531e+00
2.201247662305831909e-01
1.064714908599853516e+00
1.573115438222885132e-01
0.000000000000000000e+00
1.763264834880828857e-01
0.000000000000000000e+00
1.937572658061981201e-01
2.109059095382690430e-01
2.091694831848144531e+00
6.269918382167816162e-02
1.796347498893737793e+00
6.277037411928176880e-02
1.450738430023193359e+00
2.701739370822906494e-01
8.175559043884277344e-01
0.000000000000000000e+00
9.895594716072082520e-01
8.153145760297775269e-02
6.537528038024902344e-01
4.004939794540405273e-01
9.912247769534587860e-03
0.000000000000000000e+00
2.775124609470367432e-01
1.969765685498714447e-02
3.563834726810455322e-01
1.817062199115753174e-01
0.000000000000000000e+00
2.181998342275619507e-01
5.500770807266235352e-01
7.255380973219871521e-03
2.453853785991668701e-01
1.521206617355346680e+00
1.513942182064056396e-01
2.136589050292968750e+00
2.072769682854413986e-03
0.000000000000000000e+00
0.000000000000000000e+00
5.719648599624633789e-01
1.678270548582077026e-01
1.809886336326599121e+00
1.213368177413940430e+00
1.822426319122314453e+00
4.006091058254241943e-01
0.000000000000000000e+00
3.774961233139038086e-01
1.473325610160827637e+00
8.953360915184020996e-01
0.000000000000000000e+00
1.640594303607940674e-01
7.647051215171813965e-01
1.723404526710510254e+00
6.836482137441635132e-02
6.158342957496643066e-02
0.000000000000000000e+00
3.835998848080635071e-02
1.590207964181900024e-02
3.991363570094108582e-02
3.383330255746841431e-02
4.299313575029373169e-02
2.197672128677368164e-01
6.784304380416870117e-01
0.000000000000000000e+00
1.380268335342407227e-01
7.053744792938232422e-01
0.000000000000000000e+00
1.090298965573310852e-01
4.560690820217132568e-01
2.575206756591796875e-02
0.000000000000000000e+00
1.223311185836791992e+00
3.217463567852973938e-02
1.366595923900604248e-01
2.550200521945953369e-01
6.133459210395812988e-01
7.414569258689880371e-01
7.631999254226684570e-02
1.304392050951719284e-02
1.476787924766540527e+00
3.776360452175140381e-01
3.392050042748451233e-02
2.243500575423240662e-02
7.330982387065887451e-02
5.778589844703674316e-02
1.225090995430946350e-01
7.152374088764190674e-02
5.037014484405517578e-01
3.474999964237213135e-01
5.419482477009296417e-03
9.046984463930130005e-02
0.000000000000000000e+00
5.169829726219177246e-02
2.099783569574356079e-01
6.636652350425720215e-02
1.438274741172790527e+00
1.438688635826110840e+00
9.201232194900512695e-01
5.607923269271850586e-01
0.000000000000000000e+00
2.236173003911972046e-01
1.909308880567550659e-01
0.000000000000000000e+00
5.541168451309204102e-01
0.000000000000000000e+00
6.326733827590942383e-01
3.074593842029571533e-01
1.344931274652481079e-01
1.347128152847290039e+00
6.113023757934570312e-01
5.607863664627075195e-01
0.000000000000000000e+00
1.223948597908020020e+00
1.325553208589553833e-01
1.920443773269653320e-01
3.451214134693145752e-01
7.966884970664978027e-01
3.199652135372161865e-01
4.108868911862373352e-02
8.275953531265258789e-01
0.000000000000000000e+00
6.262400746345520020e-02
1.137631684541702271e-01
7.608749270439147949e-01
2.039373964071273804e-01
0.000000000000000000e+00
5.632207170128822327e-02
