4.527935981750488281e-01
1.435410678386688232e-01
2.045507356524467468e-02
1.529147505760192871e+00
3.546224832534790039e-01
5.534865856170654297e-01
1.425332427024841309e-01
4.594995640218257904e-03
1.150567054748535156e+00
3.469162940979003906e+00
8.399885892868041992e-02
2.873426675796508789e-01
4.499082863330841064e-01
1.162604019045829773e-01
3.450046107172966003e-02
8.646219372749328613e-01
1.088989153504371643e-01
7.796758413314819336e-02
1.616116017103195190e-01
6.140375137329101562e-01
1.545900583267211914e+00
0.000000000000000000e+00
6.292824447154998779e-02
1.925744861364364624e-02
3.096392750740051270e-01
9.309638738632202148e-01
3.696169555187225342e-01
7.118327915668487549e-02
1.078727364540100098e+00
1.880131848156452179e-02
1.252206802368164062e+00
2.118883728981018066e-01
7.014907151460647583e-02
8.087109774351119995e-02
9.000252466648817062e-04
2.580168545246124268e-01
8.317987620830535889e-02
8.209235966205596924e-02
3.968071043491363525e-01
1.010098755359649658e-01
0.000000000000000000e+00
1.615338772535324097e-01
1.576490886509418488e-02
6.631177067756652832e-01
5.437438189983367920e-02
1.142651140689849854e-01
6.560656428337097168e-01
2.154155671596527100e-01
7.562940008938312531e-03
2.651499509811401367e-01
1.395770758390426636e-01
4.953121542930603027e-01
1.240296289324760437e-01
4.235228002071380615e-01
1.393746584653854370e-01
1.469186246395111084e-01
2.326445281505584717e-01
2.868059277534484863e-02
4.859708547592163086e-01
3.399355411529541016e-01
5.533834457397460938e+00
9.438990950584411621e-01
3.295680582523345947e-01
2.278691828250885010e-01
6.964601278305053711e-01
5.700073242187500000e-01
1.313444852828979492e+00
9.483879208564758301e-01
8.674376457929611206e-02
1.014017760753631592e-01
3.288677036762237549e-01
8.618941903114318848e-01
0.000000000000000000e+00
3.628742881119251251e-03
9.107218682765960693e-02
1.619195491075515747e-01
1.183488741517066956e-01
0.000000000000000000e+00
1.110818147659301758e+00
0.000000000000000000e+00
8.406441211700439453e-01
3.764383494853973389e-01
9.308102726936340332e-02
2.072167843580245972e-01
1.703563451766967773e+00
9.626406431198120117e-01
0.000000000000000000e+00
0.000000000000000000e+00
5.429925918579101562e-01
1.414996147155761719e+00
1.700721681118011475e-01
1.496070384979248047e+00
2.507315389811992645e-02
6.387082859873771667e-03
4.873716458678245544e-02
0.000000000000000000e+00
9.147745370864868164e-01
4.532845020294189453e-01
1.416916847229003906e-01
1.389376640319824219e+00
7.740861773490905762e-01
7.572435736656188965e-01
2.066889852285385132e-01
0.000000000000000000e+00
1.641323044896125793e-02
5.620223283767700195e-01
5.133433733135461807e-03
5.983915179967880249e-02
1.128384470939636230e-01
3.867850065231323242e+00
6.669847667217254639e-02
7.552764415740966797e-01
1.641155481338500977e-01
6.635272502899169922e-02
4.564040005207061768e-01
1.095783188939094543e-01
1.025784492492675781e+00
3.957895934581756592e-01
7.047961652278900146e-02
1.175310686230659485e-01
1.585560679435729980e+00
1.513565629720687866e-01
9.905924797058105469e-01
1.201549097895622253e-01
3.707740604877471924e-01
1.746614426374435425e-01
2.897002995014190674e-01
5.748908966779708862e-02
5.277069285511970520e-04
1.711217463016510010e-01
1.022301793098449707e+00
9.937047958374023438e-01
7.040318846702575684e-02
3.759953752160072327e-02
1.039694994688034058e-01
8.682695031166076660e-02
7.148051261901855469e-01
0.000000000000000000e+00
1.107455849647521973e+00
5.450449585914611816e-01
9.231984019279479980e-01
1.349407076835632324e+00
8.944852650165557861e-02
5.686613321304321289e-01
5.118439793586730957e-01
4.623352084308862686e-03
1.741431653499603271e-02
6.207776069641113281e-02
6.136633157730102539e-01
7.897165603935718536e-03
0.000000000000000000e+00
5.608536303043365479e-03
5.605752021074295044e-02
3.497647643089294434e-01
1.042567640542984009e-01
1.128640919923782349e-01
1.282651126384735107e-01
4.067218899726867676e-01
2.684539370238780975e-02
3.479348123073577881e-01
7.769531607627868652e-01
7.065162062644958496e-01
6.217911243438720703e-01
7.923904806375503540e-02
4.823146760463714600e-01
2.120480775833129883e+00
6.700704991817474365e-02
1.587274856865406036e-02
4.273081421852111816e-01
3.306813240051269531e-01
1.759250462055206299e-01
0.000000000000000000e+00
7.293278574943542480e-01
1.576137612573802471e-03
2.278624475002288818e-02
2.718802690505981445e-01
4.975912347435951233e-02
3.292436003684997559e-01
3.196149319410324097e-02
3.618228062987327576e-02
4.025289118289947510e-01
2.313476324081420898e+00
6.110855937004089355e-01
1.958884716033935547e+00
8.832374960184097290e-02
7.894688844680786133e-01
1.954796016216278076e-01
5.787109211087226868e-02
1.989819705486297607e-01
7.223436236381530762e-01
1.315475106239318848e-01
5.458865165710449219e-01
8.387228250503540039e-01
1.160605192184448242e+00
1.251917448826134205e-03
1.772046387195587158e-01
4.273211210966110229e-02
8.563505113124847412e-02
1.265295147895812988e-01
4.408384561538696289e-01
4.821936134248971939e-03
1.965604349970817566e-02
3.576270490884780884e-02
3.061613142490386963e-01
3.018205054104328156e-02
1.247886538505554199e+00
1.121227890253067017e-01
1.575560331344604492e+00
3.161451965570449829e-02
0.000000000000000000e+00
0.000000000000000000e+00
0.000000000000000000e+00
0.000000000000000000e+00
1.883172392845153809e-01
0.000000000000000000e+00
7.252321839332580566e-01
3.703862130641937256e-01
1.138342857360839844e+00
1.271470040082931519e-01
7.608136534690856934e-01
0.000000000000000000e+00
1.004872191697359085e-02
4.672223329544067383e-01
9.787720441818237305e-02
0.000000000000000000e+00
5.266065895557403564e-02
5.867518782615661621e-01
5.262308120727539062e-01
5.005275011062622070e-01
0.000000000000000000e+00
0.000000000000000000e+00
7.927535772323608398e-01
5.017301440238952637e-01
7.414598017930984497e-02
6.598068773746490479e-02
0.000000000000000000e+00
6.718551367521286011e-02
6.286368370056152344e-01
0.000000000000000000e+00
1.307061016559600830e-01
5.050103664398193359e-01
3.477039933204650879e-02
1.298481702804565430e+00
8.495595455169677734e-01
2.841897010803222656e-01
4.468250647187232971e-02
6.876607984304428101e-02
9.175015687942504883e-01
6.303066760301589966e-02
2.912384271621704102e-01
8.454853296279907227e-02
2.046563327312469482e-01
2.937775664031505585e-02
7.822185009717941284e-02
5.862268805503845215e-01
9.251891076564788818e-02
1.451042056083679199e+00
4.245887696743011475e-01
8.998687863349914551e-01
1.693188250064849854e-01
2.695583105087280273e-01
4.140444397926330566e-01
1.414029479026794434e+00
9.463707357645034790e-02
8.430714607238769531e-01
1.907691359519958496e-01
0.000000000000000000e+00
2.210616111755371094e+00
7.405605167150497437e-02
3.451998829841613770e-01
4.025847017765045166e-01
1.043128609657287598e+00
3.631844520568847656e-01
4.995581209659576416e-01
1.430242210626602173e-01
3.683013617992401123e-01
3.949549980461597443e-03
0.000000000000000000e+00
2.596625566482543945e+00
8.156782388687133789e-02
2.373799309134483337e-02
1.576573252677917480e-01
9.394258260726928711e-02
4.300995171070098877e-01
1.111361980438232422e+00
4.871907830238342285e-01
0.000000000000000000e+00
1.020053550601005554e-01
1.053412199020385742e+00
1.437855362892150879e-01
1.117562770843505859e+00
5.944422483444213867e-01
7.452555298805236816e-01
4.556101560592651367e-01
0.000000000000000000e+00
1.855645924806594849e-01
7.200550436973571777e-01
7.460516691207885742e-02
4.181344211101531982e-01
3.597885370254516602e-01
4.152615368366241455e-02
3.628180027008056641e-01
1.469357252120971680e+00
6.143656373023986816e-01
1.865015625953674316e-01
9.689998626708984375e-02
4.221107959747314453e-01
8.182380348443984985e-02
5.742153525352478027e-02
1.910041570663452148e-01
1.814532727003097534e-01
1.486451923847198486e-01
8.494711667299270630e-02
5.246329307556152344e-01
3.241620063781738281e-01
2.371020764112472534e-01
1.532855749130249023e+00
3.729033172130584717e-01
0.000000000000000000e+00
1.632520854473114014e-01
4.216513410210609436e-02
4.068523645401000977e-02
1.237742379307746887e-01
0.000000000000000000e+00
1.591253429651260376e-01
5.582929849624633789e-01
4.072440862655639648e-01
9.472029656171798706e-02
4.131980538368225098e-01
5.886442661285400391e-01
0.000000000000000000e+00
1.718554496765136719e+00
2.625199258327484131e-01
4.187766909599304199e-01
1.017119288444519043e+00
1.773837581276893616e-02
4.260928928852081299e-01
3.037607995793223381e-03
2.955515384674072266e-01
1.543502807617187500e-01
6.149112582206726074e-01
4.146878123283386230e-01
2.395811527967453003e-01
3.626919090747833252e-01
5.363900214433670044e-02
0.000000000000000000e+00
0.000000000000000000e+00
9.400600790977478027e-01
2.148882746696472168e-01
2.072278261184692383e-01
1.226535201072692871e+00
0.000000000000000000e+00
6.906934976577758789e-01
2.786343917250633240e-02
1.295455396175384521e-01
4.889540746808052063e-02
3.412724733352661133e-01
2.399928420782089233e-01
6.890383362770080566e-02
1.729308068752288818e-02
3.166996687650680542e-02
1.654383912682533264e-02
7.166716456413269043e-02
0.000000000000000000e+00
2.454666197299957275e-01
1.221040248870849609e+00
1.785365223884582520e+00
7.238669395446777344e-01
1.342607438564300537e-01
1.537484973669052124e-01
9.411710500717163086e-02
0.000000000000000000e+00
0.000000000000000000e+00
5.645373091101646423e-02
1.920121721923351288e-02
1.185095906257629395e+00
1.330548524856567383e-01
0.000000000000000000e+00
2.909326314926147461e+00
5.695462822914123535e-01
5.781547725200653076e-02
2.330102443695068359e+00
3.743346035480499268e-01
1.782786101102828979e-02
4.099740684032440186e-01
1.652451306581497192e-01
0.000000000000000000e+00
8.568429946899414062e-02
3.832905888557434082e-01
5.107757076621055603e-02
1.100925087928771973e+00
2.188845723867416382e-01
0.000000000000000000e+00
1.886693947017192841e-02
1.268473863601684570e+00
5.109903812408447266e+00
2.305342257022857666e-01
7.315200753509998322e-03
7.158257067203521729e-02
2.165729738771915436e-02
6.262281537055969238e-01
2.043486833572387695e-01
8.627716451883316040e-02
7.667667865753173828e-01
4.991210624575614929e-02
4.342913329601287842e-01
3.057296276092529297e-01
2.387539625167846680e+00
1.836532592773437500e+00
1.255359500646591187e-01
1.774788498878479004e+00
5.648246407508850098e-01
3.320250213146209717e-01
6.489459425210952759e-02
9.886969923973083496e-01
3.795777559280395508e-01
6.954045891761779785e-01
6.431663036346435547e-02
1.323153674602508545e-01
5.508049130439758301e-01
2.157303988933563232e-01
7.521774172782897949e-01
3.125665485858917236e-01
1.014257222414016724e-01
6.035216897726058960e-02
4.976342618465423584e-01
9.406117796897888184e-01
2.949490910395979881e-03
3.159932196140289307e-01
6.549201607704162598e-01
1.190556049346923828e+00
0.000000000000000000e+00
2.778751373291015625e+00
1.569211781024932861e-01
0.000000000000000000e+00
1.636689782142639160e+00
1.250415563583374023e+00
2.433706633746623993e-02
6.652007810771465302e-03
2.787706255912780762e-02
2.740270197391510010e-01
7.776259630918502808e-02
0.000000000000000000e+00
7.267746329307556152e-02
0.000000000000000000e+00
5.940757393836975098e-01
2.292276471853256226e-01
4.071730375289916992e-01
1.435242295265197754e-01
8.890777826309204102e-02
4.388662576675415039e-01
4.112944602966308594e-01
7.996236681938171387e-01
1.626652479171752930e+00
5.423013567924499512e-01
4.655858576297760010e-01
0.000000000000000000e+00
7.035545259714126587e-02
3.942545652389526367e-01
0.000000000000000000e+00
6.999856233596801758e-02
6.119780540466308594e-01
2.872561514377593994e-01
6.901320815086364746e-02
7.744957804679870605e-01
7.269277423620223999e-02
1.503866761922836304e-01
8.339144289493560791e-03
6.400722861289978027e-01
1.002875089645385742e+00
2.872931957244873047e-01
1.504385948181152344e+00
2.726197056472301483e-02
1.689693808555603027e+00
7.290573120117187500e-01
3.209655284881591797e-01
3.346565365791320801e-02
2.239173173904418945e+00
8.061321973800659180e-01
3.925396129488945007e-02
6.055072695016860962e-02
1.807970255613327026e-01
2.524788975715637207e-01
1.251930594444274902e+00
3.504349291324615479e-02
9.979831986129283905e-03
2.975573539733886719e-01
1.094274744391441345e-01
1.071636319160461426e+00
7.805738598108291626e-02
0.000000000000000000e+00
4.521936178207397461e-01
2.638326883316040039e-01
4.936577081680297852e-01
6.541830301284790039e-02
3.430401533842086792e-02
6.504164636135101318e-02
2.798237323760986328e+00
1.320516586303710938e+00
5.515159294009208679e-02
1.054561510682106018e-01
5.258449167013168335e-02
2.542488873004913330e-01
0.000000000000000000e+00
2.629564285278320312e+00
5.117775797843933105e-01
6.789405345916748047e-01
9.556702375411987305e-01
8.275716900825500488e-01
6.973998248577117920e-02
1.776040196418762207e+00
9.081246703863143921e-02
1.133009433746337891e+00
1.041326224803924561e-01
9.798924922943115234e-01
3.414520323276519775e-01
1.371130794286727905e-01
7.360127449035644531e+00
3.381425142288208008e-01
1.142662391066551208e-01
6.719395518302917480e-01
5.314240455627441406e-01
1.230583265423774719e-01
1.605294942855834961e-01
1.408428698778152466e-01
6.654778957366943359e+00
2.188092619180679321e-01
7.963238656520843506e-02
1.869737207889556885e-01
4.768184572458267212e-02
7.621994018554687500e-01
3.190774679183959961e+00
3.319545269012451172e+00
2.787895798683166504e-01
7.851465940475463867e-01
0.000000000000000000e+00
6.195774674415588379e-01
4.107737243175506592e-01
7.543782144784927368e-02
4.628441929817199707e-01
1.274632569402456284e-02
1.215188875794410706e-01
2.280708998441696167e-01
4.186717569828033447e-01
2.673153951764106750e-02
5.988305434584617615e-02
3.648972511291503906e+00
2.304411679506301880e-01
3.654875233769416809e-02
6.591904163360595703e-01
4.286983311176300049e-01
3.084645271301269531e-01
8.174239099025726318e-02
4.215199965983629227e-03
8.877055346965789795e-02
9.241393208503723145e-02
4.706917107105255127e-01
1.267072707414627075e-01
4.232023954391479492e-01
3.728351891040802002e-01
2.341851472854614258e+00
2.328196913003921509e-01
1.383625745773315430e+00
5.582158565521240234e-01
6.851462274789810181e-02
4.562595486640930176e-01
6.394334137439727783e-02
1.142675951123237610e-01
3.694333136081695557e-02
6.347246170043945312e-01
1.531033124774694443e-02
8.650562763214111328e-01
1.843184418976306915e-02
4.877676442265510559e-02
3.872960805892944336e-01
0.000000000000000000e+00
2.459893468767404556e-03
1.322188675403594971e-01
3.589520752429962158e-01
7.396852970123291016e-02
1.035513639450073242e+00
8.292298316955566406e-01
4.045830667018890381e-01
0.000000000000000000e+00
0.000000000000000000e+00
8.167755603790283203e-02
8.249144069850444794e-03
7.345239073038101196e-02
5.470711588859558105e-01
2.188502401113510132e-01
6.144441366195678711e-01
5.056380853056907654e-02
3.140441328287124634e-02
5.052754282951354980e-02
5.170197486877441406e-01
9.596814960241317749e-02
9.866087697446346283e-03
1.108392834663391113e+00
4.137242436408996582e-01
1.779392212629318237e-01
2.820212841033935547e-01
0.000000000000000000e+00
4.374570399522781372e-02
2.695122957229614258e+00
5.112648010253906250e-01
6.684344261884689331e-02
4.167266786098480225e-01
6.953652948141098022e-02
1.160827577114105225e-01
1.671598404645919800e-01
1.979824900627136230e-01
2.650773525238037109e-01
2.024679183959960938e-01
2.829366028308868408e-01
2.148083150386810303e-01
2.586137294769287109e+00
1.190939173102378845e-01
1.664794795215129852e-02
4.043929576873779297e-01
7.314373850822448730e-01
2.156624977942556143e-04
2.055514156818389893e-01
1.468223426491022110e-02
1.953592710196971893e-02
1.017318367958068848e+00
1.146745681762695312e-01
9.450711309909820557e-03
1.405646204948425293e+00
2.913306057453155518e-01
7.743854820728302002e-02
7.841063290834426880e-02
7.583506703376770020e-01
9.725453853607177734e-01
1.829132735729217529e-01
5.061159133911132812e-01
1.513103395700454712e-01
5.610128492116928101e-02
1.284889817237854004e+00
8.883125185966491699e-01
5.595758929848670959e-02
1.426737904548645020e-01
1.179586648941040039e+00
2.798546850681304932e-01
1.486979424953460693e-01
9.705959260463714600e-02
1.046207427978515625e+00
2.052106261253356934e-01
0.000000000000000000e+00
7.313924431800842285e-01
1.004724875092506409e-01
4.602124392986297607e-01
2.534536719322204590e-01
5.774224400520324707e-01
1.931658029556274414e+00
1.997005343437194824e-01
8.207612037658691406e-01
2.614801228046417236e-01
7.798351347446441650e-02
1.238537430763244629e-01
1.308870315551757812e+00
7.403032779693603516e+00
1.118062958121299744e-01
1.151850104331970215e+00
7.286829352378845215e-01
3.117805123329162598e-01
2.516117319464683533e-02
5.083302259445190430e-01
0.000000000000000000e+00
4.151650965213775635e-01
6.659226417541503906e-01
4.590965509414672852e-01
1.114826127886772156e-01
7.041376084089279175e-02
2.012467682361602783e-01
2.246185988187789917e-01
1.621218323707580566e-01
2.082244455814361572e-01
7.583866268396377563e-02
1.646683931350708008e+00
8.026370406150817871e-01
9.465375542640686035e-02
2.317575514316558838e-01
3.999302089214324951e-01
2.380863949656486511e-02
5.619788169860839844e-01
2.186582386493682861e-01
2.394210577011108398e+00
2.606486342847347260e-02
0.000000000000000000e+00
2.161061950027942657e-02
1.688398122787475586e+00
8.577980399131774902e-01
2.436884790658950806e-01
1.227826997637748718e-02
1.889213025569915771e-01
3.006014972925186157e-02
0.000000000000000000e+00
9.489588737487792969e-01
2.119588106870651245e-02
2.268903143703937531e-02
1.862379789352416992e+00
8.542614430189132690e-02
1.946508139371871948e-02
2.081962823867797852e-01
1.353479027748107910e-01
0.000000000000000000e+00
0.000000000000000000e+00
4.870615154504776001e-02
0.000000000000000000e+00
4.915732145309448242e-01
2.763219475746154785e-01
1.881109774112701416e-01
2.617539465427398682e-02
4.705264791846275330e-02
2.776597738265991211e-01
1.248808130621910095e-01
2.899752371013164520e-02
6.155632138252258301e-01
4.899728596210479736e-01
0.000000000000000000e+00
1.981185376644134521e-01
1.335499733686447144e-01
1.362273097038269043e-01
0.000000000000000000e+00
8.889859318733215332e-01
2.587790368124842644e-03
2.241780795156955719e-02
6.630401015281677246e-01
0.000000000000000000e+00
3.908392507582902908e-03
0.000000000000000000e+00
8.272253721952438354e-02
1.338557004928588867e+00
9.266448020935058594e-01
0.000000000000000000e+00
1.182470083236694336e+00
1.302503705024719238e+00
0.000000000000000000e+00
1.964034885168075562e-02
6.259720772504806519e-02
2.940470695495605469e+00
6.498232483863830566e-01
1.232945024967193604e-01
1.263333261013031006e-01
2.621664106845855713e-01
4.241051971912384033e-01
1.041823983192443848e+00
1.815833598375320435e-01
2.319053746759891510e-02
1.072608113288879395e+00
4.433243870735168457e-01
3.711386620998382568e-01
2.096947580575942993e-01
3.368217349052429199e-01
4.886496365070343018e-01
1.649261713027954102e-01
2.196121960878372192e-01
7.457174062728881836e-01
3.072991609573364258e+00
3.694291710853576660e-01
2.416897006332874298e-02
3.651994705200195312e+00
3.589485287666320801e-01
2.014925032854080200e-01
1.982856750488281250e+00
1.727514624595642090e+00
4.378341138362884521e-03
2.360535115003585815e-01
8.882646262645721436e-02
1.704192757606506348e+00
1.993889547884464264e-02
2.747011482715606689e-01
4.622465372085571289e-01
4.317577183246612549e-01
2.568342387676239014e-01
5.376224517822265625e-01
2.828401029109954834e-01
5.426631569862365723e-01
4.865697398781776428e-02
0.000000000000000000e+00
1.021400019526481628e-01
1.333543658256530762e-01
8.440932631492614746e-02
2.809615805745124817e-02
1.112895607948303223e+00
3.362716734409332275e-01
4.408442229032516479e-02
3.023654520511627197e-01
7.504740953445434570e-01
4.379004985094070435e-02
6.041468977928161621e-01
6.235259026288986206e-02
2.691833674907684326e-01
1.244568750262260437e-01
1.104410171508789062e+00
1.572747826576232910e+00
3.957213163375854492e-01
9.725306183099746704e-02
4.298559725284576416e-01
5.917218923568725586e-01
1.365557760000228882e-01
5.485457181930541992e-01
2.899665117263793945e+00
2.505663931369781494e-01
6.746855378150939941e-02
9.540385752916336060e-02
1.951023042201995850e-01
8.520759344100952148e-01
6.227780580520629883e-01
5.504165887832641602e-01
2.979768626391887665e-02
9.776494652032852173e-02
1.254695802927017212e-01
4.384531378746032715e-01
6.675790250301361084e-02
8.707675337791442871e-01
6.817675232887268066e-01
9.329443424940109253e-02
2.824867665767669678e-01
2.739249765872955322e-01
9.385382384061813354e-02
9.615207090973854065e-03
2.120444178581237793e-01
2.895191609859466553e-01
2.661490254104137421e-02
2.803637385368347168e-01
1.722355256788432598e-03
2.231902256608009338e-02
4.799780622124671936e-02
4.414082765579223633e-01
0.000000000000000000e+00
4.505874589085578918e-02
1.001277640461921692e-01
1.181422948837280273e+00
3.418153151869773865e-02
2.402002550661563873e-02
6.355100274085998535e-01
1.925059407949447632e-01
4.633422493934631348e-01
5.395053625106811523e-01
1.692550629377365112e-01
5.353932857513427734e+00
6.237167119979858398e-01
2.211111038923263550e-01
1.259693264961242676e+00
7.168185710906982422e-01
2.974603557959198952e-03
1.052092239260673523e-01
3.113235235214233398e-01
8.078247308731079102e-02
7.435371279716491699e-01
4.241909086704254150e-01
1.982121765613555908e-01
4.721154570579528809e-01
6.792932003736495972e-02
2.337187975645065308e-01
3.783644735813140869e-01
3.585698306560516357e-01
1.147400587797164917e-02
1.162367966026067734e-02
2.388923764228820801e-01
4.386700093746185303e-01
8.526982665061950684e-01
2.289896458387374878e-01
1.030643224716186523e+00
9.527930617332458496e-01
1.409232616424560547e-03
1.006899476051330566e-01
2.122324332594871521e-02
1.737944602966308594e+00
3.824325203895568848e-01
1.750288605690002441e-01
5.874683856964111328e-01
9.008402228355407715e-01
8.520264178514480591e-02
1.236995458602905273e-01
8.923879265785217285e-01
2.274477481842041016e-01
6.502517499029636383e-03
4.205247461795806885e-01
4.399881958961486816e-01
8.332643657922744751e-02
1.129763477365486324e-04
0.000000000000000000e+00
0.000000000000000000e+00
3.556152582168579102e-01
1.312329471111297607e-01
3.621101081371307373e-01
5.579722523689270020e-01
6.058885455131530762e-01
2.537680566310882568e-01
1.852393299341201782e-01
1.186010614037513733e-01
4.587575495243072510e-01
2.729932546615600586e+00
6.952103376388549805e-01
2.450031489133834839e-01
3.084701597690582275e-01
1.837784409523010254e+00
2.365435063838958740e-01
4.004506170749664307e-01
1.092616915702819824e+00
0.000000000000000000e+00
3.596267895773053169e-03
4.198262467980384827e-02
7.419931888580322266e-01
4.289583563804626465e-01
1.758490443229675293e+00
3.234469098970293999e-03
5.684180185198783875e-02
0.000000000000000000e+00
6.464517116546630859e-01
1.288818240165710449e+00
5.184932611882686615e-03
8.179429769515991211e-01
5.824186280369758606e-02
6.444727182388305664e-01
1.550351381301879883e-01
0.000000000000000000e+00
8.319544047117233276e-02
1.289134383201599121e+00
8.667109906673431396e-02
1.935250014066696167e-01
4.681960940361022949e-01
8.698116242885589600e-02
1.814928293228149414e+00
7.327527046203613281e+00
5.080623030662536621e-01
8.600217103958129883e-02
0.000000000000000000e+00
2.708812355995178223e-01
3.379834583029150963e-03
7.293708622455596924e-02
1.780216336250305176e+00
4.710346460342407227e-01
9.694615602493286133e-01
0.000000000000000000e+00
2.200610376894474030e-02
2.724801301956176758e+00
1.007733225822448730e+00
1.285206675529479980e-01
2.154473304748535156e+00
1.626054644584655762e-01
8.506241440773010254e-02
1.394787788391113281e+00
2.730297297239303589e-02
1.401485800743103027e+00
0.000000000000000000e+00
5.013896822929382324e-01
6.528349965810775757e-02
1.156729683279991150e-01
0.000000000000000000e+00
9.077377617359161377e-02
3.633374869823455811e-01
4.621933773159980774e-02
1.396778702735900879e+00
3.762125670909881592e-01
4.711942970752716064e-01
4.498754162341356277e-03
4.028133153915405273e-01
6.081361770629882812e-01
4.538088440895080566e-01
3.835802525281906128e-02
0.000000000000000000e+00
6.056313514709472656e-01
1.339005380868911743e-01
6.925066467374563217e-03
9.481365680694580078e-01
7.464226484298706055e-01
2.877444922924041748e-01
8.918842673301696777e-01
7.048243284225463867e-01
1.777692198753356934e+00
1.639188170433044434e+00
6.706028580665588379e-01
1.703020185232162476e-01
6.580222543561831117e-05
5.797200202941894531e-01
1.303591877222061157e-01
1.377529203891754150e-01
5.016077160835266113e-01
1.428733021020889282e-01
0.000000000000000000e+00
9.879668056964874268e-02
2.209285646677017212e-02
9.539441019296646118e-02
1.483873426914215088e-01
1.192662000656127930e+00
0.000000000000000000e+00
2.943852543830871582e-01
2.257823467254638672e+00
8.828401565551757812e-01
9.223394393920898438e-01
1.547563374042510986e-01
1.111254990100860596e-01
6.830854713916778564e-02
8.070614933967590332e-01
3.095241785049438477e-01
5.367012619972229004e-01
1.911034584045410156e+00
6.848857551813125610e-02
0.000000000000000000e+00
3.352360101416707039e-03
4.947236180305480957e-02
4.021365642547607422e+00
1.018878966569900513e-01
2.358809113502502441e-01
2.275972366333007812e-01
3.969887644052505493e-02
8.363572955131530762e-01
2.337347865104675293e-01
9.407128393650054932e-02
6.094681024551391602e-01
3.889517188072204590e-01
4.527425765991210938e+00
2.060988187789916992e+00
1.963670551776885986e-01
3.858735263347625732e-01
7.790898680686950684e-01
1.252551823854446411e-01
0.000000000000000000e+00
1.333989977836608887e+00
1.811614483594894409e-01
2.171351909637451172e+00
3.749536871910095215e-01
2.627304196357727051e-01
3.437599539756774902e-01
0.000000000000000000e+00
1.878404170274734497e-01
1.087061986327171326e-01
1.536235362291336060e-01
1.695343255996704102e-01
5.447458028793334961e-01
1.932827681303024292e-01
3.530982732772827148e-01
1.316647171974182129e+00
2.262568920850753784e-01
2.514638602733612061e-01
4.001280665397644043e-01
4.772065579891204834e-02
5.236843824386596680e-01
1.843728780746459961e+00
9.036216139793395996e-02
1.246287465095520020e+00
4.801784157752990723e-01
4.222004115581512451e-01
1.258096933364868164e+00
6.044287681579589844e-01
5.312007665634155273e-02
7.964136004447937012e-01
6.436821818351745605e-01
1.172907948493957520e+00
2.005144655704498291e-01
4.378094673156738281e-01
2.732887864112854004e-02
0.000000000000000000e+00
2.585741924121975899e-03
1.636140346527099609e+00
3.846055269241333008e-01
1.444189529865980148e-02
0.000000000000000000e+00
1.065263032913208008e+00
1.699646562337875366e-01
2.087866961956024170e-01
2.753701210021972656e-01
1.364867016673088074e-02
6.711482256650924683e-02
3.951831255108118057e-03
9.614557772874832153e-02
1.016260266304016113e+00
1.539395749568939209e-01
2.074289880692958832e-02
6.224709033966064453e+00
1.852486133575439453e+00
2.615483760833740234e+00
1.046722978353500366e-01
1.101427674293518066e-01
9.563002735376358032e-03
1.780845999717712402e+00
3.776541233062744141e+00
3.369063837453722954e-03
0.000000000000000000e+00
3.462180867791175842e-02
3.236960992217063904e-02
5.064765810966491699e-01
4.309198558330535889e-01
3.715278953313827515e-02
2.568520046770572662e-02
1.273155808448791504e-01
7.032012194395065308e-02
5.941068530082702637e-01
6.876592636108398438e-01
8.867152035236358643e-03
1.128710359334945679e-01
4.183855652809143066e-02
1.039840746670961380e-03
8.829669356346130371e-01
1.391044735908508301e+00
3.928843438625335693e-01
6.801106929779052734e-01
9.687460958957672119e-02
0.000000000000000000e+00
3.126538693904876709e-01
2.823552861809730530e-02
3.463060557842254639e-01
1.151850342750549316e+00
0.000000000000000000e+00
2.283210493624210358e-02
1.133119016885757446e-01
0.000000000000000000e+00
1.017165482044219971e-01
1.280581653118133545e-01
6.926686763763427734e-01
0.000000000000000000e+00
8.202501535415649414e-01
4.738675653934478760e-01
3.029792010784149170e-02
6.642508506774902344e-01
2.147764712572097778e-01
2.268484830856323242e-01
5.202702283859252930e-01
6.181942820549011230e-01
1.954444646835327148e-01
6.119406223297119141e-01
5.037913918495178223e-01
1.479929447174072266e+00
4.079446196556091309e-01
4.269585609436035156e-01
0.000000000000000000e+00
0.000000000000000000e+00
6.276604533195495605e-01
0.000000000000000000e+00
2.140228301286697388e-01
6.764627248048782349e-02
6.110248565673828125e-01
9.341566264629364014e-02
2.888293266296386719e-01
1.889311373233795166e-01
6.450247764587402344e-01
1.764800995588302612e-01
4.938113316893577576e-02
4.607719779014587402e-01
5.110009908676147461e-01
2.757187783718109131e-01
3.161022663116455078e-01
2.368037551641464233e-01
0.000000000000000000e+00
2.940436266362667084e-02
2.973890066146850586e+00
9.807772040367126465e-01
6.591280698776245117e-01
2.976190997287631035e-03
8.130417019128799438e-02
8.996404409408569336e-01
1.009658128023147583e-01
7.195930182933807373e-02
8.870282769203186035e-02
1.894016146659851074e+00
1.422132998704910278e-01
7.345172017812728882e-02
5.020321607589721680e-01
7.055120915174484253e-02
2.663055062294006348e-01
1.259510636329650879e+00
1.054459571838378906e+00
7.828266918659210205e-02
3.177736699581146240e-01
2.458296716213226318e-02
7.652310132980346680e-01
2.247752398252487183e-01
2.856724895536899567e-02
2.525752410292625427e-02
2.604302465915679932e-01
0.000000000000000000e+00
3.387566655874252319e-02
4.906640648841857910e-01
1.487830430269241333e-01
7.919149398803710938e-01
4.760538935661315918e-01
2.974190115928649902e-01
4.594275951385498047e-01
1.094747185707092285e+00
2.718491554260253906e-01
5.155841112136840820e-01
3.934931755065917969e+00
0.000000000000000000e+00
3.811634480953216553e-01
1.649846881628036499e-02
1.003047704696655273e+00
2.430910915136337280e-01
2.391242422163486481e-02
1.648422479629516602e-01
2.230236083269119263e-01
2.147073149681091309e-01
1.333264589309692383e+00
3.318824768066406250e-01
1.624878793954849243e-01
6.393837332725524902e-01
1.468212604522705078e-01
9.578356146812438965e-02
1.604569256305694580e-01
6.833556573837995529e-03
1.981564313173294067e-01
8.761216998100280762e-01
1.403746306896209717e-01
1.974865645170211792e-01
2.705948948860168457e-01
6.007121410220861435e-03
2.215057909488677979e-01
2.830813638865947723e-02
3.040415346622467041e-01
1.687399446964263916e-01
3.532288968563079834e-01
1.512405425310134888e-01
1.531286686658859253e-01
3.768500387668609619e-01
2.603201568126678467e-02
8.306081891059875488e-01
4.131503999233245850e-01
5.810261368751525879e-01
2.226999998092651367e-01
1.474980115890502930e+00
2.439004182815551758e+00
5.538377761840820312e-01
0.000000000000000000e+00
2.498476058244705200e-01
3.275999426841735840e-01
2.027375996112823486e-01
1.794923841953277588e-01
4.547972679138183594e-01
9.409466385841369629e-02
1.363398879766464233e-01
7.504878044128417969e-01
1.885662823915481567e-01
1.773789525032043457e+00
1.496568799018859863e+00
1.255099028348922729e-01
4.081373810768127441e-01
0.000000000000000000e+00
6.522043347358703613e-01
1.785951852798461914e-01
1.038732007145881653e-01
3.256476521492004395e-01
4.345963001251220703e-01
1.300871670246124268e-01
3.699693456292152405e-02
2.624240517616271973e-01
0.000000000000000000e+00
7.754420042037963867e-01
1.554692834615707397e-01
2.384147495031356812e-01
2.499047070741653442e-01
4.724550545215606689e-01
9.881243109703063965e-02
1.501336574554443359e+00
2.255540713667869568e-02
3.005438148975372314e-01
1.782829165458679199e+00
1.365330696105957031e+00
1.233231544494628906e+00
6.377221345901489258e-01
1.117906928062438965e+00
1.783282458782196045e-01
3.247406482696533203e-01
0.000000000000000000e+00
9.432929754257202148e-02
0.000000000000000000e+00
1.635168433189392090e+00
5.989995319396257401e-03
5.198194994591176510e-04
5.238801985979080200e-02
4.485798999667167664e-02
2.383408784866333008e+00
2.995229959487915039e-01
0.000000000000000000e+00
2.480978012084960938e+00
6.914100050926208496e-01
6.524441242218017578e-01
1.020155906677246094e+00
9.020645171403884888e-03
3.189242184162139893e-01
4.329181276261806488e-03
0.000000000000000000e+00
1.633173942565917969e+00
4.722160100936889648e-01
4.418748244643211365e-02
6.206749752163887024e-02
2.802741527557373047e-01
2.156842947006225586e-01
3.020099103450775146e-01
9.621831178665161133e-01
3.777970746159553528e-02
7.195223122835159302e-02
1.275742705911397934e-02
1.633228510618209839e-01
0.000000000000000000e+00
3.881594538688659668e-01
1.669949769973754883e+00
2.188286066055297852e+00
9.037986164912581444e-04
0.000000000000000000e+00
5.439816713333129883e-01
3.774881958961486816e-01
1.669679433107376099e-01
1.145902182906866074e-02
0.000000000000000000e+00
0.000000000000000000e+00
4.911213219165802002e-01
1.029957652091979980e+00
0.000000000000000000e+00
6.369771063327789307e-02
3.493386209011077881e-01
4.852237403392791748e-01
7.937932014465332031e-01
1.855633854866027832e-01
9.327651262283325195e-01
1.843541413545608521e-01
1.989040821790695190e-01
0.000000000000000000e+00
4.606972634792327881e-01
0.000000000000000000e+00
9.033445119857788086e-01
2.576684057712554932e-01
0.000000000000000000e+00
2.651549875736236572e-01
6.245463341474533081e-02
9.258079528808593750e-01
3.487237691879272461e-01
8.446485480817500502e-06
5.357328057289123535e-02
3.108612447977066040e-02
0.000000000000000000e+00
6.754991412162780762e-01
1.681017577648162842e-01
1.008840948343276978e-01
1.479051351547241211e+00
0.000000000000000000e+00
0.000000000000000000e+00
2.941764593124389648e-01
4.099078178405761719e-01
1.603155955672264099e-02
1.977763921022415161e-01
1.626964449882507324e+00
3.624274969100952148e+00
4.073028564453125000e-01
6.833873689174652100e-02
3.850391209125518799e-01
6.030597090721130371e-01
1.886444240808486938e-01
4.291086923331022263e-03
5.988294482231140137e-01
8.306463062763214111e-02
7.506763935089111328e-02
5.248775333166122437e-02
8.118761330842971802e-02
5.056810379028320312e-02
5.403569936752319336e-01
2.057292699813842773e+00
1.123631820082664490e-01
2.400632381439208984e+00
2.088407039642333984e+00
1.834518015384674072e-01
4.806168079376220703e-01
3.757467865943908691e-01
1.060301184654235840e+00
2.091046571731567383e-01
5.031614303588867188e-01
3.628210783004760742e+00
6.732605099678039551e-01
6.020491570234298706e-02
1.730507761240005493e-01
0.000000000000000000e+00
1.869590282440185547e+00
2.314408063888549805e+00
5.785493850708007812e-01
3.367406083270907402e-03
9.647613763809204102e-01
2.123971283435821533e-01
1.012496590614318848e+00
1.053750365972518921e-01
1.121942922472953796e-01
0.000000000000000000e+00
1.185183450579643250e-01
7.858249358832836151e-03
1.085359528660774231e-01
3.919082283973693848e-01
1.722179204225540161e-01
1.180965304374694824e+00
0.000000000000000000e+00
9.065993130207061768e-03
7.550396919250488281e-01
2.438612580299377441e-01
4.847025871276855469e-02
1.183658391237258911e-01
2.202734708786010742e+00
1.249710619449615479e-01
9.211719036102294922e-02
2.973273582756519318e-02
2.668627500534057617e-01
5.230044201016426086e-02
2.882051467895507812e-02
8.393565192818641663e-03
0.000000000000000000e+00
5.375357717275619507e-02
1.760909080505371094e+00
2.110516726970672607e-01
1.381700038909912109e+00
8.482565172016620636e-03
1.887762844562530518e-01
1.391218543052673340e+00
0.000000000000000000e+00
1.319787558168172836e-02
5.383417010307312012e-01
7.469450682401657104e-02
2.555514276027679443e-01
1.456613689661026001e-01
3.712923824787139893e-01
1.064722090959548950e-01
1.212608367204666138e-01
6.783983111381530762e-01
6.671550218015909195e-03
0.000000000000000000e+00
4.122275114059448242e-01
7.133204489946365356e-02
4.640410244464874268e-01
2.642891928553581238e-02
1.200635544955730438e-02
2.686235904693603516e-01
6.624896079301834106e-02
1.242236495018005371e-01
3.994458913803100586e-02
0.000000000000000000e+00
1.962144076824188232e-01
3.761721029877662659e-02
6.769222617149353027e-01
3.855993747711181641e+00
1.111334264278411865e-01
1.328168153762817383e+00
3.552526473999023438e+00
5.786194801330566406e-01
6.604838371276855469e-01
2.826494351029396057e-02
2.181023955345153809e-01
2.778330445289611816e-02
5.800874829292297363e-01
1.709792613983154297e-01
9.449082016944885254e-01
8.102983832359313965e-01
3.837591409683227539e-02
3.055548667907714844e-01
4.010086059570312500e-01
2.523137629032135010e-02
1.865542650222778320e+00
6.533113718032836914e-01
7.105227112770080566e-01
6.774811148643493652e-01
3.393374979496002197e-01
1.627919077873229980e-01
1.662203073501586914e-01
3.164752200245857239e-02
6.901897788047790527e-01
3.692089915275573730e-01
5.115224048495292664e-04
1.275438070297241211e-01
2.457500994205474854e-01
9.981097280979156494e-02
9.220142960548400879e-01
8.989214301109313965e-01
5.575715377926826477e-02
4.856810271739959717e-01
3.375815153121948242e-01
2.795510590076446533e-01
0.000000000000000000e+00
9.828434139490127563e-02
1.355766505002975464e-02
1.142085909843444824e+00
1.097964763641357422e+00
0.000000000000000000e+00
3.803731640800833702e-03
2.133355379104614258e+00
5.722029507160186768e-02
5.792486071586608887e-01
3.327987622469663620e-03
6.462811231613159180e-01
0.000000000000000000e+00
3.005664825439453125e+00
3.517400324344635010e-01
7.206624746322631836e-02
3.031182289123535156e-01
1.080797195434570312e+00
1.733505874872207642e-01
0.000000000000000000e+00
4.407768249511718750e-01
6.569127440452575684e-01
1.131303980946540833e-02
1.793599843978881836e+00
9.346948564052581787e-02
0.000000000000000000e+00
4.958619177341461182e-01
1.897349059581756592e-01
5.373535156250000000e+00
6.540685892105102539e-01
4.280972760170698166e-03
2.517170429229736328e+00
6.744316220283508301e-02
3.502677008509635925e-02
2.001835107803344727e-01
8.184654116630554199e-01
1.040380895137786865e-01
2.912976145744323730e-01
1.178251579403877258e-01
1.550931781530380249e-01
9.770204871892929077e-02
3.726795315742492676e-01
1.674941420555114746e+00
0.000000000000000000e+00
6.758055686950683594e-01
1.193562865257263184e+00
6.038532853126525879e-01
1.090773105621337891e+00
1.031805872917175293e+00
8.488743305206298828e-01
1.913195252418518066e+00
8.670305609703063965e-01
3.374688923358917236e-01
4.494429588317871094e+00
1.325528502464294434e+00
8.429040908813476562e-01
1.875875294208526611e-01
1.640562782995402813e-03
3.774017095565795898e-01
4.432895481586456299e-01
4.751487821340560913e-02
2.586689233779907227e+00
4.945556074380874634e-02
4.109147489070892334e-01
3.788054585456848145e-01
9.009984135627746582e-01
4.089338332414627075e-02
1.161806806921958923e-01
0.000000000000000000e+00
1.870609879493713379e+00
1.340649873018264771e-01
1.562505662441253662e-01
2.080377042293548584e-01
1.223322391510009766e+00
2.737006545066833496e-01
1.393637806177139282e-01
0.000000000000000000e+00
9.249056689441204071e-03
2.411814182996749878e-01
0.000000000000000000e+00
3.830179572105407715e-01
7.080884277820587158e-02
1.972105979919433594e+00
4.568224027752876282e-02
7.303791586309671402e-03
1.839872300624847412e-01
6.765963137149810791e-02
1.351932138204574585e-01
2.803870104253292084e-02
1.142064929008483887e+00
1.582745760679244995e-01
1.912745684385299683e-01
2.767009496688842773e+00
9.955717325210571289e-01
2.465141862630844116e-01
2.876868963241577148e+00
1.153214350342750549e-01
1.447228312492370605e+00
1.439280033111572266e+00
9.348703548312187195e-03
7.551689147949218750e-01
4.471650123596191406e-01
3.721314668655395508e-02
2.430407851934432983e-01
1.120787739753723145e+00
3.503008186817169189e-01
4.503760337829589844e-01
1.107356667518615723e+00
3.643943667411804199e-01
3.368919134140014648e+00
4.350504651665687561e-02
1.108972802758216858e-01
5.027677416801452637e-01
1.353394985198974609e-01
3.115462958812713623e-01
4.158699885010719299e-02
4.220015555620193481e-02
9.753670096397399902e-01
7.206936478614807129e-01
2.592233657836914062e+00
0.000000000000000000e+00
2.108518630266189575e-01
7.132992148399353027e-01
0.000000000000000000e+00
0.000000000000000000e+00
1.403063058853149414e+00
0.000000000000000000e+00
1.778328418731689453e-01
6.991210579872131348e-01
1.311750173568725586e+00
0.000000000000000000e+00
9.827941656112670898e-02
5.626893416047096252e-02
0.000000000000000000e+00
1.494055092334747314e-01
5.961556434631347656e-01
9.815368056297302246e-02
6.880724430084228516e-01
0.000000000000000000e+00
7.252039015293121338e-02
1.166602317243814468e-02
2.264353632926940918e-01
1.861431449651718140e-02
1.448385238647460938e+00
7.948520034551620483e-02
9.780153632164001465e-02
5.966483801603317261e-02
2.897418141365051270e-01
1.074645876884460449e+00
3.859108388423919678e-01
9.896365404129028320e-01
9.593774676322937012e-01
8.723818659782409668e-01
6.746151298284530640e-02
3.646194934844970703e-01
5.809353291988372803e-02
1.517772316932678223e+00
2.083721905946731567e-01
1.438517272472381592e-01
4.510898292064666748e-01
1.562401801347732544e-01
1.746466159820556641e-01
2.340157270431518555e+00
1.342617422342300415e-01
1.188042387366294861e-01
1.795099079608917236e-01
4.220774769783020020e-01
1.861984468996524811e-02
2.751016914844512939e-01
2.384991168975830078e+00
3.434805572032928467e-02
2.797401249408721924e-01
8.261748552322387695e-01
1.530892968177795410e+00
6.594845093786716461e-03
6.512666121125221252e-03
2.021234631538391113e-01
5.024200677871704102e-01
9.609813988208770752e-02
0.000000000000000000e+00
2.175790965557098389e-01
4.537248611450195312e-02
5.739429220557212830e-02
5.088158249855041504e-01
1.352186873555183411e-02
1.054385542869567871e+00
1.061092689633369446e-02
6.707970052957534790e-02
1.252131909132003784e-01
1.288283467292785645e-01
4.014253020286560059e-01
7.090895771980285645e-01
0.000000000000000000e+00
2.449616670608520508e+00
3.330646455287933350e-01
0.000000000000000000e+00
9.485147148370742798e-02
2.222688198089599609e-01
6.631571054458618164e-01
1.152259856462478638e-02
1.283683776855468750e-01
1.229701936244964600e-01
1.507699191570281982e-01
0.000000000000000000e+00
1.336377263069152832e-01
4.898117482662200928e-01
4.583484828472137451e-01
2.243037149310112000e-02
7.269439101219177246e-01
1.534931659698486328e-01
1.333201169967651367e+00
6.068258732557296753e-02
4.618383571505546570e-02
7.190876454114913940e-02
6.069885566830635071e-02
5.468029379844665527e-01
1.697116345167160034e-01
7.896631956100463867e-02
1.445315480232238770e-01
1.244303822517395020e+00
0.000000000000000000e+00
4.805947467684745789e-02
5.442864298820495605e-01
0.000000000000000000e+00
6.945671048015356064e-03
1.305309981107711792e-01
4.432940110564231873e-02
6.738690286874771118e-02
1.223124504089355469e+00
4.491536021232604980e-01
2.129373073577880859e+00
7.705621719360351562e-01
1.763853360898792744e-03
1.499272733926773071e-01
9.495153278112411499e-02
9.212189316749572754e-01
2.084121853113174438e-01
1.426969319581985474e-01
5.983754992485046387e-01
2.506399631500244141e+00
4.278351068496704102e-01
2.191873490810394287e-01
3.036158084869384766e-01
0.000000000000000000e+00
1.247847318649291992e+00
4.513261616230010986e-01
1.161230821162462234e-02
1.809812523424625397e-02
3.417902886867523193e-01
2.687591791152954102e+00
0.000000000000000000e+00
4.277024790644645691e-02
1.874755769968032837e-01
1.512034833431243896e-01
1.179402694106101990e-02
9.835500717163085938e-01
3.458427637815475464e-02
1.511851400136947632e-01
8.198035955429077148e-01
0.000000000000000000e+00
1.783961057662963867e-01
0.000000000000000000e+00
1.543468981981277466e-02
2.808129787445068359e-01
7.347025871276855469e-01
7.943981885910034180e-02
3.452017903327941895e-01
0.000000000000000000e+00
1.546124219894409180e-01
1.529690325260162354e-01
3.911348804831504822e-02
1.934115290641784668e-01
3.115490078926086426e-01
6.777280569076538086e-01
5.582591053098440170e-03
1.858772784471511841e-01
1.699444651603698730e-01
1.117651611566543579e-01
4.161381125450134277e-01
9.899157285690307617e-02
2.510286308825016022e-02
1.867902874946594238e-01
3.570925593376159668e-01
3.048490546643733978e-02
8.637824058532714844e+00
0.000000000000000000e+00
2.954406738281250000e-01
3.485885262489318848e-01
5.035931244492530823e-02
1.448647081851959229e-01
3.110811710357666016e+00
1.328352838754653931e-01
1.762423366308212280e-01
4.147845804691314697e-01
4.867513850331306458e-02
1.267851563170552254e-03
6.905441284179687500e-01
1.979665309190750122e-01
7.551439404487609863e-01
1.642550379037857056e-01
3.632994294166564941e-01
1.068493485450744629e+00
3.580283224582672119e-01
6.063550710678100586e-02
0.000000000000000000e+00
3.507690727710723877e-01
2.703637182712554932e-01
1.081609964370727539e+00
4.901088774204254150e-01
5.386543869972229004e-01
2.021409124135971069e-01
1.122888922691345215e-01
2.906131446361541748e-01
1.343080759048461914e+00
3.763022273778915405e-02
7.705795764923095703e-01
0.000000000000000000e+00
1.402364015579223633e+00
4.374970868229866028e-02
9.660609066486358643e-02
2.425021491944789886e-02
0.000000000000000000e+00
1.259093046188354492e+00
8.156464248895645142e-02
0.000000000000000000e+00
1.782425791025161743e-01
2.479619830846786499e-01
1.421162962913513184e+00
0.000000000000000000e+00
2.081933319568634033e-01
9.188702106475830078e-01
3.744325935840606689e-01
1.379076577723026276e-02
3.895061016082763672e-01
4.945134744048118591e-02
1.303124278783798218e-01
1.057023546309210360e-04
3.316477298736572266e+00
0.000000000000000000e+00
4.301216006278991699e-01
5.116867423057556152e-01
5.866464972496032715e-01
0.000000000000000000e+00
4.909974634647369385e-01
1.769923120737075806e-01
1.840741485357284546e-01
1.059590578079223633e+00
3.055514208972454071e-02
8.715574145317077637e-01
1.792216449975967407e-01
1.786977797746658325e-01
7.633697390556335449e-01
1.196593269705772400e-01
6.573499441146850586e-01
3.270185785368084908e-03
1.448753383010625839e-02
9.477021545171737671e-02
2.011291533708572388e-01
1.147431612014770508e+00
1.039494872093200684e-01
1.891315728425979614e-02
3.059265017509460449e-02
8.795223385095596313e-02
1.188984289765357971e-01
0.000000000000000000e+00
4.248509407043457031e-01
4.178439676761627197e-01
9.273824281990528107e-03
4.066464304924011230e-01
8.189243823289871216e-02
1.816967368125915527e+00
1.241178393363952637e+00
0.000000000000000000e+00
6.077965497970581055e-01
1.777951598167419434e+00
1.401276737451553345e-01
3.364355564117431641e-01
2.674017474055290222e-02
2.424521297216415405e-01
3.099507465958595276e-02
1.345006227493286133e+00
1.229758653789758682e-02
3.240157663822174072e-02
3.680613636970520020e-01
4.804978370666503906e-01
5.802582502365112305e-01
3.445518612861633301e-01
1.125930845737457275e-01
7.844846248626708984e-01
8.302002549171447754e-01
0.000000000000000000e+00
1.520985364913940430e-01
5.304957926273345947e-02
4.156048297882080078e+00
1.001513242721557617e+00
2.404364496469497681e-01
4.977727532386779785e-01
5.495447516441345215e-01
2.028845548629760742e-01
3.632000088691711426e-01
5.655769109725952148e-01
4.729318022727966309e-01
1.266059130430221558e-01
0.000000000000000000e+00
4.258154332637786865e-01
5.244002342224121094e-01
2.427763700485229492e+00
8.331509679555892944e-02
0.000000000000000000e+00
3.998129367828369141e-01
4.157939851284027100e-01
3.120674788951873779e-01
2.907982766628265381e-01
3.729042112827301025e-01
1.156210228800773621e-01
6.196541786193847656e-01
6.706695556640625000e-01
1.152814507484436035e+00
4.044291377067565918e-01
1.890242844820022583e-01
1.495452672243118286e-01
9.856852293014526367e-01
4.505218267440795898e-01
1.085867360234260559e-01
9.459762275218963623e-02
1.493119150400161743e-01
4.959757439792156219e-03
6.964287161827087402e-01
1.925373077392578125e-01
3.260633647441864014e-01
1.158194065093994141e+00
1.257522404193878174e-01
4.901284873485565186e-01
7.028929144144058228e-02
3.175535500049591064e-01
1.821344375610351562e+00
3.714697659015655518e-01
3.100620508193969727e-01
2.705957889556884766e-01
6.979153305292129517e-02
4.229246452450752258e-02
0.000000000000000000e+00
5.327335596084594727e-01
1.261712908744812012e-01
1.773810535669326782e-01
4.111190438270568848e-01
0.000000000000000000e+00
4.149864614009857178e-01
1.183447521179914474e-02
1.141537129878997803e-01
4.266290366649627686e-01
8.514840155839920044e-02
2.318791151046752930e-01
4.886678457260131836e-01
0.000000000000000000e+00
4.004900157451629639e-02
1.607632823288440704e-02
6.882515549659729004e-01
1.763450801372528076e-01
6.250501871109008789e-01
1.953264474868774414e-01
1.288752079010009766e+00
5.518535524606704712e-02
4.515767097473144531e-01
2.845944166183471680e-01
4.716745018959045410e-01
5.107293650507926941e-02
1.317815333604812622e-01
1.422095345333218575e-03
2.597671449184417725e-01
9.074329584836959839e-02
2.070135064423084259e-02
3.067803941667079926e-02
2.451434135437011719e+00
0.000000000000000000e+00
5.881533771753311157e-02
1.125178411602973938e-01
0.000000000000000000e+00
5.245396494865417480e-01
0.000000000000000000e+00
2.778859436511993408e-01
2.055987715721130371e-01
1.135681867599487305e+00
2.910514734685420990e-02
2.853488028049468994e-01
2.575561963021755219e-02
1.410855203866958618e-01
1.113328710198402405e-01
2.348098754882812500e-01
4.183100536465644836e-02
1.547436565160751343e-01
1.979289054870605469e+00
1.763527542352676392e-01
9.523595571517944336e-01
3.942421637475490570e-03
1.265749782323837280e-01
4.695769250392913818e-01
1.620355129241943359e+00
2.552233636379241943e-01
1.447289288043975830e-01
3.622372746467590332e-01
6.922615319490432739e-02
2.920745871961116791e-02
1.921037793159484863e+00
2.134298980236053467e-01
2.929102480411529541e-01
4.004947841167449951e-01
3.741106688976287842e-01
5.030263662338256836e-01
7.286376506090164185e-02
2.189780212938785553e-02
8.920564651489257812e-01
6.853058468550443649e-03
2.848234772682189941e-01
2.280709519982337952e-02
7.755178958177566528e-02
4.724620282649993896e-02
2.331860177218914032e-02
7.312186360359191895e-01
4.920875653624534607e-02
0.000000000000000000e+00
2.987413167953491211e+00
8.919233083724975586e-02
7.970089465379714966e-02
1.661278679966926575e-02
3.587108552455902100e-01
1.543734967708587646e-01
0.000000000000000000e+00
1.406278759241104126e-01
1.378657519817352295e-01
1.313850749284029007e-02
1.342055052518844604e-01
8.872376754879951477e-03
0.000000000000000000e+00
0.000000000000000000e+00
1.179054602980613708e-01
1.393651030957698822e-02
3.428911566734313965e-01
5.205907672643661499e-02
1.952951997518539429e-01
3.852116689085960388e-02
2.157472074031829834e-01
3.510996103286743164e-01
0.000000000000000000e+00
1.153423711657524109e-01
3.560908604413270950e-03
2.256690263748168945e-01
8.407434076070785522e-02
2.405406534671783447e-02
2.392553985118865967e-01
1.041027605533599854e-01
0.000000000000000000e+00
3.654480874538421631e-01
2.807765007019042969e-01
1.450524777173995972e-01
6.276726722717285156e-02
5.914125591516494751e-02
8.092430979013442993e-02
8.899395465850830078e-01
2.612976431846618652e-01
4.655895233154296875e-01
1.018027901649475098e+00
0.000000000000000000e+00
6.781522035598754883e-01
9.844427555799484253e-02
5.586881041526794434e-01
2.205428481101989746e-01
1.469288915395736694e-01
3.596780002117156982e-01
0.000000000000000000e+00
1.396254599094390869e-01
5.179650783538818359e-01
1.225411057472229004e+00
1.934137940406799316e-01
0.000000000000000000e+00
5.146828293800354004e-01
