2.507116496562957764e-01
1.237019896507263184e-01
4.552602302283048630e-03
2.022062301635742188e+00
2.235080301761627197e-01
2.254971414804458618e-01
2.581334710121154785e-01
8.347488939762115479e-03
1.576822519302368164e+00
7.841895103454589844e+00
2.169286757707595825e-01
1.555695235729217529e-01
4.574875831604003906e-01
0.000000000000000000e+00
1.182365417480468750e-01
1.544339060783386230e+00
7.435708045959472656e-01
4.567496180534362793e-01
2.806432247161865234e-01
1.083807468414306641e+00
2.651914656162261963e-01
1.004234515130519867e-02
1.498405635356903076e-01
1.726033687591552734e-01
3.953560888767242432e-01
3.896310031414031982e-01
1.518361330032348633e+00
2.435866743326187134e-01
9.926052689552307129e-01
3.033104240894317627e-01
4.608452022075653076e-01
7.064644098281860352e-01
2.842917442321777344e-01
3.684576451778411865e-01
4.805792123079299927e-03
1.184282541275024414e+00
3.911068141460418701e-01
2.476522624492645264e-01
1.754283457994461060e-01
5.117154121398925781e-01
6.899756193161010742e-02
1.857452988624572754e-01
3.012745268642902374e-02
9.077925682067871094e-01
1.358883921056985855e-02
3.523734584450721741e-02
6.206904053688049316e-01
2.975526452064514160e-01
1.303958147764205933e-01
8.860265016555786133e-01
6.760138273239135742e-02
1.098184362053871155e-01
4.109475016593933105e-01
1.397117137908935547e+00
8.011307120323181152e-01
4.464790225028991699e-01
1.010544449090957642e-01
4.680348634719848633e-01
2.000326812267303467e-01
5.479291081428527832e-02
3.737705469131469727e+00
1.289310902357101440e-01
1.296927928924560547e-01
0.000000000000000000e+00
6.283718943595886230e-01
7.180056571960449219e-01
8.651430010795593262e-01
1.017762660980224609e+00
2.773526310920715332e-01
9.512416124343872070e-01
1.409955501556396484e+00
5.711091756820678711e-01
4.828534647822380066e-02
1.154195889830589294e-01
2.771098315715789795e-01
8.703044801950454712e-02
1.988539457321166992e+00
1.693004369735717773e-01
2.492871731519699097e-01
0.000000000000000000e+00
2.942889690399169922e+00
4.253034293651580811e-01
4.970819503068923950e-02
0.000000000000000000e+00
2.051371097564697266e+00
1.142921820282936096e-01
2.651914060115814209e-01
0.000000000000000000e+00
7.168805003166198730e-01
1.949889659881591797e-01
1.882530748844146729e-01
2.722053825855255127e-01
1.205570548772811890e-01
1.817096769809722900e-02
9.371523857116699219e-01
9.715388296172022820e-04
4.962299764156341553e-01
1.419405579566955566e+00
2.126708924770355225e-01
1.058732986450195312e+00
2.371994107961654663e-01
1.067416429519653320e+00
7.755534052848815918e-01
2.591146469116210938e+00
2.869807779788970947e-01
2.181576751172542572e-02
5.178767442703247070e-01
6.425850391387939453e-01
2.256369292736053467e-01
5.067243099212646484e+00
9.089523553848266602e-02
2.951333820819854736e-01
1.349610537290573120e-01
1.649827718734741211e+00
2.049038112163543701e-01
1.659401655197143555e-01
1.214187964797019958e-01
5.297989845275878906e-01
2.589400112628936768e-01
7.663532346487045288e-02
1.384898424148559570e-01
1.827511042356491089e-01
4.254829585552215576e-01
3.699485957622528076e-01
1.046884655952453613e-01
5.284919589757919312e-02
1.866906642913818359e+00
8.417777419090270996e-01
2.207264676690101624e-02
6.289470195770263672e-02
1.646915078163146973e+00
7.262639999389648438e-01
0.000000000000000000e+00
9.775803089141845703e-01
3.337368071079254150e-01
1.712279766798019409e-01
8.866333365440368652e-01
1.702999770641326904e-01
8.157249450683593750e+00
9.605269879102706909e-03
1.792205691337585449e+00
8.237366676330566406e-01
5.832593888044357300e-02
1.185292243957519531e+00
1.868168473243713379e+00
1.385309696197509766e-01
2.588529288768768311e-01
1.084881252609193325e-03
1.845624744892120361e-01
3.341603651642799377e-02
2.935521900653839111e-01
3.578509390354156494e-01
1.388356536626815796e-01
0.000000000000000000e+00
9.019549936056137085e-02
3.809055313467979431e-02
1.219797357916831970e-01
1.148870810866355896e-01
4.735063016414642334e-02
4.172131419181823730e-01
3.454860448837280273e-01
1.233088374137878418e+00
3.033990263938903809e-01
3.184935310855507851e-03
1.706157088279724121e+00
2.318934440612792969e+00
5.179581418633460999e-02
1.316874921321868896e-01
1.284630000591278076e-01
5.717275738716125488e-01
1.092209145426750183e-01
1.499606668949127197e-01
1.737526774406433105e+00
0.000000000000000000e+00
8.408556878566741943e-02
3.338798284530639648e-01
8.512335270643234253e-02
8.377897553145885468e-03
6.981627643108367920e-02
5.047658085823059082e-01
7.895421981811523438e-01
9.768719226121902466e-02
5.224285721778869629e-01
5.233130455017089844e-01
0.000000000000000000e+00
5.057373046875000000e-01
8.919010758399963379e-01
1.272966563701629639e-01
1.958945542573928833e-01
1.062006950378417969e+00
3.548781201243400574e-02
9.247683286666870117e-01
2.565298974514007568e-01
5.645855665206909180e-01
2.925644442439079285e-02
1.798098087310791016e+00
5.905643850564956665e-02
3.285149931907653809e-01
3.962107598781585693e-01
3.169019520282745361e-01
2.941994369029998779e-02
1.004644706845283508e-01
5.879718437790870667e-02
3.356392085552215576e-01
1.773576289415359497e-01
2.492854118347167969e+00
2.207125425338745117e-01
1.370604336261749268e-01
2.199058420956134796e-03
0.000000000000000000e+00
9.533008188009262085e-02
2.219430953264236450e-01
4.040046930313110352e-01
3.251586258411407471e-01
1.604651845991611481e-02
9.318279623985290527e-01
1.919637434184551239e-02
1.215011999011039734e-01
1.486514210700988770e-01
1.758645534515380859e+00
2.767357528209686279e-01
0.000000000000000000e+00
3.327208280563354492e+00
5.217498634010553360e-03
7.412490248680114746e-02
2.347909808158874512e-01
3.315764367580413818e-01
2.508167326450347900e-01
5.091130137443542480e-01
9.066283702850341797e-02
6.326854228973388672e-02
2.883943729102611542e-02
1.199761271476745605e+00
1.024862006306648254e-01
5.040351152420043945e-01
1.379985921084880829e-02
1.530645936727523804e-01
1.168740540742874146e-01
0.000000000000000000e+00
4.332759603857994080e-02
1.385793089866638184e-01
2.374387979507446289e+00
1.471110135316848755e-01
6.051255855709314346e-03
4.490835666656494141e-01
7.426739335060119629e-01
0.000000000000000000e+00
3.715749382972717285e-01
3.484819829463958740e-02
3.147447407245635986e-01
1.790397018194198608e-01
2.707968950271606445e-01
4.001896083354949951e-01
1.217443466186523438e+00
1.756563931703567505e-01
9.444804862141609192e-03
1.371432393789291382e-01
5.584950000047683716e-02
3.745795786380767822e-01
5.616560578346252441e-01
2.096326788887381554e-03
3.496829569339752197e-01
1.776659488677978516e+00
7.332227826118469238e-01
3.042464377358555794e-03
2.598485909402370453e-02
8.675388246774673462e-02
3.271972835063934326e-01
3.805261135101318359e+00
6.604558229446411133e-02
7.927065491676330566e-01
1.404450237751007080e-01
4.663471877574920654e-02
4.882556796073913574e-01
7.733079791069030762e-01
9.855445623397827148e-01
1.959134340286254883e-01
0.000000000000000000e+00
1.460982680320739746e+00
1.600573062896728516e-01
1.174740493297576904e-01
0.000000000000000000e+00
4.631188809871673584e-01
7.636314630508422852e-02
4.827405884861946106e-02
5.267704129219055176e-01
5.772963911294937134e-02
8.925120830535888672e-01
1.130574941635131836e+00
2.458590120077133179e-01
8.367737531661987305e-01
6.422681361436843872e-02
7.536040991544723511e-02
1.490831524133682251e-01
5.957244336605072021e-02
7.514131814241409302e-02
1.389319896697998047e-01
1.887180954217910767e-01
5.491754412651062012e-01
2.525993250310420990e-02
4.075713753700256348e-01
2.115342617034912109e-01
3.742231130599975586e-01
1.170479357242584229e-01
1.265594065189361572e-01
8.773165196180343628e-02
2.233097702264785767e-01
1.606421470642089844e+00
8.148481696844100952e-02
1.829289913177490234e+00
3.105736970901489258e-01
1.606887221336364746e+00
3.664111793041229248e-01
2.829256057739257812e-01
4.772484675049781799e-02
6.836012005805969238e-01
9.317677617073059082e-01
8.849680423736572266e-03
2.465989887714385986e-01
1.341895222663879395e+00
4.934797435998916626e-02
2.705923980101943016e-03
7.798298597335815430e-01
2.139085978269577026e-01
3.462698683142662048e-02
1.217862777411937714e-02
0.000000000000000000e+00
1.295108646154403687e-01
5.039126053452491760e-02
6.289262771606445312e-01
2.465953379869461060e-01
1.653177022933959961e+00
8.276702761650085449e-01
7.553175091743469238e-01
6.886390447616577148e-01
3.807613626122474670e-02
2.128308713436126709e-01
2.795684933662414551e-01
3.956195712089538574e-01
8.888590335845947266e-01
9.116042405366897583e-02
9.752105176448822021e-02
9.067706465721130371e-01
5.931729674339294434e-01
0.000000000000000000e+00
9.116207808256149292e-02
3.264425098896026611e-01
1.464076876640319824e+00
3.001566231250762939e-02
0.000000000000000000e+00
1.986700743436813354e-01
9.276667237281799316e-02
1.939393281936645508e-01
3.145979717373847961e-03
4.433934688568115234e-01
1.309145838022232056e-01
5.330790877342224121e-01
1.384282112121582031e+00
1.367346942424774170e-01
3.173305094242095947e-01
1.356402635574340820e-01
9.609001278877258301e-01
1.485663652420043945e-01
8.264134079217910767e-02
8.699359297752380371e-01
4.674369469285011292e-02
1.464853048324584961e+00
1.208364009857177734e+00
0.000000000000000000e+00
3.557292371988296509e-02
5.819215774536132812e-01
6.389712691307067871e-01
5.328207090497016907e-02
1.674686223268508911e-01
1.306414753198623657e-01
2.803353667259216309e-01
5.789133906364440918e-01
9.745409339666366577e-02
1.154182702302932739e-01
0.000000000000000000e+00
4.890318810939788818e-01
4.478429555892944336e-01
7.923701405525207520e-01
7.701867818832397461e-02
1.114404439926147461e+00
3.092459738254547119e-01
3.753083646297454834e-01
0.000000000000000000e+00
8.104173541069030762e-01
1.455560326576232910e-01
8.019841313362121582e-01
4.519436974078416824e-03
8.460782468318939209e-02
4.886081814765930176e-02
1.012580618262290955e-01
8.411702156066894531e+00
6.283077597618103027e-02
6.684407591819763184e-02
1.498369500041007996e-02
6.676819175481796265e-02
9.470026493072509766e-01
3.126563131809234619e-01
7.233774065971374512e-01
2.015417069196701050e-01
3.932432532310485840e-01
5.774972438812255859e-01
9.937840104103088379e-01
1.140745520591735840e+00
8.399337530136108398e-01
7.996600121259689331e-02
7.013574838638305664e-01
5.847124755382537842e-02
6.459661722183227539e-01
1.677779704332351685e-01
1.741994380950927734e+00
0.000000000000000000e+00
1.049985922873020172e-02
4.923603497445583344e-03
6.711334735155105591e-02
2.809779047966003418e-01
3.215173631906509399e-02
1.561460852622985840e+00
1.313642114400863647e-01
1.520501673221588135e-01
6.071301102638244629e-01
9.069226384162902832e-01
2.102588176727294922e+00
1.662656664848327637e-02
3.276707828044891357e-01
2.205647081136703491e-01
2.209204673767089844e+00
4.126764535903930664e-01
1.445365071296691895e+00
4.601979255676269531e-01
0.000000000000000000e+00
2.059655666351318359e+00
1.217681765556335449e+00
1.626275181770324707e-01
7.465641498565673828e-01
1.007094308733940125e-01
1.243250146508216858e-01
3.732939064502716064e-01
6.622650623321533203e-01
2.478596419095993042e-01
3.303048312664031982e-01
9.647163152694702148e-01
2.386803925037384033e-01
8.642665147781372070e-01
2.229449599981307983e-01
6.701533682644367218e-03
1.063159346580505371e+00
7.975213229656219482e-03
1.943897008895874023e-01
2.041584253311157227e+00
1.359897945076227188e-02
1.760879516601562500e+00
2.098442167043685913e-01
1.281562149524688721e-01
6.825183033943176270e-01
1.026728525757789612e-01
1.202341988682746887e-01
8.517404794692993164e-01
8.569374680519104004e-01
1.367485672235488892e-01
1.618423312902450562e-02
2.830441892147064209e-01
2.314492017030715942e-01
4.723913222551345825e-02
3.544322028756141663e-02
2.238175630569458008e+00
0.000000000000000000e+00
2.374736785888671875e+00
6.685006022453308105e-01
3.797369897365570068e-01
9.557616896927356720e-03
2.228448390960693359e-01
2.883099317550659180e-01
2.007832676172256470e-01
8.240010142326354980e-01
1.833133459091186523e+00
2.352948486804962158e-01
5.608013644814491272e-02
2.847460210323333740e-01
1.165260672569274902e+00
1.700451850891113281e+00
1.444929838180541992e-01
0.000000000000000000e+00
1.377986520528793335e-01
1.660598874092102051e+00
6.870637834072113037e-02
1.110047684051096439e-03
8.007311224937438965e-01
5.587971806526184082e-01
2.225979045033454895e-02
6.188632249832153320e-01
4.942183196544647217e-01
2.761251926422119141e-01
6.384397506713867188e+00
7.057798504829406738e-01
2.515685856342315674e-01
4.702278599143028259e-02
1.108136847615242004e-01
1.327162235975265503e-02
0.000000000000000000e+00
2.301809787750244141e+00
2.933610975742340088e-02
0.000000000000000000e+00
7.014081347733736038e-03
5.237213373184204102e-01
3.993189632892608643e-01
1.863684535026550293e+00
1.558808959089219570e-03
1.434995174407958984e+00
5.116505622863769531e-01
2.856580317020416260e-01
4.281175136566162109e-01
7.001831531524658203e-01
3.142341136932373047e+00
5.868901964277029037e-03
1.347645223140716553e-01
2.907947897911071777e-01
9.146995842456817627e-02
3.280606269836425781e-01
2.541185855865478516e+00
3.928126767277717590e-02
2.581882953643798828e+00
1.399102807044982910e-01
2.579614818096160889e-01
1.518871486186981201e-01
5.084081888198852539e-01
4.920789897441864014e-01
1.047307372093200684e+00
1.819310426712036133e+00
4.631746187806129456e-02
1.586920320987701416e-01
2.412723064422607422e+00
2.610706724226474762e-02
4.992314875125885010e-01
0.000000000000000000e+00
6.543765664100646973e-01
1.382186859846115112e-01
3.454324007034301758e-01
4.474739432334899902e-01
3.287005126476287842e-01
0.000000000000000000e+00
4.383341073989868164e-01
1.907640099525451660e+00
2.140112519264221191e-01
2.504454553127288818e-02
9.079077094793319702e-02
0.000000000000000000e+00
0.000000000000000000e+00
1.032355070114135742e+00
3.179293125867843628e-02
2.464217692613601685e-01
1.021897792816162109e+00
1.329599618911743164e+00
0.000000000000000000e+00
7.706591486930847168e-01
3.797703087329864502e-01
1.235504031181335449e+00
1.003202889114618301e-02
4.486061930656433105e-01
1.353842258453369141e+00
0.000000000000000000e+00
8.762149512767791748e-02
0.000000000000000000e+00
5.783540010452270508e-01
8.785709738731384277e-03
2.191539108753204346e-01
1.926144480705261230e+00
1.382658481597900391e-01
2.867722511291503906e-01
2.801277935504913330e-01
1.252081155776977539e+00
1.774207688868045807e-02
1.342791467905044556e-01
7.514973878860473633e-01
3.063314966857433319e-02
3.809385001659393311e-01
9.603892266750335693e-02
1.066821932792663574e+00
1.178621724247932434e-01
1.878486573696136475e-01
0.000000000000000000e+00
4.118656218051910400e-01
8.926015347242355347e-02
4.201061427593231201e-01
1.063504099845886230e+00
2.432146668434143066e-01
4.203131794929504395e-01
4.721389338374137878e-02
5.268504023551940918e-01
0.000000000000000000e+00
3.975476697087287903e-02
1.555901318788528442e-01
1.712599843740463257e-01
2.886136770248413086e-01
8.675361871719360352e-01
1.267485141754150391e+00
7.567367553710937500e-01
1.307522058486938477e-01
1.634141951799392700e-01
3.553966283798217773e+00
6.950436234474182129e-01
6.069350838661193848e-01
9.877243638038635254e-01
9.399127960205078125e-02
3.964897394180297852e-01
1.268263220787048340e+00
4.527370631694793701e-01
0.000000000000000000e+00
4.652237296104431152e-01
5.267689228057861328e-01
1.106346249580383301e+00
6.736710071563720703e-01
1.201093569397926331e-01
5.064867809414863586e-02
2.032682895660400391e-01
6.381894946098327637e-01
0.000000000000000000e+00
1.451368257403373718e-02
1.706795841455459595e-01
0.000000000000000000e+00
1.984897375106811523e+00
3.337745964527130127e-01
3.334615230560302734e-01
5.299316644668579102e-01
8.298172056674957275e-02
6.333200335502624512e-01
2.885973155498504639e-01
3.058110475540161133e-01
1.206874847412109375e+00
5.817332118749618530e-02
7.119228839874267578e-01
1.899215131998062134e-01
0.000000000000000000e+00
1.018333196640014648e+00
1.959271430969238281e+00
5.370957404375076294e-02
2.282024621963500977e-01
1.892154097557067871e+00
2.120134115219116211e+00
2.309885174036026001e-01
2.088552951812744141e+00
2.053614854812622070e-01
1.595829874277114868e-01
5.566011667251586914e-01
5.464928746223449707e-01
8.181407451629638672e-01
6.429265737533569336e-01
1.236765459179878235e-01
3.333699405193328857e-01
5.601162910461425781e-01
2.963723540306091309e-01
1.515635550022125244e-01
6.064233928918838501e-02
1.189006865024566650e-01
5.371510237455368042e-02
3.033805370330810547e+00
2.729819536209106445e+00
3.298429846763610840e-01
1.819103598594665527e+00
1.794073581695556641e-01
1.222718358039855957e-01
3.869422972202301025e-01
3.864480257034301758e-01
3.128766119480133057e-01
8.836892843246459961e-01
7.525420784950256348e-01
3.605851829051971436e-01
1.037226915359497070e+00
5.182563513517379761e-02
2.103868722915649414e-01
1.082814857363700867e-01
2.304898053407669067e-01
1.243002533912658691e+00
1.883406378328800201e-02
2.707479000091552734e-01
6.072421073913574219e-01
5.357728004455566406e-01
0.000000000000000000e+00
1.161537468433380127e-01
2.913776636123657227e-01
2.606858909130096436e-01
1.493738293647766113e-01
9.965634942054748535e-01
2.213599085807800293e-01
2.173782289028167725e-01
1.015101373195648193e-01
7.963771224021911621e-01
1.169195398688316345e-01
6.862573325634002686e-02
7.953221201896667480e-01
8.238769369199872017e-04
6.607344001531600952e-02
3.387678042054176331e-02
5.807770490646362305e-01
3.896232247352600098e-01
7.462428766302764416e-04
1.198606967926025391e+00
5.010233521461486816e-01
1.645607054233551025e-01
1.105373740196228027e+00
4.619849026203155518e-01
2.374100238084793091e-01
1.147694587707519531e-01
2.623879164457321167e-02
6.490743160247802734e-01
1.606869846582412720e-01
4.279255867004394531e-01
8.174981921911239624e-02
0.000000000000000000e+00
6.101390123367309570e-01
1.275212883949279785e+00
1.768832327798008919e-03
5.990242585539817810e-03
8.880843222141265869e-02
2.101812362670898438e+00
9.811985492706298828e-02
1.892619952559471130e-02
4.158689081668853760e-01
0.000000000000000000e+00
5.575687438249588013e-02
4.322983622550964355e-01
3.574916720390319824e-02
5.634236335754394531e-01
2.627057395875453949e-02
9.658800065517425537e-02
8.695027977228164673e-02
7.060403376817703247e-02
4.192235171794891357e-01
2.329248636960983276e-01
1.442815065383911133e+00
2.372737228870391846e-01
6.167976260185241699e-01
1.597576975822448730e+00
2.861370891332626343e-02
2.213302701711654663e-01
1.261517498642206192e-02
0.000000000000000000e+00
3.441120982170104980e-01
1.187504529953002930e+00
1.255728006362915039e-01
0.000000000000000000e+00
0.000000000000000000e+00
1.159236192703247070e+00
6.762070655822753906e-01
2.966368198394775391e-01
4.459275603294372559e-01
1.757837414741516113e+00
9.248057603836059570e-01
7.014856338500976562e-01
1.198927015066146851e-01
1.366357952356338501e-01
5.063611268997192383e-02
6.121532917022705078e-01
3.308875560760498047e-01
2.348678588867187500e+00
1.926157116889953613e+00
4.202141761779785156e-01
7.708414793014526367e-01
5.372597277164459229e-02
4.791745916008949280e-02
8.234550952911376953e-01
1.635156720876693726e-01
1.202311441302299500e-01
7.228971123695373535e-01
3.513120412826538086e-01
2.367175579071044922e+00
0.000000000000000000e+00
2.367138303816318512e-02
1.118584647774696350e-01
5.168812274932861328e-01
1.152074337005615234e+00
5.212590098381042480e-01
9.896152019500732422e-01
2.184512615203857422e-01
2.761805057525634766e+00
4.203958436846733093e-02
5.409294366836547852e-02
4.607254266738891602e-01
3.326014280319213867e-01
7.718141674995422363e-01
9.422866106033325195e-01
7.603035774081945419e-03
8.604052066802978516e-01
2.067511081695556641e-01
6.287663578987121582e-01
4.504730701446533203e-01
5.339343547821044922e-01
5.425725579261779785e-01
2.128576934337615967e-01
0.000000000000000000e+00
0.000000000000000000e+00
3.843586146831512451e-01
1.861552000045776367e-01
2.472726441919803619e-02
6.378250718116760254e-01
1.245993137359619141e+00
7.234719395637512207e-02
9.854937344789505005e-02
1.528242468833923340e+00
1.960111968219280243e-02
1.058667540550231934e+00
1.186446785926818848e+00
2.059994190931320190e-01
6.806915760040283203e+00
1.751509785652160645e+00
4.962030798196792603e-03
9.616775810718536377e-02
8.828170299530029297e-01
1.609339267015457153e-01
3.064556121826171875e-01
3.345214203000068665e-02
2.432060986757278442e-01
4.444532692432403564e-01
8.666358590126037598e-01
5.774108320474624634e-02
2.852280139923095703e-01
6.475022435188293457e-02
2.224465757608413696e-01
8.244694471359252930e-01
2.693946361541748047e-01
1.339922547340393066e+00
1.577168852090835571e-01
1.822493821382522583e-01
7.904168218374252319e-02
9.895887225866317749e-02
2.131726741790771484e+00
8.447715081274509430e-03
1.046032160520553589e-01
2.854368090629577637e-01
1.194760560989379883e+00
1.075084805488586426e-01
3.866395272780209780e-04
1.473072648048400879e+00
9.188101626932621002e-03
2.148638814687728882e-01
4.315967857837677002e-01
1.321070432662963867e+00
7.753987908363342285e-01
4.203382730484008789e-01
0.000000000000000000e+00
2.073501795530319214e-01
1.068727731704711914e+00
5.773484110832214355e-01
1.809284090995788574e-01
1.830581188201904297e+00
8.944711685180664062e-01
1.582875102758407593e-01
2.634769082069396973e-01
2.097927778959274292e-01
2.200362980365753174e-01
0.000000000000000000e+00
8.304680585861206055e-01
2.776903510093688965e-01
5.203388282097876072e-04
1.726572513580322266e-01
8.511942625045776367e-02
0.000000000000000000e+00
2.414299407973885536e-03
1.423243284225463867e+00
7.986630797386169434e-01
2.967562079429626465e-01
1.312609314918518066e+00
1.337211392819881439e-02
1.319078087806701660e+00
0.000000000000000000e+00
5.786934375762939453e+00
0.000000000000000000e+00
4.286843910813331604e-02
3.413098454475402832e-01
7.797580212354660034e-02
1.716761663556098938e-02
2.107582539319992065e-01
2.510387264192104340e-02
2.245748639106750488e-01
0.000000000000000000e+00
0.000000000000000000e+00
4.988689422607421875e-01
1.962692439556121826e-01
8.626098036766052246e-01
2.928267605602741241e-02
4.657265841960906982e-01
8.126047849655151367e-01
8.209001421928405762e-01
3.500181734561920166e-01
6.095347404479980469e-01
3.204772174358367920e-01
2.933034420013427734e+00
5.882086977362632751e-02
1.259429097175598145e+00
2.329417737200856209e-03
2.062861770391464233e-01
2.795514762401580811e-01
1.048760175704956055e+00
1.073098421096801758e+00
9.249740839004516602e-01
9.555674791336059570e-01
2.196326106786727905e-02
1.827652007341384888e-01
1.786023676395416260e-01
3.177368640899658203e-01
1.074890047311782837e-01
1.577629685401916504e+00
2.041031360626220703e+00
3.188819169998168945e+00
5.045774206519126892e-02
1.094125211238861084e-02
5.566627979278564453e-01
2.254289090633392334e-01
9.003024548292160034e-02
1.022003054618835449e+00
1.825354248285293579e-01
2.070108503103256226e-01
0.000000000000000000e+00
7.866383343935012817e-02
1.129554212093353271e-01
1.632455587387084961e-01
3.605617284774780273e-01
1.264544129371643066e-01
5.980110168457031250e-01
5.447673797607421875e-02
6.587994843721389771e-02
6.515932083129882812e-01
6.517511606216430664e-01
0.000000000000000000e+00
7.639912366867065430e-01
3.163213375955820084e-03
9.007624536752700806e-02
1.067675533704459667e-03
1.928684264421463013e-01
3.634414449334144592e-02
2.248056888580322266e+00
1.734760850667953491e-01
1.773397326469421387e-01
0.000000000000000000e+00
5.067184567451477051e-01
1.741570085287094116e-01
6.548578739166259766e-01
9.529594779014587402e-01
5.105696916580200195e-01
5.212341621518135071e-02
2.269412875175476074e-01
2.399422600865364075e-02
2.750692516565322876e-02
1.965208798646926880e-01
7.622506022453308105e-01
3.950903564691543579e-02
0.000000000000000000e+00
4.612497687339782715e-01
2.250354550778865814e-02
8.178442120552062988e-01
1.763515025377273560e-01
9.150729775428771973e-01
2.066773623228073120e-01
2.332936413586139679e-02
3.779435753822326660e-01
1.434024870395660400e-01
1.336986303329467773e+00
2.514092326164245605e-01
4.020337164402008057e-01
1.728576123714447021e-01
6.208884064108133316e-03
5.319715023040771484e+00
2.607066035270690918e-01
2.215949892997741699e-01
1.653880476951599121e+00
3.518790304660797119e-01
5.552367568016052246e-01
3.105751872062683105e-01
4.043292701244354248e-01
4.004597067832946777e-01
9.312707185745239258e-02
5.356961861252784729e-02
4.271053671836853027e-01
3.376563191413879395e-01
2.414290606975555420e-02
0.000000000000000000e+00
2.413251996040344238e-01
2.688063681125640869e-01
2.336571924388408661e-02
3.538418114185333252e-01
5.517937541007995605e-01
2.209448963403701782e-01
7.901970744132995605e-01
4.090121015906333923e-02
4.191782791167497635e-03
5.813005194067955017e-02
2.258415222167968750e+00
4.141696989536285400e-01
1.387759923934936523e+00
0.000000000000000000e+00
6.573649644851684570e-01
1.265139132738113403e-01
6.576467156410217285e-01
4.155017435550689697e-02
2.195411622524261475e-01
2.306528091430664062e+00
9.840161800384521484e-01
0.000000000000000000e+00
1.440303176641464233e-01
0.000000000000000000e+00
1.993834614753723145e+00
0.000000000000000000e+00
2.032591402530670166e-01
4.767009913921356201e-01
4.700944200158119202e-02
1.015432253479957581e-01
7.751972675323486328e-01
1.022293210029602051e+00
1.735747009515762329e-01
8.061219006776809692e-02
2.569048166275024414e+00
6.834297180175781250e-01
0.000000000000000000e+00
3.212248682975769043e-01
9.462519884109497070e-01
3.824843168258666992e-01
3.104542754590511322e-02
8.070905208587646484e-01
3.687989115715026855e-01
9.482983350753784180e-01
4.157710075378417969e-01
1.452126353979110718e-01
5.445576310157775879e-01
8.996734023094177246e-02
2.417435646057128906e+00
4.142100214958190918e-01
5.731372237205505371e-01
5.307294055819511414e-02
1.076116681098937988e+00
1.388526856899261475e-01
1.609094738960266113e-01
0.000000000000000000e+00
0.000000000000000000e+00
4.855596646666526794e-02
7.181161642074584961e-02
4.281780496239662170e-02
0.000000000000000000e+00
7.847501635551452637e-01
3.380531817674636841e-02
1.420623302459716797e+00
1.863133162260055542e-01
3.018799543380737305e+00
5.760242938995361328e-01
1.569169461727142334e-01
1.493523120880126953e+00
3.418209254741668701e-01
5.289537906646728516e-01
1.331477284431457520e+00
2.256989479064941406e-02
6.922477483749389648e-01
1.298190951347351074e-01
1.681688055396080017e-02
1.178226470947265625e+00
5.222567915916442871e-01
9.125760197639465332e-02
4.264293313026428223e-01
2.211966365575790405e-01
1.227373123168945312e+00
4.163946956396102905e-02
1.583885103464126587e-01
0.000000000000000000e+00
8.947969973087310791e-02
0.000000000000000000e+00
4.133129119873046875e-02
5.301463007926940918e-01
1.266744613647460938e+00
2.432778775691986084e-01
2.366238087415695190e-01
3.251288175582885742e+00
6.729103326797485352e-01
3.409202814102172852e+00
1.011180281639099121e+00
1.632706075906753540e-02
1.639363616704940796e-01
2.988515138626098633e+00
7.723072767257690430e-01
2.798382639884948730e-01
1.295880135148763657e-02
4.504167288541793823e-02
0.000000000000000000e+00
1.349609196186065674e-01
4.609152078628540039e-01
0.000000000000000000e+00
9.000024944543838501e-02
1.081609010696411133e+00
1.820416375994682312e-02
3.763534426689147949e-01
6.283628940582275391e-01
2.885139882564544678e-01
2.174731254577636719e+00
2.285182327032089233e-01
3.435901701450347900e-01
4.045672416687011719e-01
3.158602118492126465e-02
9.196963906288146973e-01
1.065922379493713379e+00
2.358199834823608398e+00
3.499975055456161499e-02
1.927616596221923828e-01
0.000000000000000000e+00
1.840262860059738159e-01
2.439962327480316162e-01
0.000000000000000000e+00
4.667842760682106018e-02
3.446044027805328369e-01
2.038580477237701416e-01
2.673572897911071777e-01
1.425830721855163574e-01
1.139277815818786621e+00
7.429587841033935547e-02
1.363492369651794434e+00
2.159367781132459641e-03
3.642647713422775269e-02
3.582600653171539307e-01
8.003549575805664062e-01
2.892688274383544922e+00
3.273275867104530334e-02
1.847529560327529907e-01
1.712602525949478149e-01
3.203657567501068115e-01
4.221828281879425049e-01
5.308476686477661133e-01
7.056268453598022461e-01
4.975005984306335449e-01
3.217419087886810303e-01
0.000000000000000000e+00
1.266517043113708496e-01
7.317728549242019653e-02
1.415774524211883545e-01
0.000000000000000000e+00
2.807883024215698242e+00
0.000000000000000000e+00
4.538572728633880615e-01
1.383435726165771484e-01
9.030786156654357910e-02
3.928838968276977539e-01
4.789561033248901367e-01
1.225880980491638184e+00
1.893508285284042358e-01
1.891167461872100830e-01
1.020396947860717773e+00
1.180279612541198730e+00
1.273979395627975464e-01
7.247532606124877930e-01
4.988888800144195557e-01
4.631575047969818115e-01
3.997719287872314453e-01
3.914196491241455078e-01
2.461082935333251953e-01
8.605380058288574219e-01
4.230834543704986572e-01
0.000000000000000000e+00
4.751810729503631592e-01
2.206467241048812866e-01
1.153954386711120605e+00
9.481094777584075928e-03
2.789865732192993164e-01
5.834088847041130066e-02
9.176478385925292969e-01
2.659733295440673828e-01
1.205068469047546387e+00
9.135985374450683594e-01
1.183110237121582031e+00
4.190450906753540039e-02
2.027429454028606415e-02
4.759372472763061523e-01
1.541488170623779297e-01
5.619599223136901855e-01
3.719040425494313240e-03
2.922100424766540527e-01
4.113988578319549561e-01
1.777737289667129517e-01
1.277881741523742676e+00
7.768175005912780762e-01
9.296783246099948883e-03
5.625928044319152832e-01
2.959875464439392090e-01
1.587279140949249268e-01
7.323411703109741211e-01
1.207353353500366211e+00
3.921871483325958252e-01
1.471203472465276718e-02
7.421060651540756226e-02
0.000000000000000000e+00
7.512927651405334473e-01
0.000000000000000000e+00
1.768455654382705688e-01
1.585604101419448853e-01
1.004049539566040039e+00
1.387363672256469727e-01
3.216190263628959656e-02
3.219079077243804932e-01
0.000000000000000000e+00
5.931997299194335938e-01
1.945169083774089813e-02
5.135140419006347656e-01
4.321213662624359131e-01
4.239203035831451416e-02
5.463123917579650879e-01
5.658628940582275391e-01
1.385474056005477905e-01
5.738520622253417969e-02
5.373135209083557129e-01
3.488076627254486084e-01
1.776686497032642365e-02
0.000000000000000000e+00
1.649802565574645996e+00
2.521917782723903656e-02
4.279909189790487289e-03
8.299366831779479980e-01
4.652858674526214600e-01
7.736065387725830078e-01
5.193939208984375000e-01
5.458504334092140198e-02
4.510605931282043457e-01
1.403497457504272461e+00
5.999470949172973633e-01
5.368435382843017578e-01
1.650060564279556274e-01
7.553993165493011475e-02
3.147565526887774467e-03
7.873721420764923096e-02
0.000000000000000000e+00
2.401604503393173218e-01
2.895172219723463058e-03
1.669949106872081757e-02
5.891135931015014648e-01
1.172230124473571777e+00
1.397603034973144531e+00
7.848670333623886108e-02
1.028212547302246094e+00
2.978475093841552734e-01
9.605949521064758301e-01
4.405707120895385742e-02
1.435872316360473633e+00
5.242884531617164612e-02
4.496701955795288086e-01
1.154982894659042358e-01
6.350274197757244110e-03
1.198272183537483215e-01
4.080369770526885986e-01
4.020991176366806030e-02
6.341319531202316284e-02
2.349275648593902588e-01
6.159162521362304688e-01
2.531867660582065582e-02
1.285452365875244141e+00
2.261779904365539551e-01
8.998934924602508545e-02
6.375641822814941406e-01
5.938555598258972168e-01
4.575649201869964600e-01
1.388657465577125549e-02
3.558751106262207031e+00
4.181990325450897217e-01
1.118842139840126038e-01
3.700467050075531006e-01
1.936561107635498047e+00
4.240403696894645691e-02
1.037466764450073242e+00
8.009219765663146973e-01
2.739965915679931641e-01
2.916593477129936218e-02
8.264463394880294800e-03
7.520233392715454102e-01
2.228038161993026733e-01
6.839457750320434570e-01
4.281179979443550110e-03
7.366816699504852295e-02
3.726430535316467285e-01
4.935964345932006836e-01
2.585614204406738281e+00
1.137241721153259277e-01
2.685160338878631592e-01
3.968746662139892578e-01
2.244471460580825806e-01
5.949084758758544922e-01
6.953705549240112305e-01
3.404872715473175049e-01
1.496033072471618652e+00
5.084770321846008301e-01
4.065480828285217285e-01
9.125140309333801270e-02
6.759648919105529785e-01
8.876255750656127930e-01
2.162785828113555908e-01
3.372721672058105469e-01
1.036612913012504578e-01
9.329457283020019531e-01
0.000000000000000000e+00
1.160910010337829590e+00
4.668962657451629639e-01
7.491102218627929688e-01
1.832170337438583374e-01
8.279115557670593262e-01
4.266141355037689209e-01
1.819059401750564575e-01
1.004690229892730713e-01
2.537480890750885010e-01
7.056310027837753296e-02
6.914286613464355469e-01
2.458228468894958496e-01
0.000000000000000000e+00
5.543520450592041016e-01
1.262809038162231445e-01
2.801659405231475830e-01
9.785472154617309570e-01
4.355315864086151123e-01
9.624537825584411621e-02
9.129369854927062988e-01
7.040774822235107422e-02
4.439515769481658936e-01
1.419616580009460449e+00
1.654893159866333008e-02
9.382095336914062500e-01
7.953073829412460327e-02
3.463555276393890381e-01
4.750549495220184326e-01
2.836156487464904785e-01
2.231024354696273804e-01
1.680790074169635773e-02
5.457456111907958984e-01
7.269468903541564941e-02
3.207994159311056137e-03
9.403384476900100708e-02
1.838099956512451172e-01
2.330520749092102051e-01
6.494014058262109756e-03
1.351352930068969727e-01
3.157720863819122314e-01
8.047592826187610626e-03
1.041056513786315918e+00
1.156707108020782471e-01
1.931535750627517700e-01
1.360275000333786011e-01
1.080609798431396484e+00
1.866746842861175537e-01
3.336259126663208008e+00
8.857295513153076172e-01
1.322632193565368652e+00
1.035439848899841309e+00
8.602727055549621582e-01
7.282160222530364990e-03
1.800581693649291992e+00
1.608342491090297699e-02
1.799929887056350708e-02
8.420931696891784668e-01
8.139437437057495117e-02
2.287266962230205536e-02
3.973575532436370850e-01
1.297113150358200073e-01
3.273473083972930908e-01
1.826266050338745117e-01
4.732838869094848633e-01
6.143094897270202637e-01
1.878044247627258301e+00
9.394689798355102539e-01
7.832639217376708984e-01
1.008405089378356934e+00
3.084278851747512817e-02
1.320891141891479492e+00
2.353822588920593262e-01
1.134401559829711914e-01
1.221993789076805115e-01
1.013687610626220703e+00
2.272574901580810547e-01
6.492938399314880371e-01
1.805761903524398804e-01
4.439927577972412109e+00
7.507947087287902832e-01
1.417281688190996647e-03
6.728208065032958984e-01
1.208631515502929688e+00
2.218307703733444214e-01
2.147599458694458008e+00
0.000000000000000000e+00
3.147063851356506348e-01
1.156958006322383881e-02
3.210290372371673584e-01
1.251917004585266113e+00
1.427002102136611938e-01
1.384451270103454590e+00
2.416399478912353516e+00
1.494903683662414551e+00
5.379194021224975586e-01
0.000000000000000000e+00
8.465414047241210938e-01
6.136994436383247375e-02
4.347049593925476074e-01
4.255258664488792419e-02
1.905338168144226074e-01
3.555708751082420349e-02
8.971571177244186401e-02
1.380662202835083008e+00
3.957441821694374084e-02
9.859970770776271820e-03
3.794903755187988281e-01
2.230230346322059631e-02
6.139269471168518066e-02
4.560383036732673645e-02
1.672783970832824707e+00
1.778049021959304810e-01
1.035322546958923340e+00
4.582455754280090332e-02
1.861760854721069336e+00
5.103138685226440430e-01
3.171326518058776855e-01
0.000000000000000000e+00
3.285999000072479248e-01
1.191114708781242371e-01
3.538108468055725098e-01
3.583773672580718994e-01
2.085032314062118530e-02
6.513758003711700439e-02
1.195066422224044800e-01
3.740478754043579102e+00
1.498578786849975586e-01
2.993139624595642090e-01
8.708699345588684082e-01
1.534219533205032349e-01
1.592613697052001953e+00
7.377265095710754395e-01
0.000000000000000000e+00
9.423692822456359863e-01
2.738546133041381836e-01
8.226273208856582642e-02
0.000000000000000000e+00
0.000000000000000000e+00
1.081257462501525879e+00
2.716541886329650879e-01
2.467295527458190918e-01
4.016804695129394531e+00
7.853898406028747559e-02
9.300510883331298828e-01
2.348581075668334961e+00
4.335731565952301025e-01
2.613448202610015869e-01
9.911435246467590332e-01
1.203625440597534180e+00
2.864168882369995117e-01
5.125681757926940918e-01
1.239815540611743927e-02
5.817183852195739746e-01
0.000000000000000000e+00
1.093637868762016296e-01
7.743982076644897461e-01
9.701003879308700562e-02
4.351383075118064880e-03
2.346407063305377960e-02
1.511799454689025879e+00
2.149960994720458984e+00
1.190744638442993164e+00
1.660849750041961670e-01
8.808309435844421387e-01
6.072361469268798828e-01
1.147836595773696899e-01
1.096455305814743042e-01
8.249537348747253418e-01
4.811399877071380615e-01
3.991729617118835449e-01
1.127287000417709351e-01
3.414147719740867615e-02
2.048427760601043701e-01
6.742426753044128418e-01
4.316251277923583984e-01
1.583023667335510254e+00
7.687021046876907349e-02
2.008596435189247131e-02
2.207540906965732574e-02
6.635475754737854004e-01
2.205180935561656952e-03
4.967150092124938965e-01
1.513331174850463867e+00
2.065761387348175049e-02
7.531076669692993164e-03
7.077786326408386230e-01
2.774823307991027832e-01
3.478139638900756836e-01
7.929500192403793335e-02
2.935924530029296875e-01
1.142397969961166382e-01
1.129311084747314453e+00
2.603808045387268066e-01
8.825013041496276855e-02
1.838025450706481934e-02
0.000000000000000000e+00
8.266579508781433105e-01
5.759567022323608398e-01
1.746692345477640629e-03
1.415182948112487793e+00
9.750293567776679993e-03
1.553910970687866211e-01
7.043591737747192383e-01
1.974592953920364380e-01
8.848811388015747070e-01
3.867654502391815186e-01
1.125763416290283203e+00
5.215956270694732666e-02
2.807492911815643311e-01
1.724705576896667480e+00
2.397620864212512970e-02
1.328487843275070190e-01
6.087576150894165039e-01
1.589554667472839355e+00
4.904472827911376953e-01
1.009268537163734436e-01
2.500076591968536377e-01
6.049313545227050781e-01
1.867998540401458740e-01
7.635048031806945801e-01
9.379109367728233337e-03
3.151515722274780273e-01
1.450784683227539062e+00
4.194291234016418457e-01
1.965080946683883667e-01
6.716962456703186035e-01
1.221850141882896423e-01
1.582161039113998413e-01
1.064899787306785583e-01
1.497029542922973633e+00
9.383118711411952972e-03
1.332950472831726074e+00
1.687233567237854004e+00
8.170776367187500000e-01
1.376063346862792969e+00
3.084810972213745117e-01
6.467095613479614258e-01
4.312030971050262451e-01
6.910419464111328125e-02
3.854089260101318359e+00
3.300674855709075928e-01
0.000000000000000000e+00
4.566173255443572998e-02
1.112557500600814819e-01
7.590591907501220703e-01
4.302089214324951172e-01
2.264054566621780396e-01
3.539207279682159424e-01
5.072553828358650208e-02
1.098044991493225098e+00
8.784068226814270020e-01
1.790097355842590332e-01
2.005462646484375000e-01
9.500067681074142456e-02
9.004487097263336182e-02
1.757611483335494995e-01
6.717555522918701172e-01
4.269134402275085449e-01
3.584615886211395264e-01
1.152639165520668030e-01
3.370994925498962402e-01
1.014847278594970703e+00
3.024916350841522217e-01
6.000459790229797363e-01
1.824322901666164398e-02
4.264338314533233643e-01
2.613164424896240234e+00
1.466445177793502808e-01
1.732508540153503418e-01
4.817813932895660400e-01
5.191575884819030762e-01
2.842857539653778076e-01
8.307264447212219238e-01
5.768686294555664062e+00
0.000000000000000000e+00
2.648728132247924805e+00
1.052853226661682129e+00
5.170988664031028748e-02
8.905515074729919434e-02
9.508269429206848145e-01
0.000000000000000000e+00
8.299164175987243652e-01
6.518903374671936035e-01
1.360285189002752304e-02
3.443655371665954590e-02
4.212090373039245605e-02
3.071536310017108917e-02
3.472517728805541992e+00
1.425533652305603027e+00
7.426269352436065674e-03
2.019648998975753784e-01
2.355620823800563812e-02
0.000000000000000000e+00
8.592706918716430664e-02
1.373142004013061523e+00
9.309910237789154053e-03
3.218007683753967285e-01
4.940072000026702881e-01
8.088098466396331787e-02
7.869290709495544434e-01
1.042596817016601562e+00
0.000000000000000000e+00
3.474012762308120728e-02
8.777927607297897339e-02
7.871280610561370850e-02
1.861196309328079224e-01
2.806650996208190918e-01
4.264748692512512207e-01
5.931643247604370117e-01
8.114216923713684082e-01
5.072490870952606201e-02
9.043009020388126373e-03
1.500760763883590698e-02
7.635214924812316895e-01
1.116441786289215088e-01
1.516320943832397461e+00
2.469951473176479340e-02
2.868912220001220703e-01
4.197703003883361816e-01
1.370070576667785645e-01
6.088878586888313293e-02
2.572853326797485352e+00
1.601615071296691895e+00
5.392655134201049805e-01
5.612978711724281311e-02
2.230933494865894318e-02
7.020471692085266113e-01
6.093643605709075928e-02
5.630424618721008301e-01
1.122095346450805664e+00
7.795994281768798828e-01
0.000000000000000000e+00
5.338265299797058105e-01
1.064595580101013184e+00
1.303080201148986816e+00
1.207078397274017334e-01
5.740061998367309570e-01
6.523482799530029297e-01
8.172093331813812256e-02
2.079543322324752808e-01
8.667671680450439453e-01
1.253773212432861328e+00
1.954666152596473694e-02
1.147258728742599487e-01
1.284788697957992554e-01
1.579318940639495850e-01
4.343107640743255615e-01
0.000000000000000000e+00
6.291823834180831909e-02
5.829740762710571289e-01
4.366287589073181152e-01
1.875389695167541504e+00
1.764857582747936249e-02
2.159720808267593384e-01
0.000000000000000000e+00
2.924811244010925293e-01
4.934912323951721191e-01
3.498172461986541748e-01
1.408398300409317017e-01
1.564368903636932373e-01
6.246085166931152344e-01
3.218469917774200439e-01
5.701426882296800613e-03
6.910867989063262939e-02
0.000000000000000000e+00
3.898099660873413086e-01
6.649584323167800903e-02
1.492303237318992615e-02
3.378254920244216919e-02
9.847272932529449463e-02
0.000000000000000000e+00
8.790897727012634277e-01
2.073033332824707031e+00
5.081987008452415466e-03
2.424859255552291870e-01
8.846243023872375488e-01
6.010522842407226562e-01
0.000000000000000000e+00
0.000000000000000000e+00
2.837734520435333252e-01
9.220231771469116211e-01
2.610007673501968384e-02
4.644128680229187012e-02
1.495193690061569214e-02
2.095786482095718384e-01
1.736891418695449829e-01
1.949175260961055756e-02
1.219756230711936951e-01
2.423434734344482422e+00
1.921189576387405396e-01
9.682005643844604492e-02
7.022301554679870605e-01
1.747658848762512207e-01
3.660227358341217041e-01
9.545529484748840332e-01
9.399879723787307739e-03
0.000000000000000000e+00
4.682142436504364014e-01
0.000000000000000000e+00
6.694406270980834961e-01
1.384465992450714111e-01
7.007905095815658569e-02
1.569840162992477417e-01
6.268259882926940918e-02
1.442726254463195801e-01
1.687475130893290043e-03
1.737279295921325684e+00
1.014891386032104492e+00
1.288308143615722656e+00
1.278975009918212891e-01
3.662675619125366211e-03
3.633624017238616943e-01
9.481246769428253174e-02
2.474948391318321228e-02
6.734397262334823608e-02
1.031824052333831787e-01
2.690708339214324951e-01
2.201341092586517334e-01
8.702725768089294434e-01
4.140684381127357483e-03
5.780571699142456055e-01
0.000000000000000000e+00
1.087814211845397949e+00
1.202363133430480957e+00
9.397766552865505219e-03
2.428163308650255203e-03
1.324345588684082031e+00
1.983101010322570801e+00
0.000000000000000000e+00
0.000000000000000000e+00
7.062235847115516663e-03
3.949943482875823975e-01
6.368325650691986084e-02
4.940846562385559082e-01
9.220400452613830566e-02
5.026701092720031738e-01
2.566443920135498047e+00
7.797659933567047119e-02
5.004181265830993652e-01
1.984470896422863007e-02
0.000000000000000000e+00
3.463609218597412109e-01
8.908073604106903076e-02
0.000000000000000000e+00
2.329741120338439941e-01
0.000000000000000000e+00
6.243753433227539062e-01
8.193447440862655640e-02
4.242078065872192383e-01
3.288711905479431152e-01
2.053765207529067993e-01
2.260662764310836792e-01
2.366455644369125366e-02
4.942873716354370117e-01
8.317528665065765381e-02
1.814192771911621094e+00
0.000000000000000000e+00
8.293977379798889160e-02
1.109762787818908691e-01
2.281637862324714661e-03
5.727464333176612854e-02
5.205972865223884583e-02
2.950165987014770508e+00
1.488445401191711426e-01
2.607543468475341797e-01
0.000000000000000000e+00
1.129848733544349670e-01
2.652189731597900391e-01
1.088799476623535156e+00
2.333960309624671936e-02
3.408259153366088867e-01
1.147094443440437317e-01
2.185149490833282471e-01
1.894088536500930786e-01
2.594954669475555420e-01
4.333827793598175049e-01
3.072763085365295410e-01
2.988541871309280396e-02
2.291853427886962891e-01
0.000000000000000000e+00
3.208445012569427490e-01
2.811823971569538116e-02
3.047901988029479980e-01
5.967174097895622253e-02
1.009212136268615723e+00
5.260474681854248047e-01
1.938491821289062500e+00
3.017590641975402832e-01
6.651678085327148438e-01
1.312647908926010132e-01
0.000000000000000000e+00
7.605417966842651367e-01
1.640481175854802132e-03
1.693658947944641113e+00
1.359891295433044434e-01
0.000000000000000000e+00
0.000000000000000000e+00
1.930495053529739380e-01
7.626749873161315918e-01
3.525442481040954590e-01
6.566764712333679199e-01
3.695218563079833984e-01
2.352978289127349854e-02
6.319569945335388184e-01
8.286216259002685547e-01
1.996390938758850098e+00
7.753255367279052734e-01
2.876347117125988007e-02
8.583267331123352051e-01
3.844664394855499268e-01
0.000000000000000000e+00
1.623067140579223633e+00
4.562430381774902344e-01
0.000000000000000000e+00
6.911335140466690063e-02
4.815365672111511230e-01
5.190981626510620117e-01
1.253552287817001343e-01
3.767844140529632568e-01
3.033741414546966553e-01
6.561588495969772339e-02
1.201288700103759766e+00
1.072776764631271362e-01
1.659428477287292480e-01
2.796938121318817139e-01
2.271526120603084564e-02
2.018509358167648315e-01
3.632199764251708984e-01
3.372985839843750000e+00
1.110490560531616211e-01
2.369358576834201813e-02
2.285594940185546875e+00
1.136688962578773499e-01
6.338053941726684570e-02
2.843553721904754639e-01
6.968534588813781738e-01
2.576642036437988281e-01
1.140940308570861816e+00
7.195157464593648911e-03
1.268231123685836792e-01
9.050694108009338379e-02
4.267816245555877686e-02
7.348323464393615723e-01
0.000000000000000000e+00
6.884630322456359863e-01
2.130329906940460205e-01
6.237396597862243652e-01
2.835455834865570068e-01
1.570978403091430664e+00
6.671500802040100098e-01
1.094987988471984863e-01
9.593213200569152832e-01
7.180641889572143555e-01
7.403526455163955688e-02
9.370295330882072449e-03
1.028115004301071167e-01
4.706365242600440979e-02
3.732040897011756897e-02
1.393828153610229492e+00
3.748914971947669983e-02
7.363209724426269531e-01
5.580264702439308167e-02
1.554592996835708618e-01
1.295461356639862061e-01
1.640541553497314453e-01
1.795625686645507812e-01
3.831160068511962891e-01
1.181484103202819824e+00
1.535467356443405151e-01
2.855600602924823761e-02
4.684671014547348022e-02
6.311247348785400391e-01
7.620523571968078613e-01
1.106669306755065918e-01
1.587372899055480957e+00
1.139600515365600586e+00
1.267753541469573975e-01
5.550350546836853027e-01
4.316930845379829407e-02
5.753106474876403809e-01
1.604922056198120117e+00
5.458763800561428070e-03
6.040956452488899231e-02
3.584358930587768555e+00
9.642252326011657715e-01
8.366442322731018066e-01
1.610081434249877930e+00
7.033235430717468262e-01
0.000000000000000000e+00
5.433151125907897949e-01
3.002944886684417725e-01
9.103524684906005859e-02
8.781484365463256836e-01
6.573842763900756836e-01
1.604125976562500000e+00
7.974467873573303223e-01
2.329399585723876953e+00
2.717319130897521973e-02
3.796000033617019653e-02
6.031832695007324219e-01
3.172640204429626465e-01
7.655587196350097656e-01
1.965562254190444946e-01
2.830541133880615234e-01
4.397236276417970657e-03
9.288357943296432495e-02
3.264735043048858643e-01
3.165524303913116455e-01
2.671120762825012207e-01
7.362157106399536133e-02
2.342393435537815094e-02
1.169436052441596985e-01
1.267879366874694824e+00
2.416732072830200195e+00
1.232873871922492981e-01
2.120592147111892700e-01
1.083716273307800293e+00
6.358362436294555664e-01
4.491895139217376709e-01
1.566216796636581421e-01
3.924116790294647217e-01
7.896824181079864502e-02
7.976193428039550781e-01
5.605775862932205200e-02
9.200818091630935669e-02
1.941736221313476562e+00
8.715769648551940918e-02
1.165872693061828613e+00
3.509779930114746094e+00
5.159953981637954712e-02
5.582613348960876465e-01
2.034718990325927734e-01
1.436746958643198013e-02
0.000000000000000000e+00
3.222545236349105835e-02
2.399117052555084229e-01
2.843930721282958984e-01
4.518328189849853516e+00
1.034810990095138550e-01
3.172109842300415039e+00
2.275052815675735474e-01
8.822357654571533203e-01
2.545991241931915283e-01
1.882415711879730225e-01
1.749764233827590942e-01
9.218883514404296875e-02
1.303423881530761719e+00
2.613000869750976562e-01
7.005602121353149414e-01
2.252776920795440674e-01
4.729496687650680542e-02
1.972623229026794434e+00
0.000000000000000000e+00
5.210717916488647461e-01
4.324766620993614197e-02
1.430391054600477219e-02
3.632845282554626465e-01
1.447648406028747559e-01
2.004056274890899658e-01
1.774629354476928711e-01
4.190018177032470703e-01
2.274428606033325195e-01
2.280046224594116211e+00
1.298972405493259430e-03
3.916931524872779846e-02
3.389427661895751953e-01
1.262690685689449310e-02
2.354211360216140747e-01
1.696960926055908203e+00
6.876155138015747070e-01
1.533437252044677734e+00
1.239328384399414062e+00
1.828919649124145508e-01
3.569515049457550049e-01
8.970560431480407715e-01
7.025370597839355469e-01
1.042506247758865356e-01
7.685933113098144531e-01
1.336589694023132324e+00
1.197701096534729004e+00
4.178097471594810486e-02
2.099833041429519653e-01
1.734793372452259064e-02
5.050258040428161621e-01
2.397884279489517212e-01
5.640098825097084045e-02
2.230758965015411377e-02
0.000000000000000000e+00
2.608831822872161865e-01
7.034614682197570801e-02
8.873095735907554626e-03
1.297853291034698486e-01
5.531393289566040039e-01
2.684328258037567139e-01
1.834606379270553589e-01
8.848413079977035522e-02
5.060999095439910889e-02
1.399409174919128418e-01
1.965170979499816895e+00
1.660888552665710449e+00
9.869768470525741577e-02
1.861242353916168213e-01
2.165741771459579468e-01
7.797417044639587402e-01
3.041293621063232422e-01
2.334537506103515625e+00
3.046673297882080078e+00
3.222332894802093506e-01
8.912995690479874611e-05
8.535086177289485931e-03
4.971521198749542236e-01
0.000000000000000000e+00
4.101504981517791748e-01
0.000000000000000000e+00
4.674271047115325928e-01
2.408874332904815674e-01
0.000000000000000000e+00
2.916011512279510498e-01
0.000000000000000000e+00
2.263588458299636841e-01
6.002519652247428894e-02
2.376724481582641602e-01
1.646156050264835358e-02
5.956410765647888184e-01
1.555059790611267090e+00
0.000000000000000000e+00
1.293510645627975464e-01
0.000000000000000000e+00
5.743548274040222168e-01
0.000000000000000000e+00
1.316663920879364014e-01
2.828043401241302490e-01
2.933349311351776123e-01
3.550945520401000977e-01
5.869349092245101929e-02
7.544810175895690918e-01
1.175204038619995117e+00
3.367363214492797852e-01
0.000000000000000000e+00
3.815941810607910156e-01
6.088081002235412598e-01
3.453869819641113281e-01
4.357177913188934326e-01
1.836073994636535645e+00
6.998260021209716797e-01
1.844487488269805908e-01
3.838232457637786865e-01
0.000000000000000000e+00
1.104776114225387573e-01
1.144823133945465088e-01
2.101329803466796875e+00
2.311881929636001587e-01
2.657166421413421631e-01
1.047698020935058594e+00
