1.416461542248725891e-02
9.110748767852783203e-03
3.542376160621643066e-01
7.420771121978759766e-01
0.000000000000000000e+00
7.894474267959594727e-02
1.449955701828002930e+00
1.903798803687095642e-02
1.470777511596679688e+00
1.349033951759338379e+00
6.823101080954074860e-03
6.141861081123352051e-01
1.638030260801315308e-01
4.709515348076820374e-02
1.812889426946640015e-02
6.292078495025634766e-01
6.236241459846496582e-01
4.740208014845848083e-02
3.437820672988891602e-01
1.047200616449117661e-02
2.886244328692555428e-03
2.205190509557723999e-01
1.652307510375976562e-01
0.000000000000000000e+00
1.492445468902587891e-01
1.891828626394271851e-01
8.086615055799484253e-02
6.540534552186727524e-03
5.522929877042770386e-02
0.000000000000000000e+00
9.225707650184631348e-01
2.467584162950515747e-01
2.655542194843292236e-01
1.174909174442291260e-01
2.100745588541030884e-01
1.324996799230575562e-01
0.000000000000000000e+00
2.804915308952331543e-01
8.522243238985538483e-03
3.793947696685791016e-01
2.081570923328399658e-01
5.143001079559326172e-01
4.240185618400573730e-01
3.495462834835052490e-01
5.435635801404714584e-03
0.000000000000000000e+00
9.195244312286376953e-02
1.132430508732795715e-01
7.115154713392257690e-02
1.756925940513610840e+00
2.887344360351562500e-02
8.091617226600646973e-01
0.000000000000000000e+00
1.468927025794982910e+00
8.316118121147155762e-01
2.316551059484481812e-01
3.176192343235015869e-01
1.394486706703901291e-02
3.883185386657714844e-01
3.375807544216513634e-03
1.738667845726013184e+00
1.675963252782821655e-01
1.112297415733337402e+00
1.988199204206466675e-01
9.501943588256835938e-01
1.749992519617080688e-01
3.613308817148208618e-02
1.302519440650939941e+00
0.000000000000000000e+00
7.631118297576904297e-01
5.042347311973571777e-01
2.080163806676864624e-01
0.000000000000000000e+00
7.183323055505752563e-02
0.000000000000000000e+00
5.177396535873413086e-01
3.347753882408142090e-01
1.153614558279514313e-02
1.248163208365440369e-01
0.000000000000000000e+00
3.102685689926147461e+00
2.020576298236846924e-01
0.000000000000000000e+00
6.560634821653366089e-02
2.733968198299407959e-01
4.074197113513946533e-01
3.296863734722137451e-01
7.478358224034309387e-03
1.129608377814292908e-01
5.170572400093078613e-01
2.296348065137863159e-01
5.618678405880928040e-02
0.000000000000000000e+00
6.071723997592926025e-03
3.674912452697753906e-01
5.779087170958518982e-02
4.578789174556732178e-01
1.307110190391540527e+00
4.788318276405334473e-02
4.824606180191040039e-01
6.940514594316482544e-02
3.659408688545227051e-01
6.583774089813232422e-01
4.496837779879570007e-02
2.227760665118694305e-02
5.613026767969131470e-02
0.000000000000000000e+00
3.172024711966514587e-02
5.599809065461158752e-02
2.428189992904663086e+00
0.000000000000000000e+00
4.931196868419647217e-01
6.626158487051725388e-03
1.556312918663024902e+00
5.781308412551879883e-01
1.210467773489654064e-03
3.403975442051887512e-02
3.034655451774597168e-01
2.122809924185276031e-02
6.551432609558105469e-01
5.127932429313659668e-01
1.262755244970321655e-01
2.568099975585937500e+00
2.032539248466491699e-01
3.445855528116226196e-02
1.487253308296203613e-01
7.147330641746520996e-01
7.628580927848815918e-01
0.000000000000000000e+00
0.000000000000000000e+00
4.482478797435760498e-01
1.776081174612045288e-01
2.301927357912063599e-01
1.489467501640319824e+00
3.759900629520416260e-01
1.395262964069843292e-02
1.628866642713546753e-01
3.041978478431701660e-01
3.102773189544677734e+00
2.858036458492279053e-01
3.247943148016929626e-02
6.828703451901674271e-03
5.854263305664062500e-01
3.881527110934257507e-02
4.639913737773895264e-01
6.948774307966232300e-02
4.116626679897308350e-01
2.485745586454868317e-02
5.360693931579589844e-01
1.555871125310659409e-02
4.696804881095886230e-01
7.599774003028869629e-02
0.000000000000000000e+00
5.966924503445625305e-02
3.504574298858642578e-01
7.362887263298034668e-02
6.464294344186782837e-02
0.000000000000000000e+00
2.241718466393649578e-04
2.105780243873596191e-01
6.543328613042831421e-02
3.968273997306823730e-01
1.938176453113555908e-01
9.660113602876663208e-02
5.010648965835571289e-01
4.262401580810546875e+00
5.200136825442314148e-02
2.273067981004714966e-01
4.094380885362625122e-02
3.860080242156982422e-01
0.000000000000000000e+00
0.000000000000000000e+00
4.279718697071075439e-01
6.456906199455261230e-01
2.594250999391078949e-02
3.571974337100982666e-01
0.000000000000000000e+00
7.134392857551574707e-02
7.631380856037139893e-02
6.248451769351959229e-03
0.000000000000000000e+00
5.437408685684204102e-01
2.246427685022354126e-01
1.352289039641618729e-02
0.000000000000000000e+00
1.031733632087707520e+00
2.988868355751037598e-01
4.999157786369323730e-01
0.000000000000000000e+00
0.000000000000000000e+00
9.770135581493377686e-02
2.537631057202816010e-02
1.384700764901936054e-03
5.193316377699375153e-03
5.202218424528837204e-03
9.179689288139343262e-01
1.880005449056625366e-01
6.327053159475326538e-02
1.366101801395416260e-01
2.696051821112632751e-02
2.685624063014984131e-01
2.296661138534545898e-01
0.000000000000000000e+00
1.027061138302087784e-02
1.445110980421304703e-02
2.511950433254241943e-01
1.034108772873878479e-01
1.500980257987976074e+00
3.182327840477228165e-03
2.476197779178619385e-01
4.917857423424720764e-02
5.180755630135536194e-03
7.116216421127319336e-02
2.322866618633270264e-01
1.397150903940200806e-01
7.194539159536361694e-02
2.124601975083351135e-02
4.376997947692871094e-01
4.047936499118804932e-01
1.646715164184570312e+00
4.260045051574707031e+00
0.000000000000000000e+00
6.449528336524963379e-01
0.000000000000000000e+00
1.359622776508331299e-01
2.419797331094741821e-01
4.663645625114440918e-01
9.924997389316558838e-02
1.301490813493728638e-01
1.026950359344482422e+00
5.280135869979858398e-01
3.731033504009246826e-01
1.864118337631225586e+00
1.579284667968750000e-01
1.484744906425476074e+00
2.898571193218231201e-01
1.547922343015670776e-01
7.274948060512542725e-02
1.248257420957088470e-02
6.617464590817689896e-03
1.281758863478899002e-02
1.079387441277503967e-01
7.232648879289627075e-02
8.738310933113098145e-01
0.000000000000000000e+00
1.361693628132343292e-02
9.064139425754547119e-02
1.087846085429191589e-01
1.935320496559143066e-01
1.542542781680822372e-02
5.307928659021854401e-03
5.406810641288757324e-01
1.974982261657714844e+00
3.940427601337432861e-01
4.991034977138042450e-03
0.000000000000000000e+00
2.411740720272064209e-01
5.209639668464660645e-01
1.900777071714401245e-01
1.797083973884582520e+00
1.938718259334564209e-01
1.855156898498535156e+00
4.150790870189666748e-01
1.486508846282958984e-01
0.000000000000000000e+00
2.880026400089263916e-02
7.262651622295379639e-02
8.098875172436237335e-03
1.756001949310302734e+00
9.935963153839111328e-01
4.209160804748535156e-01
1.614167541265487671e-01
3.005836009979248047e-01
3.834681510925292969e-01
8.808619976043701172e-01
1.652390003204345703e+00
4.193183779716491699e-02
4.467097222805023193e-01
5.569840073585510254e-01
2.181518264114856720e-02
1.038183942437171936e-01
9.150129556655883789e-02
9.605952352285385132e-02
7.201467156410217285e-01
7.356306314468383789e-01
4.426597952842712402e-01
0.000000000000000000e+00
1.680058985948562622e-01
6.519121527671813965e-01
2.928660251200199127e-03
1.619876027107238770e-01
5.487751364707946777e-01
1.670797467231750488e-01
3.139215409755706787e-01
8.797646164894104004e-01
1.388370543718338013e-01
3.058350086212158203e-01
0.000000000000000000e+00
0.000000000000000000e+00
3.221967518329620361e-01
5.521849729120731354e-03
4.122462868690490723e-01
6.102239489555358887e-01
8.039879053831100464e-02
2.693199925124645233e-02
1.768274158239364624e-01
3.372624516487121582e-01
8.021814227104187012e-01
6.313546895980834961e-01
1.959524005651473999e-01
0.000000000000000000e+00
3.339897990226745605e-01
2.488210648298263550e-01
6.282456219196319580e-02
4.685213863849639893e-01
1.499320417642593384e-01
2.895397663116455078e+00
1.693070866167545319e-02
6.931307315826416016e-01
8.455644547939300537e-02
1.638690233230590820e-01
0.000000000000000000e+00
6.241530179977416992e-01
7.814404368400573730e-02
3.487845882773399353e-02
1.335100173950195312e+00
6.258422732353210449e-01
1.511993259191513062e-01
2.495288997888565063e-01
4.145564734935760498e-01
2.104019373655319214e-01
1.936247944831848145e-01
6.724760681390762329e-02
8.010987043380737305e-01
5.004498362541198730e-01
2.402131408452987671e-01
1.478742510080337524e-01
3.001084364950656891e-02
4.324215352535247803e-01
7.547967135906219482e-02
4.386345390230417252e-03
1.942737698554992676e-01
2.282363325357437134e-01
2.324550747871398926e-01
0.000000000000000000e+00
9.394758939743041992e-02
1.273596882820129395e-01
2.185095995664596558e-01
1.579379849135875702e-02
0.000000000000000000e+00
4.446138739585876465e-01
3.999113440513610840e-01
2.344878911972045898e+00
5.937766432762145996e-01
0.000000000000000000e+00
3.671813011169433594e-02
1.050049141049385071e-01
0.000000000000000000e+00
5.266491770744323730e-01
1.915415674448013306e-01
1.117553841322660446e-02
2.206306695938110352e+00
0.000000000000000000e+00
0.000000000000000000e+00
0.000000000000000000e+00
3.493594005703926086e-03
1.776956319808959961e+00
2.631491282954812050e-03
0.000000000000000000e+00
8.522812724113464355e-01
8.583837151527404785e-01
3.708960056304931641e+00
0.000000000000000000e+00
2.737513780593872070e-01
3.477238118648529053e-01
0.000000000000000000e+00
2.545778751373291016e-01
0.000000000000000000e+00
1.277291536331176758e+00
2.458349913358688354e-01
6.456356048583984375e-01
1.752207398414611816e+00
1.390789449214935303e-01
2.599165737628936768e-01
1.039318144321441650e-01
3.919070586562156677e-02
0.000000000000000000e+00
0.000000000000000000e+00
7.468578219413757324e-02
1.730266213417053223e-02
1.561590075492858887e+00
5.483487844467163086e-01
3.729128465056419373e-02
0.000000000000000000e+00
0.000000000000000000e+00
3.350258111953735352e+00
8.120061755180358887e-01
9.751325249671936035e-01
0.000000000000000000e+00
1.627248227596282959e-01
2.334563620388507843e-02
1.229092553257942200e-01
3.685602545738220215e-01
9.342160820960998535e-01
1.973117887973785400e-01
2.267676442861557007e-01
2.121115662157535553e-02
2.080319672822952271e-01
7.239336967468261719e-01
7.804030179977416992e-02
1.962462663650512695e-01
2.949012815952301025e-01
4.128934144973754883e-01
2.348154224455356598e-02
3.176940917968750000e+00
0.000000000000000000e+00
1.570478230714797974e-01
1.361976712942123413e-01
5.865583419799804688e-01
8.044628798961639404e-02
0.000000000000000000e+00
7.924349308013916016e-01
1.178328469395637512e-01
0.000000000000000000e+00
4.627153277397155762e-02
1.659589707851409912e-01
1.441045641899108887e+00
2.923947945237159729e-02
3.108439445495605469e-01
1.586747616529464722e-01
7.098650932312011719e-01
0.000000000000000000e+00
6.531573534011840820e-01
2.899365723133087158e-01
0.000000000000000000e+00
1.204053997993469238e+00
3.011747077107429504e-02
8.591706305742263794e-02
5.957923363894224167e-03
5.847583413124084473e-01
2.202471159398555756e-02
2.024501860141754150e-01
0.000000000000000000e+00
1.997317746281623840e-02
6.542091965675354004e-01
8.353818058967590332e-01
3.481461703777313232e-01
4.180141091346740723e-01
1.966797560453414917e-01
1.500678434967994690e-02
1.171125411987304688e+00
1.108463257551193237e-01
5.176255106925964355e-02
8.918089866638183594e-01
1.134808808565139771e-01
5.857159495353698730e-01
9.729571342468261719e-01
7.201952338218688965e-01
6.301353573799133301e-01
1.080060470849275589e-02
2.160568535327911377e-02
2.470053136348724365e-01
6.356922984123229980e-01
1.071871491149067879e-03
7.081898450851440430e-01
7.723348587751388550e-02
3.394010663032531738e-02
8.926724791526794434e-01
1.935661397874355316e-02
3.399368226528167725e-01
2.500268071889877319e-02
3.696081638336181641e+00
7.734918594360351562e-01
1.582429707050323486e-01
3.093310296535491943e-01
3.373145580291748047e+00
1.921954303979873657e-01
1.126381635665893555e+00
3.397923946380615234e+00
4.322151541709899902e-01
8.056277781724929810e-02
0.000000000000000000e+00
0.000000000000000000e+00
1.274754285812377930e+00
1.415750145912170410e+00
9.858880937099456787e-02
0.000000000000000000e+00
1.706156432628631592e-01
1.029680594801902771e-01
4.559276625514030457e-02
0.000000000000000000e+00
0.000000000000000000e+00
3.125421702861785889e-01
4.735804200172424316e-01
9.774139150977134705e-03
3.338507562875747681e-02
1.574011921882629395e+00
4.975668430328369141e+00
1.652896642684936523e+00
2.414305686950683594e+00
1.334469416178762913e-03
1.587741672992706299e-01
8.305958658456802368e-02
5.104751139879226685e-02
4.475115835666656494e-01
1.035062313079833984e+00
5.047388002276420593e-02
3.974883258342742920e-02
6.291012763977050781e-01
2.274793833494186401e-01
1.610487699508666992e-01
9.840721487998962402e-01
9.278671741485595703e-01
1.150939464569091797e+00
8.262013196945190430e-01
2.450621128082275391e-01
8.820549249649047852e-01
4.297576472163200378e-02
9.026760458946228027e-01
3.188564181327819824e-01
7.210709452629089355e-01
9.551801532506942749e-02
9.252682328224182129e-01
1.280091047286987305e+00
4.760377109050750732e-02
1.817099690437316895e+00
3.265400603413581848e-02
6.508006453514099121e-01
1.466351840645074844e-02
1.451212912797927856e-01
8.265028148889541626e-02
7.419768571853637695e-01
2.329963743686676025e-01
1.541755069047212601e-02
1.102225661277770996e+00
2.814696550369262695e+00
0.000000000000000000e+00
2.356204390525817871e-01
9.719149768352508545e-02
3.377255916595458984e+00
9.440428018569946289e-01
3.445383906364440918e-02
6.227368712425231934e-01
6.262429058551788330e-02
4.664235562086105347e-02
1.208675187081098557e-02
1.085782051086425781e+00
0.000000000000000000e+00
6.603464862564578652e-05
3.239202201366424561e-01
0.000000000000000000e+00
0.000000000000000000e+00
3.830408453941345215e-01
0.000000000000000000e+00
4.541179910302162170e-02
2.524663694202899933e-02
1.599494934082031250e+00
0.000000000000000000e+00
2.326528578996658325e-01
0.000000000000000000e+00
5.473432540893554688e-01
6.187581419944763184e-01
5.995641350746154785e-01
1.348901242017745972e-01
2.279600314795970917e-02
4.356544613838195801e-01
0.000000000000000000e+00
7.549618929624557495e-02
2.509825825691223145e-01
5.343222618103027344e-01
2.884551584720611572e-01
2.710371613502502441e-01
3.102655112743377686e-01
4.636003077030181885e-02
7.556372135877609253e-02
7.631856799125671387e-01
2.992125414311885834e-02
2.663980245590209961e+00
0.000000000000000000e+00
7.487903237342834473e-01
4.411349073052406311e-02
4.462074637413024902e-01
7.849817164242267609e-03
7.327234745025634766e-01
0.000000000000000000e+00
1.174838781356811523e+00
1.666121743619441986e-02
5.281190946698188782e-02
4.189240336418151855e-01
2.138934284448623657e-01
0.000000000000000000e+00
4.136526286602020264e-01
2.321841660887002945e-03
5.397338867187500000e-01
3.761609196662902832e-01
2.700218439102172852e+00
8.351971954107284546e-02
5.492682456970214844e-01
2.115506887435913086e+00
1.308935880661010742e-01
1.478996753692626953e+00
0.000000000000000000e+00
2.114902585744857788e-01
3.512499809265136719e+00
2.126519381999969482e-01
5.497772991657257080e-02
0.000000000000000000e+00
2.105602622032165527e-02
1.987258493900299072e-01
9.190770238637924194e-02
1.057784631848335266e-01
1.180238723754882812e-01
3.919578492641448975e-01
5.129080414772033691e-01
3.311240077018737793e-01
3.069467246532440186e-01
7.744872942566871643e-03
5.830420646816492081e-03
1.670210659503936768e-01
2.202212333679199219e+00
8.862424492835998535e-01
7.717593759298324585e-02
3.995372354984283447e-01
1.859137788414955139e-02
5.050134062767028809e-01
1.506445884704589844e+00
4.701086133718490601e-02
3.860690593719482422e-01
2.158395200967788696e-02
9.027495384216308594e-01
5.665116310119628906e-01
3.055612742900848389e-01
2.091322559863328934e-03
4.450418055057525635e-02
3.434897363185882568e-01
0.000000000000000000e+00
2.607635036110877991e-02
4.592974483966827393e-01
6.975166201591491699e-01
0.000000000000000000e+00
4.968302790075540543e-03
1.700610756874084473e+00
5.809165239334106445e-01
1.175097562372684479e-02
8.005518466234207153e-02
1.951028779149055481e-02
5.385319590568542480e-01
6.212489008903503418e-01
1.626098714768886566e-02
0.000000000000000000e+00
6.560568809509277344e-01
2.838632762432098389e-01
1.978758275508880615e-01
1.396610021591186523e+00
1.209067329764366150e-01
3.786059916019439697e-01
1.505711972713470459e-01
0.000000000000000000e+00
1.167116034775972366e-02
7.921672463417053223e-01
3.163050413131713867e+00
0.000000000000000000e+00
2.155289411544799805e+00
6.090786457061767578e-01
3.336320221424102783e-01
5.662158597260713577e-03
3.166825175285339355e-01
1.877394765615463257e-01
4.539782404899597168e-01
1.014978289604187012e+00
0.000000000000000000e+00
4.858852028846740723e-01
1.507145017385482788e-01
1.752295613288879395e+00
0.000000000000000000e+00
3.044215738773345947e-01
1.555507779121398926e-01
7.999388873577117920e-02
0.000000000000000000e+00
2.107485979795455933e-01
1.109121799468994141e+00
0.000000000000000000e+00
5.004264879971742630e-03
1.923338323831558228e-02
1.006367325782775879e+00
2.337828464806079865e-02
1.186478734016418457e+00
7.889289855957031250e-01
3.060553967952728271e-01
5.655660480260848999e-02
2.818870246410369873e-01
9.070192277431488037e-02
3.213539486750960350e-03
7.714298367500305176e-02
9.483697824180126190e-03
0.000000000000000000e+00
7.278218865394592285e-02
1.507372558116912842e-01
9.646098315715789795e-02
0.000000000000000000e+00
1.089594006538391113e+00
1.951576769351959229e-01
0.000000000000000000e+00
3.305277228355407715e-02
6.723554432392120361e-02
8.431199789047241211e-01
0.000000000000000000e+00
0.000000000000000000e+00
8.662407845258712769e-02
1.754300482571125031e-02
5.682741999626159668e-01
1.267902851104736328e-01
2.240559831261634827e-02
0.000000000000000000e+00
2.570426464080810547e-02
5.635340511798858643e-02
1.153554320335388184e-01
5.249694921076297760e-03
8.801285028457641602e-01
1.689378172159194946e-01
0.000000000000000000e+00
4.409281611442565918e-01
1.560228969901800156e-02
1.897384598851203918e-02
8.637000322341918945e-01
1.199272125959396362e-01
2.289191633462905884e-01
5.807386636734008789e-01
8.087553083896636963e-03
7.614310830831527710e-02
0.000000000000000000e+00
3.135385513305664062e-01
2.204766124486923218e-01
3.784052431583404541e-01
6.379785388708114624e-02
3.081317543983459473e-01
8.823470212519168854e-03
4.738933444023132324e-01
1.570104807615280151e-01
1.532473117113113403e-01
5.167780518531799316e-01
0.000000000000000000e+00
6.035211682319641113e-01
1.089912652969360352e-01
9.169547259807586670e-02
6.929316520690917969e-01
3.763815760612487793e-01
1.322065591812133789e-01
8.650975301861763000e-03
6.644944846630096436e-02
1.574121713638305664e-01
4.316709995269775391e+00
0.000000000000000000e+00
4.422954916954040527e-01
0.000000000000000000e+00
0.000000000000000000e+00
7.763809561729431152e-01
0.000000000000000000e+00
7.984855771064758301e-01
1.372098684310913086e+00
0.000000000000000000e+00
2.107926011085510254e-01
9.656497091054916382e-02
9.716890007257461548e-02
1.523480772972106934e+00
9.659378975629806519e-02
4.957263171672821045e-02
0.000000000000000000e+00
1.393059849739074707e+00
2.893337726593017578e+00
8.600170910358428955e-02
1.165666244924068451e-02
1.589875668287277222e-01
9.843310713768005371e-01
0.000000000000000000e+00
1.548575520515441895e+00
9.908382892608642578e-01
5.053250119090080261e-02
1.932194709777832031e+00
1.103472989052534103e-02
1.170109771192073822e-02
6.396058797836303711e-01
3.008249104022979736e-01
4.563216269016265869e-01
1.026463747024536133e+00
0.000000000000000000e+00
6.013640761375427246e-01
5.492431521415710449e-01
2.720862925052642822e-01
4.035955071449279785e-01
8.768790960311889648e-01
2.159309238195419312e-01
1.090767502784729004e+00
9.244243800640106201e-02
3.413629233837127686e-01
5.404101684689521790e-02
1.226258929818868637e-02
9.181433916091918945e-02
2.557127736508846283e-02
4.830589890480041504e-02
8.604428917169570923e-02
3.364677429199218750e-01
2.467485189437866211e+00
1.327113062143325806e-01
0.000000000000000000e+00
5.160906910896301270e-01
4.735529422760009766e-01
2.004078388214111328e+00
7.201048135757446289e-01
2.698871791362762451e-01
8.122717142105102539e-01
2.689737677574157715e-01
0.000000000000000000e+00
1.848352551460266113e-01
6.606994569301605225e-02
4.867294058203697205e-02
6.551815569400787354e-02
2.044688314199447632e-01
1.951747387647628784e-01
3.516891971230506897e-02
7.303894758224487305e-01
1.504247486591339111e-01
0.000000000000000000e+00
3.770337626338005066e-02
5.882782936096191406e-01
1.583057828247547150e-02
8.560068905353546143e-02
5.472483113408088684e-02
1.614723354578018188e-02
8.806757926940917969e-01
4.477026872336864471e-03
1.227597799152135849e-02
1.181358993053436279e-01
7.245809305459260941e-03
5.032892227172851562e-01
2.016123235225677490e-01
0.000000000000000000e+00
6.223313510417938232e-02
0.000000000000000000e+00
2.731888890266418457e-01
0.000000000000000000e+00
2.479633241891860962e-01
2.188972711563110352e+00
0.000000000000000000e+00
0.000000000000000000e+00
1.321149587631225586e+00
0.000000000000000000e+00
8.905939012765884399e-02
1.553461670875549316e+00
2.189762890338897705e-01
1.063662171363830566e-01
4.318635165691375732e-02
3.225898370146751404e-02
5.906225442886352539e-01
9.064174443483352661e-02
6.662276107817888260e-03
0.000000000000000000e+00
0.000000000000000000e+00
4.688566029071807861e-01
3.726943731307983398e-01
2.020879834890365601e-01
2.306501939892768860e-02
7.527463138103485107e-02
4.482896327972412109e-01
3.013018131256103516e+00
5.200426578521728516e-01
7.956939190626144409e-02
4.153118282556533813e-02
0.000000000000000000e+00
1.051131367683410645e+00
2.785858213901519775e-01
3.820040225982666016e-01
6.446085572242736816e-01
1.709981322288513184e+00
0.000000000000000000e+00
1.545271184295415878e-02
4.065039753913879395e-01
2.327289134263992310e-01
0.000000000000000000e+00
1.091411113739013672e+00
8.984003961086273193e-02
5.371496547013521194e-03
1.152014657855033875e-01
5.509352311491966248e-03
9.516909122467041016e-01
5.451388359069824219e-01
1.219476200640201569e-02
4.974223077297210693e-01
2.530683875083923340e-01
2.791223824024200439e-01
4.222835600376129150e-01
0.000000000000000000e+00
2.185140132904052734e+00
7.323751226067543030e-03
1.654277890920639038e-01
1.304289102554321289e-01
3.344062566757202148e-01
1.241125836968421936e-01
1.711499877274036407e-02
3.565902709960937500e-01
1.186118796467781067e-01
3.353338688611984253e-02
1.029835715889930725e-01
3.315742909908294678e-01
9.029279947280883789e-01
1.103420972824096680e+00
1.209478259086608887e+00
1.097358584403991699e+00
6.903994828462600708e-02
6.065623462200164795e-02
1.047394052147865295e-01
9.308221749961376190e-03
0.000000000000000000e+00
1.032467603683471680e+00
2.090342760086059570e+00
3.439202606678009033e-01
1.309899687767028809e-01
2.361545562744140625e-01
0.000000000000000000e+00
3.167109489440917969e-01
0.000000000000000000e+00
1.545217353850603104e-02
0.000000000000000000e+00
1.228217706084251404e-01
1.083072870969772339e-01
1.070907473564147949e+00
2.454040288925170898e+00
4.793560206890106201e-01
9.170092642307281494e-02
2.294073253870010376e-02
1.115817427635192871e+00
2.333223372697830200e-01
2.870528697967529297e-01
4.536195993423461914e-01
2.762016534805297852e+00
1.283275634050369263e-01
2.312552183866500854e-02
1.026256158947944641e-01
0.000000000000000000e+00
1.515760738402605057e-02
5.046609789133071899e-02
4.836146235466003418e-01
1.377457082271575928e-01
1.723953187465667725e-01
4.117531180381774902e-01
7.594918012619018555e-01
1.927748322486877441e-01
3.237726688385009766e-01
4.183276891708374023e-01
0.000000000000000000e+00
8.511750958859920502e-03
1.078748703002929688e-01
1.031185686588287354e-01
3.732555080205202103e-03
6.194437295198440552e-02
1.904817521572113037e-01
2.993873506784439087e-02
1.072467803955078125e+00
1.181711070239543915e-02
6.147687435150146484e-01
6.580588817596435547e-01
2.906676828861236572e-01
2.675388157367706299e-01
2.086137980222702026e-02
0.000000000000000000e+00
3.692485332489013672e+00
1.938923448324203491e-01
7.558028697967529297e-01
6.266484260559082031e-01
7.533305790275335312e-03
2.149697542190551758e-01
1.064928770065307617e+00
6.001115962862968445e-02
2.340663671493530273e-01
1.290391683578491211e-01
1.473774552345275879e+00
4.559926390647888184e-01
8.730145096778869629e-01
1.110955625772476196e-01
4.006772115826606750e-02
0.000000000000000000e+00
1.966695636510848999e-01
0.000000000000000000e+00
1.132057905197143555e-01
8.279746770858764648e-02
5.151070952415466309e-01
1.450066640973091125e-02
1.279103010892868042e-01
4.921126365661621094e-01
0.000000000000000000e+00
1.203889012336730957e+00
6.736793555319309235e-03
2.368661910295486450e-01
4.124175608158111572e-01
4.641124233603477478e-02
0.000000000000000000e+00
3.031544089317321777e-01
2.372808568179607391e-02
6.685850769281387329e-02
2.415567874908447266e+00
2.679758369922637939e-01
2.186471223831176758e-01
5.055256653577089310e-03
2.448462508618831635e-02
4.567968845367431641e-01
4.192184209823608398e-01
4.415221139788627625e-02
2.371257781982421875e+00
8.481064438819885254e-02
4.676159322261810303e-01
2.730741202831268311e-01
2.506453730165958405e-02
1.245779395103454590e-01
3.292208909988403320e-02
3.157045841217041016e+00
4.474762380123138428e-01
2.670414149761199951e-01
5.889145135879516602e-01
4.205178469419479370e-03
1.703908205032348633e+00
5.183764733374118805e-03
9.399859905242919922e-01
0.000000000000000000e+00
1.010527387261390686e-01
2.154217809438705444e-01
0.000000000000000000e+00
1.082063242793083191e-01
4.892041906714439392e-02
2.935060113668441772e-02
1.571299508213996887e-02
3.574014827609062195e-02
1.538974523544311523e+00
1.175742149353027344e+00
6.008112803101539612e-03
0.000000000000000000e+00
2.463376522064208984e-02
0.000000000000000000e+00
2.409568279981613159e-01
3.992450237274169922e-02
2.262185141444206238e-02
1.527819782495498657e-01
1.345882266759872437e-01
2.254234254360198975e-01
4.688429832458496094e-01
2.674989588558673859e-02
0.000000000000000000e+00
1.551655679941177368e-01
5.126759409904479980e-02
1.204214692115783691e-01
1.753950119018554688e+00
0.000000000000000000e+00
2.905538380146026611e-01
2.856884896755218506e-01
8.820600062608718872e-02
4.373775050044059753e-02
7.339010015130043030e-03
2.305462360382080078e+00
5.458613634109497070e-01
0.000000000000000000e+00
9.349729865789413452e-03
5.654810741543769836e-02
1.042255043983459473e+00
6.754171848297119141e-02
8.492467552423477173e-02
5.512754321098327637e-01
0.000000000000000000e+00
1.356671750545501709e-02
1.761419653892517090e+00
2.279783487319946289e-01
1.257530301809310913e-01
4.461709260940551758e-01
1.633397340774536133e+00
3.750497341156005859e+00
3.236225247383117676e-01
5.385681986808776855e-01
1.030804961919784546e-02
1.960474066436290741e-02
0.000000000000000000e+00
2.277984857559204102e+00
5.857304930686950684e-01
2.932747364044189453e+00
1.331099271774291992e-01
1.109738275408744812e-02
5.541381835937500000e-01
1.508675962686538696e-01
3.036838583648204803e-02
2.436934597790241241e-02
2.456510253250598907e-02
1.094631403684616089e-01
1.676192581653594971e-01
6.867678165435791016e-01
2.052211910486221313e-01
1.026540160179138184e+00
5.335913896560668945e-01
6.523078083992004395e-01
0.000000000000000000e+00
4.202275574207305908e-01
6.126816272735595703e-01
2.312432825565338135e-01
3.503714129328727722e-02
1.248484030365943909e-01
3.610208630561828613e-02
2.160109765827655792e-02
2.415199726819992065e-01
1.663582324981689453e-01
2.068658918142318726e-02
5.105350911617279053e-02
0.000000000000000000e+00
2.514276467263698578e-02
3.341242372989654541e-01
5.228760242462158203e-01
2.969573996961116791e-02
1.843632459640502930e-01
4.357350617647171021e-02
1.540165662765502930e+00
8.020689710974693298e-03
4.771705716848373413e-03
1.335928320884704590e+00
2.860017418861389160e-01
0.000000000000000000e+00
1.335199594497680664e+00
0.000000000000000000e+00
6.255612522363662720e-02
6.805025041103363037e-02
3.607993125915527344e-01
1.244877457618713379e+00
1.656734585762023926e+00
2.816666662693023682e-01
0.000000000000000000e+00
1.581203341484069824e-01
2.027814984321594238e-01
1.552641093730926514e-01
7.203942537307739258e-02
3.968794941902160645e-01
5.187702775001525879e-01
2.194167226552963257e-01
1.602950692176818848e-01
1.829525947570800781e+00
1.734702289104461670e-02
0.000000000000000000e+00
1.731185987591743469e-02
2.508830130100250244e-01
2.802604995667934418e-02
1.467409916222095490e-02
2.264392375946044922e-02
1.001802161335945129e-01
1.046384498476982117e-01
0.000000000000000000e+00
2.615425586700439453e-01
5.797664523124694824e-01
2.636933326721191406e-01
2.084509581327438354e-01
3.768897950649261475e-01
8.627771399915218353e-03
1.651854999363422394e-02
1.890801191329956055e-01
1.610414870083332062e-02
4.505044221878051758e-02
3.279349803924560547e-01
0.000000000000000000e+00
4.250093996524810791e-01
0.000000000000000000e+00
7.117055058479309082e-01
0.000000000000000000e+00
2.736517190933227539e-01
2.551980912685394287e-01
3.052648156881332397e-02
7.026625871658325195e-01
3.662435710430145264e-01
1.487858593463897705e-02
2.076297812163829803e-02
9.185391664505004883e-02
2.211861908435821533e-01
8.586270362138748169e-02
6.863675713539123535e-01
0.000000000000000000e+00
1.387102723121643066e+00
3.032122272998094559e-03
4.176845252513885498e-01
1.545394062995910645e-01
5.387942194938659668e-01
2.109523564577102661e-01
0.000000000000000000e+00
2.208706736564636230e-02
8.104383349418640137e-01
0.000000000000000000e+00
5.981273949146270752e-02
1.786961406469345093e-01
3.680136799812316895e-01
2.450465559959411621e-01
1.446090340614318848e-01
3.311274349689483643e-01
3.174131214618682861e-01
3.092305362224578857e-02
2.889836579561233521e-02
0.000000000000000000e+00
2.025899291038513184e-02
0.000000000000000000e+00
1.440382450819015503e-01
0.000000000000000000e+00
5.010966062545776367e-01
0.000000000000000000e+00
5.883043631911277771e-03
6.824717521667480469e-01
5.900705456733703613e-01
9.448572993278503418e-03
1.424558013677597046e-01
1.018669009208679199e+00
0.000000000000000000e+00
2.600002586841583252e-01
1.457810521125793457e+00
1.718038022518157959e-01
0.000000000000000000e+00
8.404683321714401245e-02
3.954840004444122314e-01
0.000000000000000000e+00
7.440188527107238770e-02
1.901072710752487183e-01
2.644053995609283447e-01
7.941661477088928223e-01
1.265112638473510742e+00
8.430602550506591797e-01
1.052356123924255371e+00
7.878554984927177429e-03
6.044942513108253479e-02
1.695720106363296509e-01
3.350501954555511475e-01
1.114941164851188660e-01
2.596112787723541260e-01
0.000000000000000000e+00
3.571015894412994385e-01
0.000000000000000000e+00
5.444436669349670410e-01
8.018379807472229004e-01
9.541278481483459473e-01
1.021603345870971680e+00
0.000000000000000000e+00
1.317205578088760376e-01
1.186881422996520996e+00
1.364437222480773926e+00
8.692348003387451172e-01
2.560386899858713150e-03
3.144745230674743652e-01
2.156378468498587608e-03
1.297876119613647461e+00
1.579813808202743530e-01
8.096271194517612457e-03
0.000000000000000000e+00
2.025202512741088867e-01
1.286417543888092041e-01
3.227419853210449219e+00
5.976448208093643188e-02
4.210458993911743164e-01
1.785150468349456787e-01
3.640943169593811035e-01
2.815303504467010498e-01
3.792870640754699707e-01
6.636459827423095703e-01
2.456071553751826286e-03
7.257227301597595215e-01
0.000000000000000000e+00
2.975140810012817383e-01
6.544405966997146606e-02
1.823092103004455566e-01
4.433869943022727966e-02
9.665573947131633759e-03
0.000000000000000000e+00
2.527653938159346581e-03
2.956950804218649864e-03
2.353805582970380783e-03
3.804532811045646667e-03
1.809713616967201233e-02
2.883901819586753845e-02
5.455644428730010986e-02
8.440914750099182129e-01
1.285968422889709473e+00
2.043737918138504028e-01
1.056250929832458496e+00
1.322736978530883789e+00
1.519438922405242920e-01
2.028660476207733154e-01
2.301320806145668030e-02
5.266384221613407135e-03
1.459683418273925781e+00
8.101308345794677734e-01
1.555094681680202484e-02
2.057709991931915283e-01
1.108759269118309021e-01
1.981090903282165527e+00
1.087585538625717163e-01
0.000000000000000000e+00
7.362169772386550903e-02
4.561018943786621094e-02
0.000000000000000000e+00
4.747063517570495605e-01
7.072426378726959229e-02
6.978678703308105469e-01
8.380286693572998047e-01
4.207736253738403320e-02
5.019047856330871582e-01
0.000000000000000000e+00
5.635855197906494141e-01
3.546430170536041260e-01
2.683216705918312073e-02
3.103700280189514160e-01
5.790559947490692139e-02
4.739992320537567139e-01
1.151199638843536377e-02
3.247515559196472168e-01
2.084311097860336304e-02
0.000000000000000000e+00
2.286507049575448036e-03
1.327780541032552719e-02
3.989472389221191406e-01
0.000000000000000000e+00
0.000000000000000000e+00
2.194943428039550781e+00
2.394600629806518555e+00
0.000000000000000000e+00
3.110832534730434418e-02
0.000000000000000000e+00
1.023854166269302368e-01
6.311698555946350098e-01
0.000000000000000000e+00
1.158298403024673462e-01
1.800510287284851074e-01
5.234729647636413574e-01
0.000000000000000000e+00
7.562251761555671692e-03
1.195046156644821167e-01
2.468593046069145203e-02
9.394943714141845703e-02
4.335134476423263550e-02
0.000000000000000000e+00
4.176830127835273743e-02
1.178548097610473633e+00
2.894891984760761261e-02
4.607251584529876709e-01
4.476413503289222717e-02
1.823682785034179688e+00
1.985640823841094971e-01
9.433999657630920410e-03
2.419412612915039062e+00
1.140726327896118164e+00
4.014584794640541077e-02
4.333628118038177490e-01
4.213932156562805176e-02
6.307227611541748047e-01
2.189474701881408691e-01
3.939225375652313232e-01
1.021607995033264160e+00
1.135752070695161819e-02
1.708194762468338013e-01
1.642326861619949341e-01
2.491050772368907928e-02
9.163044691085815430e-01
1.505498647689819336e+00
4.854662418365478516e-01
0.000000000000000000e+00
4.339954853057861328e-01
0.000000000000000000e+00
1.457047581672668457e+00
3.705708682537078857e-02
2.840898334980010986e-01
5.403842926025390625e-01
6.583223491907119751e-02
5.751902237534523010e-02
3.875505447387695312e+00
9.767904281616210938e-01
5.517362058162689209e-02
3.882008790969848633e-01
4.027789235115051270e-01
1.504738330841064453e+00
1.437128782272338867e-01
1.002345442771911621e+00
2.735197544097900391e-01
7.130982279777526855e-01
7.112234830856323242e-02
4.316267743706703186e-02
2.735643088817596436e-01
2.306209318339824677e-02
1.189946830272674561e-01
7.571924328804016113e-01
1.738148570060729980e+00
5.704476311802864075e-02
2.972366213798522949e-01
0.000000000000000000e+00
1.767760142683982849e-02
2.986664175987243652e-01
9.578168988227844238e-01
3.001135308295488358e-03
0.000000000000000000e+00
4.799569845199584961e-01
1.189361046999692917e-02
9.434012770652770996e-01
2.364437133073806763e-01
1.061355620622634888e-01
6.082922965288162231e-02
2.423946000635623932e-02
1.015009805560112000e-01
0.000000000000000000e+00
7.343215495347976685e-02
0.000000000000000000e+00
1.337777525186538696e-01
6.862185955047607422e+00
3.025693818926811218e-02
4.969314485788345337e-02
0.000000000000000000e+00
2.022917419672012329e-01
4.135233461856842041e-01
2.123074084520339966e-01
2.595855891704559326e-01
7.742551714181900024e-02
5.259698629379272461e-02
1.435034573078155518e-01
7.975089550018310547e-02
0.000000000000000000e+00
6.719483435153961182e-02
2.819774150848388672e-01
6.242197751998901367e-01
1.221332550048828125e-01
1.731021404266357422e-01
0.000000000000000000e+00
0.000000000000000000e+00
4.679415822029113770e-01
1.721239686012268066e+00
1.478962507098913193e-02
8.686495944857597351e-03
6.242352724075317383e-01
0.000000000000000000e+00
7.380671054124832153e-02
1.435833983123302460e-03
2.659046649932861328e-01
2.053291909396648407e-02
3.250549733638763428e-02
8.654502630233764648e-01
0.000000000000000000e+00
1.659709692001342773e+00
7.691746205091476440e-02
3.308801352977752686e-01
3.002502620220184326e-01
1.642331108450889587e-02
0.000000000000000000e+00
1.462134122848510742e-01
0.000000000000000000e+00
2.602474763989448547e-02
2.132363617420196533e-01
2.491807490587234497e-01
3.005829639732837677e-03
4.481708705425262451e-01
1.022070646286010742e-01
1.009761542081832886e-02
6.362382769584655762e-01
3.848853111267089844e-01
5.828009843826293945e-01
8.684042841196060181e-02
2.422392554581165314e-02
3.252107203006744385e-01
6.458091139793395996e-01
9.838171303272247314e-02
4.432587027549743652e-01
8.434320241212844849e-02
5.256505608558654785e-01
3.950404226779937744e-01
1.162549294531345367e-02
1.629037976264953613e+00
3.951480612158775330e-02
7.032384723424911499e-02
0.000000000000000000e+00
3.887236118316650391e-01
1.705611824989318848e+00
6.622669845819473267e-02
0.000000000000000000e+00
1.799694821238517761e-02
1.535265594720840454e-01
3.208738565444946289e-01
1.049400120973587036e-02
0.000000000000000000e+00
7.325519621372222900e-02
9.824803471565246582e-02
0.000000000000000000e+00
5.548556149005889893e-02
1.776406466960906982e-01
0.000000000000000000e+00
3.117342293262481689e-01
1.979432821273803711e+00
1.951670348644256592e-01
4.652614519000053406e-02
3.643552958965301514e-01
4.246630072593688965e-01
3.010903298854827881e-01
3.516216278076171875e-01
0.000000000000000000e+00
1.348495632410049438e-01
1.751950979232788086e-01
2.388124942779541016e+00
0.000000000000000000e+00
8.110397309064865112e-02
4.596042633056640625e-01
7.445012331008911133e-01
3.310229301452636719e+00
0.000000000000000000e+00
2.234431982040405273e+00
1.606824159622192383e+00
1.035833060741424561e-01
1.722422689199447632e-01
2.239215373992919922e-01
5.568435788154602051e-01
1.618516743183135986e-01
4.315929114818572998e-02
2.569932639598846436e-01
1.156403541564941406e+00
4.360598325729370117e-02
7.690415382385253906e-01
0.000000000000000000e+00
7.043635845184326172e-02
1.441552489995956421e-01
5.622074380517005920e-02
3.671118989586830139e-02
8.701142072677612305e-01
1.181291043758392334e-02
0.000000000000000000e+00
8.438079953193664551e-01
6.453975439071655273e-01
0.000000000000000000e+00
9.150615334510803223e-01
1.795969963073730469e+00
1.535958051681518555e-01
2.619811594486236572e-01
5.211127996444702148e-01
1.154268905520439148e-01
1.125734765082597733e-02
4.482233151793479919e-02
2.118674516677856445e+00
2.629387192428112030e-03
2.921942472457885742e-01
1.028149016201496124e-02
5.641580000519752502e-02
2.636285126209259033e-01
9.580520540475845337e-02
0.000000000000000000e+00
0.000000000000000000e+00
7.193508092314004898e-03
3.548226952552795410e-01
1.637671589851379395e+00
0.000000000000000000e+00
5.902576446533203125e-01
3.447136282920837402e-01
1.824618726968765259e-01
2.603738009929656982e-01
1.533035188913345337e-01
5.304154008626937866e-03
7.426504045724868774e-02
3.387742042541503906e-01
1.377879500389099121e+00
1.445362806320190430e+00
9.422455728054046631e-02
3.795922398567199707e-01
0.000000000000000000e+00
2.884657084941864014e-01
7.712697982788085938e-01
7.384409010410308838e-02
1.993166049942374229e-03
0.000000000000000000e+00
4.235431551933288574e-01
1.536091268062591553e-01
0.000000000000000000e+00
3.859670877456665039e+00
0.000000000000000000e+00
4.475005716085433960e-02
4.125331044197082520e-01
5.751403421163558960e-02
1.107411742210388184e+00
1.374541878700256348e+00
3.705989420413970947e-01
1.320653315633535385e-02
7.745230197906494141e-02
1.108410805463790894e-01
4.358325600624084473e-01
1.966301053762435913e-01
7.210611701011657715e-01
1.009847521781921387e-01
5.666119456291198730e-01
0.000000000000000000e+00
0.000000000000000000e+00
1.374011486768722534e-01
1.023915767669677734e+00
0.000000000000000000e+00
4.831013828516006470e-02
1.977130584418773651e-02
1.841737747192382812e+00
2.385007590055465698e-02
2.752420008182525635e-01
7.134049385786056519e-02
6.780863404273986816e-01
0.000000000000000000e+00
2.552389204502105713e-01
7.020235061645507812e-01
7.870192080736160278e-02
3.022564202547073364e-02
2.667629718780517578e-01
3.718272969126701355e-02
5.281324982643127441e-01
5.490273237228393555e-03
3.274161834269762039e-03
4.370077848434448242e-01
0.000000000000000000e+00
2.355913966894149780e-01
2.555365208536386490e-03
1.150512337684631348e+00
7.879048585891723633e-02
0.000000000000000000e+00
8.238960057497024536e-02
1.146921701729297638e-02
3.226650133728981018e-02
2.530884742736816406e+00
8.823416829109191895e-01
1.995945096015930176e+00
9.680934250354766846e-03
1.475035399198532104e-02
0.000000000000000000e+00
2.145853638648986816e-01
4.341781139373779297e-01
3.313008248805999756e-01
1.420234799385070801e+00
3.716658353805541992e-01
6.343465298414230347e-02
8.276057988405227661e-02
2.996795177459716797e-01
2.919477783143520355e-02
9.543165564537048340e-02
9.996993541717529297e-01
8.039497733116149902e-01
0.000000000000000000e+00
5.009006857872009277e-01
1.567542850971221924e-01
3.086867183446884155e-02
9.193699955940246582e-01
1.035284519195556641e+00
7.627261281013488770e-01
4.841828346252441406e-01
1.387896388769149780e-01
2.253758907318115234e-02
8.553702831268310547e-01
1.755632311105728149e-01
1.168166518211364746e+00
2.451478540897369385e-01
5.050962567329406738e-01
8.782803267240524292e-02
1.295112252235412598e+00
7.357023190706968307e-03
1.210976839065551758e+00
1.578148221597075462e-03
0.000000000000000000e+00
1.784693002700805664e-01
1.332026004791259766e+00
1.244030371308326721e-01
7.592060416936874390e-02
2.406284958124160767e-02
2.416900098323822021e-01
0.000000000000000000e+00
5.041694641113281250e-02
0.000000000000000000e+00
9.103255867958068848e-01
0.000000000000000000e+00
5.102026835083961487e-02
2.434673756361007690e-01
5.135988816618919373e-03
1.608499765396118164e+00
6.102256593294441700e-04
1.722314953804016113e-02
5.588581040501594543e-02
2.463238313794136047e-02
2.218885421752929688e-01
1.477692008018493652e+00
1.127777621150016785e-01
0.000000000000000000e+00
1.626438647508621216e-01
8.693342655897140503e-02
5.528406053781509399e-02
2.654269933700561523e-01
5.646570920944213867e-01
3.813143372535705566e-01
9.837059378623962402e-01
0.000000000000000000e+00
2.644930779933929443e-01
0.000000000000000000e+00
1.384903907775878906e+00
2.099831253290176392e-01
0.000000000000000000e+00
1.866228878498077393e-01
1.835439205169677734e-01
8.149879984557628632e-03
5.875665694475173950e-02
2.833670563995838165e-02
4.140165746212005615e-01
1.501218676567077637e-01
8.056218624114990234e-01
3.014074824750423431e-02
0.000000000000000000e+00
9.353493340313434601e-03
5.939712002873420715e-02
3.476989567279815674e-01
0.000000000000000000e+00
7.708705961704254150e-02
2.106908895075321198e-02
0.000000000000000000e+00
2.556825987994670868e-02
1.013529226183891296e-01
3.080562874674797058e-02
6.424472481012344360e-02
1.376054715365171432e-03
3.096135258674621582e-01
1.698522716760635376e-01
5.138263106346130371e-02
2.592701315879821777e-01
1.028700113296508789e+00
1.152432084083557129e+00
1.120623275637626648e-01
0.000000000000000000e+00
1.327471971511840820e+00
1.556015610694885254e+00
0.000000000000000000e+00
1.152809895575046539e-02
5.312148332595825195e-01
1.367846578359603882e-01
2.253869175910949707e-01
4.323957022279500961e-03
3.786351978778839111e-01
2.643396146595478058e-02
1.667463541030883789e+00
3.691612556576728821e-02
4.206652343273162842e-01
1.236789971590042114e-01
8.392022550106048584e-02
3.664880990982055664e-02
4.836396276950836182e-01
2.193832844495773315e-01
0.000000000000000000e+00
0.000000000000000000e+00
1.049150824546813965e-01
0.000000000000000000e+00
1.146379187703132629e-01
3.214440643787384033e-01
6.566993892192840576e-02
1.151222512125968933e-01
1.781397461891174316e-01
1.136559769511222839e-01
9.510745108127593994e-02
5.460019111633300781e-01
2.631534337997436523e-01
1.834734380245208740e-01
8.468252420425415039e-02
1.055584788322448730e+00
5.506356954574584961e-01
8.774900436401367188e-02
7.302576899528503418e-01
3.369696438312530518e-02
1.234401762485504150e-01
5.984884500503540039e-01
3.139019012451171875e-02
4.212422370910644531e-01
1.255333125591278076e-01
3.939434885978698730e-02
4.695376455783843994e-01
2.635793089866638184e-01
1.309595108032226562e+00
5.344588756561279297e-01
8.744777180254459381e-03
1.538493633270263672e-01
1.016903638839721680e+00
2.232080250978469849e-01
8.462356030941009521e-02
1.028278321027755737e-01
3.067085146903991699e-01
1.448816895484924316e+00
1.468399167060852051e-01
3.647139072418212891e-01
1.200195997953414917e-01
1.043929383158683777e-01
3.461131811141967773e+00
3.000830113887786865e-01
2.750661671161651611e-01
3.859272226691246033e-02
0.000000000000000000e+00
2.416617572307586670e-01
8.412987738847732544e-02
1.342511892318725586e+00
1.469437777996063232e-01
3.111861944198608398e-01
3.200695151463150978e-03
4.358026385307312012e-02
1.467049121856689453e-01
0.000000000000000000e+00
1.226229742169380188e-01
5.162400603294372559e-01
0.000000000000000000e+00
2.796629965305328369e-01
1.879087537527084351e-01
1.671911031007766724e-01
4.224006831645965576e-02
2.001083642244338989e-02
3.530527353286743164e-01
3.339389860630035400e-01
4.520059097558259964e-03
5.172052383422851562e-01
2.135985493659973145e-01
1.177196502685546875e-01
0.000000000000000000e+00
8.063633441925048828e-01
6.430327892303466797e-03
1.694906055927276611e-01
8.236917108297348022e-02
9.545706212520599365e-03
1.219125092029571533e-01
6.021843105554580688e-02
2.640764415264129639e-01
1.585420668125152588e-01
7.493704557418823242e-02
1.916443407535552979e-01
3.664388060569763184e-01
1.020355895161628723e-02
7.239748239517211914e-01
0.000000000000000000e+00
5.420852079987525940e-02
3.123878240585327148e-01
5.164385214447975159e-02
1.086516380310058594e+00
1.783630996942520142e-01
1.303195953369140625e-01
2.335305325686931610e-02
7.248816639184951782e-02
0.000000000000000000e+00
9.370886087417602539e-01
1.592128127813339233e-01
6.551409512758255005e-02
2.173401415348052979e-02
2.602274119853973389e-01
9.092377871274948120e-02
8.216700553894042969e-01
2.413426190614700317e-01
2.149209380149841309e-01
3.942197263240814209e-01
3.606037378311157227e+00
3.001163713634014130e-02
1.013849377632141113e+00
1.943527579307556152e+00
3.514751791954040527e-01
1.559466216713190079e-02
2.701970338821411133e-01
0.000000000000000000e+00
2.104031853377819061e-02
7.401783764362335205e-02
1.431669457815587521e-03
1.095409274101257324e+00
7.702158689498901367e-01
5.552826076745986938e-02
1.431028991937637329e-01
5.265146866440773010e-02
2.364619076251983643e-01
3.126297295093536377e-01
6.290785670280456543e-01
1.404490172863006592e-01
7.478958368301391602e-01
2.218873240053653717e-02
3.678249716758728027e-01
4.169844090938568115e-02
0.000000000000000000e+00
2.514798641204833984e-01
4.498393833637237549e-01
1.895543634891510010e-01
2.030203938484191895e-01
8.640065193176269531e-01
9.094525575637817383e-01
7.994652390480041504e-01
2.058370113372802734e-01
1.216510459780693054e-01
2.184299677610397339e-01
2.284367799758911133e+00
6.379003636538982391e-03
8.115623593330383301e-01
8.904086351394653320e-01
1.069331094622612000e-01
5.355647206306457520e-02
5.130108594894409180e-01
7.192922830581665039e-01
2.558545954525470734e-02
0.000000000000000000e+00
3.551540672779083252e-01
9.106013774871826172e-01
9.721843898296356201e-02
1.490830183029174805e-01
0.000000000000000000e+00
2.713291943073272705e-01
1.133208632469177246e+00
5.925856903195381165e-02
6.845800578594207764e-02
5.788714438676834106e-02
2.653183341026306152e-01
2.542525064200162888e-03
1.336297750473022461e+00
1.912556290626525879e-01
2.602371573448181152e-01
1.121830567717552185e-01
4.318199679255485535e-02
8.547848463058471680e-02
3.291281312704086304e-02
2.124125242233276367e+00
5.498812999576330185e-03
4.724735766649246216e-02
5.424200296401977539e-01
1.672953926026821136e-02
5.578908920288085938e-01
1.663115993142127991e-02
8.225806802511215210e-02
1.933113098144531250e+00
1.083288788795471191e+00
0.000000000000000000e+00
9.784986376762390137e-01
8.825041055679321289e-01
6.349822282791137695e-01
4.322896003723144531e-01
1.573890805244445801e+00
6.784608215093612671e-02
2.242065668106079102e-01
8.247699141502380371e-01
3.265130519866943359e-02
9.646807312965393066e-01
1.569199264049530029e-01
3.869949281215667725e-01
3.504929840564727783e-01
8.726335316896438599e-02
3.097120523452758789e-01
9.469641745090484619e-02
3.537548184394836426e-01
2.809709310531616211e+00
3.161864280700683594e-01
2.585448622703552246e-01
1.398471146821975708e-01
4.877559244632720947e-01
0.000000000000000000e+00
3.882355093955993652e-01
3.542961478233337402e-01
1.159580275416374207e-01
6.448274105787277222e-02
1.651891708374023438e+00
3.439702838659286499e-02
2.560434937477111816e-01
7.959614694118499756e-02
2.039293497800827026e-01
4.010912775993347168e-01
1.998787559568881989e-02
2.183276973664760590e-02
2.911190390586853027e-01
1.189478874206542969e+00
8.013573288917541504e-01
6.136978864669799805e-01
1.125681474804878235e-01
2.750713936984539032e-02
8.655067086219787598e-01
1.678293794393539429e-01
2.963682413101196289e-01
9.161450713872909546e-02
1.799559444189071655e-01
4.472174122929573059e-02
3.628332912921905518e-02
1.265680491924285889e-01
3.998244106769561768e-01
1.878695785999298096e-01
6.656720042228698730e-01
2.333599627017974854e-01
2.704484760761260986e-01
1.050386786460876465e+00
1.140666842460632324e+00
1.764162927865982056e-01
1.192488614469766617e-02
2.720935270190238953e-03
0.000000000000000000e+00
4.294791817665100098e-02
2.268936857581138611e-02
3.054217435419559479e-02
0.000000000000000000e+00
2.800513803958892822e-02
1.007064878940582275e-01
2.378997951745986938e-02
1.767429523169994354e-02
6.570235490798950195e-01
4.448601603507995605e-02
1.226931661367416382e-01
6.987100094556808472e-02
1.094978228211402893e-01
2.181085050106048584e-01
6.576903630048036575e-03
9.842734336853027344e-01
3.444982320070266724e-02
5.139601826667785645e-01
4.433711171150207520e-01
0.000000000000000000e+00
7.319841980934143066e-01
8.512931317090988159e-02
1.254157543182373047e+00
2.061139345169067383e+00
1.049126267433166504e+00
1.437297314405441284e-01
8.622092753648757935e-02
3.244938552379608154e-01
2.567133903503417969e-01
0.000000000000000000e+00
1.372317820787429810e-01
5.659393966197967529e-03
3.189366310834884644e-02
6.032608747482299805e-01
9.094636142253875732e-02
6.027719378471374512e-02
0.000000000000000000e+00
2.166798338294029236e-03
7.749447226524353027e-01
8.730119466781616211e-01
1.088656544685363770e+00
8.183654397726058960e-02
2.609586343169212341e-03
9.019239246845245361e-02
1.264756023883819580e-01
5.170140787959098816e-02
3.153063356876373291e-01
1.031259179115295410e+00
0.000000000000000000e+00
2.085522174835205078e+00
1.490744501352310181e-01
7.139760255813598633e-01
1.866061799228191376e-02
2.121774703264236450e-01
0.000000000000000000e+00
1.052858680486679077e-01
2.260695956647396088e-02
2.179798930883407593e-01
4.263574182987213135e-01
9.839780330657958984e-01
0.000000000000000000e+00
0.000000000000000000e+00
1.146924495697021484e+00
1.222463697195053101e-01
8.238477110862731934e-01
6.477775424718856812e-02
7.540448307991027832e-01
1.134893417358398438e+00
3.423999547958374023e-01
1.484115570783615112e-01
