1.705439984798431396e-01
3.413155972957611084e-01
0.000000000000000000e+00
9.545583128929138184e-01
3.224803805351257324e-01
2.430754750967025757e-01
3.907735347747802734e-01
1.928515583276748657e-01
9.073688834905624390e-02
4.775616645812988281e+00
0.000000000000000000e+00
1.094981580972671509e-01
5.383516661822795868e-03
0.000000000000000000e+00
1.456236720085144043e+00
1.458917379379272461e+00
6.471784114837646484e-01
1.184422224760055542e-01
8.222001791000366211e-01
3.743620216846466064e-01
3.264929726719856262e-02
1.653741002082824707e-01
1.190501172095537186e-02
2.621631324291229248e-02
6.373614072799682617e-01
3.720804676413536072e-02
1.027678772807121277e-01
2.805388569831848145e-01
4.014790952205657959e-01
1.959111690521240234e-01
4.113127291202545166e-02
1.368159148842096329e-02
2.958796024322509766e-01
1.000197529792785645e-01
2.481257170438766479e-02
1.354193806648254395e+00
7.843054085969924927e-02
1.683279573917388916e-01
3.672656416893005371e-02
4.295120388269424438e-02
2.041516825556755066e-02
2.463624328374862671e-01
6.517866626381874084e-03
1.917248487472534180e+00
0.000000000000000000e+00
4.351712996140122414e-04
3.606135249137878418e-01
1.359784752130508423e-01
5.851887464523315430e-01
4.696784019470214844e-01
0.000000000000000000e+00
2.197813242673873901e-01
7.235346436500549316e-01
2.290724962949752808e-01
6.655175089836120605e-01
2.783713340759277344e-01
0.000000000000000000e+00
6.979472190141677856e-02
0.000000000000000000e+00
1.554418206214904785e-01
1.994369149208068848e+00
3.201249241828918457e-01
3.553341329097747803e-01
0.000000000000000000e+00
4.370063304901123047e+00
1.357948780059814453e+00
3.574671149253845215e-01
4.318090677261352539e-01
0.000000000000000000e+00
9.555950760841369629e-03
5.744270235300064087e-02
1.694937467575073242e+00
1.573238894343376160e-02
6.864597797393798828e-01
8.480663411319255829e-03
1.546639561653137207e+00
2.324637174606323242e-01
2.214965783059597015e-02
1.220246553421020508e-01
0.000000000000000000e+00
1.605063915252685547e+00
1.700311750173568726e-01
7.032947242259979248e-02
4.812879264354705811e-01
2.094307392835617065e-01
5.167373456060886383e-03
0.000000000000000000e+00
0.000000000000000000e+00
0.000000000000000000e+00
4.201609194278717041e-01
2.093871682882308960e-02
1.593050733208656311e-02
0.000000000000000000e+00
1.494134683161973953e-02
1.451607197523117065e-01
1.380464583635330200e-01
5.748549699783325195e-01
1.087135225534439087e-01
1.444868296384811401e-01
4.738819003105163574e-01
1.668862998485565186e-02
8.405039906501770020e-01
5.186390876770019531e+00
1.267225742340087891e-01
8.483438938856124878e-02
2.325357869267463684e-02
1.924990117549896240e-01
0.000000000000000000e+00
0.000000000000000000e+00
4.808768749237060547e+00
0.000000000000000000e+00
8.902302980422973633e-01
1.210461258888244629e+00
1.665925621986389160e+00
7.305092811584472656e-01
5.716578662395477295e-02
7.320804148912429810e-02
9.862395934760570526e-03
3.856525570154190063e-02
1.073005050420761108e-01
1.912844926118850708e-02
7.484880685806274414e-01
1.440803408622741699e+00
1.156661659479141235e-02
1.337345242500305176e-01
0.000000000000000000e+00
1.931617558002471924e-01
1.128663495182991028e-01
9.796887636184692383e-02
4.221166968345642090e-01
9.386102855205535889e-02
0.000000000000000000e+00
1.165075227618217468e-01
1.287652179598808289e-03
4.862344563007354736e-01
1.637374043639283627e-05
1.291833221912384033e-01
6.021334528923034668e-01
1.688089489936828613e+00
2.197825722396373749e-02
4.636249244213104248e-01
1.231701895594596863e-01
8.890352398157119751e-02
8.498185127973556519e-02
6.889355182647705078e-02
0.000000000000000000e+00
1.120076656341552734e+00
1.123397126793861389e-01
3.070974051952362061e-01
0.000000000000000000e+00
3.017131611704826355e-02
1.547480374574661255e-01
2.057660929858684540e-02
7.887240499258041382e-02
4.865546226501464844e-01
0.000000000000000000e+00
2.659490406513214111e-01
7.885796427726745605e-01
0.000000000000000000e+00
7.546535693109035492e-03
3.853302001953125000e-01
4.209553003311157227e-01
3.248164430260658264e-02
9.184207022190093994e-02
1.457765549421310425e-01
9.786877036094665527e-01
1.496426910161972046e-01
0.000000000000000000e+00
1.362883746623992920e-01
2.189142256975173950e-01
7.397136092185974121e-02
0.000000000000000000e+00
5.468879342079162598e-01
1.279714517295360565e-02
8.094727993011474609e-02
1.882042586803436279e-01
0.000000000000000000e+00
5.372431874275207520e-01
1.384087800979614258e-01
7.576188445091247559e-02
6.896661520004272461e-01
2.384589016437530518e-01
2.908787131309509277e-01
1.796267330646514893e-01
5.031109228730201721e-02
5.178263783454895020e-01
3.156093508005142212e-02
1.074900627136230469e+00
7.630902691744267941e-04
2.846311330795288086e-01
0.000000000000000000e+00
5.351259931921958923e-02
1.082131937146186829e-01
2.514474391937255859e-01
2.654291689395904541e-01
1.697995424270629883e+00
3.603182360529899597e-02
3.089998662471771240e-01
1.446375995874404907e-01
2.590909600257873535e-01
9.164362400770187378e-02
1.248524114489555359e-01
1.073441654443740845e-02
1.696132421493530273e-01
1.068952441215515137e+00
2.739822626113891602e+00
1.756239980459213257e-01
3.456334024667739868e-02
9.739965945482254028e-02
3.459403514862060547e-01
1.220140531659126282e-01
0.000000000000000000e+00
5.337958224117755890e-03
0.000000000000000000e+00
2.303095720708370209e-02
0.000000000000000000e+00
7.892680168151855469e-02
1.666946411132812500e-01
6.045835465192794800e-02
1.436576060950756073e-02
0.000000000000000000e+00
8.362080901861190796e-02
2.208439826965332031e+00
5.308260321617126465e-01
0.000000000000000000e+00
4.352278709411621094e-01
7.735355198383331299e-02
1.418266743421554565e-01
8.124121278524398804e-02
0.000000000000000000e+00
4.606430418789386749e-03
8.219231665134429932e-02
1.341982364654541016e+00
1.321241557598114014e-01
2.468285411596298218e-01
3.627130985260009766e-01
6.603534333407878876e-03
8.170090615749359131e-02
4.092654958367347717e-02
1.237196102738380432e-02
0.000000000000000000e+00
0.000000000000000000e+00
1.835399679839611053e-02
9.452064633369445801e-01
1.185904890298843384e-01
1.196279004216194153e-01
6.113910079002380371e-01
3.758571147918701172e-01
1.445781905204057693e-02
2.867971658706665039e-01
9.906306862831115723e-02
1.721019595861434937e-01
6.159752234816551208e-02
7.670683413743972778e-02
2.979377806186676025e-01
0.000000000000000000e+00
8.944941163063049316e-01
5.682796705514192581e-03
6.380444020032882690e-02
1.711250245571136475e-01
3.966268897056579590e-01
7.245013117790222168e-01
1.027244422584772110e-02
3.762353062629699707e-01
2.438528835773468018e-02
1.362103372812271118e-01
1.015421841293573380e-02
3.818490728735923767e-02
1.412280350923538208e-01
2.643696069717407227e-01
4.729560017585754395e-02
1.818097829818725586e-01
9.612519145011901855e-01
3.783774375915527344e-01
8.302691578865051270e-01
1.332377433776855469e+00
7.140438556671142578e-01
0.000000000000000000e+00
4.629344046115875244e-01
7.275076117366552353e-03
4.711745679378509521e-02
2.218423187732696533e-01
2.120961621403694153e-02
5.903691649436950684e-01
1.012629270553588867e+00
3.160071074962615967e-01
1.498030871152877808e-02
1.506175938993692398e-02
7.808014750480651855e-01
4.753029048442840576e-01
1.743007540702819824e+00
0.000000000000000000e+00
7.995051145553588867e-01
1.812431961297988892e-01
2.602478861808776855e-01
2.250180207192897797e-02
0.000000000000000000e+00
0.000000000000000000e+00
2.186565399169921875e-01
2.097485028207302094e-02
0.000000000000000000e+00
3.693486452102661133e-01
4.149683415889739990e-01
3.997011780738830566e-01
6.542264670133590698e-02
1.685375161468982697e-02
1.591412782669067383e+00
3.212903439998626709e-02
6.389332413673400879e-01
0.000000000000000000e+00
1.311747916042804718e-02
4.815432429313659668e-02
0.000000000000000000e+00
0.000000000000000000e+00
2.849043011665344238e-01
7.572480291128158569e-02
4.667574763298034668e-01
0.000000000000000000e+00
9.991448372602462769e-02
4.815690964460372925e-02
8.387088775634765625e-02
3.391152322292327881e-01
6.316385865211486816e-01
0.000000000000000000e+00
7.865330576896667480e-02
3.324809074401855469e-01
0.000000000000000000e+00
6.174421682953834534e-02
8.978973329067230225e-02
3.549750149250030518e-01
5.204612612724304199e-01
2.009220361709594727e+00
1.657561063766479492e-01
5.158234238624572754e-01
1.598896622657775879e+00
2.063427353277802467e-03
0.000000000000000000e+00
9.546928107738494873e-02
0.000000000000000000e+00
5.631773471832275391e-01
6.782802194356918335e-02
2.101192027330398560e-01
1.469929143786430359e-02
1.582434177398681641e-01
0.000000000000000000e+00
0.000000000000000000e+00
5.580386146903038025e-03
1.054379463195800781e+00
1.767839491367340088e-01
1.067776978015899658e-01
1.332189440727233887e-01
4.464623704552650452e-02
1.091124773025512695e+00
9.465540945529937744e-02
5.468324422836303711e-01
0.000000000000000000e+00
2.509840577840805054e-02
0.000000000000000000e+00
0.000000000000000000e+00
7.009285092353820801e-01
3.442849591374397278e-02
4.541188478469848633e-01
9.166754782199859619e-02
1.785123255103826523e-03
0.000000000000000000e+00
3.733155876398086548e-02
1.218392252922058105e+00
9.649889171123504639e-02
0.000000000000000000e+00
2.251534909009933472e-01
1.978748440742492676e-01
1.508545041084289551e+00
0.000000000000000000e+00
3.243547081947326660e-01
1.087915062904357910e+00
1.127200573682785034e-02
5.736827850341796875e-02
0.000000000000000000e+00
1.331021547317504883e+00
5.877760704606771469e-03
5.457000732421875000e-01
3.103456646203994751e-02
4.078943729400634766e-01
5.301310494542121887e-02
2.049997746944427490e-01
0.000000000000000000e+00
0.000000000000000000e+00
2.195744402706623077e-02
1.931584626436233521e-01
6.046037189662456512e-03
1.028092026710510254e+00
4.445134699344635010e-01
1.299556493759155273e-01
3.388920053839683533e-02
5.819492787122726440e-02
7.056125640869140625e+00
7.698262929916381836e-01
2.650345861911773682e-01
1.100322753190994263e-01
4.620006307959556580e-02
6.041413918137550354e-02
0.000000000000000000e+00
0.000000000000000000e+00
2.790372371673583984e-01
1.124945282936096191e-01
4.131144285202026367e-01
1.093328520655632019e-01
6.726998090744018555e-01
1.104405641555786133e+00
7.021676003932952881e-02
1.036482602357864380e-01
7.199943065643310547e-02
5.030287429690361023e-02
2.864043116569519043e-01
4.717737734317779541e-01
5.406200140714645386e-02
0.000000000000000000e+00
4.386801272630691528e-02
8.709058910608291626e-02
4.554045796394348145e-01
0.000000000000000000e+00
1.083363294601440430e-01
2.291827052831649780e-01
2.676809392869472504e-02
0.000000000000000000e+00
7.226816415786743164e-01
1.493885874748229980e+00
2.994259297847747803e-01
7.405677437782287598e-02
7.443273067474365234e-01
2.320469856262207031e+00
6.242832541465759277e-02
4.231009185314178467e-01
0.000000000000000000e+00
2.654618024826049805e-01
9.751502275466918945e-01
2.877187170088291168e-02
2.488930150866508484e-02
0.000000000000000000e+00
1.229707151651382446e-01
7.364858873188495636e-03
2.660951390862464905e-02
0.000000000000000000e+00
3.287666738033294678e-01
8.108231425285339355e-01
8.808920979499816895e-01
3.738884814083576202e-03
5.532269924879074097e-02
0.000000000000000000e+00
0.000000000000000000e+00
0.000000000000000000e+00
7.407164201140403748e-03
3.340684249997138977e-02
1.064713716506958008e+00
5.715186148881912231e-02
3.647275567054748535e-01
8.469670414924621582e-01
1.055382251739501953e+00
5.843814015388488770e-01
5.110516026616096497e-02
7.393297553062438965e-02
6.565318703651428223e-01
5.789148434996604919e-02
2.478983625769615173e-02
1.022167578339576721e-01
1.325340867042541504e+00
6.079955957829952240e-03
2.187363058328628540e-02
1.976278722286224365e-01
1.276507019996643066e+00
6.782627701759338379e-01
1.069633603096008301e+00
3.734354376792907715e-01
1.575461924076080322e-01
8.194229602813720703e-01
1.644680380821228027e+00
1.036603003740310669e-01
1.664025038480758667e-01
1.645936727523803711e+00
2.200007885694503784e-01
8.383356034755706787e-02
7.559868693351745605e-02
1.127563789486885071e-01
8.213068246841430664e-01
2.135886400938034058e-01
0.000000000000000000e+00
6.228714715689420700e-03
7.591686844825744629e-01
5.998055934906005859e-01
0.000000000000000000e+00
9.317566156387329102e-01
7.814902812242507935e-02
0.000000000000000000e+00
4.347740411758422852e-01
3.309236839413642883e-02
1.498118638992309570e-01
4.666445255279541016e-01
3.284071922302246094e+00
3.565264344215393066e-01
4.863965790718793869e-03
0.000000000000000000e+00
0.000000000000000000e+00
0.000000000000000000e+00
0.000000000000000000e+00
1.756211519241333008e+00
3.807194065302610397e-03
3.028836250305175781e-01
9.540363214910030365e-03
1.492341995239257812e+00
0.000000000000000000e+00
1.709455847740173340e+00
1.749575883150100708e-02
4.814691245555877686e-01
4.696148335933685303e-01
2.128243684768676758e+00
0.000000000000000000e+00
3.961762666702270508e+00
6.128122210502624512e-01
3.730969969183206558e-03
2.258683741092681885e-01
2.733561443164944649e-03
1.171005517244338989e-01
3.050709664821624756e-01
1.968545198440551758e+00
0.000000000000000000e+00
8.965683579444885254e-01
0.000000000000000000e+00
3.143441304564476013e-02
3.892402350902557373e-01
1.865864545106887817e-01
2.427804321050643921e-01
4.563591480255126953e-01
1.020601630210876465e+00
2.112108021974563599e-01
1.164073348045349121e+00
1.890047788619995117e-01
2.502350136637687683e-02
2.692392766475677490e-01
4.612533375620841980e-02
1.251175642013549805e+00
0.000000000000000000e+00
2.773848176002502441e-01
7.580526173114776611e-02
0.000000000000000000e+00
1.938109286129474640e-02
1.447042170912027359e-02
3.040169239044189453e+00
0.000000000000000000e+00
9.673351421952247620e-03
4.417068958282470703e-01
8.040133118629455566e-02
3.457942605018615723e-01
7.191387563943862915e-02
0.000000000000000000e+00
1.019687950611114502e-01
9.901422262191772461e-02
1.320895105600357056e-01
3.330543264746665955e-02
3.380486741662025452e-02
3.030278533697128296e-02
2.403120040893554688e+00
1.059722434729337692e-02
8.041080832481384277e-01
2.912638243287801743e-03
6.722495891153812408e-03
1.553813964128494263e-01
4.587454348802566528e-02
1.196522042155265808e-01
2.149973995983600616e-02
3.385879099369049072e-01
4.527469873428344727e-01
1.087897568941116333e-01
5.550300702452659607e-02
6.083996891975402832e-01
2.989261150360107422e+00
6.031988263130187988e-01
0.000000000000000000e+00
1.446577161550521851e-01
3.514649569988250732e-01
2.452266216278076172e-02
3.239812552928924561e-01
1.303700208663940430e-01
0.000000000000000000e+00
5.270973592996597290e-02
0.000000000000000000e+00
6.821939945220947266e-01
2.086984217166900635e-01
4.481013119220733643e-01
1.855450421571731567e-01
1.532839983701705933e-02
3.527429103851318359e-01
1.573081016540527344e-01
0.000000000000000000e+00
6.300278306007385254e-01
1.945817284286022186e-02
3.971536457538604736e-02
0.000000000000000000e+00
2.143273830413818359e+00
8.546066284179687500e-01
4.391156733036041260e-01
2.344734668731689453e-01
3.174841105937957764e-01
1.019084528088569641e-01
3.712283611297607422e+00
1.225871667265892029e-01
0.000000000000000000e+00
6.057580560445785522e-02
3.610709011554718018e-01
1.594200134277343750e-01
9.224683046340942383e-01
4.479267075657844543e-02
7.927155494689941406e-02
1.192028634250164032e-02
1.792140454053878784e-01
2.470927685499191284e-01
1.102746248245239258e+00
5.181886628270149231e-02
7.096899207681417465e-03
4.339323937892913818e-01
5.899447798728942871e-01
2.587166726589202881e-01
1.746031455695629120e-02
0.000000000000000000e+00
0.000000000000000000e+00
1.816837117075920105e-02
6.765971183776855469e-01
1.536002457141876221e-01
2.739278972148895264e-01
1.587128192186355591e-01
5.100145936012268066e-01
2.992535531520843506e-01
3.014028258621692657e-02
8.265093564987182617e-01
0.000000000000000000e+00
1.602788567543029785e-01
0.000000000000000000e+00
2.599795535206794739e-02
2.395498566329479218e-02
2.265644520521163940e-01
4.091766104102134705e-02
6.139889955520629883e-01
5.258448123931884766e-01
1.365267872810363770e+00
1.013106584548950195e+00
1.846500277519226074e+00
3.372840881347656250e-01
2.685347385704517365e-02
0.000000000000000000e+00
2.270611003041267395e-02
1.510062664747238159e-01
3.657777607440948486e-01
1.661627367138862610e-02
1.387789845466613770e+00
5.129616260528564453e+00
0.000000000000000000e+00
6.016255542635917664e-02
2.857045829296112061e-01
1.428773850202560425e-01
9.107285737991333008e-02
4.075392484664916992e-01
3.342902421951293945e+00
0.000000000000000000e+00
4.598628878593444824e-01
4.561595916748046875e-01
4.958279430866241455e-02
2.973875999450683594e-01
7.899525761604309082e-02
9.844950586557388306e-02
6.898534484207630157e-03
1.969045549631118774e-01
5.063387006521224976e-02
8.565082401037216187e-02
2.924966216087341309e-01
7.014399766921997070e-01
8.196623064577579498e-03
6.596393883228302002e-02
2.065799713134765625e+00
3.352495431900024414e-01
0.000000000000000000e+00
4.925679042935371399e-02
3.727446123957633972e-02
0.000000000000000000e+00
2.921001240611076355e-02
5.988555029034614563e-02
2.271946072578430176e-01
0.000000000000000000e+00
6.546052694320678711e-01
0.000000000000000000e+00
6.334350258111953735e-02
0.000000000000000000e+00
4.988501071929931641e-01
0.000000000000000000e+00
4.815387073904275894e-03
5.469345450401306152e-01
0.000000000000000000e+00
6.048452109098434448e-02
6.697114557027816772e-02
2.774579636752605438e-02
5.304970145225524902e-01
2.622392475605010986e-01
3.454411745071411133e+00
6.084194779396057129e-02
6.547883152961730957e-02
1.930517405271530151e-01
1.505090855062007904e-02
1.923574879765510559e-02
0.000000000000000000e+00
4.694577679038047791e-02
1.942225992679595947e-01
1.509601473808288574e-01
5.937681533396244049e-03
4.191113710403442383e-01
7.602751255035400391e-02
7.249740362167358398e-01
6.776639260351657867e-03
1.831808537244796753e-01
3.683966025710105896e-02
2.801296114921569824e-01
2.340073138475418091e-01
0.000000000000000000e+00
1.399478465318679810e-01
4.058979079127311707e-02
9.180320799350738525e-02
8.499138802289962769e-02
5.417979359626770020e-01
1.590399593114852905e-01
6.701874732971191406e-02
3.860861361026763916e-01
6.276478767395019531e-01
0.000000000000000000e+00
0.000000000000000000e+00
3.229247638955712318e-03
4.164586067199707031e-01
1.499250411987304688e+00
3.535500913858413696e-02
0.000000000000000000e+00
3.143383190035820007e-02
4.134614765644073486e-01
5.187012627720832825e-02
9.043847024440765381e-02
2.187048673629760742e+00
4.017644524574279785e-01
0.000000000000000000e+00
9.366627782583236694e-02
1.189474582672119141e+00
2.627477049827575684e-01
3.431588113307952881e-01
5.930761694908142090e-01
8.323369920253753662e-02
4.243431091308593750e-01
1.037707448005676270e+00
1.956958919763565063e-01
4.748603701591491699e-02
3.334367647767066956e-03
1.248992234468460083e-02
7.654670476913452148e-01
4.370612204074859619e-01
7.220298051834106445e-02
9.454566836357116699e-01
3.522706404328346252e-02
0.000000000000000000e+00
3.545272350311279297e-01
1.201694551855325699e-02
2.504451274871826172e-01
1.579716056585311890e-01
5.160900950431823730e-02
2.887101098895072937e-02
0.000000000000000000e+00
3.918126821517944336e-01
2.495097875595092773e+00
2.452403679490089417e-02
0.000000000000000000e+00
1.746481843292713165e-02
4.514670968055725098e-01
2.279085159301757812e+00
8.500264883041381836e-01
2.519016526639461517e-02
4.743986204266548157e-02
2.091425180435180664e+00
6.013873964548110962e-02
2.752859592437744141e-01
1.184775382280349731e-01
1.409642398357391357e-01
1.924568414688110352e-01
1.947750896215438843e-01
7.379240542650222778e-02
1.042298972606658936e-01
1.080299973487854004e+00
1.355379581451416016e+00
1.278570413589477539e+00
2.549134790897369385e-01
0.000000000000000000e+00
1.970955543220043182e-02
6.280965805053710938e-01
6.194066405296325684e-01
5.971315503120422363e-02
4.552442207932472229e-02
0.000000000000000000e+00
3.539386689662933350e-01
1.858901977539062500e+00
8.112550526857376099e-02
1.740338504314422607e-01
0.000000000000000000e+00
5.508566391654312611e-04
1.086774170398712158e-01
3.861327096819877625e-02
0.000000000000000000e+00
1.667978763580322266e+00
2.542460441589355469e+00
1.138035804033279419e-01
4.616334140300750732e-01
5.284445881843566895e-01
0.000000000000000000e+00
2.202610522508621216e-01
3.446168005466461182e-01
6.738203167915344238e-01
3.301657736301422119e-01
5.340431258082389832e-02
8.761027455329895020e-02
5.246289819478988647e-02
5.291195958852767944e-02
2.091767638921737671e-01
0.000000000000000000e+00
4.267401993274688721e-02
0.000000000000000000e+00
8.300415277481079102e-01
1.352017521858215332e-01
0.000000000000000000e+00
9.029098600149154663e-02
2.540282487869262695e+00
0.000000000000000000e+00
5.960634909570217133e-03
7.925582677125930786e-02
5.452387928962707520e-01
8.561175316572189331e-03
1.195148900151252747e-01
1.357805728912353516e+00
1.803607791662216187e-01
0.000000000000000000e+00
9.473327398300170898e-01
4.270138218998908997e-02
3.561389446258544922e+00
9.876658022403717041e-02
2.027782797813415527e-02
1.753773167729377747e-02
3.916311562061309814e-01
1.990249007940292358e-02
1.077919676899909973e-01
7.143567204475402832e-01
3.068671748042106628e-02
2.152819633483886719e+00
4.008526913821697235e-03
9.240231513977050781e-01
1.251586228609085083e-01
1.230132803320884705e-01
1.041079685091972351e-02
1.122683644294738770e+00
1.227854788303375244e-01
4.496829807758331299e-01
1.334160268306732178e-01
5.009226202964782715e-01
0.000000000000000000e+00
7.087756395339965820e-01
3.910082280635833740e-01
5.573134422302246094e-01
1.390028148889541626e-01
1.502274125814437866e-01
2.856789827346801758e-01
0.000000000000000000e+00
3.061386108398437500e+00
3.500321507453918457e-01
0.000000000000000000e+00
8.455270528793334961e-02
0.000000000000000000e+00
5.701631307601928711e-02
3.035547211766242981e-02
2.327873706817626953e-01
0.000000000000000000e+00
7.518717646598815918e-02
3.999728709459304810e-02
7.688000053167343140e-02
3.914649784564971924e-02
6.470973044633865356e-02
1.293122172355651855e-01
6.095470786094665527e-01
6.210714578628540039e-01
1.864987909793853760e-01
2.330584973096847534e-01
6.499041914939880371e-01
1.574909090995788574e-01
1.299781322479248047e+00
6.376931816339492798e-02
5.579587072134017944e-03
0.000000000000000000e+00
9.336125850677490234e-01
0.000000000000000000e+00
3.295721709728240967e-01
9.782981127500534058e-02
6.862757354974746704e-02
1.570195108652114868e-01
1.219065114855766296e-01
5.724765062332153320e-01
1.458142846822738647e-01
5.289879161864519119e-03
5.747582912445068359e-01
2.449744939804077148e+00
7.677655220031738281e-01
1.171175003051757812e+00
2.004075497388839722e-01
3.730401769280433655e-02
0.000000000000000000e+00
3.241527080535888672e-01
1.295335412025451660e+00
1.439434662461280823e-02
5.229282975196838379e-01
1.526559609919786453e-02
1.912697963416576385e-02
0.000000000000000000e+00
3.014651238918304443e-01
1.831616163253784180e-01
5.492039490491151810e-03
9.654735028743743896e-02
3.918076679110527039e-02
1.614582300186157227e+00
6.133937239646911621e-01
1.734440684318542480e+00
3.567109823226928711e+00
5.604212880134582520e-01
0.000000000000000000e+00
3.293015360832214355e-01
1.152800917625427246e-01
2.118420414626598358e-02
1.848238110542297363e-01
1.534392237663269043e+00
7.684390544891357422e-01
5.558770149946212769e-02
0.000000000000000000e+00
0.000000000000000000e+00
3.675673305988311768e-01
9.724073857069015503e-02
2.221298217773437500e-01
4.810811281204223633e-01
3.313874304294586182e-01
3.958647698163986206e-02
0.000000000000000000e+00
5.268742442131042480e-01
4.897279664874076843e-02
1.028921842575073242e+00
2.485642209649085999e-02
1.533310767263174057e-02
1.270820051431655884e-01
9.464170336723327637e-01
6.023120507597923279e-02
3.532065078616142273e-02
2.967890501022338867e-01
0.000000000000000000e+00
1.612626016139984131e-01
7.936744391918182373e-02
2.957620471715927124e-02
6.895287036895751953e-01
1.990804910659790039e+00
4.282964468002319336e-01
6.878340840339660645e-01
1.490483991801738739e-02
2.349591068923473358e-02
5.596600174903869629e-01
4.332837834954261780e-02
1.026936292648315430e+00
7.678604125976562500e-01
4.802473634481430054e-02
7.046221494674682617e-01
7.994552254676818848e-01
4.153178334236145020e-01
3.077731728553771973e-01
5.628367885947227478e-02
2.788484990596771240e-01
5.374528765678405762e-01
5.513777732849121094e-01
1.466086208820343018e-01
2.975225448608398438e-03
3.207876384258270264e-01
4.300835728645324707e-02
5.458975434303283691e-01
1.318972185254096985e-02
2.687028050422668457e-01
1.940022945404052734e+00
1.098123844712972641e-02
0.000000000000000000e+00
6.562471389770507812e-02
1.634304784238338470e-02
2.002911329269409180e+00
3.396508097648620605e-01
1.591742932796478271e-01
5.571191906929016113e-01
8.792374134063720703e-01
0.000000000000000000e+00
1.943554639816284180e+00
2.160172164440155029e-01
4.602399468421936035e-01
8.866374492645263672e-01
1.405345974490046501e-03
2.331793457269668579e-01
0.000000000000000000e+00
2.763505838811397552e-02
6.420341730117797852e-01
9.720410406589508057e-02
0.000000000000000000e+00
3.100075721740722656e-01
2.110421098768711090e-02
1.351444125175476074e+00
1.750244617462158203e+00
2.959429323673248291e-01
4.701063930988311768e-01
1.073587894439697266e+00
1.223593592643737793e+00
5.268610268831253052e-02
1.743679046630859375e-01
5.270661115646362305e-01
2.765377461910247803e-01
3.746574223041534424e-01
1.668412797152996063e-02
5.321850255131721497e-02
2.427170984447002411e-02
7.565035820007324219e-01
2.993159294128417969e-01
8.089227601885795593e-03
6.020653843879699707e-01
1.657018810510635376e-01
1.565281490911729634e-05
2.158435732126235962e-01
4.376059025526046753e-02
1.714252352714538574e+00
5.738538503646850586e-01
7.397336512804031372e-02
5.051577836275100708e-02
8.422129154205322266e-01
0.000000000000000000e+00
5.325050950050354004e-01
2.149342186748981476e-02
4.355276376008987427e-02
1.393369585275650024e-01
1.100006476044654846e-01
5.450789928436279297e-01
2.906193137168884277e-01
2.458529621362686157e-01
3.968383669853210449e-01
8.607004284858703613e-01
1.101681113243103027e+00
4.144293069839477539e-01
1.004298210144042969e+00
9.114084392786026001e-02
2.009082317352294922e+00
0.000000000000000000e+00
8.584623783826828003e-02
3.721647337079048157e-02
4.171203374862670898e-01
4.652425050735473633e-01
5.063859820365905762e-01
0.000000000000000000e+00
3.792718350887298584e-01
3.819745182991027832e-01
9.311926960945129395e-01
1.631016284227371216e-01
1.589601188898086548e-01
2.152046374976634979e-02
6.986101716756820679e-02
3.288183826953172684e-03
0.000000000000000000e+00
3.898427821695804596e-03
4.627740681171417236e-01
1.613139152526855469e+00
7.506384849548339844e-01
1.563805788755416870e-01
1.487161755561828613e+00
2.219320535659790039e-01
1.370617281645536423e-02
7.529456615447998047e-01
1.393548119813203812e-02
1.060958981513977051e+00
6.716520190238952637e-01
9.034249186515808105e-01
4.772250354290008545e-02
9.471029974520206451e-03
5.556118860840797424e-02
1.055677384138107300e-01
1.154836937785148621e-01
2.047287225723266602e-01
0.000000000000000000e+00
5.592989921569824219e-01
6.329832971096038818e-02
1.738169342279434204e-01
1.177652716636657715e+00
3.081607632339000702e-02
8.875017613172531128e-02
1.883587688207626343e-01
6.477973889559507370e-03
4.793581366539001465e-02
2.769853174686431885e-01
3.711789846420288086e-01
4.330010414123535156e-01
5.953726172447204590e-02
1.529771834611892700e-01
0.000000000000000000e+00
1.368136107921600342e-01
0.000000000000000000e+00
0.000000000000000000e+00
0.000000000000000000e+00
6.159780547022819519e-02
2.132743149995803833e-01
3.736761212348937988e-02
3.067980706691741943e-02
9.718848019838333130e-02
5.587524175643920898e-02
8.163312077522277832e-02
1.933763027191162109e+00
2.786348760128021240e-02
7.426955699920654297e-01
1.044531106948852539e+00
1.703238487243652344e+00
6.968268752098083496e-01
1.724200695753097534e-01
8.429042994976043701e-03
8.431177586317062378e-03
7.290774583816528320e-02
4.183661043643951416e-01
5.216309055685997009e-02
3.738424479961395264e-01
3.989717960357666016e-01
3.491232693195343018e-01
2.408308908343315125e-02
1.325782299041748047e+00
2.781567350029945374e-02
9.581529498100280762e-01
8.175782859325408936e-02
1.823694944381713867e+00
4.973713755607604980e-01
8.073865175247192383e-01
1.258496999740600586e+00
0.000000000000000000e+00
5.759792774915695190e-02
2.315707132220268250e-02
2.407956600189208984e+00
1.517023239284753799e-02
1.044048741459846497e-01
0.000000000000000000e+00
2.728414535522460938e-01
2.950812876224517822e-02
1.230219826102256775e-01
1.931854844093322754e+00
7.008697837591171265e-03
6.097920122556388378e-04
5.395613145083189011e-03
1.021070703864097595e-01
3.874474763870239258e-01
1.545929932035505772e-03
1.502666771411895752e-01
2.233031541109085083e-01
0.000000000000000000e+00
2.307293377816677094e-02
0.000000000000000000e+00
6.494805812835693359e-01
1.313383225351572037e-02
9.731813669204711914e-01
9.184521436691284180e-01
1.151295542716979980e+00
9.850191473960876465e-01
9.970563650131225586e-02
0.000000000000000000e+00
7.692798227071762085e-02
3.018640279769897461e-01
2.685268521308898926e-01
2.533029019832611084e-01
1.723085492849349976e-01
3.996629267930984497e-02
0.000000000000000000e+00
3.560558333992958069e-02
3.817086517810821533e-01
5.126702189445495605e-01
5.934096500277519226e-02
9.804775938391685486e-03
1.031626202166080475e-02
1.153723336756229401e-02
4.372866824269294739e-02
2.973727285861968994e-01
8.441379070281982422e-01
4.146207123994827271e-03
1.410494297742843628e-01
0.000000000000000000e+00
5.449498891830444336e-01
2.535976469516754150e-01
2.711526453495025635e-01
2.318404018878936768e-01
1.069539636373519897e-01
2.632652968168258667e-02
1.223199069499969482e-02
5.936950445175170898e-02
0.000000000000000000e+00
3.977875411510467529e-02
7.720520496368408203e-01
0.000000000000000000e+00
1.554160658270120621e-02
5.470812320709228516e-01
1.098349541425704956e-01
8.193649053573608398e-01
5.267676711082458496e-01
0.000000000000000000e+00
2.147810347378253937e-02
3.842529356479644775e-01
0.000000000000000000e+00
3.038788735866546631e-01
1.999398469924926758e-01
4.150981605052947998e-01
5.247588455677032471e-02
1.377812474966049194e-01
5.235474705696105957e-01
2.196434885263442993e-01
1.612861156463623047e-01
6.308062374591827393e-02
4.707539677619934082e-01
0.000000000000000000e+00
1.185029596090316772e-01
2.259829938411712646e-01
1.567000269889831543e+00
1.255506742745637894e-02
0.000000000000000000e+00
1.157739400863647461e+00
7.008371502161026001e-02
3.661047294735908508e-02
3.441935032606124878e-02
1.240901201963424683e-01
4.792157709598541260e-01
3.480624780058860779e-02
4.510251581668853760e-01
6.830272078514099121e-02
1.054458737373352051e+00
8.908610939979553223e-01
1.299256443977355957e+00
2.012310782447457314e-03
7.968180179595947266e-01
1.007730007171630859e+00
5.894552469253540039e-01
0.000000000000000000e+00
3.469681739807128906e-02
0.000000000000000000e+00
1.662531495094299316e-01
3.865501657128334045e-02
1.138162147253751755e-02
8.451674580574035645e-01
1.133802652359008789e+00
6.067870184779167175e-02
3.775749921798706055e+00
6.237403750419616699e-01
1.327623277902603149e-01
1.334454417228698730e-01
4.951120615005493164e-01
3.716420382261276245e-03
4.395238310098648071e-02
4.570918083190917969e+00
0.000000000000000000e+00
2.760778963565826416e-01
4.282112419605255127e-02
4.653183221817016602e-01
0.000000000000000000e+00
0.000000000000000000e+00
0.000000000000000000e+00
7.239117752760648727e-03
4.345775544643402100e-01
7.733647823333740234e-01
2.093959599733352661e-01
0.000000000000000000e+00
1.324936654418706894e-02
1.197571009397506714e-01
3.620717525482177734e-01
7.634962201118469238e-01
8.502794057130813599e-02
1.164325118064880371e+00
3.232374414801597595e-02
2.984972298145294189e-01
1.426272839307785034e-01
3.588531315326690674e-01
2.511907219886779785e-01
7.057078927755355835e-02
9.163961559534072876e-02
1.124907750636339188e-02
8.667305856943130493e-02
2.964376807212829590e-01
3.085386753082275391e-01
5.445163697004318237e-02
0.000000000000000000e+00
8.011496625840663910e-03
1.208012178540229797e-02
5.243226885795593262e-01
0.000000000000000000e+00
5.644103288650512695e-01
1.751702725887298584e-01
4.636358618736267090e-01
7.026083767414093018e-03
5.834216475486755371e-01
7.280968129634857178e-02
1.369487792253494263e-01
0.000000000000000000e+00
4.093241691589355469e-01
3.504731953144073486e-01
1.916772872209548950e-01
4.323466122150421143e-02
0.000000000000000000e+00
8.153928816318511963e-02
0.000000000000000000e+00
2.444253116846084595e-01
0.000000000000000000e+00
0.000000000000000000e+00
1.533306837081909180e-01
1.398861706256866455e-01
1.681585162878036499e-01
1.791468239389359951e-03
1.690199673175811768e-01
1.567499935626983643e-01
7.402619123458862305e-01
5.373618602752685547e-01
1.474782228469848633e-01
9.548659436404705048e-03
5.557864308357238770e-01
2.004654705524444580e-02
0.000000000000000000e+00
5.039294958114624023e-01
2.155908346176147461e-01
8.899665474891662598e-01
8.804209828376770020e-01
6.058643460273742676e-01
8.330703526735305786e-02
7.082798480987548828e-01
5.755445957183837891e-01
0.000000000000000000e+00
5.142745375633239746e-02
1.270115524530410767e-01
1.777536869049072266e+00
0.000000000000000000e+00
1.111267805099487305e-01
2.258942276239395142e-02
1.660931259393692017e-01
0.000000000000000000e+00
2.597314357757568359e+00
1.546185731887817383e+00
7.296200394630432129e-01
3.270580619573593140e-02
1.931030154228210449e-01
0.000000000000000000e+00
4.456823691725730896e-02
0.000000000000000000e+00
2.460723556578159332e-02
9.398295283317565918e-01
1.287452783435583115e-02
4.448948055505752563e-02
5.712272524833679199e-01
3.445665836334228516e-01
5.749432742595672607e-02
4.270315170288085938e-02
6.640022397041320801e-01
0.000000000000000000e+00
8.970279991626739502e-02
1.605275422334671021e-01
9.401012957096099854e-02
8.083681017160415649e-02
9.085592627525329590e-02
2.156051397323608398e+00
2.902753353118896484e-01
5.296269059181213379e-01
1.102667570114135742e+00
1.084766983985900879e+00
1.260257810354232788e-01
1.815557479858398438e-01
9.089362621307373047e-02
3.173524856567382812e+00
1.205805540084838867e+00
1.006356030702590942e-01
1.685453504323959351e-01
6.523813605308532715e-01
4.365839809179306030e-02
1.417351961135864258e-01
5.057880282402038574e-01
4.801419675350189209e-01
6.262429058551788330e-02
5.437898635864257812e-01
5.103366971015930176e-01
0.000000000000000000e+00
5.481459200382232666e-02
1.122730877250432968e-02
2.557246983051300049e-01
4.034518003463745117e-01
5.928217172622680664e-01
4.566219151020050049e-01
1.373914182186126709e-01
7.426930218935012817e-02
0.000000000000000000e+00
1.117216110229492188e+00
0.000000000000000000e+00
4.250238239765167236e-01
1.257758885622024536e-01
1.163610935211181641e+00
0.000000000000000000e+00
4.023607447743415833e-02
0.000000000000000000e+00
0.000000000000000000e+00
1.615099161863327026e-01
1.770541906356811523e+00
4.647953212261199951e-01
6.534085273742675781e-01
0.000000000000000000e+00
2.857246994972229004e-02
4.947201609611511230e-01
0.000000000000000000e+00
0.000000000000000000e+00
1.384278297424316406e+00
0.000000000000000000e+00
1.732716113328933716e-01
5.479620099067687988e-01
0.000000000000000000e+00
3.023538365960121155e-02
2.564584016799926758e-01
1.715546846389770508e+00
9.363628178834915161e-02
0.000000000000000000e+00
3.247872740030288696e-02
0.000000000000000000e+00
8.257607221603393555e-01
1.668014675378799438e-01
1.766234934329986572e-01
1.535494774580001831e-01
6.501689553260803223e-02
2.363779768347740173e-02
0.000000000000000000e+00
1.353456974029541016e-01
2.595597803592681885e-01
6.371637433767318726e-02
2.112997472286224365e-01
5.010599493980407715e-01
0.000000000000000000e+00
4.574312210083007812e+00
2.547922611236572266e+00
4.069614410400390625e-01
9.629144519567489624e-02
3.175329044461250305e-02
6.591740995645523071e-02
0.000000000000000000e+00
2.318187803030014038e-01
2.511388622224330902e-02
8.860076218843460083e-02
2.315189540386199951e-01
1.952313003130257130e-03
2.986449934542179108e-02
9.005081653594970703e-02
0.000000000000000000e+00
1.681339859962463379e+00
5.581267476081848145e-01
2.256352663040161133e+00
0.000000000000000000e+00
1.266738623380661011e-01
0.000000000000000000e+00
4.927832186222076416e-01
0.000000000000000000e+00
9.560779435560107231e-04
1.168129779398441315e-02
6.128352284431457520e-01
1.964909732341766357e-01
0.000000000000000000e+00
1.029633641242980957e+00
1.121662855148315430e+00
0.000000000000000000e+00
1.995941251516342163e-02
4.771356284618377686e-02
7.500799000263214111e-02
1.114479005336761475e-01
0.000000000000000000e+00
1.108856797218322754e-01
2.131724730134010315e-03
7.051658034324645996e-01
2.600638568401336670e-02
0.000000000000000000e+00
8.436344563961029053e-03
1.655584216117858887e+00
0.000000000000000000e+00
4.735501483082771301e-02
5.832157656550407410e-02
2.135697454214096069e-01
1.961195170879364014e-01
8.685244917869567871e-01
2.572392225265502930e-01
1.326507423073053360e-03
6.786497235298156738e-01
2.542338334023952484e-02
5.125089287757873535e-01
5.762475077062845230e-03
9.902429883368313313e-05
0.000000000000000000e+00
5.420532822608947754e-01
2.758927345275878906e+00
0.000000000000000000e+00
4.001704156398773193e-01
0.000000000000000000e+00
2.390745878219604492e-01
6.069036722183227539e-01
2.547644078731536865e-01
2.330772764980792999e-02
1.556720584630966187e-01
6.204237416386604309e-02
2.520061433315277100e-01
0.000000000000000000e+00
9.322372078895568848e-01
3.008090257644653320e-01
0.000000000000000000e+00
6.975363194942474365e-02
2.768734395503997803e-01
1.593675613403320312e-01
8.749124407768249512e-01
2.478420734405517578e-02
3.772675395011901855e-01
1.842294819653034210e-02
1.523551583290100098e+00
0.000000000000000000e+00
6.281001120805740356e-02
2.072182446718215942e-01
1.523206233978271484e-01
2.282100170850753784e-01
3.579420745372772217e-01
2.183330357074737549e-01
6.624144315719604492e-02
5.408304333686828613e-01
4.464913904666900635e-01
1.242338791489601135e-01
6.622324585914611816e-01
4.644086658954620361e-01
2.398629486560821533e-01
8.636637032032012939e-02
2.287566423416137695e+00
1.217795088887214661e-01
0.000000000000000000e+00
1.784773021936416626e-01
2.084164172410964966e-01
9.005635976791381836e-02
9.671758115291595459e-02
1.427656710147857666e-01
4.306469261646270752e-01
6.736533343791961670e-02
9.465663135051727295e-02
8.446062207221984863e-01
5.426111444830894470e-02
0.000000000000000000e+00
1.691112518310546875e-01
7.092714309692382812e-01
7.684638351202011108e-02
1.699041575193405151e-01
2.821444533765316010e-02
9.309558570384979248e-02
2.340513765811920166e-01
1.202959537506103516e+00
9.694836288690567017e-02
1.859732344746589661e-02
1.178478151559829712e-01
0.000000000000000000e+00
1.988273859024047852e-01
1.273662131279706955e-02
1.195028662681579590e+00
1.070543050765991211e+00
3.881700336933135986e-01
8.702870458364486694e-03
3.688875734806060791e-01
2.688558697700500488e-01
7.351178646087646484e+00
0.000000000000000000e+00
3.213380277156829834e-01
6.613579392433166504e-01
3.941085934638977051e-01
2.182961106300354004e-01
3.987957835197448730e-01
6.339821219444274902e-02
1.571111232042312622e-01
4.236480966210365295e-02
1.262755274772644043e+00
6.364169716835021973e-02
0.000000000000000000e+00
2.090290486812591553e-01
2.338135957717895508e+00
2.541415020823478699e-02
3.086037039756774902e-01
6.668360903859138489e-03
1.236837706528604031e-03
1.383953690528869629e-01
1.449047029018402100e-01
6.764506548643112183e-02
8.181673288345336914e-01
1.006971597671508789e+00
3.498105704784393311e-02
4.909545555710792542e-02
1.515707969665527344e+00
7.784366011619567871e-01
8.262345939874649048e-02
1.207836270332336426e-01
9.490681886672973633e-01
3.303636014461517334e-01
2.301242649555206299e-01
5.433748960494995117e-01
2.816503308713436127e-02
2.487802654504776001e-01
4.015863835811614990e-01
3.501921594142913818e-01
8.313982933759689331e-02
6.562125682830810547e-02
1.240231871604919434e+00
8.014578372240066528e-02
1.848515868186950684e+00
8.240386098623275757e-02
3.638453781604766846e-02
2.443540394306182861e-01
7.804063707590103149e-02
5.644608754664659500e-04
1.861086964607238770e+00
1.198708638548851013e-01
8.497800230979919434e-01
6.222551316022872925e-02
4.501577466726303101e-02
0.000000000000000000e+00
2.270047366619110107e-01
8.787457346916198730e-01
3.918122351169586182e-01
1.053632020950317383e+00
0.000000000000000000e+00
5.224483832716941833e-02
2.358004897832870483e-01
4.891091346740722656e+00
5.520603060722351074e-02
9.170284494757652283e-03
1.121841222047805786e-01
2.734299004077911377e-01
4.383966028690338135e-01
1.075370788574218750e+00
1.530786752700805664e-01
0.000000000000000000e+00
5.708149634301662445e-03
0.000000000000000000e+00
8.591522928327322006e-04
1.978840082883834839e-01
8.619714528322219849e-02
2.709851250983774662e-04
1.995166420936584473e+00
3.314594626426696777e-01
3.656569123268127441e-01
0.000000000000000000e+00
3.140047937631607056e-02
5.398370325565338135e-02
0.000000000000000000e+00
6.403483152389526367e-01
2.221621386706829071e-02
1.012275964021682739e-01
3.033868502825498581e-03
1.234167963266372681e-01
5.237584188580513000e-02
2.574735321104526520e-02
1.846783310174942017e-01
2.489006705582141876e-02
4.713439941406250000e-01
0.000000000000000000e+00
4.693005979061126709e-01
1.133708596229553223e+00
2.399190664291381836e-01
5.101513490080833435e-02
2.987606525421142578e-01
0.000000000000000000e+00
3.979579731822013855e-02
5.471862554550170898e-01
1.941784471273422241e-01
0.000000000000000000e+00
2.427423000335693359e-01
3.084216825664043427e-02
6.311741471290588379e-02
3.059923350811004639e-01
1.057848408818244934e-01
3.331418614834547043e-03
3.358472511172294617e-02
0.000000000000000000e+00
1.732878386974334717e-01
1.981678605079650879e-01
4.138916730880737305e-02
5.799613595008850098e-01
0.000000000000000000e+00
2.044619917869567871e-01
1.595346778631210327e-01
4.459111392498016357e-02
2.461510896682739258e-01
2.618347406387329102e-01
2.136555267497897148e-03
1.456004530191421509e-01
1.708966679871082306e-03
2.466190606355667114e-02
0.000000000000000000e+00
1.204985380172729492e+00
1.314023137092590332e-01
1.120232790708541870e-01
1.082614898681640625e+00
2.153779566287994385e-01
5.556146614253520966e-03
1.847327649593353271e-01
6.158180832862854004e-01
9.992009401321411133e-01
6.924918293952941895e-02
1.089435666799545288e-01
7.308392971754074097e-02
0.000000000000000000e+00
1.590419858694076538e-01
1.058770157396793365e-02
5.144185572862625122e-02
2.224842458963394165e-02
5.349684953689575195e-01
6.326118856668472290e-02
2.860834598541259766e-01
4.526801109313964844e-01
0.000000000000000000e+00
2.067304134368896484e+00
5.864794254302978516e-01
1.117258295416831970e-01
8.511280268430709839e-02
4.416136145591735840e-01
4.630575656890869141e+00
0.000000000000000000e+00
5.814818665385246277e-03
9.169242382049560547e-01
1.004375934600830078e+00
2.981424564495682716e-03
2.054654210805892944e-01
6.972303986549377441e-02
7.282528281211853027e-01
2.543668270111083984e+00
4.823478404432535172e-03
1.336839318275451660e+00
1.053380370140075684e-01
2.044929265975952148e-01
1.191062182188034058e-01
1.923179149627685547e+00
9.993777871131896973e-01
9.857935458421707153e-02
0.000000000000000000e+00
2.913904190063476562e-02
0.000000000000000000e+00
2.568400930613279343e-03
4.208462834358215332e-01
8.539211936295032501e-03
2.141267806291580200e-01
7.650743424892425537e-02
2.356908023357391357e-01
2.558327279984951019e-02
1.640025138854980469e+00
2.632637135684490204e-02
1.485330704599618912e-02
4.954941570758819580e-02
1.099956631660461426e-01
0.000000000000000000e+00
7.959438115358352661e-02
8.669801950454711914e-01
8.291610283777117729e-04
0.000000000000000000e+00
3.637364506721496582e-01
7.395562529563903809e-02
0.000000000000000000e+00
3.041943609714508057e-01
1.140688806772232056e-01
3.656627833843231201e-01
0.000000000000000000e+00
7.027009725570678711e-01
2.468534559011459351e-01
2.201555818319320679e-01
7.604642771184444427e-03
0.000000000000000000e+00
7.807293534278869629e-01
1.181501865386962891e+00
3.684370964765548706e-02
0.000000000000000000e+00
2.328910231590270996e-01
9.318916499614715576e-02
2.484394013881683350e-01
6.650629639625549316e-01
3.649418950080871582e-01
6.191298365592956543e-01
7.918128967285156250e-01
3.377983346581459045e-02
4.770824685692787170e-02
0.000000000000000000e+00
3.166171014308929443e-01
8.899571299552917480e-01
2.095649242401123047e-01
3.435590863227844238e-02
6.986504793167114258e-02
0.000000000000000000e+00
1.714108139276504517e-01
8.026346564292907715e-01
0.000000000000000000e+00
1.563932448625564575e-01
8.575260639190673828e-02
1.426418572664260864e-01
8.920537233352661133e-01
3.687820583581924438e-02
2.537397742271423340e-01
0.000000000000000000e+00
0.000000000000000000e+00
5.275830030441284180e-01
4.792592953890562057e-03
5.456924811005592346e-02
0.000000000000000000e+00
2.086052745580673218e-01
8.195022493600845337e-02
0.000000000000000000e+00
9.462512135505676270e-01
6.431309878826141357e-02
5.742605403065681458e-02
1.674920916557312012e-01
2.518829703330993652e-01
2.428546845912933350e-01
8.338615298271179199e-01
0.000000000000000000e+00
2.025328278541564941e-01
9.800890833139419556e-02
2.179413437843322754e-01
1.418433897197246552e-02
7.389181852340698242e-02
2.410116910934448242e+00
1.218275800347328186e-01
0.000000000000000000e+00
1.349244594573974609e+00
0.000000000000000000e+00
8.052271604537963867e-01
1.048818305134773254e-01
3.898541331291198730e-01
4.818309471011161804e-02
8.909831941127777100e-02
0.000000000000000000e+00
3.852648437023162842e-01
1.877064257860183716e-02
2.277926951646804810e-01
3.566734492778778076e-01
2.072681933641433716e-01
2.678577601909637451e-01
0.000000000000000000e+00
1.926854550838470459e-01
2.280879914760589600e-01
1.929176926612854004e+00
4.033665060997009277e-01
0.000000000000000000e+00
2.280833572149276733e-01
1.341305732727050781e+00
2.598901510238647461e+00
9.321047109551727772e-04
0.000000000000000000e+00
5.053560137748718262e-01
0.000000000000000000e+00
5.225757956504821777e-01
6.378529667854309082e-01
6.979832053184509277e-01
6.848658621311187744e-02
1.148577705025672913e-01
2.104860842227935791e-01
1.686278730630874634e-01
1.875813007354736328e-01
2.344765216112136841e-01
1.564600944519042969e+00
0.000000000000000000e+00
5.075723305344581604e-02
4.379530847072601318e-01
9.746434539556503296e-02
2.043119966983795166e-01
0.000000000000000000e+00
7.324155569076538086e-01
6.126039624214172363e-01
4.505594074726104736e-01
1.093031838536262512e-01
9.212735295295715332e-02
9.705811142921447754e-01
4.701825678348541260e-01
1.112432956695556641e+00
5.836895853281021118e-02
2.904906511306762695e+00
2.490799129009246826e-01
1.319582223892211914e+00
5.729030966758728027e-01
1.252409577369689941e+00
6.849782168865203857e-02
1.786190718412399292e-01
3.240575492382049561e-01
1.227552294731140137e-01
8.933562785387039185e-02
1.104993745684623718e-01
2.237360477447509766e-01
4.133683145046234131e-01
0.000000000000000000e+00
6.632848642766475677e-03
1.260540168732404709e-02
7.996330037713050842e-03
4.763247910887002945e-03
7.295262068510055542e-02
4.795908629894256592e-01
4.091123118996620178e-03
0.000000000000000000e+00
7.549618929624557495e-02
0.000000000000000000e+00
1.576775461435317993e-01
2.820772528648376465e-01
0.000000000000000000e+00
4.922623559832572937e-02
7.780486345291137695e-01
4.090703427791595459e-01
3.477421045303344727e+00
5.057400465011596680e-01
4.426361620426177979e-02
2.948972210288047791e-02
9.931977838277816772e-03
1.182590126991271973e+00
1.884301185607910156e+00
4.026148840785026550e-02
8.167797923088073730e-01
9.991702437400817871e-01
0.000000000000000000e+00
3.516229093074798584e-01
3.779736757278442383e-01
8.723174333572387695e-01
0.000000000000000000e+00
2.557753622531890869e-01
3.292782604694366455e-02
2.601895928382873535e-01
1.047041965648531914e-03
1.245523214340209961e+00
0.000000000000000000e+00
1.784435007721185684e-03
1.624422222375869751e-01
0.000000000000000000e+00
3.278077840805053711e+00
2.114124745130538940e-01
4.734215885400772095e-02
4.361030757427215576e-01
1.961093306541442871e+00
3.341737091541290283e-01
3.251184225082397461e-01
1.621844530105590820e+00
7.740487158298492432e-02
5.570217501372098923e-03
4.394382983446121216e-02
1.144378900527954102e+00
8.032477460801601410e-03
6.533287167549133301e-01
7.252889871597290039e-01
1.211584568023681641e+00
7.819770276546478271e-02
4.475325345993041992e-02
1.013034135103225708e-01
2.212190628051757812e-01
1.484561944380402565e-03
0.000000000000000000e+00
6.749490499496459961e-01
0.000000000000000000e+00
1.089193671941757202e-01
4.701352715492248535e-01
0.000000000000000000e+00
0.000000000000000000e+00
7.475622743368148804e-02
0.000000000000000000e+00
9.633633308112621307e-03
2.243585735559463501e-01
1.968933641910552979e-01
2.048634923994541168e-02
2.944008260965347290e-02
5.243420228362083435e-02
1.585809141397476196e-02
7.307170331478118896e-02
2.683788537979125977e-01
4.008857905864715576e-02
0.000000000000000000e+00
4.235380589962005615e-01
0.000000000000000000e+00
7.207737863063812256e-02
5.232583358883857727e-02
7.554563134908676147e-02
1.909170150756835938e-01
1.699226200580596924e-01
2.800596058368682861e-01
0.000000000000000000e+00
2.330106683075428009e-02
1.180227473378181458e-02
1.194968470372259617e-03
2.020220905542373657e-01
8.700482547283172607e-02
9.213206768035888672e-01
3.017771542072296143e-01
2.430335760116577148e+00
1.894393190741539001e-02
3.801115602254867554e-02
0.000000000000000000e+00
6.526817679405212402e-01
2.548841476440429688e+00
2.458115369081497192e-01
1.300154179334640503e-01
1.944440230727195740e-02
1.395425759255886078e-02
1.497424542903900146e-01
6.137989088892936707e-02
1.266256332397460938e+00
4.250374734401702881e-01
3.982171881943941116e-03
1.162391901016235352e-01
3.674812316894531250e-01
8.894462138414382935e-02
2.404793500900268555e-01
3.657536506652832031e-01
1.141864061355590820e-02
2.443286124616861343e-03
5.414528399705886841e-02
4.295539855957031250e-01
3.882011175155639648e-01
1.995585262775421143e-01
1.157131232321262360e-02
1.297874841839075089e-02
3.399067223072052002e-01
1.664978265762329102e-01
3.892813026905059814e-01
1.928698420524597168e-01
9.886424243450164795e-02
0.000000000000000000e+00
1.005303580313920975e-02
1.039129099808633327e-03
0.000000000000000000e+00
3.657514750957489014e-01
5.243946611881256104e-02
4.102615416049957275e-01
0.000000000000000000e+00
8.322359621524810791e-02
1.946081058122217655e-03
3.614055812358856201e-01
5.810445174574851990e-02
6.432477831840515137e-01
8.440531790256500244e-02
3.434979915618896484e-02
0.000000000000000000e+00
1.667255997657775879e+00
7.500140070915222168e-01
0.000000000000000000e+00
2.402872562408447266e+00
0.000000000000000000e+00
1.661518812179565430e-01
1.977888680994510651e-02
8.877908587455749512e-01
1.804434955120086670e-01
0.000000000000000000e+00
1.386741161346435547e+00
