8.868096023797988892e-02
1.343118250370025635e-01
9.997298717498779297e-01
1.530415727756917477e-03
6.427158601582050323e-03
6.388326883316040039e-01
9.063079208135604858e-02
3.562341332435607910e-01
2.107530832290649414e-03
6.124966144561767578e-01
3.838011622428894043e-01
4.608113169670104980e-01
2.048339694738388062e-01
0.000000000000000000e+00
6.809815764427185059e-02
0.000000000000000000e+00
4.192981243133544922e+00
4.111153781414031982e-01
1.969046294689178467e-01
2.108419984579086304e-01
1.439332365989685059e-01
2.056261003017425537e-01
5.059685930609703064e-02
3.755246400833129883e-01
2.413599789142608643e-01
2.606871128082275391e-01
2.566710463725030422e-04
5.329263582825660706e-02
2.105673920596018434e-04
6.760735064744949341e-02
3.534327149391174316e-01
3.189363181591033936e-01
1.867778420448303223e+00
1.149309724569320679e-01
3.160179555416107178e-01
2.153557725250720978e-03
1.769296824932098389e-01
1.532521992921829224e-01
3.429034352302551270e-01
1.029736757278442383e+00
3.921401977539062500e+00
1.362467110157012939e-01
3.909663856029510498e-02
2.333218574523925781e+00
0.000000000000000000e+00
0.000000000000000000e+00
5.849660560488700867e-02
8.066074922680854797e-03
1.408748179674148560e-01
0.000000000000000000e+00
0.000000000000000000e+00
1.460070535540580750e-02
0.000000000000000000e+00
0.000000000000000000e+00
1.069379821419715881e-01
3.933840431272983551e-03
1.142409071326255798e-01
2.306921184062957764e-01
1.914646178483963013e-01
1.146267801523208618e-01
0.000000000000000000e+00
1.144321799278259277e+00
2.603987216949462891e+00
8.523781597614288330e-02
0.000000000000000000e+00
7.104033976793289185e-02
3.872288167476654053e-01
5.161738395690917969e+00
0.000000000000000000e+00
9.805527329444885254e-02
2.441022872924804688e+00
1.672783046960830688e-01
6.205397099256515503e-02
3.120753727853298187e-02
2.341269999742507935e-01
2.535825669765472412e-01
1.966787874698638916e-01
7.722654342651367188e-01
4.589045047760009766e+00
7.438064366579055786e-02
6.215556144714355469e+00
6.091133877635002136e-02
6.494427472352981567e-02
1.826565414667129517e-01
1.987396478652954102e-01
5.065995827317237854e-02
0.000000000000000000e+00
0.000000000000000000e+00
5.548396110534667969e-01
3.312405198812484741e-02
5.334664881229400635e-02
6.086052656173706055e-01
9.589248895645141602e-02
2.128380537033081055e-01
1.932591758668422699e-02
1.004317030310630798e-01
2.237491607666015625e+00
5.382247567176818848e-01
1.242384165525436401e-01
7.894515991210937500e-01
0.000000000000000000e+00
1.005224823951721191e+00
0.000000000000000000e+00
0.000000000000000000e+00
3.921201825141906738e-02
6.594853401184082031e-01
1.327743083238601685e-01
1.850283145904541016e-01
1.567330956459045410e-01
3.254678726196289062e+00
4.089922308921813965e-01
0.000000000000000000e+00
3.793702423572540283e-01
1.457637250423431396e-01
9.795856475830078125e-02
1.109491139650344849e-01
0.000000000000000000e+00
0.000000000000000000e+00
1.541591584682464600e-01
1.061760902404785156e+00
5.129929184913635254e-01
3.089471817016601562e+00
3.402777016162872314e-01
7.691834121942520142e-02
9.588620066642761230e-01
2.444401979446411133e-01
5.389559864997863770e-01
1.750812530517578125e-01
0.000000000000000000e+00
1.146195828914642334e-01
1.998769044876098633e-01
1.318247318267822266e-01
0.000000000000000000e+00
8.682422339916229248e-02
3.779596090316772461e-02
0.000000000000000000e+00
4.651920795440673828e-01
3.289085254073143005e-02
7.548996061086654663e-02
0.000000000000000000e+00
1.409676790237426758e+00
1.729128509759902954e-01
1.126703321933746338e-01
8.322707414627075195e-01
2.675693631172180176e-01
1.954653263092041016e-01
0.000000000000000000e+00
1.044004335999488831e-01
3.701228201389312744e-01
0.000000000000000000e+00
6.659067273139953613e-01
8.927864581346511841e-02
2.214261563494801521e-03
5.794337764382362366e-02
0.000000000000000000e+00
4.897768795490264893e-02
7.858474552631378174e-02
1.709458231925964355e-02
0.000000000000000000e+00
4.492098093032836914e-01
1.319817304611206055e-01
2.523976266384124756e-01
5.512430146336555481e-02
4.529906809329986572e-02
1.007001042366027832e+00
8.891363143920898438e-01
3.303692908957600594e-03
2.358275651931762695e-01
3.009659647941589355e-01
2.131609439849853516e+00
8.454945683479309082e-02
7.193676829338073730e-01
6.900352984666824341e-02
0.000000000000000000e+00
2.715867571532726288e-02
4.961097985506057739e-02
6.495298445224761963e-02
1.308279484510421753e-01
0.000000000000000000e+00
2.417360097169876099e-01
1.185751676559448242e+00
1.305860728025436401e-01
2.564723789691925049e-01
7.244518995285034180e-01
9.885001927614212036e-02
1.156012527644634247e-02
3.782168030738830566e-01
1.081489473581314087e-01
3.504892438650131226e-02
1.578420698642730713e-01
5.345554351806640625e-01
4.014236927032470703e-01
1.040729209780693054e-01
9.352782368659973145e-02
4.196467101573944092e-01
5.907971039414405823e-02
2.261956930160522461e+00
1.615618348121643066e+00
5.966097116470336914e-01
5.353810191154479980e-01
5.243930220603942871e-02
1.890747435390949249e-02
1.778178960084915161e-01
1.238006472587585449e+00
1.281437426805496216e-01
5.200980901718139648e-01
2.605102770030498505e-02
9.466569125652313232e-02
2.344398051500320435e-01
0.000000000000000000e+00
0.000000000000000000e+00
2.518061399459838867e-01
9.956448525190353394e-02
5.720486398786306381e-03
9.468775987625122070e-01
4.766711965203285217e-02
1.199688673019409180e+00
3.930794820189476013e-02
1.960063353180885315e-03
1.283415034413337708e-02
1.294950544834136963e-01
2.949936315417289734e-02
4.170057475566864014e-01
0.000000000000000000e+00
4.031317681074142456e-02
1.774575561285018921e-01
2.525721490383148193e-01
3.690131008625030518e-02
5.326126813888549805e-01
1.159022375941276550e-01
1.117730066180229187e-01
2.327100336551666260e-01
1.665449291467666626e-01
1.377709507942199707e+00
1.237942278385162354e-01
2.315703034400939941e-01
1.816493123769760132e-01
1.044902727007865906e-01
0.000000000000000000e+00
0.000000000000000000e+00
4.994512069970369339e-03
0.000000000000000000e+00
3.426148891448974609e-01
4.844082891941070557e-01
9.244371950626373291e-02
1.217822432518005371e-01
3.577812314033508301e-01
1.040621548891067505e-01
9.011741727590560913e-02
8.298550844192504883e-01
3.305354714393615723e-01
7.218997478485107422e-01
7.509247064590454102e-01
1.021428629755973816e-01
2.038952112197875977e-01
1.027159988880157471e-01
5.085865855216979980e-01
5.670075491070747375e-02
5.004660040140151978e-02
1.283918499946594238e+00
4.755635559558868408e-02
1.042618751525878906e-01
2.873554468154907227e+00
1.773359254002571106e-02
2.777178764343261719e+00
5.233147740364074707e-02
1.239670395851135254e+00
1.561681479215621948e-01
6.719800829887390137e-01
9.884600527584552765e-03
3.837070763111114502e-01
1.816167309880256653e-02
3.317196369171142578e-01
2.144754379987716675e-01
0.000000000000000000e+00
5.802005156874656677e-02
0.000000000000000000e+00
3.498123288154602051e-01
0.000000000000000000e+00
2.345607727766036987e-01
5.217669531702995300e-02
6.869615614414215088e-02
9.350793957710266113e-01
5.315474700182676315e-03
2.591885030269622803e-01
1.596163362264633179e-01
3.713427484035491943e-01
2.210332453250885010e-01
2.514137625694274902e-01
1.428607851266860962e-01
5.447953343391418457e-01
4.291888792067766190e-03
0.000000000000000000e+00
1.221671514213085175e-02
0.000000000000000000e+00
2.000223696231842041e-01
1.220317482948303223e+00
7.188242673873901367e-01
2.293199449777603149e-01
6.805308163166046143e-02
5.454313382506370544e-02
1.556733012199401855e+00
1.596161842346191406e+00
9.681685268878936768e-02
8.987206965684890747e-02
1.865868568420410156e+00
1.104836165904998779e-01
3.083908557891845703e-01
4.488719105720520020e-01
0.000000000000000000e+00
0.000000000000000000e+00
3.288062214851379395e-01
4.854410886764526367e-01
3.829771280288696289e-02
2.691093683242797852e-01
4.376981258392333984e-01
1.156180351972579956e-01
3.895296752452850342e-01
1.609319925308227539e+00
7.606421411037445068e-02
3.604845404624938965e-01
5.092552304267883301e-01
1.476518273353576660e+00
1.303490549325942993e-01
1.082681655883789062e+00
1.324469894170761108e-01
1.225255802273750305e-02
4.085258483886718750e+00
2.433624714612960815e-01
3.224011659622192383e-01
2.293494939804077148e-01
1.942653022706508636e-02
9.410443305969238281e-01
2.398698776960372925e-01
2.092672698199748993e-02
6.576187908649444580e-02
2.050067186355590820e+00
2.676239013671875000e-01
9.953283518552780151e-02
2.137255817651748657e-01
1.185834631323814392e-01
6.114573478698730469e-01
8.940203115344047546e-03
1.245997101068496704e-02
3.663517534732818604e-02
1.571672409772872925e-01
0.000000000000000000e+00
2.959234714508056641e-01
0.000000000000000000e+00
8.149133920669555664e-01
4.740857519209384918e-03
0.000000000000000000e+00
1.594786718487739563e-02
3.326182812452316284e-02
6.182095408439636230e-01
0.000000000000000000e+00
2.653863281011581421e-02
0.000000000000000000e+00
1.268289208412170410e+00
4.350706469267606735e-03
0.000000000000000000e+00
0.000000000000000000e+00
0.000000000000000000e+00
6.989628076553344727e-02
5.695132017135620117e-01
1.781043596565723419e-02
6.301208734512329102e-01
3.352320790290832520e-01
9.283456951379776001e-02
3.538675978779792786e-02
1.300086826086044312e-01
5.325577855110168457e-01
1.863326132297515869e-02
3.113117069005966187e-02
0.000000000000000000e+00
9.774644672870635986e-02
2.480806559324264526e-01
0.000000000000000000e+00
4.246898889541625977e-01
2.215578109025955200e-01
7.032623887062072754e-02
3.519190847873687744e-01
1.942810118198394775e-01
7.269446551799774170e-02
2.930621206760406494e-01
1.040777206420898438e+00
2.022661268711090088e-01
4.135850667953491211e-01
8.750861883163452148e-01
2.009378373622894287e-01
1.531060878187417984e-02
1.088966652750968933e-01
2.487958371639251709e-01
3.371973335742950439e-01
0.000000000000000000e+00
1.656791806221008301e+00
0.000000000000000000e+00
1.450083963572978973e-02
5.874696969985961914e-01
1.863934993743896484e-01
1.632511019706726074e+00
0.000000000000000000e+00
0.000000000000000000e+00
1.850393041968345642e-02
1.479334384202957153e-01
0.000000000000000000e+00
0.000000000000000000e+00
1.523819267749786377e-01
1.738430857658386230e-01
1.998403072357177734e-01
8.678629994392395020e-02
8.538574725389480591e-02
2.708418846130371094e+00
2.087987363338470459e-01
2.639347910881042480e-01
1.226179227232933044e-01
1.939283609390258789e-01
2.560348808765411377e-01
0.000000000000000000e+00
1.749908030033111572e-01
2.349672913551330566e-01
1.100441336631774902e+00
7.212378978729248047e-01
1.212747469544410706e-01
1.424320880323648453e-02
7.556094229221343994e-02
5.191329121589660645e-01
7.038440108299255371e-01
6.922434270381927490e-02
9.198628365993499756e-02
6.987823486328125000e+00
5.603213608264923096e-02
2.135259866714477539e+00
1.176313012838363647e-01
2.195212692022323608e-01
7.466544955968856812e-02
1.124949567019939423e-02
6.557540595531463623e-02
1.231387734413146973e+00
9.729533456265926361e-03
9.191688895225524902e-01
4.406131803989410400e-01
0.000000000000000000e+00
0.000000000000000000e+00
1.507635861635208130e-01
1.361831307411193848e+00
0.000000000000000000e+00
6.041281670331954956e-02
2.091557085514068604e-01
2.934547066688537598e-01
1.443578958511352539e+00
1.272672414779663086e+00
3.983440399169921875e-01
1.151082615251652896e-04
3.181699216365814209e-01
1.335952989757061005e-02
1.638180464506149292e-01
1.000966072082519531e+00
2.761506140232086182e-01
0.000000000000000000e+00
1.893139481544494629e-01
1.763874478638172150e-02
7.832111716270446777e-01
9.240259528160095215e-01
0.000000000000000000e+00
3.837845325469970703e-01
5.321288704872131348e-01
8.429166674613952637e-01
0.000000000000000000e+00
6.622537970542907715e-01
9.119306690990924835e-03
3.751486837863922119e-01
4.050102233886718750e-01
2.452507019042968750e+00
1.679233193397521973e+00
3.546024322509765625e+00
3.772767186164855957e-01
1.969664692878723145e-01
0.000000000000000000e+00
9.590803086757659912e-02
0.000000000000000000e+00
0.000000000000000000e+00
2.485042810440063477e-01
0.000000000000000000e+00
1.784200221300125122e-01
2.659980440512299538e-03
3.194126486778259277e-02
6.844532676041126251e-03
2.116035968065261841e-01
3.310303449630737305e+00
4.996757954359054565e-02
1.997184939682483673e-02
8.762141317129135132e-02
1.137584328651428223e+00
9.086845070123672485e-02
2.928690612316131592e-02
0.000000000000000000e+00
2.441190779209136963e-01
5.396521687507629395e-01
1.044991463422775269e-01
8.267118781805038452e-02
8.202124834060668945e-01
1.988305449485778809e-01
9.418740868568420410e-02
2.257915437221527100e-01
2.598701417446136475e-01
4.022148251533508301e-01
2.240711748600006104e-01
7.693934440612792969e-02
2.131324112415313721e-01
1.775159984827041626e-01
0.000000000000000000e+00
1.695061206817626953e+00
9.213927984237670898e-01
1.998082399368286133e-01
6.746161729097366333e-02
0.000000000000000000e+00
1.083844900131225586e-01
6.206991076469421387e-01
2.389315068721771240e-01
7.964662276208400726e-03
3.569353818893432617e-01
3.735220134258270264e-01
9.475047886371612549e-02
2.424018643796443939e-02
6.637133359909057617e-01
0.000000000000000000e+00
1.208132058382034302e-01
1.930201053619384766e-01
2.101114764809608459e-02
1.213460937142372131e-01
1.008698701858520508e+00
1.438025236129760742e+00
1.261807829141616821e-01
0.000000000000000000e+00
5.797078013420104980e-01
1.024568676948547363e-01
0.000000000000000000e+00
1.873825937509536743e-01
0.000000000000000000e+00
0.000000000000000000e+00
7.073743343353271484e-01
2.265877090394496918e-02
3.564065396785736084e-01
6.459832936525344849e-02
2.350451946258544922e+00
6.338591128587722778e-02
2.833964675664901733e-02
2.086914926767349243e-01
4.976642608642578125e+00
5.043969750404357910e-01
5.019076168537139893e-02
1.822505354881286621e+00
2.629420720040798187e-02
0.000000000000000000e+00
1.167358756065368652e-01
5.741095915436744690e-02
2.088666707277297974e-01
8.018186688423156738e-01
6.548305153846740723e-01
5.461853146553039551e-01
1.082192137837409973e-01
1.758001297712326050e-01
2.626154720783233643e-01
0.000000000000000000e+00
3.161927163600921631e-01
7.776007521897554398e-03
8.740666508674621582e-02
0.000000000000000000e+00
1.454107761383056641e-01
1.437085568904876709e-01
4.509167745709419250e-02
4.436802864074707031e-02
2.065639346837997437e-01
6.256801635026931763e-02
1.097042918205261230e+00
1.713493764400482178e-01
1.846652776002883911e-01
7.507488876581192017e-02
4.971058964729309082e-01
1.086916089057922363e+00
1.770863831043243408e-01
1.702826283872127533e-02
1.565375477075576782e-01
4.543587192893028259e-02
1.287596821784973145e-01
3.435819149017333984e-01
1.116400957107543945e-01
1.716419309377670288e-01
5.061394721269607544e-02
2.163053303956985474e-01
1.900577694177627563e-01
5.037016868591308594e-01
0.000000000000000000e+00
6.351972371339797974e-02
4.648708738386631012e-03
2.965025901794433594e-01
1.779064238071441650e-01
6.217030882835388184e-01
1.128918007016181946e-01
4.656042903661727905e-02
3.190506398677825928e-01
0.000000000000000000e+00
6.694765388965606689e-02
3.798300504684448242e+00
1.419017016887664795e-01
1.895735561847686768e-01
0.000000000000000000e+00
5.042815208435058594e-01
3.511796295642852783e-01
7.376752495765686035e-01
9.704258441925048828e-01
2.122682482004165649e-01
8.813956752419471741e-03
2.260044217109680176e-01
1.053900957107543945e+00
6.756434440612792969e-01
1.945412307977676392e-01
1.068033501505851746e-01
4.210653714835643768e-03
1.130762100219726562e+00
5.080277919769287109e-01
8.257626891136169434e-01
2.998461008071899414e+00
9.137720335274934769e-04
1.828267574310302734e+00
3.437158167362213135e-01
1.998212814331054688e+00
8.682111278176307678e-03
1.869681030511856079e-01
0.000000000000000000e+00
3.226872906088829041e-02
0.000000000000000000e+00
0.000000000000000000e+00
2.814996428787708282e-02
3.743581473827362061e-01
2.630435526371002197e-01
1.728912949562072754e+00
1.727805614471435547e+00
5.920802354812622070e-01
1.597782850265502930e+00
7.174751758575439453e+00
0.000000000000000000e+00
4.732411354780197144e-02
1.656045675277709961e+00
6.304765343666076660e-01
3.712191581726074219e-01
4.435857534408569336e-01
8.334504961967468262e-01
1.066953986883163452e-01
2.727075338363647461e+00
5.087828040122985840e-01
5.418834686279296875e-01
6.319288164377212524e-02
6.002210974693298340e-01
6.793619394302368164e-01
2.207763791084289551e-01
2.234167158603668213e-01
1.293728202581405640e-01
5.002486705780029297e+00
1.002350151538848877e-01
5.838049650192260742e-01
2.822444736957550049e-01
1.108882904052734375e+00
7.172442972660064697e-02
2.571418508887290955e-02
1.216360569000244141e+00
1.231990084052085876e-01
0.000000000000000000e+00
0.000000000000000000e+00
4.461209475994110107e-02
1.168810799717903137e-01
2.813830971717834473e-01
2.740200459957122803e-01
6.157678365707397461e-01
8.429673910140991211e-01
4.914656281471252441e-02
0.000000000000000000e+00
7.015507221221923828e-01
1.675502955913543701e-01
1.218242049217224121e-01
2.940383180975914001e-02
6.657084226608276367e-01
7.396802306175231934e-01
0.000000000000000000e+00
0.000000000000000000e+00
1.361131519079208374e-01
2.441225647926330566e-01
1.550750248134136200e-02
0.000000000000000000e+00
2.791264653205871582e-01
1.659334301948547363e-01
3.708263337612152100e-01
2.512817680835723877e-01
1.394948810338973999e-01
1.671108454465866089e-01
1.119964569807052612e-01
1.199335575103759766e+00
0.000000000000000000e+00
8.265288174152374268e-02
1.681832671165466309e-01
9.995378553867340088e-02
1.122734472155570984e-01
1.136879250407218933e-01
2.151880227029323578e-02
2.492744028568267822e-01
1.306323558092117310e-01
1.148029923439025879e+00
3.187353014945983887e-01
7.950884699821472168e-01
2.552979588508605957e-01
4.050075113773345947e-01
8.306916803121566772e-02
0.000000000000000000e+00
0.000000000000000000e+00
3.732288628816604614e-02
8.948475122451782227e-02
5.526206269860267639e-02
1.489452481269836426e+00
1.727873206138610840e+00
1.115139946341514587e-01
4.346772562712430954e-03
8.693808317184448242e-02
8.528140932321548462e-02
9.740595817565917969e-01
4.656907618045806885e-01
5.802680850028991699e-01
1.387233287096023560e-01
1.044364497065544128e-01
2.681011147797107697e-02
1.428188830614089966e-01
9.594469666481018066e-01
1.132815256714820862e-01
1.411831259727478027e+00
2.815562486648559570e-01
0.000000000000000000e+00
4.584462940692901611e-02
1.450206339359283447e-01
3.774427995085716248e-02
4.449354410171508789e-01
1.006685346364974976e-01
1.150261998176574707e+00
9.478906542062759399e-02
4.344904720783233643e-01
9.009572267532348633e-01
1.505581140518188477e-01
4.024136662483215332e-01
4.276975393295288086e-01
9.985493868589401245e-02
9.309934824705123901e-02
6.484983116388320923e-02
7.644954323768615723e-01
1.096171438694000244e-01
9.421122074127197266e-02
4.934422671794891357e-03
1.496434807777404785e-01
1.769365184009075165e-02
4.976037740707397461e-01
2.898581624031066895e-01
2.016823589801788330e-01
2.545366883277893066e-01
1.895160228013992310e-01
3.792330622673034668e-02
2.312080264091491699e-01
1.600111126899719238e-01
4.494022428989410400e-01
2.942954301834106445e-01
1.080816388130187988e-01
4.446121454238891602e-01
1.361351162195205688e-01
2.733494341373443604e-01
7.123505473136901855e-01
9.286380559206008911e-02
1.094906106591224670e-01
3.008308708667755127e-01
0.000000000000000000e+00
1.021477580070495605e-01
8.623163104057312012e-01
4.824927449226379395e-01
2.916643619537353516e-01
2.436405420303344727e-01
2.115865051746368408e-01
6.974776387214660645e-01
0.000000000000000000e+00
3.535947576165199280e-02
5.907182693481445312e-01
3.687688410282135010e-01
4.438792541623115540e-02
5.844459682703018188e-02
2.681155875325202942e-02
8.361230790615081787e-02
3.152225166559219360e-02
4.403779208660125732e-01
0.000000000000000000e+00
6.449768543243408203e-01
5.363363623619079590e-01
2.924143075942993164e-01
6.994112133979797363e-01
0.000000000000000000e+00
1.933898925781250000e-01
1.212331727147102356e-01
7.182511091232299805e-01
7.904680073261260986e-02
0.000000000000000000e+00
6.826418638229370117e-01
7.972902804613113403e-02
1.190088540315628052e-01
4.214859008789062500e-02
1.866188198328018188e-01
3.208915889263153076e-01
0.000000000000000000e+00
4.520005732774734497e-02
1.345207691192626953e-01
3.234189450740814209e-01
5.433065351098775864e-03
1.653887033462524414e-01
8.884838819503784180e-01
4.908046424388885498e-01
3.825024962425231934e-01
1.761386841535568237e-01
6.066239252686500549e-02
5.377913117408752441e-01
8.613177388906478882e-02
6.366167962551116943e-02
1.718593001365661621e+00
4.567824304103851318e-01
8.004518598318099976e-02
0.000000000000000000e+00
1.249108240008354187e-01
9.810528755187988281e-01
3.834234774112701416e-01
3.994643092155456543e-01
5.655294656753540039e-01
6.687898933887481689e-02
4.717365652322769165e-02
9.255844354629516602e-01
4.278311431407928467e-01
6.224000826478004456e-02
6.915903091430664062e-02
9.469924569129943848e-01
1.282972544431686401e-01
9.345818310976028442e-02
4.535615816712379456e-02
1.132396608591079712e-01
1.045185923576354980e+00
0.000000000000000000e+00
3.751148581504821777e-01
1.580031961202621460e-02
2.366703003644943237e-01
6.159167736768722534e-02
2.406140230596065521e-02
3.876812934875488281e+00
9.438040852546691895e-02
2.099109739065170288e-01
2.965956628322601318e-01
4.023882150650024414e-01
2.000505924224853516e-01
1.062108039855957031e+00
6.048287823796272278e-02
8.160358667373657227e-02
0.000000000000000000e+00
7.040335237979888916e-02
6.934686899185180664e-01
3.814911246299743652e-01
0.000000000000000000e+00
6.860857605934143066e-01
0.000000000000000000e+00
4.424323141574859619e-01
4.164640605449676514e-01
2.421322911977767944e-01
2.081171423196792603e-02
7.391415834426879883e-01
2.983661293983459473e-01
1.947429180145263672e-01
1.042256355285644531e+00
2.716449275612831116e-02
7.964708209037780762e-01
8.690423965454101562e-01
5.852699652314186096e-02
4.108887612819671631e-01
0.000000000000000000e+00
3.133637905120849609e-01
0.000000000000000000e+00
0.000000000000000000e+00
3.749980777502059937e-02
3.411071896553039551e-01
6.689099222421646118e-02
6.712949275970458984e-01
9.548867940902709961e-01
4.980963170528411865e-01
0.000000000000000000e+00
0.000000000000000000e+00
4.316427279263734818e-03
0.000000000000000000e+00
5.110507011413574219e+00
4.701039493083953857e-01
1.773202866315841675e-01
2.954935189336538315e-03
2.571300983428955078e+00
9.434640407562255859e-02
5.075941085815429688e-01
1.680304050445556641e+00
5.226603150367736816e-02
1.517472118139266968e-01
0.000000000000000000e+00
0.000000000000000000e+00
1.230137944221496582e+00
6.696869432926177979e-02
1.352776288986206055e-01
1.056339293718338013e-01
1.142340712249279022e-03
9.918037056922912598e-02
1.358787119388580322e-01
5.049113184213638306e-02
3.614721596240997314e-01
7.688962817192077637e-01
0.000000000000000000e+00
4.482990503311157227e-02
2.439629882574081421e-01
2.293622493743896484e-01
4.108985960483551025e-01
3.150147199630737305e-01
0.000000000000000000e+00
1.452858924865722656e+00
1.333092153072357178e-01
1.201800227165222168e+00
1.939342468976974487e-01
6.557036638259887695e-01
1.835522940382361412e-03
0.000000000000000000e+00
2.947137057781219482e-01
7.278620600700378418e-01
2.695357203483581543e-01
6.171562671661376953e-01
2.103203684091567993e-01
2.222245335578918457e-01
1.175593957304954529e-02
3.308120667934417725e-01
7.913427352905273438e-01
2.345555089414119720e-02
1.361540704965591431e-01
8.379878401756286621e-01
4.884561896324157715e-02
3.116750717163085938e-02
6.089283943176269531e+00
9.657382965087890625e-03
7.460888624191284180e-01
1.949902325868606567e-01
4.697351157665252686e-02
3.205619752407073975e-02
1.578182280063629150e-01
2.092673033475875854e-01
1.487407386302947998e-01
5.282745882868766785e-02
6.830272078514099121e-01
0.000000000000000000e+00
3.525286316871643066e-01
2.041921168565750122e-01
1.392522174865007401e-02
1.302127391099929810e-01
4.528404176235198975e-01
3.130460381507873535e-01
7.574928458780050278e-04
0.000000000000000000e+00
1.369874551892280579e-02
0.000000000000000000e+00
1.619509607553482056e-01
5.367876961827278137e-02
2.759438939392566681e-02
9.375291876494884491e-03
1.988968579098582268e-03
4.016081616282463074e-02
0.000000000000000000e+00
3.706043660640716553e-01
2.536653280258178711e-01
1.906893402338027954e-01
3.524633407592773438e+00
2.527427971363067627e-01
3.573224544525146484e-01
2.486642003059387207e-01
1.252493381500244141e+00
1.434926837682723999e-01
3.081381507217884064e-02
2.098456919193267822e-01
7.129801511764526367e-01
1.808735541999340057e-02
3.407376408576965332e-01
2.789320945739746094e-01
2.051581889390945435e-01
1.056282594799995422e-02
8.035593032836914062e-01
3.836272060871124268e-01
4.080170691013336182e-01
3.933801352977752686e-01
5.261397361755371094e-01
0.000000000000000000e+00
0.000000000000000000e+00
0.000000000000000000e+00
0.000000000000000000e+00
3.810943290591239929e-02
3.621319770812988281e+00
2.700226567685604095e-02
4.887907952070236206e-02
0.000000000000000000e+00
1.882169842720031738e-01
4.857707396149635315e-02
1.086998078972101212e-02
3.695200681686401367e-01
1.182642340660095215e+00
4.870237112045288086e-01
3.319045156240463257e-02
9.254583716392517090e-02
1.750753968954086304e-01
4.609557613730430603e-02
1.664815098047256470e-01
3.223533332347869873e-01
1.570050418376922607e-02
2.938255786895751953e+00
1.038534641265869141e+00
1.863378763198852539e+00
1.740308851003646851e-02
1.786641001701354980e+00
4.229464530944824219e-01
1.868485361337661743e-01
0.000000000000000000e+00
3.886174177750945091e-03
7.020688802003860474e-02
1.684270352125167847e-01
1.420993655920028687e-01
3.392316102981567383e-01
8.860962092876434326e-02
1.681042462587356567e-01
7.021008729934692383e-01
3.391184806823730469e-01
2.182575166225433350e-01
2.674686908721923828e-01
2.675493955612182617e-01
3.538547456264495850e-01
1.057773903012275696e-01
0.000000000000000000e+00
0.000000000000000000e+00
0.000000000000000000e+00
8.482975512742996216e-02
2.163827419281005859e-01
5.240277051925659180e-01
5.105703473091125488e-01
1.391116976737976074e+00
1.981155037879943848e+00
2.160790860652923584e-01
2.795590758323669434e-01
2.144509553909301758e-01
2.685399651527404785e-01
7.410296797752380371e-02
2.836393006145954132e-02
2.175964862108230591e-01
0.000000000000000000e+00
0.000000000000000000e+00
7.848058342933654785e-01
6.034738197922706604e-02
3.410396575927734375e-01
1.657077111303806305e-02
2.270589768886566162e-02
1.795671433210372925e-01
0.000000000000000000e+00
3.159628435969352722e-02
3.830222785472869873e-02
2.996858954429626465e-01
2.452648282051086426e-01
3.113273903727531433e-02
0.000000000000000000e+00
2.683590352535247803e-01
9.579455107450485229e-02
4.895955324172973633e-01
3.547361353412270546e-03
7.417660355567932129e-01
9.089093655347824097e-03
8.440912961959838867e-01
8.500604629516601562e-01
2.236929655075073242e+00
4.423748701810836792e-02
1.841066181659698486e-01
2.777599096298217773e-01
6.058843135833740234e-01
1.225685775279998779e-01
3.049670457839965820e-01
4.794748034328222275e-03
0.000000000000000000e+00
3.732244670391082764e-02
8.501077443361282349e-02
5.857174992561340332e-01
3.801291286945343018e-01
2.703894674777984619e-01
0.000000000000000000e+00
1.443778127431869507e-01
4.213998615741729736e-01
0.000000000000000000e+00
1.496224552392959595e-01
5.646586045622825623e-02
7.804545164108276367e-01
1.670004725456237793e+00
1.313083469867706299e-01
1.234973371028900146e-01
2.980681657791137695e-01
9.302400797605514526e-02
2.129630297422409058e-01
2.174489498138427734e-01
1.120451450347900391e+00
3.132621347904205322e-01
1.048192903399467468e-01
2.365423440933227539e-01
1.377467960119247437e-01
2.050518035888671875e+00
1.616798400878906250e+00
1.605607628822326660e+00
9.527504444122314453e-01
1.737854838371276855e+00
1.222796961665153503e-01
1.548494577407836914e+00
7.232146710157394409e-02
1.996839880943298340e+00
2.558288872241973877e-01
6.442365795373916626e-02
1.293731629848480225e-01
8.248124122619628906e-01
2.775501646101474762e-02
3.919592797756195068e-01
2.191546440124511719e+00
4.031036198139190674e-01
0.000000000000000000e+00
0.000000000000000000e+00
1.809752881526947021e-01
1.473821140825748444e-02
7.576686912216246128e-04
0.000000000000000000e+00
4.063630700111389160e-01
4.173839092254638672e-01
6.457960009574890137e-01
1.676360219717025757e-01
3.956658765673637390e-02
1.209015920758247375e-01
1.544011235237121582e-01
1.410669386386871338e-01
6.115991473197937012e-01
4.992435574531555176e-01
1.449996139854192734e-02
1.499966252595186234e-02
0.000000000000000000e+00
2.040730565786361694e-01
0.000000000000000000e+00
1.883194223046302795e-02
5.126873850822448730e-01
1.827069371938705444e-02
8.138152770698070526e-03
1.568652689456939697e-01
5.637923255562782288e-03
2.839131951332092285e-01
2.751356363296508789e-01
1.611956395208835602e-02
4.687843322753906250e-01
1.323439031839370728e-01
1.441051997244358063e-02
0.000000000000000000e+00
3.809050619602203369e-01
3.750432655215263367e-02
2.054578810930252075e-01
8.073422312736511230e-01
4.525199159979820251e-02
2.875544428825378418e-01
4.552528262138366699e-02
3.688122034072875977e-01
1.354330927133560181e-01
6.393104195594787598e-01
1.604481786489486694e-01
5.106162428855895996e-01
0.000000000000000000e+00
3.358266130089759827e-02
6.771842241287231445e-01
2.597231566905975342e-01
4.134231805801391602e-02
0.000000000000000000e+00
0.000000000000000000e+00
8.507620096206665039e-01
8.539533019065856934e-01
1.014781668782234192e-01
7.812418043613433838e-04
7.196915149688720703e-01
2.522204875946044922e+00
0.000000000000000000e+00
1.595720529556274414e+00
1.047445058822631836e+00
7.127860933542251587e-02
0.000000000000000000e+00
1.591012999415397644e-02
2.626177072525024414e-01
5.832403302192687988e-01
2.076928317546844482e-01
3.150059282779693604e-01
2.092976272106170654e-01
1.413713842630386353e-01
5.087054371833801270e-01
2.434974610805511475e-01
2.232460826635360718e-01
4.564748406410217285e-01
1.174300238490104675e-01
5.162599030882120132e-03
2.050066143274307251e-01
3.683294951915740967e-01
4.548214972019195557e-01
0.000000000000000000e+00
4.089867472648620605e-01
6.730592995882034302e-02
0.000000000000000000e+00
2.556337118148803711e-01
2.377946823835372925e-01
9.279143810272216797e-01
2.136965394020080566e-01
4.198266267776489258e-01
1.371929943561553955e-01
4.247942566871643066e-01
4.522400796413421631e-01
6.474500894546508789e-02
9.179452657699584961e-01
8.969411849975585938e-01
1.355879902839660645e-01
9.369912743568420410e-02
1.047312021255493164e-01
2.504941821098327637e-01
2.074519917368888855e-02
1.327544331550598145e+00
0.000000000000000000e+00
3.424016535282135010e-01
3.703096881508827209e-02
2.114517837762832642e-01
1.016740277409553528e-01
2.039968669414520264e-01
5.329988598823547363e-01
2.367259860038757324e-01
1.223374381661415100e-01
5.508385226130485535e-02
0.000000000000000000e+00
2.377009242773056030e-01
1.650960892438888550e-01
1.037911415100097656e+00
5.340461730957031250e-01
1.008017301559448242e+00
1.135206893086433411e-01
6.016390323638916016e-01
2.676028311252593994e-01
9.034528583288192749e-02
3.507455289363861084e-01
6.341329216957092285e-01
3.534931540489196777e-01
1.347023129463195801e+00
4.193034172058105469e-01
2.317871749401092529e-01
5.916872024536132812e-01
3.119225203990936279e-01
3.438726425170898438e+00
1.378551721572875977e-01
1.923851296305656433e-02
4.037549719214439392e-02
2.317434251308441162e-01
3.784439563751220703e-01
5.931913852691650391e-01
2.709422707557678223e-01
6.193116903305053711e-01
0.000000000000000000e+00
1.374266028404235840e+00
1.204544305801391602e+00
1.006580702960491180e-02
2.790202796459197998e-01
0.000000000000000000e+00
9.433186054229736328e-01
3.836046531796455383e-02
2.907360903918743134e-03
2.949010729789733887e-01
0.000000000000000000e+00
7.084217667579650879e-02
1.101808071136474609e+00
3.470052480697631836e-01
2.363708019256591797e-01
4.348928034305572510e-01
1.082141175866127014e-01
3.052396178245544434e-01
1.481710821390151978e-01
2.677170932292938232e-01
8.785291574895381927e-03
4.553003907203674316e-01
0.000000000000000000e+00
6.603498458862304688e-01
3.257716074585914612e-02
2.473044097423553467e-01
9.686937928199768066e-01
4.876019954681396484e-01
1.658856868743896484e-01
1.756320297718048096e-01
8.683926612138748169e-02
2.528465390205383301e-01
3.698847889900207520e-01
6.652727723121643066e-01
3.271519541740417480e-01
2.943294942378997803e-01
3.319023922085762024e-02
1.209360837936401367e+00
0.000000000000000000e+00
2.801688015460968018e-01
6.078843027353286743e-02
0.000000000000000000e+00
7.443918585777282715e-01
9.934488683938980103e-02
1.921824216842651367e-01
3.431403636932373047e-01
8.844953179359436035e-01
1.247935071587562561e-01
0.000000000000000000e+00
0.000000000000000000e+00
3.132344484329223633e-01
4.605869054794311523e-01
6.790670752525329590e-02
3.812511265277862549e-01
5.455837398767471313e-02
1.853074133396148682e-02
9.331923723220825195e-01
1.185714751482009888e-01
6.879794877022504807e-03
3.089029788970947266e+00
8.153565227985382080e-03
1.430494666099548340e+00
7.849107682704925537e-02
1.077565476298332214e-01
1.284082047641277313e-02
0.000000000000000000e+00
6.322898268699645996e-01
1.964974850416183472e-01
7.129599340260028839e-03
8.161757588386535645e-01
0.000000000000000000e+00
4.334194064140319824e-01
1.336958408355712891e+00
5.999765545129776001e-02
0.000000000000000000e+00
8.640787750482559204e-02
2.991128444671630859e+00
1.583288669586181641e+00
1.421671956777572632e-01
5.382302999496459961e-01
1.283765137195587158e-01
4.817532896995544434e-01
6.178455948829650879e-01
3.161925449967384338e-02
1.309595815837383270e-02
1.643572598695755005e-01
2.920712810009717941e-03
3.286563754081726074e-01
4.306423366069793701e-01
1.548309028148651123e-01
0.000000000000000000e+00
1.688833981752395630e-01
1.941605061292648315e-01
0.000000000000000000e+00
4.264186024665832520e-01
6.062653064727783203e-01
1.081157493591308594e+01
5.914386510848999023e-01
0.000000000000000000e+00
3.227871358394622803e-01
4.780952334403991699e-01
4.895558580756187439e-02
9.263359755277633667e-02
0.000000000000000000e+00
9.756976366043090820e-01
1.613481938838958740e-01
0.000000000000000000e+00
4.703886806964874268e-02
0.000000000000000000e+00
3.866273164749145508e-02
2.296967431902885437e-02
1.150327995419502258e-01
4.257629811763763428e-01
4.925407096743583679e-02
1.216585934162139893e-02
2.850847542285919189e-01
1.829650253057479858e-02
7.706327736377716064e-02
0.000000000000000000e+00
1.114968359470367432e-01
1.574678272008895874e-01
4.704834222793579102e-01
1.529989093542098999e-01
0.000000000000000000e+00
1.902980357408523560e-01
1.855201087892055511e-02
4.604604244232177734e-01
2.141268253326416016e-01
2.096491008996963501e-01
1.148695722222328186e-01
2.216838300228118896e-02
5.735541507601737976e-02
8.784992992877960205e-02
0.000000000000000000e+00
3.627112209796905518e-01
3.071511685848236084e-01
3.870566487312316895e-01
8.971370011568069458e-02
0.000000000000000000e+00
2.377655059099197388e-01
3.458047211170196533e-01
3.545435965061187744e-01
4.483086466789245605e-01
8.517795205116271973e-01
9.129717200994491577e-02
0.000000000000000000e+00
1.412680625915527344e+00
5.450994148850440979e-02
3.436305746436119080e-02
3.996568918228149414e-01
2.267021220177412033e-03
3.751892969012260437e-02
4.217896983027458191e-02
3.808509409427642822e-01
0.000000000000000000e+00
1.149711012840270996e-01
1.450705528259277344e-01
9.237073361873626709e-03
9.977841973304748535e-01
0.000000000000000000e+00
1.070415377616882324e+00
4.506376013159751892e-02
1.092657353729009628e-02
1.744486093521118164e-01
0.000000000000000000e+00
5.399610474705696106e-02
6.361704468727111816e-01
9.261274337768554688e-01
2.442541599273681641e+00
1.417117834091186523e+00
1.537156552076339722e-01
9.768378734588623047e-02
3.246954828500747681e-02
3.768085315823554993e-02
1.636431217193603516e-01
0.000000000000000000e+00
1.731526106595993042e-01
1.007734388113021851e-01
2.499078959226608276e-01
1.686204969882965088e-01
5.894801616668701172e-01
1.072783172130584717e-01
1.439303741790354252e-03
2.151733636856079102e-01
3.656135126948356628e-02
1.753711551427841187e-01
2.829186022281646729e-01
2.654624916613101959e-02
1.603252291679382324e+00
7.555377006530761719e+00
2.486532926559448242e-01
3.109921932220458984e+00
0.000000000000000000e+00
1.146595597267150879e+00
0.000000000000000000e+00
0.000000000000000000e+00
4.513539671897888184e-01
3.714003264904022217e-01
7.991209030151367188e-01
8.115190863609313965e-01
7.113937288522720337e-02
1.442960739135742188e+00
1.219470147043466568e-02
2.684241235256195068e-01
4.254150867462158203e+00
4.376738369464874268e-01
1.608898676931858063e-02
1.258026361465454102e-01
5.938978493213653564e-02
7.646426558494567871e-01
5.406688451766967773e-01
5.509013682603836060e-02
8.036466240882873535e-01
5.082227587699890137e-01
2.040966600179672241e-02
0.000000000000000000e+00
3.712403476238250732e-01
5.586208105087280273e-01
1.175417155027389526e-01
2.130012512207031250e-01
3.214982897043228149e-02
2.946039289236068726e-02
9.990565478801727295e-02
5.725444555282592773e-01
5.865902174264192581e-03
6.460857987403869629e-01
3.527568578720092773e-01
5.643293261528015137e-01
1.457960009574890137e-01
3.467840608209371567e-03
9.970197826623916626e-02
6.370060145854949951e-02
1.176732897758483887e+00
4.024008810520172119e-01
1.329502344131469727e+00
2.995419502258300781e-01
2.292819786816835403e-03
1.793690174818038940e-01
3.921718522906303406e-02
2.671054601669311523e-01
2.328554838895797729e-01
0.000000000000000000e+00
4.544384777545928955e-02
3.105954453349113464e-02
1.658165082335472107e-02
3.142938390374183655e-02
1.494083274155855179e-02
1.591135859489440918e-01
3.122317604720592499e-02
6.650125980377197266e-02
5.068975687026977539e-01
1.263187646865844727e+00
1.224363446235656738e-01
3.335246816277503967e-02
6.758890151977539062e-01
1.054978594183921814e-01
1.166714429855346680e-01
0.000000000000000000e+00
6.001335382461547852e-02
2.391395121812820435e-01
7.855295389890670776e-02
0.000000000000000000e+00
8.089968562126159668e-02
1.928071724250912666e-03
1.432105600833892822e-01
2.107962369918823242e-01
7.441554069519042969e-01
0.000000000000000000e+00
4.691292047500610352e-01
0.000000000000000000e+00
7.343550920486450195e-01
1.522095322608947754e+00
1.795087605714797974e-01
1.118028759956359863e-01
0.000000000000000000e+00
3.035136759281158447e-01
3.834939794614911079e-03
4.959861934185028076e-02
9.593724608421325684e-01
9.185937643051147461e-01
2.927491068840026855e-02
8.877633512020111084e-02
2.356259152293205261e-02
8.132367656799033284e-05
4.243591725826263428e-01
3.815433883573859930e-04
4.163179099559783936e-01
7.986138015985488892e-02
0.000000000000000000e+00
2.345108032226562500e+00
3.948958218097686768e-02
3.547472655773162842e-01
2.565372735261917114e-02
1.423134505748748779e-01
1.583734631538391113e+00
5.652545094490051270e-01
0.000000000000000000e+00
1.205367818474769592e-01
7.388752698898315430e-02
6.986428052186965942e-03
2.181900888681411743e-01
6.116200238466262817e-03
4.014024257659912109e+00
5.526120066642761230e-01
0.000000000000000000e+00
1.266368031501770020e-01
1.987859904766082764e-01
4.035694599151611328e-01
1.536526624113321304e-02
5.205192565917968750e-01
2.751560509204864502e-01
5.127917528152465820e-01
2.328711897134780884e-01
1.032707214355468750e+00
7.217455655336380005e-03
1.566811352968215942e-01
1.456329040229320526e-02
1.696642994880676270e+00
2.918230295181274414e-01
8.585739880800247192e-02
1.172493323683738708e-01
3.820999264717102051e-01
3.439169824123382568e-01
7.956992089748382568e-02
2.781108021736145020e-01
2.154341340065002441e-01
8.164538443088531494e-02
7.543145213276147842e-03
8.499490097165107727e-03
1.398990601301193237e-01
6.627320051193237305e-01
1.335773617029190063e-01
4.689931496977806091e-02
3.849514424800872803e-01
3.889597952365875244e-01
7.749285697937011719e-01
5.308244228363037109e-01
4.250715672969818115e-01
0.000000000000000000e+00
0.000000000000000000e+00
7.026840001344680786e-02
2.912754416465759277e-01
3.092929422855377197e-01
0.000000000000000000e+00
3.771111369132995605e-01
1.870776899158954620e-02
5.779077485203742981e-02
1.684915304183959961e+00
4.569786489009857178e-01
2.596914052963256836e+00
0.000000000000000000e+00
2.356021255254745483e-01
5.027959942817687988e-01
8.509846776723861694e-02
1.633358374238014221e-02
4.439398348331451416e-01
2.413396239280700684e-01
4.987514577805995941e-03
3.870955407619476318e-01
6.279426813125610352e-01
1.724147349596023560e-01
2.885986585170030594e-03
9.230409860610961914e-01
9.237086772918701172e-01
2.347697466611862183e-01
7.387698292732238770e-01
2.318519830703735352e+00
2.231466770172119141e-01
2.996454946696758270e-03
7.166322320699691772e-02
6.897047907114028931e-02
1.311801956035196781e-03
9.888922423124313354e-02
0.000000000000000000e+00
7.443690896034240723e-01
4.533344879746437073e-03
1.329676955938339233e-01
1.214678049087524414e+00
9.188830107450485229e-02
1.796721369028091431e-01
5.837584733963012695e-01
1.484048366546630859e-01
0.000000000000000000e+00
9.179553017020225525e-03
3.632470220327377319e-02
4.482149779796600342e-01
0.000000000000000000e+00
7.009272575378417969e-01
6.544939279556274414e-01
5.497724190354347229e-02
1.490614116191864014e-01
5.899969339370727539e-01
2.328760921955108643e-02
7.250345498323440552e-02
2.598680257797241211e-01
1.625236421823501587e-01
2.473082244396209717e-01
1.030529197305440903e-02
1.553185880184173584e-01
5.290268659591674805e-01
1.608482480049133301e+00
0.000000000000000000e+00
4.962257146835327148e-01
7.074599862098693848e-01
9.154480881989002228e-03
0.000000000000000000e+00
1.485941559076309204e-01
2.753697037696838379e-01
3.893879242241382599e-03
8.636632561683654785e-02
6.949216127395629883e-01
4.458241760730743408e-01
1.479663997888565063e-01
3.757604211568832397e-02
4.945555031299591064e-01
4.927920922636985779e-02
7.456593513488769531e-01
6.846719188615679741e-04
2.544063329696655273e-01
4.792232215404510498e-01
6.265143305063247681e-02
5.264412164688110352e-01
2.257086038589477539e+00
2.648138105869293213e-01
4.331005329731851816e-04
1.179075464606285095e-01
0.000000000000000000e+00
0.000000000000000000e+00
1.691031157970428467e-01
6.137591600418090820e-01
5.024223774671554565e-02
2.740482687950134277e-01
3.465454280376434326e-02
7.143763825297355652e-03
2.210491895675659180e+00
2.788006365299224854e-01
8.885752409696578979e-02
1.419675230979919434e+00
6.996242702007293701e-02
5.095577798783779144e-03
8.573421090841293335e-02
2.995083332061767578e-01
3.358232080936431885e-01
1.779005765914916992e+00
1.726199174299836159e-03
1.692755818367004395e-01
2.523224115371704102e+00
7.576438784599304199e-01
2.133887559175491333e-01
6.937733888626098633e-01
1.536356564611196518e-02
0.000000000000000000e+00
1.455482840538024902e+00
0.000000000000000000e+00
8.030101060867309570e-01
0.000000000000000000e+00
1.487689465284347534e-01
1.600927114486694336e-01
0.000000000000000000e+00
1.738884449005126953e-01
1.863930225372314453e-01
1.206887513399124146e-01
1.060901731252670288e-01
5.373530387878417969e-01
4.630731582641601562e+00
0.000000000000000000e+00
0.000000000000000000e+00
7.649502158164978027e-01
9.479755163192749023e-02
0.000000000000000000e+00
2.100679837167263031e-02
9.519166499376296997e-02
4.196279346942901611e-01
9.472011923789978027e-01
6.037651896476745605e-01
8.349237442016601562e-01
1.589455306529998779e-01
1.562387589365243912e-02
5.252810716629028320e-01
3.189318776130676270e-01
0.000000000000000000e+00
1.516405194997787476e-01
3.208013772964477539e-01
2.060012578964233398e+00
2.016232907772064209e-02
5.042008161544799805e-01
1.625976204872131348e+00
1.152654737234115601e-01
0.000000000000000000e+00
1.184961318969726562e+00
2.238340228796005249e-01
3.081994652748107910e-01
0.000000000000000000e+00
6.261146068572998047e-02
9.965346008539199829e-02
5.379533767700195312e-01
3.102901935577392578e+00
4.694350063800811768e-01
0.000000000000000000e+00
8.103693127632141113e-01
0.000000000000000000e+00
4.458674192428588867e-01
3.469365462660789490e-02
6.075915098190307617e-01
2.993845380842685699e-02
0.000000000000000000e+00
2.877045869827270508e+00
1.062573194503784180e-01
1.711052805185317993e-01
5.918935872614383698e-03
3.197960928082466125e-02
2.233161777257919312e-01
0.000000000000000000e+00
1.941983103752136230e-01
2.186493575572967529e-02
1.669745892286300659e-01
2.142034284770488739e-02
5.092704296112060547e-01
5.063329264521598816e-02
3.622972965240478516e-02
7.146037220954895020e-01
3.135899901390075684e-01
5.577196925878524780e-02
1.478481411933898926e+00
4.219802096486091614e-02
5.990184471011161804e-02
1.473741531372070312e-01
1.130936085246503353e-03
1.222142763435840607e-02
0.000000000000000000e+00
2.447545975446701050e-01
1.533621251583099365e-01
1.335287809371948242e+00
3.829742670059204102e-01
6.783489584922790527e-01
5.474796053022146225e-03
8.107348084449768066e-01
4.236802577972412109e+00
1.291687339544296265e-01
1.975772343575954437e-02
8.100352287292480469e-01
0.000000000000000000e+00
1.545348167419433594e+00
1.077958494424819946e-01
1.575282365083694458e-01
2.546008825302124023e-01
1.611569821834564209e-01
1.874460428953170776e-01
0.000000000000000000e+00
1.008976697921752930e-01
6.332005262374877930e-01
0.000000000000000000e+00
1.216486915946006775e-01
1.104406663216650486e-03
7.095362525433301926e-03
1.578031480312347412e-01
1.682923757471144199e-03
1.424328088760375977e+00
7.276343554258346558e-02
2.284771203994750977e-01
0.000000000000000000e+00
1.699511334300041199e-02
8.880242705345153809e-02
3.106887340545654297e-01
7.085206359624862671e-02
9.078276157379150391e-02
1.018425896763801575e-01
2.017503976821899414e+00
0.000000000000000000e+00
3.752845525741577148e-01
1.164914518594741821e-01
6.340832915157079697e-03
8.541082963347434998e-03
2.335300203412771225e-03
3.625515997409820557e-01
9.794886223971843719e-03
4.048906803131103516e+00
1.925055086612701416e-01
4.082779288291931152e-01
9.096775203943252563e-02
3.060193732380867004e-02
0.000000000000000000e+00
4.311215877532958984e-01
7.821588078513741493e-04
0.000000000000000000e+00
8.774468302726745605e-02
1.002575829625129700e-01
1.291601508855819702e-01
0.000000000000000000e+00
5.599265173077583313e-02
2.087954729795455933e-01
8.621702194213867188e-01
8.710215240716934204e-02
3.102855570614337921e-02
0.000000000000000000e+00
6.568426638841629028e-02
1.958335749804973602e-02
2.489300072193145752e-02
1.302527308464050293e+00
3.058612048625946045e-01
2.166482210159301758e-01
1.988945603370666504e-01
9.650627970695495605e-01
1.484343111515045166e-01
0.000000000000000000e+00
1.546172261238098145e+00
7.255842089653015137e-01
7.857352495193481445e-02
4.520807415246963501e-02
9.165529608726501465e-01
0.000000000000000000e+00
3.172269582748413086e+00
8.392821252346038818e-02
2.710864841938018799e-01
2.515575103461742401e-02
2.538563217967748642e-03
4.248860478401184082e-01
8.640056103467941284e-02
1.940770447254180908e-01
7.057774066925048828e-02
1.611247360706329346e-01
3.045207858085632324e-01
9.502857923507690430e-02
2.597969174385070801e-01
4.212389588356018066e-01
9.517745971679687500e-01
3.787137195467948914e-02
2.603288739919662476e-02
5.334914922714233398e-01
1.599294878542423248e-02
8.746824413537979126e-02
6.294863224029541016e-01
5.048253759741783142e-02
7.595786452293395996e-02
0.000000000000000000e+00
3.571069240570068359e-01
7.927799597382545471e-04
0.000000000000000000e+00
3.022714704275131226e-02
1.352444011718034744e-02
2.557191252708435059e-01
0.000000000000000000e+00
0.000000000000000000e+00
4.180733859539031982e-01
1.284293383359909058e-01
1.591533064842224121e+00
2.497870445251464844e+00
1.282540857791900635e-01
3.190055489540100098e-01
6.793026346713304520e-03
1.091916812583804131e-03
4.190839529037475586e-01
5.182104110717773438e-01
4.013828337192535400e-01
0.000000000000000000e+00
1.797800183296203613e+00
3.801034763455390930e-02
8.266852796077728271e-02
3.369646072387695312e+00
7.441971451044082642e-02
8.976358771324157715e-01
4.635003209114074707e-02
3.371486365795135498e-01
5.138317346572875977e-01
4.761006832122802734e-01
4.753477096557617188e+00
7.258788347244262695e-01
2.193533420562744141e+00
2.010078281164169312e-01
1.511750370264053345e-01
2.681239604949951172e+00
1.279327511787414551e+00
2.237448543310165405e-01
1.382482290267944336e+00
2.161004543304443359e-01
6.987909078598022461e-01
3.466986864805221558e-02
0.000000000000000000e+00
0.000000000000000000e+00
3.780095279216766357e-02
1.038029938936233521e-01
0.000000000000000000e+00
1.582225412130355835e-01
1.914964988827705383e-02
4.934562742710113525e-01
9.147024899721145630e-02
1.676222383975982666e-01
1.902736425399780273e-01
4.310546398162841797e+00
1.815226860344409943e-02
5.605596303939819336e-01
2.442638278007507324e-01
8.298951387405395508e-02
4.834814928472042084e-03
8.400166779756546021e-02
5.624947324395179749e-02
1.420090794563293457e-01
2.848714113235473633e+00
5.602290108799934387e-02
0.000000000000000000e+00
0.000000000000000000e+00
1.534641027450561523e+00
8.470632135868072510e-03
5.190291404724121094e-01
2.234138965606689453e+00
1.376310706138610840e+00
1.647158741950988770e+00
0.000000000000000000e+00
6.601864695549011230e-01
6.983815431594848633e-01
1.587888151407241821e-01
0.000000000000000000e+00
0.000000000000000000e+00
0.000000000000000000e+00
1.259040236473083496e-01
7.650208659470081329e-03
3.407106101512908936e-01
2.092858076095581055e+00
1.463506221771240234e-01
7.440340518951416016e-01
2.094084471464157104e-01
6.786123514175415039e-01
8.315122127532958984e-01
8.409339189529418945e-02
5.677356719970703125e-01
6.690366268157958984e-01
2.188451960682868958e-02
7.317405700683593750e+00
1.296383291482925415e-01
2.076562643051147461e+00
1.207281462848186493e-02
3.707078844308853149e-02
3.544390797615051270e-01
9.620179980993270874e-02
1.312427967786788940e-01
6.636549532413482666e-02
2.960057556629180908e-01
3.047856502234935760e-02
0.000000000000000000e+00
1.491959206759929657e-02
8.037963882088661194e-03
9.679135680198669434e-01
1.221951842308044434e+00
9.747956693172454834e-02
2.752175331115722656e-01
5.527871847152709961e-02
4.409266635775566101e-03
9.385046362876892090e-02
5.417777597904205322e-02
0.000000000000000000e+00
6.640641093254089355e-01
2.035982161760330200e-01
1.189941987395286560e-01
2.540935993194580078e+00
0.000000000000000000e+00
3.149518370628356934e-02
2.099480330944061279e-01
2.416561730206012726e-02
2.733872175216674805e+00
3.134591281414031982e-01
2.121439725160598755e-01
8.489248901605606079e-02
5.994865670800209045e-02
6.550973746925592422e-03
1.296677738428115845e-01
2.173687666654586792e-01
2.866901159286499023e-01
2.658102750778198242e+00
3.902640938758850098e-01
1.031800284981727600e-01
1.157137036323547363e+00
1.103457093238830566e+00
1.684981770813465118e-02
3.832935690879821777e-01
8.556973189115524292e-02
4.034261405467987061e-02
4.371532499790191650e-01
1.468428373336791992e-01
5.585244297981262207e-01
5.346122011542320251e-02
1.941691637039184570e-01
2.006696909666061401e-01
