9.820942068472504616e-04
6.914671063423156738e-01
0.000000000000000000e+00
1.133480906486511230e+00
9.069915860891342163e-02
1.679395139217376709e-01
3.040931820869445801e-01
5.197005346417427063e-02
2.298008441925048828e+00
4.449958801269531250e+00
1.634462952613830566e+00
1.308253407478332520e-01
1.057691097259521484e+00
6.823740154504776001e-02
3.486170619726181030e-02
2.373706102371215820e+00
5.036026239395141602e-01
2.693982124328613281e-01
6.657911837100982666e-02
2.015417255461215973e-02
1.505141407251358032e-01
1.028405129909515381e-02
3.523896634578704834e-01
2.495667785406112671e-01
2.254307866096496582e-01
1.754113286733627319e-01
0.000000000000000000e+00
9.493431448936462402e-01
4.070289060473442078e-02
1.396847367286682129e-01
1.633058674633502960e-02
7.983402162790298462e-02
2.928225398063659668e-01
1.527346611022949219e+00
6.127187237143516541e-02
2.126444280147552490e-01
4.121114499866962433e-03
6.255773544311523438e+00
3.004108071327209473e-01
1.270528733730316162e-01
0.000000000000000000e+00
5.923082306981086731e-02
4.497450590133666992e-01
3.844096958637237549e-01
0.000000000000000000e+00
5.257868766784667969e-01
4.410395026206970215e-01
3.820736110210418701e-01
1.198132857680320740e-01
3.067270040512084961e+00
3.136509284377098083e-02
1.019822120666503906e+00
5.740415453910827637e-01
1.094178199768066406e+00
3.261627554893493652e-01
1.498283982276916504e+00
1.201319769024848938e-01
3.844836235046386719e+00
3.565254509449005127e-01
0.000000000000000000e+00
1.765513777732849121e+00
2.146288566291332245e-02
1.111027717590332031e+00
1.030459523200988770e+00
2.152109384536743164e+00
3.837318122386932373e-01
3.486723899841308594e-01
8.766840696334838867e-01
2.758788764476776123e-01
1.308997035026550293e+00
3.308796882629394531e-01
2.579081058502197266e+00
0.000000000000000000e+00
4.827851802110671997e-02
1.679630726575851440e-01
1.119767904281616211e+00
2.329492568969726562e+00
6.573051214218139648e-01
2.703728079795837402e-01
2.158439904451370239e-02
1.787459373474121094e+00
5.516999214887619019e-02
0.000000000000000000e+00
1.188735961914062500e-01
1.389663219451904297e-01
1.181973367929458618e-01
8.764058351516723633e-02
5.581214427947998047e-01
1.391561329364776611e-01
3.323151767253875732e-01
7.418319582939147949e-01
5.327019691467285156e-01
1.670464128255844116e-01
0.000000000000000000e+00
6.254327297210693359e-01
3.170123323798179626e-02
2.799281775951385498e-01
1.973390430212020874e-01
6.948362588882446289e-01
7.870013117790222168e-01
1.629455924034118652e+00
5.943168997764587402e-01
9.551310539245605469e-01
3.691636770963668823e-02
8.349393010139465332e-01
6.257791519165039062e-01
0.000000000000000000e+00
3.125882521271705627e-02
4.376853629946708679e-02
4.286598205566406250e+00
0.000000000000000000e+00
1.614387392997741699e+00
4.507393762469291687e-02
3.068359375000000000e+00
1.357958018779754639e-01
3.562490940093994141e-01
3.152611851692199707e-01
1.531252861022949219e+00
6.612246632575988770e-01
9.053045511245727539e-01
7.831023931503295898e-01
2.766834497451782227e-01
3.706891238689422607e-01
5.875929072499275208e-02
2.124978154897689819e-01
3.449718356132507324e-01
4.385051727294921875e-01
2.371569536626338959e-02
6.352297216653823853e-02
8.574689179658889771e-02
1.023264229297637939e-01
1.581613659858703613e+00
9.552458301186561584e-03
9.978714585304260254e-02
9.952113628387451172e-01
8.482713252305984497e-02
1.612851917743682861e-01
4.089531674981117249e-02
7.536844611167907715e-01
1.721243113279342651e-01
1.559555232524871826e-01
4.942091181874275208e-03
1.733097314834594727e+00
1.168517708778381348e+00
1.534075379371643066e+00
7.163644582033157349e-02
4.057005345821380615e-01
7.753323763608932495e-03
5.878964662551879883e-01
5.257326364517211914e-01
8.913737535476684570e-02
4.143544733524322510e-01
7.194153070449829102e-01
9.336578845977783203e-02
4.460629522800445557e-01
0.000000000000000000e+00
0.000000000000000000e+00
7.843255065381526947e-03
1.962058246135711670e-01
0.000000000000000000e+00
1.754848286509513855e-02
4.407625794410705566e-01
2.165503799915313721e-01
2.556445002555847168e-01
2.874236106872558594e-01
3.836067765951156616e-02
5.546509101986885071e-02
0.000000000000000000e+00
4.306565225124359131e-01
1.382855325937271118e-01
2.200762629508972168e-01
5.730482190847396851e-02
2.151881217956542969e+00
8.201000690460205078e-01
4.976544976234436035e-01
3.990210294723510742e-01
1.815582960844039917e-01
1.370494663715362549e-01
9.943576902151107788e-02
1.759714633226394653e-01
3.033545566722750664e-03
1.535535156726837158e-01
7.986255288124084473e-01
6.428880989551544189e-02
1.068574637174606323e-01
3.706543922424316406e+00
1.517872363328933716e-01
1.048729300498962402e+00
5.867770314216613770e-02
3.207075119018554688e+00
7.621864080429077148e-01
1.944580435752868652e+00
1.149814724922180176e-01
1.908719539642333984e-01
0.000000000000000000e+00
2.468436956405639648e+00
3.006043434143066406e-01
5.377516746520996094e-01
9.148907661437988281e-01
3.314904868602752686e-01
1.307574272155761719e+00
2.895148992538452148e-01
5.086182355880737305e-01
2.482327371835708618e-01
6.019099801778793335e-02
1.293874621391296387e+00
6.408178210258483887e-01
8.168473243713378906e-01
0.000000000000000000e+00
7.463489174842834473e-01
3.677727654576301575e-02
4.519828557968139648e-01
7.037038207054138184e-01
3.377903997898101807e-01
1.489269733428955078e-01
3.574478626251220703e-01
3.220579326152801514e-01
9.302843213081359863e-01
1.503525525331497192e-01
8.501925468444824219e-01
7.161094248294830322e-02
1.736626178026199341e-01
3.037084102630615234e+00
8.553231507539749146e-02
3.829942941665649414e-01
7.018887400627136230e-01
3.577149510383605957e-01
1.755171656608581543e+00
0.000000000000000000e+00
9.543098211288452148e-01
3.655748069286346436e-01
6.005097031593322754e-01
2.111844539642333984e+00
2.485534548759460449e-01
6.374390125274658203e-01
1.865909318439662457e-03
3.986065089702606201e-01
2.639148198068141937e-02
4.710362851619720459e-02
5.096270237118005753e-03
5.535963177680969238e-01
1.117825042456388474e-02
3.560436666011810303e-01
1.346444249153137207e+00
3.602374717593193054e-02
4.215717613697052002e-01
4.415758848190307617e-01
1.210776716470718384e-01
6.810967810451984406e-03
6.820948794484138489e-03
0.000000000000000000e+00
1.134608864784240723e+00
1.715830415487289429e-01
1.396715164184570312e+00
0.000000000000000000e+00
0.000000000000000000e+00
1.152898788452148438e+00
6.453537344932556152e-01
6.653903126716613770e-01
0.000000000000000000e+00
1.297616243362426758e+00
1.691052794456481934e+00
2.076637931168079376e-03
4.756507575511932373e-01
3.512673676013946533e-01
3.366916254162788391e-02
1.267077326774597168e-01
2.001721709966659546e-01
1.763400793075561523e+00
3.093358278274536133e+00
6.618070602416992188e-01
1.824472546577453613e+00
2.658789753913879395e-01
1.330278515815734863e-01
7.350940108299255371e-01
1.151257872581481934e+00
3.527816832065582275e-01
5.024068951606750488e-01
5.751127004623413086e-01
3.972436115145683289e-02
2.270258069038391113e-01
1.695134043693542480e-01
4.885657131671905518e-02
1.323363035917282104e-01
4.743348434567451477e-02
2.219604253768920898e+00
7.418445497751235962e-02
3.775407746434211731e-02
1.920285671949386597e-01
3.114589214324951172e+00
6.987140979617834091e-03
1.268282979726791382e-01
1.994575381278991699e+00
1.863570660352706909e-01
2.042346894741058350e-01
6.522023081779479980e-01
7.898854464292526245e-02
4.111604094505310059e-01
1.681166738271713257e-01
3.325736895203590393e-02
2.075240015983581543e-02
4.717874340713024139e-03
2.861053645610809326e-01
3.461770713329315186e-01
4.130414724349975586e-01
3.299792408943176270e-01
8.488498330116271973e-01
9.481874704360961914e-01
7.200134992599487305e-01
5.198769569396972656e-01
9.143412113189697266e-02
9.785642623901367188e-01
3.531326353549957275e-01
2.074427604675292969e+00
9.561906568706035614e-03
1.828615069389343262e-01
1.215410470962524414e+00
3.586805760860443115e-01
1.531680375337600708e-01
7.880569249391555786e-02
1.075272681191563606e-03
0.000000000000000000e+00
1.329297780990600586e+00
1.881655156612396240e-01
2.688890136778354645e-02
1.394302964210510254e+00
2.708150744438171387e-01
0.000000000000000000e+00
8.192587643861770630e-02
1.377608895301818848e+00
1.697437316179275513e-01
3.880183994770050049e-01
2.936317957937717438e-02
2.271680355072021484e+00
3.259545266628265381e-01
1.556193977594375610e-01
2.297153323888778687e-01
4.804591834545135498e-01
3.369269967079162598e-01
2.465444654226303101e-01
7.740809321403503418e-01
1.243031740188598633e+00
2.997280120849609375e+00
5.190045386552810669e-02
0.000000000000000000e+00
0.000000000000000000e+00
3.600383549928665161e-02
1.573596522212028503e-02
7.495913505554199219e-01
3.721425076946616173e-03
1.006747335195541382e-01
1.530467122793197632e-01
9.132416248321533203e-01
8.357028365135192871e-01
3.202347755432128906e-01
8.034246414899826050e-02
2.317157834768295288e-01
2.798309087753295898e+00
2.291761189699172974e-01
4.050663113594055176e-01
3.486625105142593384e-02
2.376399278640747070e+00
7.887025922536849976e-02
6.514851003885269165e-02
5.339948534965515137e-01
0.000000000000000000e+00
2.115041971206665039e+00
4.147127866744995117e-01
1.468167291022837162e-03
5.857155323028564453e-01
3.328613340854644775e-01
3.164309263229370117e-01
6.550198793411254883e-02
1.162802457809448242e+00
1.194888129830360413e-01
7.053113728761672974e-02
1.338663578033447266e+00
0.000000000000000000e+00
1.043000817298889160e+00
1.602481603622436523e-01
3.161868572235107422e+00
1.044894933700561523e+00
1.167374383658170700e-02
1.566319614648818970e-01
4.091186225414276123e-01
2.156379520893096924e-01
0.000000000000000000e+00
1.906166039407253265e-02
8.545960485935211182e-02
7.521919161081314087e-02
8.102434277534484863e-01
2.167448103427886963e-01
7.608337402343750000e-01
6.667212396860122681e-02
0.000000000000000000e+00
2.140130758285522461e+00
6.275780498981475830e-03
1.991681009531021118e-01
5.107922479510307312e-02
4.346756339073181152e-01
9.298629313707351685e-02
1.691572070121765137e-01
4.988586008548736572e-01
3.555808663368225098e-01
1.249722167849540710e-01
6.038358211517333984e-01
7.338567972183227539e-01
1.428996682167053223e+00
3.418871164321899414e-01
3.261825740337371826e-01
3.546154499053955078e-01
3.442618846893310547e-01
5.300131440162658691e-01
4.436649382114410400e-01
1.164723277091979980e+00
1.323618739843368530e-02
7.134892791509628296e-02
3.429815769195556641e-01
4.326363503932952881e-01
4.170493781566619873e-01
6.706095486879348755e-02
4.024534702301025391e+00
6.694170832633972168e-01
4.685509204864501953e-01
5.548632740974426270e-01
5.589311569929122925e-02
1.341584324836730957e+00
6.116397380828857422e-01
0.000000000000000000e+00
0.000000000000000000e+00
2.714955508708953857e-01
7.692252993583679199e-01
3.240377604961395264e-01
1.136232092976570129e-01
0.000000000000000000e+00
4.569317698478698730e-01
2.655601739883422852e+00
1.495417207479476929e-01
1.161659955978393555e+00
8.113861680030822754e-01
2.966694831848144531e-01
2.261460386216640472e-02
3.779794275760650635e-02
3.711866959929466248e-02
5.727683901786804199e-01
2.194812595844268799e-01
7.955536842346191406e-01
2.735458128154277802e-02
1.560988277196884155e-01
8.548583090305328369e-02
1.971724033355712891e-01
0.000000000000000000e+00
2.253659442067146301e-02
2.238832712173461914e+00
7.149899750947952271e-02
1.883402347564697266e+00
9.509593248367309570e-01
0.000000000000000000e+00
1.994004696607589722e-01
3.331010043621063232e-01
0.000000000000000000e+00
2.382011562585830688e-01
2.446925640106201172e-01
8.416639268398284912e-02
2.939739227294921875e-01
4.728618264198303223e-01
1.042479574680328369e-01
4.620020985603332520e-01
1.171183586120605469e-02
6.832713633775711060e-02
6.304707378149032593e-02
6.474058628082275391e+00
0.000000000000000000e+00
3.063108623027801514e-01
4.509413540363311768e-01
2.599470376968383789e+00
8.669810295104980469e-01
1.002677559852600098e+00
3.959038496017456055e+00
4.580531120300292969e-01
3.568393290042877197e-01
5.685020685195922852e-01
1.164325997233390808e-01
1.251150965690612793e-01
1.947799801826477051e+00
2.594843134284019470e-02
0.000000000000000000e+00
1.324496865272521973e+00
3.651859462261199951e-01
4.141732454299926758e-01
7.877833843231201172e-01
7.221644520759582520e-01
0.000000000000000000e+00
1.984260976314544678e-01
1.327589511871337891e+00
3.882032632827758789e-01
9.946036934852600098e-01
1.459762215614318848e+00
1.269409775733947754e+00
1.941052675247192383e+00
6.132535636425018311e-02
0.000000000000000000e+00
0.000000000000000000e+00
0.000000000000000000e+00
1.675056576728820801e+00
1.932164430618286133e-01
1.998691409826278687e-01
1.376325637102127075e-01
4.318901151418685913e-02
4.811867605894804001e-03
1.207026243209838867e+00
3.380871713161468506e-01
6.782554090023040771e-02
1.172935128211975098e+00
8.682416081428527832e-01
1.197350919246673584e-01
2.045067310333251953e+00
2.270610444247722626e-02
6.013819575309753418e-02
1.321882661432027817e-02
7.368476986885070801e-01
1.862618699669837952e-02
3.056313395500183105e-01
1.857417345046997070e+00
0.000000000000000000e+00
2.613536834716796875e+00
4.112219437956809998e-02
3.802198171615600586e-01
4.451827108860015869e-01
5.337484478950500488e-01
7.988720387220382690e-02
1.543679356575012207e+00
0.000000000000000000e+00
1.811351925134658813e-01
2.796103954315185547e+00
2.008249759674072266e+00
3.910881280899047852e-01
6.411107629537582397e-02
5.146444439888000488e-01
1.409221291542053223e+00
1.097549676895141602e+00
5.548229217529296875e-01
0.000000000000000000e+00
1.339502781629562378e-01
1.363494992256164551e+00
2.544039860367774963e-03
5.951769351959228516e+00
2.281966656446456909e-01
1.276005059480667114e-01
2.348187923431396484e+00
5.078723654150962830e-02
1.477673798799514771e-01
7.635384202003479004e-01
8.110310137271881104e-02
9.581075608730316162e-02
1.480864286422729492e-01
6.583233475685119629e-01
2.509783804416656494e-01
4.389489293098449707e-01
7.545181550085544586e-03
1.167902708053588867e+00
0.000000000000000000e+00
8.207908272743225098e-01
8.049163818359375000e-01
2.104485780000686646e-02
5.318226218223571777e-01
8.401052355766296387e-01
2.067961245775222778e-01
0.000000000000000000e+00
8.918127417564392090e-02
1.150760054588317871e+00
1.348269730806350708e-01
6.131417155265808105e-01
6.601166129112243652e-01
1.878045678138732910e+00
1.321325451135635376e-01
1.165719553828239441e-01
6.164126396179199219e-01
1.245089545845985413e-01
1.908471584320068359e-01
0.000000000000000000e+00
5.366682410240173340e-01
1.808433532714843750e+00
1.908155903220176697e-02
2.798920683562755585e-02
3.642618656158447266e-01
3.619151711463928223e-01
5.412343889474868774e-02
5.673838853836059570e-01
1.740710586309432983e-01
4.512547850608825684e-01
3.262936770915985107e-01
4.965746998786926270e-01
9.501854777336120605e-01
1.497145891189575195e-01
2.644764900207519531e+00
6.684898138046264648e-01
3.290450096130371094e+00
2.171839326620101929e-01
2.423465728759765625e+00
3.313296794891357422e+00
1.092746332287788391e-01
6.148010492324829102e-02
6.751849055290222168e-01
5.263189226388931274e-02
5.511015653610229492e-02
1.810282468795776367e-01
6.613480299711227417e-02
2.270589917898178101e-01
5.393769145011901855e-01
8.180330395698547363e-01
4.157406985759735107e-01
4.178351461887359619e-01
2.997429966926574707e-01
1.154156684875488281e+00
0.000000000000000000e+00
1.726963222026824951e-01
1.395178772509098053e-02
3.567690253257751465e-01
9.473453164100646973e-01
2.181217819452285767e-01
4.693984985351562500e-01
3.267511492595076561e-03
0.000000000000000000e+00
1.050448894500732422e+00
1.152052506804466248e-01
1.325491905212402344e+00
6.115335226058959961e-01
5.298660993576049805e-01
1.763801276683807373e-02
3.810822963714599609e-01
1.724747270345687866e-01
1.662763118743896484e+00
1.118448153138160706e-01
4.763721525669097900e-01
1.629319638013839722e-01
2.987135350704193115e-01
4.334957599639892578e-01
3.039671182632446289e-01
8.492893725633621216e-02
2.202803939580917358e-01
0.000000000000000000e+00
4.599624156951904297e+00
1.274656295776367188e+00
2.843080759048461914e+00
1.541121900081634521e-01
1.223590612411499023e+00
1.816698163747787476e-01
1.727299541234970093e-01
7.845962047576904297e-01
2.631838321685791016e-01
2.265853807330131531e-02
2.745889127254486084e-01
3.449159860610961914e+00
1.433239728212356567e-01
9.104790091514587402e-01
7.526588439941406250e-01
6.717635393142700195e-01
6.587886214256286621e-01
8.222157508134841919e-02
1.387012839317321777e+00
0.000000000000000000e+00
1.615195751190185547e+00
6.515493243932723999e-02
6.962380409240722656e-01
5.594903975725173950e-02
3.071382343769073486e-01
0.000000000000000000e+00
4.857730567455291748e-01
1.080385316163301468e-02
4.339591860771179199e-01
3.669773101806640625e+00
2.026306390762329102e-01
1.801595568656921387e+00
9.602200239896774292e-03
2.561852931976318359e-01
3.911926507949829102e+00
2.301897108554840088e-01
0.000000000000000000e+00
4.760711491107940674e-01
2.417972087860107422e-01
5.287200678139925003e-03
1.428669691085815430e-01
2.726934552192687988e-01
1.117319583892822266e+00
4.608831927180290222e-02
9.656312316656112671e-02
1.245323475450277328e-02
4.569061473011970520e-02
3.877601623535156250e-01
1.652107834815979004e+00
8.651088923215866089e-02
2.022117190062999725e-02
1.161403656005859375e+00
0.000000000000000000e+00
4.603328555822372437e-02
3.220467567443847656e-01
6.804354488849639893e-02
1.193923115730285645e+00
2.470770478248596191e-01
2.853484392166137695e+00
1.829895526170730591e-01
2.807775139808654785e-02
1.386104941368103027e+00
1.068864345550537109e+00
5.019460245966911316e-02
5.540331080555915833e-02
1.981320977210998535e-02
2.732147872447967529e-01
7.589797675609588623e-02
2.085463255643844604e-01
1.346120834350585938e+00
1.184295415878295898e-01
1.415286421775817871e+00
2.181435227394104004e-01
1.828318983316421509e-01
1.525605004280805588e-02
1.360026448965072632e-01
1.124924540519714355e+00
1.698980182409286499e-01
0.000000000000000000e+00
9.697699546813964844e-01
2.076481580734252930e-01
1.204957589507102966e-01
8.783299922943115234e-01
1.136912703514099121e-01
0.000000000000000000e+00
1.638173341751098633e+00
1.617995262145996094e+00
1.048652455210685730e-02
7.928310893476009369e-03
3.943762183189392090e-02
1.477880835533142090e+00
4.887192845344543457e-01
7.845661602914333344e-03
1.468070030212402344e+00
1.751452684402465820e+00
2.050558626651763916e-01
1.732857704162597656e+00
2.395958155393600464e-01
1.342784285545349121e+00
1.063487157225608826e-01
5.019300580024719238e-01
5.489473044872283936e-02
7.690600156784057617e-01
3.859335780143737793e-01
6.064773201942443848e-01
1.863710999488830566e+00
0.000000000000000000e+00
8.937450498342514038e-02
1.535438746213912964e-01
5.420730113983154297e-01
4.051376879215240479e-02
1.056453809142112732e-01
2.469912357628345490e-02
4.903817772865295410e-01
7.207050919532775879e-01
7.587174177169799805e-01
1.295159906148910522e-01
6.918662190437316895e-01
4.488250240683555603e-03
8.479692339897155762e-01
3.806742280721664429e-02
8.159160497598350048e-04
2.384168148040771484e+00
1.994653791189193726e-01
2.156094089150428772e-02
7.150283455848693848e-01
0.000000000000000000e+00
1.669797897338867188e+00
7.822191119194030762e-01
2.061752974987030029e-02
1.412176489830017090e+00
4.062509238719940186e-01
4.921438395977020264e-01
3.686458170413970947e-01
1.179877519607543945e+00
1.908508315682411194e-02
4.150846004486083984e+00
1.002899706363677979e-01
0.000000000000000000e+00
3.715283274650573730e-01
4.598627239465713501e-02
3.764410316944122314e-01
9.973841160535812378e-02
1.609090119600296021e-01
1.588670730590820312e+00
5.411034226417541504e-01
3.439721345901489258e+00
2.719615459442138672e+00
1.183264851570129395e+00
1.759451068937778473e-02
1.963239759206771851e-01
0.000000000000000000e+00
7.845129072666168213e-02
4.809969365596771240e-01
2.234010696411132812e-01
2.110244184732437134e-01
1.036749362945556641e+00
2.086764872074127197e-01
1.033564686775207520e+00
1.044803857803344727e+00
1.138075351715087891e+00
0.000000000000000000e+00
7.800686955451965332e-01
6.495121866464614868e-02
3.401219472289085388e-02
5.663889646530151367e-01
1.980475902557373047e+00
2.086828276515007019e-02
2.430497646331787109e+00
1.041404485702514648e+00
1.123298406600952148e-01
4.117226898670196533e-01
1.418726146221160889e-01
1.205301284790039062e+00
4.329527914524078369e-01
5.365621298551559448e-02
7.096148133277893066e-01
6.036679744720458984e-01
3.616622835397720337e-02
2.588522136211395264e-01
2.969779670238494873e-01
2.429995834827423096e-01
3.819905519485473633e-01
0.000000000000000000e+00
8.211550116539001465e-01
1.561246067285537720e-01
7.465010881423950195e-02
1.629996418952941895e+00
0.000000000000000000e+00
1.281553030014038086e+00
6.874715089797973633e-01
7.557861804962158203e-01
0.000000000000000000e+00
4.665908962488174438e-02
3.614347428083419800e-02
0.000000000000000000e+00
3.154439032077789307e-01
1.524991244077682495e-01
1.436839699745178223e-01
2.162766456604003906e+00
1.623925447463989258e+00
0.000000000000000000e+00
1.825072169303894043e-01
2.993582010269165039e+00
1.145448312163352966e-01
4.528868198394775391e-01
7.191761732101440430e-01
7.463098764419555664e-01
8.883044123649597168e-03
5.424454808235168457e-02
5.085448622703552246e-01
7.449194192886352539e-01
0.000000000000000000e+00
3.980440497398376465e-01
1.381005197763442993e-01
2.514127194881439209e-01
2.669727057218551636e-02
2.011430822312831879e-02
1.152515504509210587e-02
1.845790259540081024e-02
3.679122924804687500e-01
2.577148675918579102e+00
5.615863800048828125e-01
9.963421225547790527e-01
8.404823392629623413e-02
5.366148427128791809e-02
9.344836696982383728e-03
2.163727521896362305e+00
4.099119603633880615e-01
3.770927190780639648e-01
4.158928096294403076e-01
1.962443813681602478e-02
1.380462646484375000e-01
4.665398895740509033e-01
2.175948917865753174e-01
5.330220982432365417e-02
3.100579380989074707e-01
6.221564859151840210e-02
3.999054133892059326e-01
3.267792612314224243e-02
2.318800449371337891e+00
2.373882532119750977e-01
6.710703969001770020e-01
5.107782483100891113e-01
1.257282018661499023e+00
0.000000000000000000e+00
1.464591383934020996e+00
1.083896979689598083e-01
2.697379827499389648e+00
8.880865760147571564e-03
3.988487958908081055e+00
4.604326561093330383e-02
0.000000000000000000e+00
0.000000000000000000e+00
4.105364680290222168e-01
2.764492928981781006e-01
1.882864236831665039e-01
2.667315602302551270e-01
2.263113260269165039e-01
1.264704823493957520e+00
1.602427661418914795e-01
1.830910563468933105e+00
1.511681556701660156e+00
3.366186857223510742e+00
7.903621196746826172e-01
2.655704021453857422e+00
4.307950139045715332e-01
2.047238312661647797e-02
5.185391288250684738e-03
2.383497077971696854e-03
1.711656689643859863e+00
1.014689430594444275e-01
1.874651193618774414e+00
3.347108066082000732e-01
8.809859752655029297e-01
5.002052783966064453e-01
0.000000000000000000e+00
4.484474062919616699e-01
1.679122447967529297e-01
3.876053914427757263e-02
4.287729859352111816e-01
2.456243991851806641e+00
1.026524528861045837e-01
4.341308772563934326e-01
6.877487301826477051e-01
8.442410826683044434e-01
2.120725810527801514e-01
1.406729221343994141e-01
2.029688954353332520e-01
3.356041014194488525e-01
0.000000000000000000e+00
1.051108073443174362e-02
1.562033414840698242e+00
3.295400366187095642e-02
0.000000000000000000e+00
0.000000000000000000e+00
4.524442851543426514e-01
1.958429999649524689e-02
5.822020769119262695e-02
1.268963456153869629e+00
3.268415927886962891e-01
5.926331132650375366e-02
1.749186217784881592e-01
1.316697001457214355e-01
1.050313655287027359e-02
1.336697936058044434e+00
6.896057724952697754e-01
6.026650592684745789e-02
9.040799736976623535e-02
4.496827423572540283e-01
2.258539013564586639e-02
6.792064309120178223e-01
3.367683887481689453e-01
8.203216195106506348e-01
1.677908934652805328e-02
4.116322994232177734e-01
1.739694178104400635e-01
1.214738786220550537e-01
9.675156474113464355e-01
1.958756744861602783e-01
1.019063472747802734e+00
4.590624570846557617e-02
6.038225889205932617e-01
3.255288600921630859e-01
0.000000000000000000e+00
2.247641324996948242e+00
3.206682443618774414e+00
5.699476003646850586e-01
4.307231009006500244e-01
7.245800495147705078e-01
2.979191839694976807e-01
1.164171338081359863e+00
0.000000000000000000e+00
7.908339612185955048e-03
1.987562656402587891e+00
4.044612944126129150e-01
3.943848423659801483e-03
0.000000000000000000e+00
4.236236214637756348e-01
4.125497639179229736e-01
3.175354003906250000e-01
1.283818036317825317e-01
1.707460880279541016e-01
1.083773732185363770e+00
9.618932008743286133e-02
5.150675773620605469e-01
1.107518654316663742e-02
0.000000000000000000e+00
5.190813541412353516e+00
1.337688803672790527e+00
1.006092429161071777e+00
2.319871485233306885e-01
6.127262115478515625e-02
5.235232878476381302e-03
9.637262225151062012e-01
7.810346782207489014e-02
1.153006255626678467e-01
2.150298833847045898e+00
1.202942609786987305e+00
9.566670656204223633e-01
7.418335676193237305e-01
5.094704627990722656e-01
1.318957567214965820e+00
9.673798829317092896e-02
3.907600045204162598e-01
1.204809665679931641e+00
2.652524970471858978e-02
1.981813073158264160e+00
1.010466888546943665e-01
1.069117859005928040e-01
1.005440115928649902e+00
0.000000000000000000e+00
5.310932159423828125e+00
6.218314170837402344e-01
2.110332489013671875e+00
1.548628062009811401e-01
3.652353882789611816e-01
1.351904749870300293e+00
0.000000000000000000e+00
3.655550479888916016e-01
4.489711672067642212e-02
3.996108658611774445e-03
2.187701761722564697e-01
8.407877087593078613e-01
7.206786870956420898e-01
3.923443704843521118e-02
1.327401757240295410e+00
9.728986024856567383e-01
1.178161978721618652e+00
4.088909626007080078e+00
3.683690726757049561e-01
1.763812452554702759e-01
2.184996753931045532e-01
2.533083260059356689e-01
3.518936634063720703e-01
3.329776823520660400e-01
2.777218520641326904e-01
2.744448781013488770e-01
3.872608067467808723e-04
2.257116287946701050e-01
2.277521975338459015e-02
3.137293159961700439e-01
4.985452070832252502e-02
8.362847566604614258e-02
5.449984669685363770e-01
3.396215736865997314e-01
1.616089344024658203e-01
1.416241288185119629e+00
6.279332190752029419e-02
1.100939393043518066e+00
5.849734544754028320e-01
4.083494096994400024e-02
4.261993467807769775e-01
7.304861396551132202e-02
2.697685956954956055e-01
5.023134350776672363e-01
1.730848290026187897e-02
6.786599988117814064e-05
3.668126463890075684e-01
7.795193195343017578e-01
1.610421575605869293e-02
7.262738049030303955e-02
1.430945545434951782e-01
6.309108138084411621e-01
0.000000000000000000e+00
1.324536204338073730e-01
4.880280047655105591e-02
3.224525690078735352e+00
4.636590182781219482e-01
6.623911112546920776e-02
1.669357180595397949e+00
3.811639547348022461e-01
8.295816183090209961e-01
7.744758725166320801e-01
5.054816007614135742e-01
0.000000000000000000e+00
1.887869983911514282e-01
4.003297090530395508e-01
2.559530258178710938e+00
2.434150874614715576e-01
1.059449240565299988e-01
0.000000000000000000e+00
0.000000000000000000e+00
1.922864764928817749e-01
0.000000000000000000e+00
0.000000000000000000e+00
1.867665648460388184e-01
9.003487229347229004e-02
0.000000000000000000e+00
3.493701517581939697e-01
4.920758605003356934e-01
2.762788772583007812e+00
2.161848694086074829e-01
1.949127018451690674e-01
2.717748284339904785e-01
1.251485347747802734e+00
1.899302124977111816e+00
6.673674583435058594e-01
1.278922915458679199e+00
6.670579910278320312e-01
2.742109261453151703e-02
1.927452087402343750e-01
2.967106120195239782e-04
4.169136285781860352e-01
1.169349718838930130e-02
1.674900576472282410e-02
1.401000857353210449e+00
5.433059930801391602e-01
2.304603531956672668e-02
1.510874032974243164e-01
1.383906975388526917e-02
1.292487144470214844e+00
4.096209049224853516e+00
8.550517559051513672e-01
1.810593724250793457e+00
1.866452217102050781e+00
1.101872682571411133e+00
1.342455446720123291e-01
1.333651989698410034e-01
1.112572401762008667e-01
0.000000000000000000e+00
1.325809210538864136e-01
2.950762271881103516e+00
1.828517317771911621e-01
2.552595853805541992e+00
1.588440686464309692e-02
3.902857303619384766e-01
1.138996243476867676e+00
2.046959161758422852e+00
5.444736480712890625e-01
2.931685186922550201e-02
9.891795367002487183e-02
3.113698482513427734e+00
7.745670676231384277e-01
5.420445203781127930e-01
5.620787143707275391e+00
4.233947753906250000e+00
6.647102534770965576e-03
8.246731162071228027e-01
2.881855964660644531e+00
2.726057767868041992e-01
1.130938436836004257e-02
3.637579679489135742e-01
1.818163871765136719e+00
3.929308652877807617e-01
4.304372370243072510e-01
8.650366067886352539e-01
5.487928986549377441e-01
1.883837282657623291e-01
1.156380176544189453e+00
1.111953854560852051e-01
1.710897982120513916e-01
7.238364964723587036e-02
6.447307020425796509e-02
1.422365009784698486e-01
2.288321256637573242e-01
3.510252714157104492e+00
0.000000000000000000e+00
6.493742465972900391e-01
2.840782403945922852e-01
5.058082342147827148e-01
8.302139043807983398e-01
8.043243885040283203e-01
8.058397769927978516e-01
1.555246829986572266e+00
5.271447449922561646e-02
2.843109965324401855e-01
0.000000000000000000e+00
8.246386796236038208e-02
9.783922880887985229e-02
1.738800108432769775e-01
7.904943823814392090e-02
2.737591862678527832e-01
1.323330998420715332e-01
4.459182620048522949e-01
1.013849377632141113e+00
9.766309522092342377e-03
2.708029448986053467e-01
6.919962167739868164e-01
1.114560216665267944e-01
3.734341561794281006e-01
4.431246280670166016e+00
3.201099038124084473e-01
1.123191881924867630e-02
0.000000000000000000e+00
2.400459535419940948e-02
2.320008128881454468e-01
0.000000000000000000e+00
1.321823239326477051e+00
8.213803172111511230e-01
7.038218975067138672e-01
4.217792153358459473e-01
5.996662378311157227e-01
9.297392517328262329e-02
3.886507591232657433e-03
1.358878612518310547e+00
0.000000000000000000e+00
0.000000000000000000e+00
4.482516944408416748e-01
5.839369893074035645e-01
2.429988682270050049e-01
2.382904767990112305e+00
1.021672725677490234e+00
3.005698919296264648e-01
5.182209610939025879e-02
0.000000000000000000e+00
5.829925462603569031e-02
5.545409023761749268e-02
2.273955643177032471e-01
1.167300809174776077e-02
9.739692509174346924e-02
7.630186080932617188e-01
2.557986259460449219e+00
3.539254903793334961e+00
1.146421767771244049e-02
9.059013426303863525e-02
1.639056950807571411e-01
8.470606803894042969e-01
2.201245307922363281e+00
9.585334658622741699e-01
5.318055152893066406e-01
6.422289609909057617e-01
1.037177667021751404e-01
6.648036241531372070e-01
4.605608433485031128e-02
1.477161526679992676e+00
7.053499668836593628e-02
0.000000000000000000e+00
3.846471607685089111e-01
4.905093088746070862e-02
3.214988470077514648e+00
0.000000000000000000e+00
1.598955750465393066e+00
5.666843056678771973e-01
1.075297072529792786e-01
6.607634015381336212e-03
1.123781800270080566e+00
5.401506423950195312e-01
2.609994411468505859e-01
1.355899691581726074e+00
0.000000000000000000e+00
0.000000000000000000e+00
1.617398738861083984e+00
0.000000000000000000e+00
3.462898358702659607e-02
0.000000000000000000e+00
4.077699482440948486e-01
4.570299983024597168e-01
1.044000089168548584e-01
1.255510807037353516e+00
1.221798174083232880e-02
1.568640470504760742e+00
2.085074931383132935e-01
7.279754430055618286e-02
6.151803536340594292e-04
1.413063883781433105e+00
1.373624950647354126e-01
3.975005149841308594e+00
3.104957938194274902e-01
7.017399668693542480e-01
1.400858610868453979e-01
2.811646647751331329e-02
1.811001449823379517e-01
0.000000000000000000e+00
2.682083547115325928e-01
8.715662956237792969e-01
2.993988990783691406e-01
2.899724543094635010e-01
0.000000000000000000e+00
5.911753699183464050e-02
3.295829594135284424e-01
9.414924383163452148e-01
8.837840557098388672e-01
9.303809404373168945e-01
9.582130312919616699e-01
1.653247117996215820e+00
8.145600557327270508e-02
7.747619748115539551e-01
1.785984396934509277e+00
1.864449866116046906e-02
0.000000000000000000e+00
1.067144155502319336e+00
2.287221401929855347e-01
1.927885860204696655e-01
3.525942564010620117e-02
4.504534602165222168e-02
9.227687120437622070e-01
2.321404814720153809e-01
2.051380276679992676e-01
3.251283168792724609e-01
1.196207944303750992e-02
0.000000000000000000e+00
9.267832040786743164e-01
6.553913950920104980e-01
1.207280084490776062e-01
2.091094404458999634e-01
3.565576374530792236e-01
6.341007947921752930e-01
1.369815412908792496e-02
1.718772947788238525e-02
2.387542963027954102e+00
1.600493937730789185e-01
1.785308271646499634e-01
2.281027659773826599e-02
3.067171387374401093e-02
5.104300379753112793e-02
5.785407423973083496e-01
4.126257598400115967e-01
3.631902039051055908e-01
6.498696655035018921e-02
1.900278627872467041e-01
3.439281463623046875e+00
2.171881496906280518e-01
5.495084449648857117e-02
3.084233403205871582e-01
2.575495004653930664e+00
2.336003780364990234e-01
4.858360588550567627e-01
6.844275593757629395e-01
1.246660947799682617e+00
2.812237441539764404e-01
4.753704369068145752e-01
3.783383220434188843e-02
1.831511855125427246e-01
3.953449130058288574e-01
3.372989222407341003e-02
0.000000000000000000e+00
1.929908990859985352e-01
2.191523462533950806e-01
1.929460093379020691e-02
2.414019852876663208e-01
6.851299665868282318e-03
0.000000000000000000e+00
1.150071144104003906e+00
1.534088104963302612e-01
2.777279913425445557e-01
3.113397657871246338e-01
9.086654521524906158e-03
2.382079511880874634e-01
1.935871720314025879e+00
1.002527952194213867e+00
3.319523930549621582e-01
6.904643774032592773e-02
9.275490641593933105e-01
3.271833807229995728e-02
5.682061910629272461e-01
3.180082738399505615e-01
1.333010494709014893e-01
1.235913276672363281e+00
2.803026139736175537e-01
1.580442935228347778e-01
3.257341310381889343e-02
2.331686019897460938e+00
3.064190745353698730e-01
1.833861619234085083e-01
2.213377237319946289e+00
0.000000000000000000e+00
3.703609108924865723e-01
9.918821044266223907e-03
9.981918334960937500e-01
1.517711952328681946e-02
1.046359390020370483e-01
4.973316490650177002e-01
1.008811950683593750e+00
6.917172074317932129e-01
3.297719731926918030e-02
2.879612445831298828e+00
1.813787817955017090e+00
3.851407170295715332e-01
3.620535833761096001e-03
4.084999561309814453e+00
8.287255167961120605e-01
0.000000000000000000e+00
3.062952160835266113e-01
1.167152643203735352e+00
4.856642186641693115e-01
0.000000000000000000e+00
6.457323431968688965e-01
7.072433084249496460e-02
0.000000000000000000e+00
2.544939994812011719e+00
3.419937849044799805e+00
0.000000000000000000e+00
1.193841546773910522e-01
8.717914223670959473e-01
3.040356934070587158e-01
5.869356393814086914e-01
5.542922616004943848e-01
0.000000000000000000e+00
0.000000000000000000e+00
5.576789379119873047e-01
4.473564326763153076e-01
1.215556740760803223e+00
1.719076372683048248e-02
1.302832365036010742e-01
1.581539750099182129e+00
3.965779840946197510e-01
1.490312162786722183e-03
2.107620984315872192e-01
7.189827412366867065e-02
1.260202229022979736e-01
7.488321512937545776e-02
1.118896603584289551e+00
8.685180544853210449e-01
7.052242755889892578e-02
4.992971941828727722e-02
7.654815912246704102e-01
1.409909576177597046e-01
0.000000000000000000e+00
1.479280926287174225e-02
5.005299448966979980e-01
1.768326312303543091e-01
6.477072834968566895e-01
4.182872176170349121e-02
6.476128846406936646e-02
0.000000000000000000e+00
1.944841593503952026e-01
3.180760145187377930e-02
1.611147075891494751e-01
8.140557259321212769e-02
4.601586610078811646e-02
0.000000000000000000e+00
1.123456239700317383e+00
2.993544816970825195e+00
2.536579370498657227e-01
2.667975664138793945e+00
1.492175221443176270e+00
1.927853375673294067e-01
5.842539072036743164e-01
4.481287207454442978e-03
4.321206361055374146e-02
0.000000000000000000e+00
2.104494720697402954e-01
1.916308999061584473e+00
4.690185189247131348e-01
7.093645572662353516e+00
1.069907426834106445e+00
1.410651564598083496e+00
4.691471159458160400e-01
3.854649513959884644e-02
8.455401659011840820e-01
1.714710295200347900e-01
0.000000000000000000e+00
7.596821188926696777e-01
2.114366292953491211e-01
7.330171465873718262e-01
1.157593369483947754e+00
1.875074803829193115e-01
1.809289157390594482e-01
5.929052829742431641e-03
0.000000000000000000e+00
5.090460777282714844e-01
7.762238383293151855e-01
0.000000000000000000e+00
2.467335946857929230e-02
2.961346805095672607e-01
2.442107439041137695e+00
4.273915886878967285e-01
1.184997335076332092e-01
0.000000000000000000e+00
1.491599202156066895e+00
7.810087203979492188e-01
0.000000000000000000e+00
5.917757377028465271e-02
9.165023565292358398e-01
2.027714252471923828e-01
6.785326451063156128e-02
5.558249950408935547e-01
2.457132190465927124e-01
5.181827545166015625e-01
1.245801802724599838e-02
1.964584290981292725e-01
1.311849355697631836e-01
2.822617769241333008e+00
6.456174850463867188e-01
1.447644270956516266e-02
8.943421766161918640e-03
4.447992742061614990e-01
8.052025735378265381e-02
1.684954464435577393e-01
1.884270906448364258e-01
4.441262409090995789e-02
1.087962538003921509e-01
4.901840686798095703e+00
1.815673828125000000e+00
6.566237658262252808e-02
9.432854652404785156e-01
5.754684209823608398e-01
4.299032688140869141e-01
0.000000000000000000e+00
2.362852171063423157e-02
9.967864751815795898e-01
2.661015987396240234e-01
4.206531345844268799e-01
1.278750419616699219e+00
0.000000000000000000e+00
4.733351469039916992e-01
0.000000000000000000e+00
2.427211523056030273e+00
8.411168456077575684e-01
1.293895840644836426e+00
4.999030381441116333e-02
0.000000000000000000e+00
1.139405965805053711e+00
1.355265855789184570e+00
4.247581362724304199e-01
4.315738976001739502e-01
2.804734110832214355e-01
4.726749658584594727e-01
1.575287699699401855e+00
2.561520099639892578e+00
1.668324470520019531e+00
8.537835627794265747e-02
2.057900428771972656e+00
5.255678892135620117e-01
1.405883193016052246e+00
4.471460580825805664e-01
3.233442068099975586e+00
7.145299911499023438e-01
5.856974720954895020e-01
9.773222357034683228e-02
1.475288391113281250e+00
1.194203495979309082e-01
1.716418415307998657e-01
9.708228707313537598e-01
1.716440796852111816e+00
1.049422621726989746e+00
1.989373803138732910e+00
3.192243874073028564e-01
8.672852069139480591e-02
2.584267556667327881e-01
8.841752052307128906e+00
1.169127225875854492e-01
1.567684561014175415e-01
1.033485308289527893e-01
4.692036509513854980e-01
1.604472517967224121e+00
3.232606500387191772e-02
2.440413832664489746e-01
1.435316205024719238e-01
1.189309824258089066e-02
7.187429815530776978e-02
5.379722118377685547e-01
6.550757586956024170e-02
8.621055483818054199e-01
3.026609122753143311e-02
5.042965523898601532e-03
4.180977120995521545e-03
0.000000000000000000e+00
4.223160147666931152e-01
4.434887766838073730e-01
9.452635049819946289e-01
0.000000000000000000e+00
6.900416612625122070e-01
3.760084882378578186e-02
5.523002743721008301e-01
4.671061635017395020e-01
8.091398477554321289e-01
2.057730918750166893e-03
8.524485747329890728e-04
4.802204966545104980e-01
9.304468631744384766e-01
3.041664361953735352e-01
9.484639167785644531e-01
7.624664306640625000e-01
1.301883602142333984e+01
0.000000000000000000e+00
1.470626473426818848e+00
1.234346628189086914e-01
2.241033762693405151e-01
6.844878196716308594e-01
6.495341300964355469e+00
6.575737893581390381e-02
1.146090626716613770e+00
1.583590745925903320e+00
1.440113186836242676e-01
4.470059275627136230e-01
3.172968924045562744e-01
1.342838406562805176e-01
2.291500329971313477e+00
9.735132455825805664e-01
5.781845189630985260e-03
0.000000000000000000e+00
2.423105388879776001e-02
3.499423563480377197e-01
1.114589646458625793e-01
3.777599334716796875e-01
2.648080885410308838e-01
2.040428400039672852e+00
1.297365188598632812e+00
1.496544573456048965e-03
3.127849102020263672e-01
8.348045945167541504e-01
3.434185981750488281e-01
2.002848684787750244e-02
8.357123732566833496e-01
0.000000000000000000e+00
5.053831338882446289e-01
7.313209176063537598e-01
6.227123551070690155e-03
1.955365657806396484e+00
7.429503798484802246e-01
0.000000000000000000e+00
0.000000000000000000e+00
3.148840367794036865e-01
3.562341928482055664e-01
8.571360111236572266e-01
1.890994310379028320e+00
0.000000000000000000e+00
1.848145872354507446e-01
7.747949566692113876e-03
7.291229907423257828e-03
5.780406594276428223e-01
2.246049165725708008e+00
7.545896768569946289e-01
5.532692909240722656e+00
1.830435246229171753e-01
2.431224137544631958e-01
7.817368954420089722e-02
2.622737586498260498e-01
2.199379205703735352e+00
1.593069791793823242e+00
7.650730609893798828e-01
1.697574853897094727e-01
1.159823417663574219e+00
1.282971024513244629e+00
3.395059108734130859e+00
2.793279290199279785e-01
8.890335261821746826e-02
3.983027115464210510e-02
6.881746649742126465e-02
3.217683434486389160e-01
1.437329530715942383e+00
3.415135741233825684e-01
2.487645894289016724e-01
2.924238741397857666e-01
0.000000000000000000e+00
1.923767775297164917e-01
1.629197001457214355e-01
1.128302887082099915e-01
3.067050874233245850e-01
2.595359086990356445e+00
1.860780358314514160e+00
3.101606667041778564e-01
0.000000000000000000e+00
6.783981323242187500e-01
2.940061688423156738e-02
1.668068766593933105e-01
6.252904534339904785e-01
2.603558063507080078e+00
1.870378255844116211e-01
7.730296999216079712e-02
0.000000000000000000e+00
9.907412528991699219e-01
1.443429384380578995e-02
3.083626925945281982e-01
0.000000000000000000e+00
5.347336530685424805e-01
7.947546243667602539e-02
1.163992285728454590e-01
0.000000000000000000e+00
0.000000000000000000e+00
1.149510126560926437e-02
2.131986618041992188e+00
3.331443667411804199e-01
3.158729672431945801e-01
6.718704104423522949e-01
1.027398649603128433e-02
1.121941953897476196e-01
9.897071868181228638e-03
0.000000000000000000e+00
2.794793844223022461e-01
4.690374374389648438e+00
9.968847036361694336e-01
3.296240568161010742e-01
0.000000000000000000e+00
6.695130467414855957e-02
2.351218938827514648e+00
1.997252553701400757e-01
2.098570585250854492e+00
5.386531949043273926e-01
1.738793373107910156e+00
8.383391499519348145e-01
4.698944091796875000e-01
1.088950112462043762e-01
6.408380270004272461e-01
4.871870577335357666e-02
1.411484330892562866e-01
6.178285479545593262e-01
6.228510141372680664e-01
3.313643336296081543e-01
1.001389399170875549e-01
3.332075476646423340e-01
8.525909185409545898e-01
1.311002254486083984e+00
7.631958723068237305e-01
5.733190774917602539e-01
4.606503993272781372e-02
8.320351243019104004e-01
2.301025539636611938e-01
8.356587290763854980e-01
7.216054201126098633e-01
1.054906770586967468e-01
5.743436813354492188e-01
1.261505186557769775e-01
1.576166003942489624e-01
1.107967942953109741e-01
5.044582858681678772e-02
4.440583586692810059e-01
4.634690284729003906e-01
1.301047086715698242e+00
4.579040780663490295e-02
3.381005823612213135e-01
6.427087634801864624e-02
5.356111526489257812e-01
6.570887565612792969e-01
4.526137411594390869e-01
1.947053968906402588e-01
5.697350017726421356e-03
1.201299548149108887e+00
0.000000000000000000e+00
0.000000000000000000e+00
6.494227647781372070e-01
3.609106540679931641e+00
2.821142785251140594e-02
6.314802169799804688e-01
2.895335853099822998e-01
3.091414451599121094e+00
5.678845942020416260e-02
2.625290155410766602e-01
9.836051464080810547e-01
0.000000000000000000e+00
4.762930572032928467e-01
2.053072452545166016e-01
7.933136820793151855e-01
1.504131436347961426e+00
4.471160471439361572e-01
1.464125961065292358e-01
1.120149269700050354e-01
1.606035351753234863e+00
4.225440323352813721e-03
1.346337437629699707e+00
3.877862393856048584e-01
2.051419951021671295e-02
7.429359555244445801e-01
1.008904874324798584e-01
1.562020033597946167e-01
7.131170034408569336e-01
9.759654849767684937e-02
5.876369029283523560e-02
3.404463231563568115e-01
1.420287787914276123e-01
0.000000000000000000e+00
0.000000000000000000e+00
2.154253005981445312e+00
4.202242195606231689e-01
2.662095308303833008e+00
0.000000000000000000e+00
0.000000000000000000e+00
3.670416772365570068e-01
1.427150219678878784e-01
1.595747619867324829e-01
9.333396553993225098e-01
2.827764488756656647e-02
2.509118318557739258e+00
3.549797460436820984e-02
1.227296590805053711e+00
6.826654076576232910e-02
7.853697985410690308e-02
0.000000000000000000e+00
7.454760372638702393e-02
1.872159242630004883e-01
1.160351037979125977e+00
5.474347472190856934e-01
0.000000000000000000e+00
3.948066830635070801e-01
3.363570868968963623e-01
4.676389396190643311e-01
3.087643146514892578e+00
1.420471966266632080e-01
1.089423656463623047e+00
5.393530428409576416e-02
1.161118410527706146e-02
2.243838310241699219e+00
4.834813475608825684e-01
1.757620334625244141e+00
1.438707858324050903e-01
8.670140057802200317e-02
4.016530886292457581e-02
4.564377665519714355e-02
2.432242631912231445e+00
9.749352335929870605e-01
8.438033461570739746e-01
3.548774719238281250e-01
1.185878925025463104e-02
3.079643547534942627e-01
7.908798456192016602e-01
2.633647322654724121e-01
1.618119329214096069e-02
9.509234428405761719e-01
9.612205624580383301e-01
1.562702775001525879e+00
7.203536033630371094e-01
1.516217738389968872e-01
1.232263669371604919e-01
0.000000000000000000e+00
1.313090771436691284e-01
2.761795222759246826e-01
8.482342362403869629e-01
8.136919699609279633e-03
1.018362522125244141e+00
1.907891631126403809e-01
4.898455739021301270e-01
1.244621053338050842e-01
1.884927153587341309e-01
1.398734748363494873e-01
1.237891316413879395e+00
6.929108500480651855e-01
7.251542806625366211e-01
2.105182111263275146e-01
3.051740169525146484e+00
6.167870014905929565e-02
0.000000000000000000e+00
3.396462202072143555e+00
3.240342065691947937e-02
7.204972207546234131e-02
4.016141295433044434e-01
1.242510199546813965e+00
0.000000000000000000e+00
1.430214405059814453e+00
1.704559326171875000e-01
1.725964397192001343e-01
1.345130521804094315e-02
0.000000000000000000e+00
0.000000000000000000e+00
1.078015685081481934e+00
6.176123023033142090e-01
2.994258999824523926e-01
0.000000000000000000e+00
1.439386140555143356e-02
1.024554371833801270e+00
1.963665366172790527e+00
0.000000000000000000e+00
1.999144911766052246e+00
4.582744598388671875e+00
8.866821527481079102e-01
0.000000000000000000e+00
0.000000000000000000e+00
1.902295947074890137e-01
0.000000000000000000e+00
6.181861162185668945e-01
2.073668241500854492e-01
1.645727515220642090e+00
4.782235249876976013e-02
4.193161055445671082e-02
8.190672993659973145e-01
4.577357769012451172e-01
1.816390752792358398e-01
2.530846595764160156e-01
1.706523776054382324e+00
0.000000000000000000e+00
4.357759952545166016e-01
5.414578914642333984e-01
1.439743399620056152e+00
9.643374681472778320e-01
0.000000000000000000e+00
2.406338453292846680e+00
4.136417388916015625e+00
6.710879802703857422e-01
1.135406270623207092e-01
0.000000000000000000e+00
4.719565212726593018e-01
9.731421470642089844e-01
2.171551883220672607e-01
0.000000000000000000e+00
6.673971414566040039e-01
4.375134706497192383e-01
3.070806741714477539e+00
4.625671505928039551e-01
1.460387825965881348e+00
2.297866940498352051e-01
3.924178183078765869e-01
2.097351312637329102e+00
6.400902271270751953e-01
1.069038510322570801e+00
7.755440659821033478e-03
1.567778587341308594e+00
6.625153422355651855e-01
7.662619948387145996e-01
2.527674138545989990e-01
1.088838325813412666e-03
4.834968447685241699e-01
1.282408833503723145e+00
1.376317441463470459e-01
2.508662939071655273e-01
0.000000000000000000e+00
4.372095689177513123e-02
0.000000000000000000e+00
6.562243700027465820e-01
7.598053216934204102e-01
2.566675186157226562e+00
4.957896843552589417e-02
7.365680485963821411e-02
4.359367489814758301e-01
1.011488959193229675e-01
1.893443703651428223e+00
3.424134552478790283e-01
4.811046719551086426e-01
5.975872874259948730e-01
3.458053246140480042e-02
1.245701193809509277e+00
2.955422699451446533e-01
1.502282768487930298e-01
1.042296141386032104e-01
1.689720988273620605e+00
1.009795546531677246e+00
3.321495294570922852e+00
1.039018034934997559e+00
0.000000000000000000e+00
3.451665639877319336e-01
2.822226285934448242e+00
2.060644328594207764e-01
3.533425629138946533e-01
1.032888889312744141e-02
3.462605178356170654e-02
6.507257930934429169e-03
7.169589865952730179e-03
4.345218092203140259e-02
3.176036477088928223e-01
1.992419600486755371e+00
8.079442381858825684e-02
1.484490513801574707e+00
1.209414601325988770e+00
2.607886791229248047e+00
8.591355085372924805e-01
8.078491091728210449e-01
3.133230507373809814e-01
1.450819224119186401e-01
3.335669636726379395e-02
1.238783240318298340e+00
3.191475272178649902e-01
1.814728379249572754e-01
1.116790771484375000e-01
3.070161581039428711e+00
7.711584866046905518e-02
5.395324230194091797e-01
1.529278466477990150e-03
7.608050107955932617e-01
1.215178132057189941e+00
2.672689221799373627e-02
1.363824307918548584e-02
1.032496541738510132e-01
2.026081830263137817e-02
6.088754534721374512e-01
9.457905292510986328e-01
3.565629124641418457e-01
6.255911290645599365e-02
6.005244255065917969e-01
1.131427049636840820e+00
4.581302702426910400e-01
1.266543745994567871e+00
1.554765343666076660e+00
4.647098183631896973e-01
2.290819168090820312e+00
1.005774289369583130e-01
1.046842575073242188e+00
2.892875671386718750e-01
1.185186728835105896e-01
1.342460513114929199e-01
0.000000000000000000e+00
2.475287765264511108e-01
2.486820966005325317e-01
7.433797419071197510e-02
3.220072686672210693e-01
1.318627595901489258e+00
6.701686382293701172e-01
4.035468697547912598e-01
1.962945461273193359e-01
2.688904106616973877e-01
2.295245975255966187e-02
2.667712211608886719e+00
3.760477304458618164e-01
3.206178545951843262e-01
1.604338884353637695e-01
2.106523275375366211e+00
2.623577229678630829e-02
2.013368755578994751e-01
2.777273952960968018e-02
1.571921259164810181e-01
1.017954573035240173e-01
8.503677845001220703e-01
5.311315655708312988e-01
8.616339415311813354e-03
4.739793241024017334e-01
4.225902855396270752e-01
1.500479102134704590e+00
2.317049801349639893e-01
8.289417624473571777e-02
2.212218195199966431e-01
1.413774192333221436e-01
1.012450084090232849e-02
0.000000000000000000e+00
6.983716972172260284e-03
1.177185475826263428e-01
3.627113103866577148e-01
8.224217593669891357e-02
3.971892893314361572e-01
4.383513703942298889e-02
6.489852666854858398e-01
2.028678178787231445e+00
3.138436004519462585e-02
9.689559787511825562e-02
1.930899918079376221e-01
7.923121005296707153e-02
2.652973532676696777e-01
9.030874371528625488e-01
3.215979814529418945e+00
1.318715363740921021e-01
3.524163663387298584e-01
1.100904345512390137e-01
9.300820231437683105e-01
0.000000000000000000e+00
2.597493231296539307e-01
2.557764947414398193e-01
3.202086687088012695e-01
2.504838705062866211e-01
1.410836428403854370e-01
1.756328225135803223e+00
6.997630000114440918e-02
5.911598801612854004e-01
0.000000000000000000e+00
3.244920074939727783e-01
1.078438460826873779e-01
9.052228182554244995e-02
2.230273962020874023e+00
2.086615324020385742e+00
1.489675045013427734e-01
7.630450129508972168e-01
3.423747539520263672e+00
1.149822026491165161e-02
2.420122735202312469e-02
2.200667746365070343e-02
3.773939311504364014e-01
5.652104690670967102e-02
3.450863957405090332e-01
3.649976551532745361e-01
