3.896624594926834106e-02
8.176746964454650879e-02
0.000000000000000000e+00
7.524451613426208496e-01
4.223550260066986084e-01
0.000000000000000000e+00
3.186863958835601807e-01
5.441561937332153320e-01
2.121032953262329102e+00
4.669685840606689453e+00
3.290660679340362549e-01
3.576832264661788940e-02
5.412687063217163086e-01
0.000000000000000000e+00
7.589362096041440964e-03
2.223174810409545898e+00
3.348004445433616638e-02
7.946791648864746094e-01
9.357719123363494873e-02
2.779286503791809082e-01
0.000000000000000000e+00
4.960306361317634583e-02
8.226055502891540527e-01
8.441647887229919434e-02
1.137362122535705566e-01
2.039646357297897339e-01
6.287894845008850098e-01
2.603569626808166504e-01
0.000000000000000000e+00
3.675999641418457031e-01
1.467755675315856934e+00
3.324393928050994873e-02
4.403854608535766602e-01
3.641667366027832031e-01
3.539294004440307617e-03
1.580694675445556641e+00
8.028837293386459351e-02
6.277617812156677246e-01
3.551477789878845215e-01
4.324011802673339844e-01
0.000000000000000000e+00
0.000000000000000000e+00
5.517623424530029297e-01
4.763444066047668457e-01
1.787620969116687775e-02
0.000000000000000000e+00
6.595914065837860107e-02
9.736289083957672119e-02
1.102520674467086792e-01
3.588098883628845215e-01
1.099160611629486084e-01
4.991273581981658936e-01
3.222749382257461548e-02
2.527984380722045898e-01
0.000000000000000000e+00
1.660857931710779667e-03
2.536599636077880859e-01
6.068635582923889160e-01
0.000000000000000000e+00
4.976132810115814209e-01
1.453167796134948730e+00
1.898039579391479492e-01
1.035888671875000000e+00
1.759584397077560425e-01
4.954532682895660400e-01
1.543296694755554199e+00
1.191491112112998962e-01
1.420206278562545776e-01
0.000000000000000000e+00
2.112461067736148834e-02
3.270935416221618652e-01
3.285891771316528320e+00
6.487971544265747070e-02
1.306927879340946674e-03
1.422996044158935547e+00
3.573123514652252197e-01
2.483055293560028076e-01
4.373778402805328369e-01
2.784958183765411377e-01
0.000000000000000000e+00
1.362940073013305664e+00
4.207932651042938232e-01
8.158679120242595673e-03
5.416377186775207520e-01
1.635225713253021240e-01
1.506828516721725464e-01
1.035235375165939331e-01
2.255871333181858063e-02
6.764686107635498047e-02
7.638064026832580566e-02
1.281861099414527416e-03
0.000000000000000000e+00
0.000000000000000000e+00
0.000000000000000000e+00
1.730758547782897949e-01
4.108895361423492432e-01
2.776486575603485107e-01
1.048989221453666687e-02
9.350875020027160645e-01
3.904501795768737793e-01
3.485691919922828674e-02
7.944266796112060547e-01
2.558561041951179504e-02
1.736779324710369110e-02
1.417594030499458313e-02
8.007344007492065430e-01
1.999714672565460205e-01
2.949523366987705231e-02
8.036422729492187500e-02
2.616253376007080078e+00
9.941888600587844849e-02
3.617835938930511475e-01
5.926467180252075195e-01
3.002801179885864258e+00
3.547905012965202332e-02
2.789271473884582520e-01
5.496564134955406189e-02
1.265435479581356049e-02
4.222364723682403564e-02
6.046235561370849609e-01
2.492813825607299805e+00
4.007140100002288818e-01
3.040769338607788086e+00
9.436125867068767548e-03
1.846492052078247070e+00
1.385847777128219604e-01
1.152988076210021973e+00
3.789203986525535583e-02
6.059785932302474976e-02
9.926576167345046997e-02
8.897836506366729736e-02
3.996934592723846436e-01
2.600834965705871582e-01
2.418567180633544922e+00
2.299463748931884766e-01
0.000000000000000000e+00
3.058131635189056396e-01
1.850837469100952148e-01
6.477330923080444336e-01
6.266148388385772705e-02
1.288465499877929688e+00
9.346736222505569458e-02
1.504525899887084961e+00
1.545778393745422363e+00
1.072737723588943481e-01
6.752901524305343628e-02
4.572852700948715210e-02
2.006433531641960144e-02
5.045528411865234375e-01
9.330075234174728394e-02
2.576243877410888672e-02
1.684174239635467529e-01
2.691966891288757324e-01
2.798798680305480957e-01
5.038589704781770706e-03
0.000000000000000000e+00
0.000000000000000000e+00
0.000000000000000000e+00
9.598001092672348022e-02
4.995776116847991943e-01
5.100695490837097168e-01
4.332542419433593750e-02
1.176924347877502441e+00
1.442622989416122437e-01
6.600460410118103027e-01
2.719081878662109375e+00
0.000000000000000000e+00
2.538143396377563477e-01
9.431035518646240234e-01
1.309941411018371582e-01
3.770721554756164551e-01
1.245801299810409546e-01
7.348104715347290039e-01
1.953024744987487793e+00
3.576190769672393799e-02
1.121698096394538879e-01
1.386031415313482285e-02
6.181900203227996826e-02
1.126747503876686096e-01
2.565450035035610199e-02
1.600196585059165955e-02
1.966460824012756348e+00
8.311513066291809082e-02
7.473574876785278320e-01
8.065295815467834473e-01
1.218805909156799316e+00
0.000000000000000000e+00
1.296414613723754883e+00
3.664270043373107910e-03
7.851037979125976562e-01
6.902191042900085449e-01
1.495826691389083862e-01
0.000000000000000000e+00
2.274827808141708374e-01
1.386325806379318237e-02
9.084852337837219238e-01
9.711658954620361328e-02
6.158698201179504395e-01
1.557547688484191895e+00
2.162239253520965576e-01
1.149443257600069046e-02
1.988637894392013550e-01
6.128588318824768066e-02
1.116024255752563477e-01
0.000000000000000000e+00
7.201285958290100098e-01
1.408801078796386719e-01
1.081622123718261719e+00
1.640622615814208984e-01
5.710799992084503174e-02
9.784693829715251923e-03
1.957871913909912109e-01
1.056269407272338867e+00
1.015008568763732910e+00
0.000000000000000000e+00
0.000000000000000000e+00
0.000000000000000000e+00
2.378215342760086060e-01
2.361599802970886230e-01
3.582922518253326416e-01
0.000000000000000000e+00
0.000000000000000000e+00
3.731845855712890625e+00
8.381053805351257324e-03
2.995294518768787384e-02
6.760833859443664551e-01
3.395213782787322998e-01
0.000000000000000000e+00
7.299573421478271484e-01
8.954863995313644409e-02
2.852630056440830231e-02
2.339676767587661743e-01
2.486016601324081421e-01
1.665899157524108887e-01
0.000000000000000000e+00
1.360505819320678711e-01
2.499602586030960083e-01
5.661600232124328613e-01
0.000000000000000000e+00
2.918477170169353485e-02
3.716267943382263184e-01
0.000000000000000000e+00
8.057415485382080078e-02
1.177254557609558105e+00
0.000000000000000000e+00
4.401471316814422607e-01
1.938476972281932831e-02
2.130551636219024658e-01
4.334723204374313354e-02
1.120814561843872070e+00
5.332957953214645386e-02
7.298533916473388672e-01
1.040775850415229797e-01
0.000000000000000000e+00
4.438925243448466063e-04
0.000000000000000000e+00
3.276935577392578125e+00
2.672057785093784332e-02
1.516106724739074707e+00
2.799530513584613800e-03
2.599574625492095947e-02
4.555227756500244141e-01
3.390032351016998291e-01
0.000000000000000000e+00
2.209709167480468750e+00
1.505237817764282227e-01
0.000000000000000000e+00
4.753005225211381912e-03
5.231829881668090820e-01
2.269680023193359375e+00
1.026256382465362549e-02
2.876386046409606934e-01
1.264423429965972900e-01
1.024117588996887207e+00
2.992828190326690674e-01
3.272265195846557617e-01
0.000000000000000000e+00
1.938155442476272583e-01
1.628440737724304199e+00
3.244210779666900635e-01
5.206173751503229141e-03
0.000000000000000000e+00
1.335119903087615967e-01
5.694648027420043945e-01
1.271809488534927368e-01
2.419926412403583527e-02
7.669839262962341309e-02
1.163633346557617188e+00
8.487218618392944336e-02
9.963033795356750488e-01
4.487421214580535889e-01
4.803669154644012451e-01
4.251551255583763123e-02
4.079954326152801514e-01
2.171553112566471100e-02
3.137688636779785156e-01
8.379909992218017578e-01
3.286659345030784607e-02
9.024418890476226807e-02
1.804199218750000000e+00
0.000000000000000000e+00
2.794326543807983398e+00
7.877044379711151123e-02
2.345766872167587280e-01
6.859205663204193115e-02
3.012454695999622345e-02
1.654034107923507690e-01
2.915719151496887207e-01
1.019433587789535522e-01
2.236093394458293915e-02
9.121233820915222168e-01
1.852166652679443359e-02
1.149706169962882996e-01
0.000000000000000000e+00
2.228163480758666992e-01
1.267409771680831909e-01
1.085989356040954590e+00
2.299728337675333023e-03
6.624352931976318359e-02
0.000000000000000000e+00
8.376415073871612549e-02
1.927734911441802979e-02
4.387630522251129150e-01
0.000000000000000000e+00
2.220023423433303833e-01
5.857060551643371582e-01
5.303533077239990234e-01
0.000000000000000000e+00
0.000000000000000000e+00
9.172119498252868652e-01
6.671652942895889282e-02
1.492213845252990723e+00
4.807431101799011230e-01
1.742468953132629395e+00
5.381313562393188477e-01
1.202356368303298950e-01
3.176131844520568848e-01
1.007702481001615524e-02
1.196998059749603271e-01
4.300855398178100586e-01
1.331811428070068359e+00
2.950685024261474609e-01
3.966020012740045786e-04
2.357620745897293091e-01
9.724505990743637085e-02
1.023452263325452805e-02
0.000000000000000000e+00
4.425930023193359375e+00
1.313969194889068604e-01
0.000000000000000000e+00
1.326055526733398438e-01
1.460988819599151611e-01
2.394808769226074219e+00
0.000000000000000000e+00
2.024800479412078857e-01
0.000000000000000000e+00
6.507008075714111328e-01
0.000000000000000000e+00
6.764999032020568848e-02
9.316810965538024902e-01
1.380667835474014282e-02
4.907678067684173584e-02
0.000000000000000000e+00
8.622630685567855835e-02
5.440608263015747070e-01
1.386645250022411346e-02
1.408088684082031250e+00
1.182125449180603027e+00
0.000000000000000000e+00
2.248525023460388184e-01
8.705920577049255371e-01
2.266164571046829224e-01
1.149717569351196289e-01
1.985442042350769043e-01
8.774357847869396210e-03
1.007535029202699661e-02
2.297072112560272217e-01
6.973462700843811035e-01
3.732323169708251953e+00
1.376159638166427612e-01
6.646124273538589478e-02
1.092912435531616211e+00
1.942919380962848663e-02
1.602612137794494629e-01
1.130592346191406250e+00
8.146794140338897705e-02
0.000000000000000000e+00
1.057624742388725281e-01
6.815195083618164062e-01
0.000000000000000000e+00
1.354220151901245117e+00
8.990476131439208984e-01
7.441880553960800171e-02
0.000000000000000000e+00
0.000000000000000000e+00
9.563818931579589844e+00
7.438911795616149902e-01
1.520949304103851318e-01
1.822788864374160767e-01
2.216890570707619190e-04
1.030597090721130371e-01
1.672657132148742676e-01
2.353354096412658691e-01
6.676540970802307129e-01
2.551410198211669922e-01
5.540217086672782898e-02
5.823392868041992188e-01
3.009871482849121094e+00
1.834275484085083008e+00
0.000000000000000000e+00
2.029420852661132812e+00
1.258331071585416794e-02
1.190153509378433228e-01
0.000000000000000000e+00
3.223229169845581055e+00
3.021793998777866364e-02
6.988827586174011230e-01
7.647956609725952148e-01
8.976935744285583496e-01
1.938387036323547363e+00
1.239057853817939758e-01
3.426464498043060303e-01
1.250233203172683716e-01
4.931595325469970703e-01
1.536844253540039062e+00
7.576189041137695312e-01
3.262527704238891602e+00
3.460786119103431702e-02
1.700078547000885010e-01
2.054386213421821594e-02
2.433512926101684570e+00
6.901994347572326660e-02
8.179549872875213623e-02
6.498139351606369019e-02
6.323879212141036987e-02
1.285539984703063965e+00
1.445509314537048340e+00
3.955445066094398499e-02
3.497236967086791992e-01
1.336569711565971375e-02
0.000000000000000000e+00
8.934979327023029327e-03
0.000000000000000000e+00
4.561527445912361145e-02
1.129312634468078613e+00
2.531763315200805664e-01
1.698461025953292847e-01
4.153164923191070557e-01
1.191495917737483978e-02
0.000000000000000000e+00
1.129324436187744141e+00
6.192460283637046814e-02
6.050151586532592773e-02
1.835543155670166016e+00
3.480793833732604980e-01
2.398113727569580078e+00
7.485169451683759689e-03
9.103512018918991089e-02
7.797337174415588379e-01
2.727451920509338379e-01
1.275216490030288696e-01
8.457314968109130859e-02
0.000000000000000000e+00
1.456374581903219223e-02
2.006566971540451050e-01
1.999778300523757935e-01
8.694511651992797852e-02
7.296450138092041016e-01
3.217552900314331055e-01
3.135451376438140869e-01
3.161819418892264366e-03
1.301277041435241699e+00
2.416584454476833344e-02
4.877270162105560303e-01
2.113291025161743164e+00
1.013639688491821289e+00
1.542399078607559204e-01
0.000000000000000000e+00
2.449152231216430664e+00
9.780257940292358398e-01
9.605376422405242920e-02
1.332825273275375366e-01
3.086293339729309082e-01
2.299857854843139648e+00
2.597221136093139648e+00
1.802644133567810059e-01
3.794472664594650269e-02
1.106495596468448639e-02
1.069835066795349121e+00
0.000000000000000000e+00
5.618287250399589539e-02
2.231591008603572845e-02
4.073521494865417480e-01
1.190693154931068420e-01
0.000000000000000000e+00
8.370574712753295898e-01
3.335593700408935547e+00
2.283943414688110352e+00
3.788472712039947510e-01
3.803793489933013916e-01
5.932328477501869202e-02
0.000000000000000000e+00
3.319073468446731567e-02
0.000000000000000000e+00
1.938618540763854980e+00
1.949163973331451416e-01
3.811983019113540649e-02
0.000000000000000000e+00
1.703317612409591675e-01
0.000000000000000000e+00
8.586457371711730957e-02
9.114226326346397400e-03
0.000000000000000000e+00
1.633858561515808105e+00
2.976360082626342773e+00
1.409004162997007370e-02
1.840822458267211914e+00
1.159120202064514160e+00
0.000000000000000000e+00
5.630027651786804199e-01
2.569217383861541748e-01
4.810032248497009277e-01
8.317701220512390137e-01
3.220663964748382568e-01
0.000000000000000000e+00
1.479300260543823242e+00
0.000000000000000000e+00
1.923554539680480957e-01
6.342320237308740616e-03
1.291956752538681030e-01
2.587353587150573730e-01
9.330802559852600098e-01
1.219147324562072754e+00
9.555137753486633301e-01
0.000000000000000000e+00
3.075079023838043213e-01
0.000000000000000000e+00
1.159358769655227661e-02
5.439792200922966003e-02
5.379825234413146973e-01
0.000000000000000000e+00
6.927158683538436890e-03
1.059702481143176556e-03
5.730011463165283203e-01
4.589033424854278564e-01
0.000000000000000000e+00
7.559990882873535156e-01
4.534027278423309326e-01
4.834165424108505249e-02
9.164207577705383301e-01
0.000000000000000000e+00
0.000000000000000000e+00
1.272300817072391510e-02
1.834768056869506836e-01
7.387463469058275223e-03
0.000000000000000000e+00
1.064392458647489548e-02
5.590011551976203918e-02
2.237864881753921509e-01
1.137315761297941208e-02
6.686963438987731934e-01
2.235417068004608154e-01
1.029528230428695679e-01
1.465611010789871216e-01
1.217357348650693893e-03
8.729390799999237061e-02
0.000000000000000000e+00
0.000000000000000000e+00
0.000000000000000000e+00
1.952319383621215820e+00
7.869595885276794434e-01
1.012073233723640442e-01
0.000000000000000000e+00
6.827691793441772461e-01
3.042261004447937012e-01
6.930071860551834106e-02
0.000000000000000000e+00
1.678649485111236572e-01
0.000000000000000000e+00
8.201643079519271851e-02
0.000000000000000000e+00
1.186179071664810181e-01
1.840701140463352203e-02
4.788088500499725342e-01
0.000000000000000000e+00
2.288913726806640625e+00
0.000000000000000000e+00
0.000000000000000000e+00
1.190974861383438110e-01
2.981480062007904053e-01
5.268236994743347168e-01
9.791715443134307861e-02
0.000000000000000000e+00
1.908683031797409058e-01
5.144957900047302246e-01
5.597046613693237305e-01
0.000000000000000000e+00
2.975139617919921875e-01
1.140383839607238770e+00
2.292649030685424805e+00
5.992976576089859009e-02
3.894466459751129150e-01
6.905972212553024292e-02
2.325045108795166016e+00
2.522988557815551758e+00
1.175079029053449631e-02
1.296173315495252609e-02
0.000000000000000000e+00
3.408119082450866699e-01
3.190184533596038818e-01
1.987156122922897339e-01
1.046955704689025879e+00
2.732359766960144043e-01
7.252870798110961914e-01
1.187551498413085938e+00
1.232016563415527344e+00
5.629920959472656250e-01
0.000000000000000000e+00
2.462598800659179688e+00
5.419619679450988770e-01
4.950720351189374924e-03
1.893220096826553345e-02
0.000000000000000000e+00
0.000000000000000000e+00
8.475293517112731934e-01
6.273297667503356934e-01
1.874449253082275391e-01
4.169267117977142334e-01
3.137945197522640228e-03
9.975551813840866089e-02
1.929479837417602539e+00
2.495863735675811768e-01
1.014441490173339844e+00
1.401153504848480225e-01
4.763091206550598145e-01
4.144769906997680664e-01
1.280707865953445435e-01
1.819042801856994629e+00
8.364759087562561035e-01
4.010205864906311035e-01
7.886356674134731293e-03
5.924871563911437988e-01
2.031440287828445435e-01
4.441333711147308350e-01
1.918801188468933105e+00
2.826727330684661865e-01
1.592576354742050171e-01
1.874839961528778076e-01
1.606270819902420044e-01
1.142623648047447205e-01
3.531423807144165039e-01
3.486609086394309998e-02
8.318634629249572754e-01
2.967541217803955078e-01
0.000000000000000000e+00
1.716489642858505249e-01
1.058218717575073242e+00
1.013555526733398438e+00
1.985241174697875977e-01
1.606334447860717773e+00
1.290414214134216309e+00
6.513628363609313965e-02
4.667281210422515869e-01
4.422585666179656982e-01
1.458745747804641724e-01
8.836451172828674316e-02
3.526712059974670410e-01
2.639793674461543560e-04
2.657413482666015625e-03
2.098235860466957092e-02
1.729563921689987183e-01
4.861521124839782715e-01
3.926657512784004211e-02
2.897527217864990234e-01
6.000091508030891418e-02
8.654268085956573486e-02
1.096944689750671387e+00
3.090430200099945068e-01
1.466552466154098511e-01
1.223778799176216125e-01
0.000000000000000000e+00
0.000000000000000000e+00
6.081639602780342102e-02
0.000000000000000000e+00
4.322587326169013977e-02
6.444813311100006104e-02
1.041256785392761230e+00
3.793209791183471680e-02
1.918975450098514557e-02
1.916612535715103149e-01
4.016786813735961914e-01
9.884781241416931152e-01
4.610529243946075439e-01
3.704670906066894531e+00
2.130135774612426758e+00
0.000000000000000000e+00
5.778547376394271851e-02
1.102258265018463135e-02
4.311290383338928223e-01
5.018362998962402344e-01
2.628890037536621094e+00
3.862523138523101807e-01
0.000000000000000000e+00
7.155202031135559082e-01
6.511105298995971680e-01
5.769355967640876770e-02
8.590114116668701172e-02
1.440573185682296753e-01
8.136366009712219238e-01
1.403043568134307861e-01
5.200355499982833862e-02
2.938682138919830322e-01
6.841499358415603638e-02
1.126416921615600586e-01
5.654096230864524841e-02
7.931956648826599121e-02
2.572716586291790009e-02
3.541382402181625366e-02
5.514504909515380859e-01
8.566823005676269531e-01
6.465167552232742310e-02
1.836200207471847534e-01
0.000000000000000000e+00
5.354681611061096191e-02
2.624798297882080078e+00
4.182660877704620361e-01
3.192596836015582085e-03
2.167874336242675781e+00
2.134059965610504150e-01
8.048450108617544174e-04
4.293911159038543701e-01
6.921932697296142578e-01
7.342534661293029785e-01
4.188552796840667725e-01
0.000000000000000000e+00
1.630772054195404053e-01
0.000000000000000000e+00
1.717748865485191345e-02
3.937631100416183472e-02
1.935812906594946980e-04
2.445019930601119995e-01
0.000000000000000000e+00
1.438951939344406128e-01
6.774149369448423386e-03
2.452419325709342957e-02
3.656157255172729492e-01
5.995006561279296875e-01
1.750433444976806641e+00
1.297970563173294067e-01
2.541629314422607422e+00
5.270214080810546875e-01
3.904276341199874878e-02
1.438280940055847168e-01
5.043674632906913757e-02
3.539558872580528259e-02
2.565598785877227783e-01
1.119901299476623535e+00
3.194738030433654785e-01
1.098153218626976013e-01
2.388806641101837158e-02
0.000000000000000000e+00
3.870413601398468018e-01
8.765490353107452393e-02
2.458020597696304321e-01
7.372970581054687500e-01
2.027748711407184601e-02
1.065225806087255478e-03
5.035855174064636230e-01
0.000000000000000000e+00
3.331297874450683594e+00
0.000000000000000000e+00
0.000000000000000000e+00
1.410443305969238281e+00
2.028151750564575195e+00
5.887557029724121094e+00
8.604932427406311035e-01
2.725635282695293427e-02
1.791267655789852142e-02
1.401260852813720703e+00
6.175781786441802979e-02
3.179699927568435669e-02
0.000000000000000000e+00
4.364728033542633057e-01
5.062495544552803040e-02
6.038298606872558594e-01
0.000000000000000000e+00
7.320294976234436035e-01
3.765970766544342041e-01
1.751254916191101074e+00
1.881885975599288940e-01
2.776509761810302734e+00
0.000000000000000000e+00
1.445109099149703979e-01
0.000000000000000000e+00
5.357039719820022583e-02
7.015199214220046997e-02
7.574338316917419434e-01
1.240895874798297882e-02
1.112820208072662354e-02
1.074590999633073807e-02
4.518334567546844482e-02
7.921991944313049316e-01
1.805406808853149414e-01
5.631474405527114868e-02
1.531543731689453125e-01
1.085586771368980408e-01
5.490774512290954590e-01
1.029143035411834717e-01
3.308748006820678711e+00
2.215189859271049500e-02
8.536331355571746826e-02
1.249702051281929016e-01
7.856748253107070923e-02
3.898203670978546143e-01
7.704953849315643311e-02
1.857786655426025391e+00
2.236321568489074707e-01
1.105593442916870117e+00
7.382224798202514648e-01
1.004358008503913879e-01
0.000000000000000000e+00
2.072264254093170166e-01
0.000000000000000000e+00
6.880555152893066406e-01
6.556127071380615234e-01
5.038826465606689453e-01
3.136734962463378906e-01
1.984670460224151611e-01
0.000000000000000000e+00
4.438466131687164307e-01
0.000000000000000000e+00
1.614096760749816895e-01
2.643778026103973389e-01
1.126178801059722900e-01
3.542650665622204542e-04
3.922530114650726318e-01
1.042862057685852051e+00
7.218849062919616699e-01
0.000000000000000000e+00
1.588574767112731934e+00
4.416629672050476074e-01
2.925207138061523438e+00
4.419011995196342468e-02
2.428158372640609741e-01
1.248649805784225464e-01
1.388142257928848267e-01
4.365019202232360840e-01
2.265828371047973633e+00
2.308411896228790283e-01
3.672219216823577881e-01
4.725082814693450928e-01
7.777816057205200195e-02
1.283651590347290039e-01
4.245817661285400391e-01
1.476251706480979919e-02
0.000000000000000000e+00
1.115735098719596863e-01
6.356176733970642090e-02
1.923620402812957764e-01
0.000000000000000000e+00
4.801893234252929688e-02
1.942386478185653687e-02
3.024477362632751465e-01
5.524273514747619629e-01
8.533399701118469238e-01
2.317116409540176392e-02
1.199447084218263626e-03
3.126172125339508057e-01
4.563646912574768066e-01
5.796304702758789062e+00
4.748198986053466797e-01
3.762470483779907227e-01
7.836811244487762451e-02
0.000000000000000000e+00
6.433366239070892334e-02
5.879090726375579834e-02
5.127660036087036133e-01
2.316305637359619141e-01
6.417932510375976562e-01
6.871218085289001465e-01
4.019715264439582825e-02
9.825198352336883545e-02
2.195092916488647461e+00
0.000000000000000000e+00
9.064831137657165527e-01
1.095775514841079712e-01
5.436286330223083496e-01
7.943406701087951660e-02
4.276447594165802002e-01
1.908725798130035400e-01
9.731620550155639648e-01
4.956145212054252625e-02
9.284649789333343506e-02
3.467316925525665283e-02
3.743011355400085449e-01
0.000000000000000000e+00
3.148918867111206055e+00
4.447447136044502258e-02
8.638893254101276398e-03
5.016900971531867981e-02
7.992047816514968872e-02
3.957484662532806396e-02
3.099603578448295593e-02
0.000000000000000000e+00
3.544491827487945557e-01
6.150569319725036621e-01
1.183541715145111084e-01
1.869871854782104492e+00
8.006761223077774048e-02
2.174663543701171875e-01
1.996142789721488953e-02
3.752005100250244141e-01
3.898086026310920715e-02
9.163815379142761230e-01
1.128431200981140137e+00
6.383982300758361816e-02
3.234097361564636230e-01
1.809239387512207031e-03
6.127189844846725464e-03
2.365624606609344482e-01
2.110651731491088867e-01
1.692572951316833496e+00
1.521094679832458496e+00
0.000000000000000000e+00
1.598698087036609650e-02
1.383024454116821289e+00
3.138329744338989258e+00
1.587215065956115723e-02
8.179416507482528687e-02
5.908774957060813904e-02
5.196204781532287598e-01
9.514157176017761230e-01
4.847170710563659668e-01
1.238212466239929199e+00
5.547564029693603516e+00
1.011975556612014771e-01
0.000000000000000000e+00
0.000000000000000000e+00
1.074568390846252441e+00
5.775142088532447815e-02
2.041948288679122925e-01
3.097669601440429688e+00
8.471024339087307453e-04
1.125197768211364746e+00
1.323451399803161621e+00
0.000000000000000000e+00
4.685916602611541748e-01
1.161340773105621338e-01
1.111234128475189209e-01
2.181791812181472778e-01
1.373026072978973389e-01
0.000000000000000000e+00
9.990350343286991119e-03
9.976131916046142578e-01
4.646632005460560322e-04
9.676756858825683594e-01
0.000000000000000000e+00
1.294628858566284180e+00
5.311790108680725098e-02
1.107763171195983887e+00
1.463506698608398438e+00
2.458394169807434082e-01
5.471876263618469238e-01
0.000000000000000000e+00
1.241684794425964355e+00
4.419820010662078857e-01
1.492111831903457642e-01
5.340670943260192871e-01
4.704023897647857666e-01
6.062111854553222656e-01
4.921706914901733398e-01
1.671980251558125019e-03
2.694236636161804199e-01
8.646624088287353516e-01
9.771780110895633698e-03
2.849115431308746338e-02
9.652455896139144897e-02
1.331518411636352539e+00
4.135207831859588623e-02
0.000000000000000000e+00
3.914227485656738281e-01
1.689655929803848267e-01
1.008213639259338379e+00
2.541197240352630615e-01
2.744420990347862244e-02
1.484444022178649902e+00
4.889606535434722900e-01
2.302614003419876099e-01
0.000000000000000000e+00
0.000000000000000000e+00
1.357796788215637207e+00
7.630431652069091797e-01
8.948193192481994629e-01
1.127741299569606781e-02
2.322922833263874054e-02
1.652691066265106201e-01
2.375089168548583984e+00
0.000000000000000000e+00
2.978361584246158600e-02
9.723476320505142212e-02
1.974981427192687988e-01
7.950570434331893921e-02
1.700297743082046509e-02
8.346411585807800293e-02
2.827680110931396484e-01
9.324877262115478516e-01
2.996169589459896088e-02
8.487362861633300781e-01
2.579586394131183624e-02
2.924885451793670654e-01
0.000000000000000000e+00
1.996883153915405273e+00
6.991092860698699951e-02
4.407474771142005920e-02
2.222277164459228516e+00
3.987666219472885132e-02
5.100881680846214294e-02
5.569255352020263672e-01
1.984776742756366730e-02
1.274732828140258789e+00
0.000000000000000000e+00
2.627443671226501465e-01
2.148680621758103371e-03
1.107829138636589050e-01
3.186512589454650879e-01
2.384046316146850586e-01
8.110343217849731445e-01
2.533124279580079019e-05
1.821042597293853760e-01
0.000000000000000000e+00
3.769201692193746567e-03
2.585180997848510742e-01
1.428821682929992676e+00
6.214240193367004395e-01
0.000000000000000000e+00
8.872914314270019531e-01
1.199826598167419434e-01
6.845878809690475464e-02
0.000000000000000000e+00
1.068705916404724121e-01
8.442537859082221985e-03
2.569931931793689728e-02
4.797172248363494873e-01
8.621284365653991699e-01
8.937602043151855469e-01
1.699620723724365234e+00
4.053438007831573486e-01
1.560873985290527344e+00
3.507929295301437378e-02
1.175992637872695923e-01
1.043093204498291016e+00
2.324933052062988281e+00
2.343019992113113403e-01
2.224969267845153809e-01
2.055688858032226562e+00
0.000000000000000000e+00
2.054263114929199219e+00
9.670417904853820801e-01
8.521751314401626587e-02
1.689102500677108765e-02
1.768779940903186798e-02
3.112916946411132812e+00
1.617112308740615845e-01
6.326246261596679688e-01
7.341625690460205078e-01
1.849999874830245972e-01
4.547012150287628174e-01
1.473286002874374390e-01
0.000000000000000000e+00
1.966103166341781616e-01
9.556516259908676147e-02
4.712932109832763672e-01
2.685220003128051758e+00
2.474856853485107422e+00
4.058122336864471436e-01
6.896625161170959473e-01
9.789764881134033203e-02
8.961490355432033539e-03
1.188442587852478027e+00
2.769705533981323242e+00
5.795819759368896484e-01
0.000000000000000000e+00
2.342816591262817383e-01
1.549023091793060303e-01
2.350565493106842041e-01
9.779727458953857422e-02
3.469570726156234741e-02
3.108063526451587677e-02
0.000000000000000000e+00
5.462691783905029297e-01
3.868528902530670166e-01
3.385120332241058350e-01
3.745254576206207275e-01
5.350075364112854004e-01
4.314577579498291016e-01
5.024372786283493042e-02
3.371146023273468018e-01
5.038015246391296387e-01
7.118529081344604492e-02
8.207294940948486328e-01
9.907931834459304810e-02
3.910235688090324402e-02
4.426414147019386292e-02
7.826865464448928833e-02
8.287700265645980835e-02
3.752380013465881348e-01
3.140448406338691711e-02
2.119993418455123901e-01
3.131723999977111816e-01
5.123315379023551941e-02
2.737812325358390808e-02
3.915042802691459656e-02
1.157253980636596680e-01
0.000000000000000000e+00
3.237883329391479492e+00
7.313625812530517578e-01
0.000000000000000000e+00
6.237066388130187988e-01
7.976592779159545898e-01
0.000000000000000000e+00
0.000000000000000000e+00
0.000000000000000000e+00
0.000000000000000000e+00
2.272071130573749542e-02
2.634983301162719727e+00
4.966378509998321533e-01
4.464869499206542969e-01
5.658804252743721008e-02
0.000000000000000000e+00
1.062376871705055237e-01
2.455070018768310547e+00
5.598627328872680664e-01
2.242397051304578781e-03
1.213101856410503387e-02
1.050523161888122559e+00
5.685679614543914795e-02
5.214044824242591858e-02
3.043733835220336914e+00
5.013455152511596680e-01
2.394260913133621216e-01
1.009807288646697998e-01
1.680744290351867676e+00
6.780451536178588867e-01
3.230730891227722168e-01
1.815626323223114014e-01
1.418401598930358887e-01
1.020811200141906738e-01
0.000000000000000000e+00
1.305250644683837891e+00
3.781422972679138184e-01
1.010273814201354980e+00
1.202471375465393066e+00
0.000000000000000000e+00
0.000000000000000000e+00
0.000000000000000000e+00
3.264059778302907944e-03
4.160279780626296997e-02
5.767349898815155029e-02
1.641319319605827332e-02
4.327148944139480591e-02
1.561502087861299515e-02
0.000000000000000000e+00
4.938517510890960693e-01
7.528696060180664062e-01
9.236498922109603882e-02
1.532907247543334961e+00
1.336109876632690430e+00
5.305852368474006653e-02
4.317923188209533691e-01
0.000000000000000000e+00
4.134578630328178406e-02
3.411116823554039001e-02
0.000000000000000000e+00
3.953196406364440918e-01
6.839171401225030422e-04
9.604594856500625610e-02
9.718046188354492188e-01
6.033312082290649414e-01
2.452544122934341431e-02
1.657585352659225464e-01
0.000000000000000000e+00
1.868095546960830688e-01
3.044467605650424957e-02
7.437770068645477295e-02
1.643737316131591797e+00
0.000000000000000000e+00
0.000000000000000000e+00
8.695589751005172729e-02
3.208964824676513672e+00
1.397719144821166992e+00
1.458116769790649414e-01
2.131280303001403809e-01
4.897758960723876953e-01
1.149396151304244995e-01
5.766598582267761230e-01
5.478685498237609863e-01
0.000000000000000000e+00
1.385758668184280396e-01
3.297387063503265381e-01
0.000000000000000000e+00
9.309321045875549316e-01
3.056666553020477295e-01
0.000000000000000000e+00
5.775244832038879395e-01
1.019779518246650696e-01
9.539331495761871338e-02
2.662315070629119873e-01
1.542910933494567871e-01
6.369444727897644043e-02
1.770708113908767700e-01
5.008193254470825195e-01
3.613497614860534668e-01
1.804349869489669800e-01
0.000000000000000000e+00
2.184938639402389526e-01
6.565470695495605469e-01
2.306362092494964600e-01
4.626069590449333191e-02
8.069398999214172363e-01
2.397551059722900391e+00
1.639850735664367676e+00
6.195574998855590820e-02
7.841522693634033203e-01
5.662126839160919189e-02
0.000000000000000000e+00
4.877862706780433655e-02
2.534237690269947052e-02
2.085765358060598373e-03
1.193960756063461304e-01
5.386785604059696198e-03
1.246685385704040527e-01
7.223601937294006348e-01
8.284696340560913086e-01
1.157465297728776932e-02
1.058475136756896973e+00
3.005836009979248047e+00
1.894701004028320312e+00
9.525862932205200195e-01
8.135740160942077637e-01
9.244042038917541504e-01
4.066889882087707520e-01
1.918808184564113617e-02
7.993830740451812744e-02
2.118648737668991089e-01
6.772992014884948730e-01
2.719838730990886688e-02
0.000000000000000000e+00
7.100854814052581787e-02
1.222839951515197754e+00
0.000000000000000000e+00
6.715611815452575684e-01
1.003223538398742676e+00
1.582731604576110840e+00
7.973461411893367767e-03
7.423716783523559570e-01
0.000000000000000000e+00
2.867239341139793396e-02
8.784313797950744629e-01
0.000000000000000000e+00
8.382688760757446289e-01
2.424275875091552734e-01
1.074843049049377441e+00
2.926850020885467529e-01
3.164165616035461426e-01
1.204960327595472336e-02
2.828853437677025795e-03
5.300168395042419434e-01
9.933151006698608398e-01
4.469891786575317383e-01
0.000000000000000000e+00
6.779673695564270020e-02
8.977137804031372070e-01
4.997013881802558899e-02
5.792145133018493652e-01
2.701534656807780266e-03
1.169195413589477539e+00
4.674817994236946106e-02
1.070133447647094727e-01
0.000000000000000000e+00
0.000000000000000000e+00
2.409285008907318115e-01
0.000000000000000000e+00
0.000000000000000000e+00
1.391589879989624023e+00
0.000000000000000000e+00
1.348909378051757812e+00
0.000000000000000000e+00
8.350141644477844238e-01
1.322103291749954224e-01
0.000000000000000000e+00
0.000000000000000000e+00
3.145098686218261719e-02
0.000000000000000000e+00
1.978957839310169220e-02
3.123245239257812500e-01
1.512279510498046875e-01
0.000000000000000000e+00
1.277714371681213379e+00
0.000000000000000000e+00
4.485607147216796875e-03
0.000000000000000000e+00
4.142558947205543518e-02
6.250537633895874023e-01
5.674780160188674927e-02
0.000000000000000000e+00
5.957426503300666809e-02
1.179929673671722412e-01
2.242025136947631836e-01
4.959726929664611816e-01
6.721094250679016113e-01
0.000000000000000000e+00
1.708581298589706421e-01
5.535740852355957031e-01
0.000000000000000000e+00
8.079991675913333893e-03
1.967904418706893921e-01
2.354541867971420288e-01
4.077314138412475586e-01
7.718285918235778809e-02
1.246904656291007996e-01
0.000000000000000000e+00
8.980823159217834473e-01
5.901091545820236206e-02
2.110809385776519775e-01
3.730639442801475525e-02
1.359267681837081909e-01
1.211439847946166992e+00
3.203169256448745728e-02
6.256287097930908203e-01
5.903933048248291016e-01
1.024370547384023666e-02
1.344881858676671982e-02
8.345395326614379883e-01
2.048457227647304535e-02
3.191382437944412231e-02
1.704404592514038086e+00
1.932986639440059662e-02
6.834799051284790039e-01
1.944200322031974792e-02
1.752698123455047607e-01
1.170849129557609558e-01
4.832856953144073486e-01
3.258344233036041260e-01
1.783273816108703613e+00
4.963597953319549561e-01
1.766742020845413208e-01
0.000000000000000000e+00
2.384202182292938232e-02
3.910396993160247803e-01
3.297810675576329231e-03
6.103272438049316406e-01
0.000000000000000000e+00
2.501810491085052490e-01
1.891113966703414917e-01
0.000000000000000000e+00
1.630940884351730347e-01
2.167289555072784424e-01
5.607810020446777344e-01
1.507323086261749268e-01
1.441609859466552734e-01
0.000000000000000000e+00
1.818612575531005859e+00
2.699061036109924316e-01
1.063593849539756775e-01
2.330954372882843018e-01
3.618871867656707764e-01
8.086010068655014038e-02
1.126733541488647461e+00
5.280360579490661621e-01
2.852253913879394531e+00
7.003830671310424805e-01
0.000000000000000000e+00
1.503041744232177734e+00
3.973041772842407227e+00
0.000000000000000000e+00
1.334437876939773560e-01
5.714174509048461914e-01
2.682584822177886963e-01
6.290591321885585785e-03
1.855599403381347656e+00
9.677140042185783386e-03
5.591542273759841919e-02
5.555419325828552246e-01
6.482037901878356934e-01
3.202346563339233398e-01
1.858220063149929047e-02
1.820858567953109741e-01
5.057909488677978516e-01
4.044658504426479340e-03
4.455756768584251404e-02
2.673864364624023438e-03
2.864599972963333130e-02
7.761515676975250244e-02
3.613836318254470825e-02
1.681288480758666992e+00
0.000000000000000000e+00
4.103188216686248779e-02
4.164481163024902344e-01
4.694405078887939453e+00
1.120906695723533630e-02
1.092032343149185181e-02
0.000000000000000000e+00
4.840424060821533203e-01
1.433585435152053833e-01
1.485621571540832520e+00
2.744463831186294556e-02
9.606558084487915039e-01
1.071052905172109604e-02
2.267194241285324097e-01
2.387804269790649414e+00
1.151228789240121841e-02
0.000000000000000000e+00
3.892080113291740417e-02
1.809500157833099365e-01
1.345303058624267578e-01
1.207763552665710449e+00
0.000000000000000000e+00
1.828101873397827148e-01
3.319048881530761719e-01
9.993929266929626465e-01
5.690296888351440430e-01
2.217724919319152832e-01
1.560906041413545609e-02
0.000000000000000000e+00
3.097440600395202637e-01
3.031065464019775391e-01
3.298513125628232956e-03
3.544633090496063232e-01
8.932846784591674805e-01
8.560980670154094696e-03
0.000000000000000000e+00
0.000000000000000000e+00
3.404338359832763672e-01
4.196405410766601562e-02
1.689313799142837524e-01
1.092901706695556641e+00
1.769573688507080078e-01
1.837164878845214844e+00
1.629083156585693359e+00
7.366634160280227661e-02
3.341413259506225586e+00
6.558854877948760986e-02
4.881469532847404480e-02
1.384923160076141357e-01
9.476759284734725952e-02
9.606011211872100830e-03
1.268143765628337860e-02
4.008170664310455322e-01
0.000000000000000000e+00
2.156276851892471313e-01
1.032581850886344910e-01
0.000000000000000000e+00
1.947445422410964966e-01
7.363734841346740723e-01
2.856768846511840820e+00
6.762906312942504883e-01
0.000000000000000000e+00
1.981229662895202637e+00
1.043451651930809021e-01
3.419728204607963562e-02
6.610675156116485596e-02
1.616412848234176636e-01
7.921008467674255371e-01
5.708843818865716457e-04
0.000000000000000000e+00
4.413984119892120361e-01
3.964309930801391602e+00
1.645189709961414337e-02
0.000000000000000000e+00
6.746396888047456741e-03
3.385418355464935303e-01
1.214067488908767700e-01
0.000000000000000000e+00
5.374147556722164154e-03
3.419261574745178223e-01
4.666645228862762451e-01
5.301127955317497253e-02
4.684100300073623657e-02
2.642994225025177002e-01
8.936091661453247070e-01
2.403353340923786163e-02
6.926205009222030640e-02
7.494712620973587036e-02
1.596312820911407471e-01
5.527370423078536987e-02
8.592888712882995605e-01
5.045401453971862793e-01
0.000000000000000000e+00
6.799220442771911621e-01
7.375617511570453644e-03
5.347963422536849976e-02
1.237787492573261261e-02
1.725332736968994141e+00
0.000000000000000000e+00
0.000000000000000000e+00
2.157577514648437500e+00
1.004481077194213867e+00
1.184692755341529846e-01
0.000000000000000000e+00
1.760917603969573975e-01
5.120881557464599609e+00
2.009016126394271851e-01
3.605260252952575684e-01
3.564539179205894470e-02
0.000000000000000000e+00
1.489535927772521973e+00
1.022623479366302490e-01
3.752517700195312500e-01
6.434544324874877930e-01
0.000000000000000000e+00
7.078368663787841797e-01
2.556023374199867249e-02
0.000000000000000000e+00
1.995404660701751709e-01
1.554177887737751007e-02
4.186865091323852539e-01
2.631169855594635010e-01
2.996327638626098633e+00
4.380902647972106934e-01
1.076456665992736816e+00
7.895855605602264404e-02
1.235631704330444336e-01
2.249629609286785126e-02
5.482795834541320801e-01
2.475579455494880676e-02
8.692088127136230469e-01
1.842454910278320312e+00
9.087166190147399902e-02
6.887786835432052612e-02
9.763295948505401611e-02
1.366030275821685791e-01
8.348040580749511719e-01
2.891353145241737366e-02
8.859277963638305664e-01
1.728198975324630737e-01
3.292671442031860352e-01
2.411808073520660400e-02
1.471620202064514160e+00
5.314217209815979004e-01
4.475880861282348633e-01
1.290609035640954971e-02
2.542944252490997314e-02
2.721613273024559021e-02
2.079283446073532104e-01
2.101495265960693359e-01
9.053983539342880249e-02
3.686319664120674133e-02
0.000000000000000000e+00
3.893651440739631653e-02
1.394807128235697746e-03
0.000000000000000000e+00
1.012226641178131104e-01
6.026168167591094971e-02
2.402536012232303619e-02
6.071025133132934570e-01
5.480164289474487305e-01
1.103671669960021973e+00
6.505551934242248535e-02
0.000000000000000000e+00
4.357604682445526123e-01
6.828931625932455063e-03
1.544332504272460938e+00
0.000000000000000000e+00
5.673316121101379395e-01
0.000000000000000000e+00
2.302229553461074829e-01
3.803490102291107178e-01
3.108976364135742188e+00
0.000000000000000000e+00
4.048112630844116211e-01
1.286443620920181274e-01
0.000000000000000000e+00
1.013787165284156799e-01
5.244946479797363281e-01
3.101491034030914307e-01
1.060553431510925293e+00
8.352200388908386230e-01
3.107362985610961914e-01
5.468649268150329590e-01
0.000000000000000000e+00
3.238326907157897949e-01
2.724595785140991211e+00
8.731809258460998535e-02
0.000000000000000000e+00
1.545162945985794067e-01
0.000000000000000000e+00
8.931863307952880859e-02
5.033352375030517578e-01
4.059185385704040527e-01
8.899694681167602539e-01
7.120816707611083984e-01
5.242515355348587036e-03
0.000000000000000000e+00
2.264364480972290039e+00
3.368256688117980957e-01
1.103920582681894302e-02
0.000000000000000000e+00
6.712445616722106934e-02
0.000000000000000000e+00
1.232300326228141785e-02
2.877052783966064453e+00
3.100818991661071777e-01
8.435884714126586914e-01
7.226451765745878220e-03
0.000000000000000000e+00
1.157002802938222885e-02
0.000000000000000000e+00
1.125127747654914856e-01
8.553797602653503418e-01
1.413189530372619629e+00
8.615443366579711437e-04
2.367708459496498108e-02
2.140813972800970078e-03
5.845263600349426270e-01
2.579409480094909668e-01
1.738669872283935547e+00
0.000000000000000000e+00
3.505745828151702881e-01
1.037957593798637390e-01
5.797810107469558716e-02
2.482985258102416992e-01
5.608951449394226074e-01
2.381256341934204102e+00
9.498434066772460938e-01
8.652436137199401855e-01
1.788478228263556957e-03
3.052248358726501465e-01
9.536346048116683960e-02
6.432011127471923828e-01
1.739902943372726440e-01
6.782405078411102295e-02
4.073074817657470703e+00
2.780548632144927979e-01
8.072056174278259277e-01
5.530557632446289062e-01
2.295224741101264954e-02
9.569299221038818359e-02
2.327067963778972626e-02
0.000000000000000000e+00
3.506329655647277832e-02
1.798978298902511597e-01
2.483289688825607300e-01
2.522013187408447266e-01
0.000000000000000000e+00
1.650747805833816528e-01
1.623760104179382324e+00
3.559213504195213318e-02
1.322373095899820328e-02
3.462376445531845093e-02
3.153583407402038574e-02
7.382146120071411133e-01
3.232417255640029907e-02
0.000000000000000000e+00
5.841067433357238770e-01
1.619627028703689575e-01
1.138096451759338379e-01
2.021544277667999268e-01
1.415181756019592285e-01
0.000000000000000000e+00
4.082833290100097656e+00
4.690430164337158203e-01
7.764904946088790894e-02
4.126909077167510986e-01
1.281331479549407959e-01
5.837627500295639038e-02
1.558705717325210571e-01
3.557474315166473389e-01
1.944662630558013916e-01
1.855764985084533691e-01
1.716014556586742401e-02
6.761762499809265137e-02
1.544140093028545380e-02
4.294468089938163757e-02
0.000000000000000000e+00
1.256930589675903320e+00
1.637977123260498047e+00
0.000000000000000000e+00
0.000000000000000000e+00
1.938174962997436523e-01
2.255148589611053467e-01
2.933769226074218750e-01
1.207114338874816895e+00
2.436745405197143555e+00
1.911755800247192383e-01
6.320699453353881836e-01
7.106062769889831543e-02
1.209084838628768921e-01
1.055703878402709961e+00
2.901339530944824219e-02
2.173631638288497925e-01
3.523583710193634033e-01
4.538282155990600586e-01
7.491149753332138062e-02
1.955725718289613724e-03
5.923365429043769836e-02
6.982422620058059692e-02
9.399600625038146973e-01
6.865879893302917480e-02
5.830944050103425980e-03
0.000000000000000000e+00
5.328714251518249512e-01
3.782674074172973633e-01
3.632613897323608398e+00
3.338913917541503906e-01
5.272914469242095947e-02
4.985263943672180176e-01
3.598202019929885864e-02
3.518501669168472290e-02
3.303921818733215332e-01
3.977475464344024658e-01
8.547671884298324585e-02
2.032202482223510742e-01
3.747692406177520752e-01
2.902867197990417480e-01
6.869648694992065430e-01
0.000000000000000000e+00
1.741999745368957520e+00
5.689058080315589905e-02
4.244850948452949524e-02
0.000000000000000000e+00
7.927335798740386963e-02
1.706975936889648438e+00
0.000000000000000000e+00
7.011694461107254028e-02
5.190154314041137695e-01
6.695607900619506836e-01
0.000000000000000000e+00
4.549257755279541016e-01
1.453409641981124878e-01
4.419311881065368652e-01
2.044776678085327148e+00
4.929437115788459778e-02
2.878690659999847412e-01
3.230159729719161987e-02
1.098055317997932434e-01
9.397954493761062622e-02
3.838540554046630859e+00
6.399463862180709839e-02
1.458648324012756348e+00
8.315601944923400879e-02
1.996908336877822876e-02
4.186617210507392883e-02
1.470306888222694397e-03
0.000000000000000000e+00
3.961993753910064697e-02
1.132453605532646179e-01
1.810648739337921143e-01
9.495448321104049683e-03
1.252679079771041870e-01
8.871118426322937012e-01
6.332967430353164673e-02
2.542257867753505707e-02
6.621522456407546997e-02
0.000000000000000000e+00
1.177850738167762756e-01
1.334578096866607666e-01
2.180090188980102539e+00
7.341895997524261475e-02
6.444367021322250366e-02
1.740690231323242188e+00
0.000000000000000000e+00
2.264435291290283203e-01
3.009949028491973877e-01
5.024569574743509293e-03
1.076056361198425293e+00
1.050988025963306427e-02
1.038114905357360840e+00
0.000000000000000000e+00
8.632670640945434570e-01
1.780252456665039062e-01
2.554965615272521973e-01
1.554203685373067856e-02
7.537062764167785645e-01
1.604319810867309570e+00
1.104383077472448349e-02
3.840435147285461426e-01
0.000000000000000000e+00
2.918360829353332520e-01
7.450429797172546387e-01
3.199770927429199219e+00
1.669595360755920410e+00
1.398753672838211060e-01
7.831969261169433594e-01
0.000000000000000000e+00
0.000000000000000000e+00
6.618272513151168823e-02
2.646530978381633759e-02
9.503790140151977539e-01
0.000000000000000000e+00
6.626968383789062500e-01
1.575365215539932251e-01
1.321531534194946289e-01
3.148399591445922852e+00
7.505990862846374512e-01
1.044514417648315430e+00
0.000000000000000000e+00
7.433385122567415237e-03
1.280068874359130859e+00
1.677210032939910889e-01
6.789369583129882812e-01
1.130565702915191650e-01
1.998670995235443115e-01
3.294888734817504883e-01
5.281476974487304688e-01
6.383750438690185547e-01
2.537739276885986328e-02
8.083629608154296875e-02
3.574933707714080811e-01
2.466274658218026161e-03
1.343977332115173340e+00
8.871939778327941895e-01
3.018311858177185059e-01
6.626213788986206055e-01
3.756300359964370728e-02
1.711181551218032837e-02
7.525565475225448608e-02
6.444121897220611572e-02
0.000000000000000000e+00
1.424909830093383789e+00
0.000000000000000000e+00
1.175468042492866516e-02
3.679785504937171936e-02
8.538321852684020996e-01
8.958446979522705078e-02
0.000000000000000000e+00
3.108037412166595459e-01
0.000000000000000000e+00
1.025799989700317383e+00
4.977892711758613586e-02
3.793990239500999451e-02
4.999624252319335938e+00
9.170731306076049805e-01
4.247478395700454712e-02
8.679030090570449829e-02
1.684519499540328979e-01
9.182035326957702637e-01
0.000000000000000000e+00
3.365710377693176270e-01
1.857244521379470825e-01
0.000000000000000000e+00
2.615515589714050293e-01
0.000000000000000000e+00
2.798654317855834961e+00
2.434723615646362305e+00
4.288312792778015137e-02
5.769348144531250000e-01
2.215854644775390625e+00
3.543235957622528076e-01
3.460457175970077515e-02
2.126170694828033447e-01
1.178058311343193054e-01
0.000000000000000000e+00
8.406321704387664795e-02
8.233036994934082031e-01
1.492414996027946472e-02
3.083595633506774902e-02
1.257928274571895599e-02
3.362437784671783447e-01
4.536893665790557861e-01
3.360542356967926025e-01
1.040503382682800293e-01
1.760917544364929199e+00
4.698446020483970642e-02
2.474963068962097168e-01
3.623649179935455322e-01
6.849082112312316895e-01
9.760904312133789062e-01
0.000000000000000000e+00
3.935839533805847168e-01
5.929139852523803711e-01
1.633623838424682617e-01
4.718907549977302551e-02
5.467289593070745468e-03
2.287519454956054688e+00
5.317918658256530762e-01
1.444335728883743286e-01
0.000000000000000000e+00
1.122962832450866699e+00
0.000000000000000000e+00
3.023009300231933594e-01
9.820679426193237305e-01
4.219576358795166016e+00
2.501076757907867432e-01
3.365860134363174438e-02
2.634522318840026855e-01
3.760484158992767334e-01
4.965373575687408447e-01
2.456647455692291260e-01
6.127004623413085938e-01
1.961325407028198242e-01
1.607224494218826294e-01
7.669194135814905167e-03
0.000000000000000000e+00
6.935336589813232422e-01
1.694341897964477539e-01
6.615139544010162354e-02
3.732370734214782715e-01
1.325296144932508469e-02
1.636843234300613403e-01
6.923440843820571899e-02
2.350315600633621216e-01
8.018359541893005371e-02
1.651384353637695312e+00
9.019888937473297119e-02
3.669688105583190918e-02
1.685093641281127930e-01
9.737475514411926270e-01
2.347283124923706055e+00
7.959264516830444336e-01
1.858520358800888062e-01
1.753329038619995117e-01
2.792100608348846436e-01
1.484910607337951660e+00
1.769260168075561523e-01
4.289413690567016602e-01
9.918276667594909668e-01
2.632367610931396484e+00
8.061475157737731934e-01
0.000000000000000000e+00
1.953615784645080566e+00
1.373197734355926514e-01
3.645221889019012451e-02
2.922109365463256836e-01
1.178476959466934204e-02
1.289112716913223267e-01
1.388815402984619141e+00
4.369305968284606934e-01
0.000000000000000000e+00
1.620918214321136475e-01
1.615217030048370361e-01
0.000000000000000000e+00
8.847849369049072266e-01
1.257505774497985840e+00
2.797957658767700195e-01
9.016826152801513672e-01
1.251484274864196777e+00
4.741546511650085449e-01
7.068663835525512695e-02
1.054522275924682617e+00
6.771086901426315308e-02
1.084615141153335571e-01
1.307465583086013794e-01
5.289573669433593750e-01
6.161692738533020020e-02
1.065742820501327515e-01
3.611876368522644043e-01
5.475116372108459473e-01
6.258744597434997559e-01
2.334719747304916382e-01
2.670333348214626312e-02
1.106111645698547363e+00
0.000000000000000000e+00
1.396230794489383698e-02
2.904092073440551758e-01
3.639484569430351257e-02
4.120432436466217041e-01
2.295851945877075195e+00
4.193276166915893555e-02
6.528351455926895142e-02
8.079175353050231934e-01
1.410614699125289917e-01
0.000000000000000000e+00
4.870494604110717773e-01
8.994166851043701172e-01
6.464191526174545288e-02
8.936796337366104126e-02
6.235985830426216125e-02
2.964895665645599365e-01
4.884257912635803223e-02
1.201792478561401367e+00
1.938728988170623779e-02
1.723980158567428589e-01
4.682522267103195190e-02
7.340353727340698242e-02
4.338777437806129456e-02
5.443181842565536499e-02
7.747973799705505371e-01
3.287999331951141357e-01
1.374311000108718872e-01
0.000000000000000000e+00
2.868032753467559814e-01
2.003329098224639893e-01
0.000000000000000000e+00
5.625240132212638855e-02
0.000000000000000000e+00
1.021809652447700500e-01
3.760675787925720215e-01
4.976323246955871582e-02
7.372959852218627930e-01
3.862800896167755127e-01
1.339366793632507324e+00
3.676237165927886963e-02
2.948741195723414421e-03
3.549714088439941406e-01
1.021646261215209961e-01
3.695557266473770142e-02
4.373985528945922852e-01
6.719622611999511719e-01
1.459612011909484863e+00
1.220653414726257324e+00
3.520718961954116821e-02
1.031992673873901367e+00
2.127309590578079224e-01
1.459718123078346252e-02
1.387507766485214233e-01
9.779662489891052246e-01
2.492643892765045166e-01
5.982521548867225647e-02
3.070642948150634766e-01
5.839058756828308105e-01
1.160279661417007446e-01
1.004545688629150391e+00
1.038604881614446640e-03
0.000000000000000000e+00
3.422810882329940796e-02
2.640748322010040283e-01
1.446738690137863159e-01
1.048356294631958008e+00
6.133501976728439331e-02
6.879615038633346558e-02
9.301538020372390747e-02
5.841621011495590210e-02
2.339170277118682861e-01
0.000000000000000000e+00
4.352324306964874268e-01
3.468211889266967773e-01
8.965682983398437500e-01
1.465118050575256348e+00
8.799012750387191772e-03
2.256122082471847534e-01
0.000000000000000000e+00
1.092038393020629883e+00
3.289571404457092285e-01
3.631199523806571960e-02
2.290146589279174805e+00
2.715145051479339600e-01
1.175033450126647949e+00
1.690633773803710938e+00
8.245167732238769531e-01
9.741402268409729004e-01
2.535430669784545898e+00
7.128351926803588867e-02
0.000000000000000000e+00
0.000000000000000000e+00
3.787514209747314453e+00
1.069036483764648438e+00
0.000000000000000000e+00
1.480983138084411621e+00
