4.804445896297693253e-03
6.234464049339294434e-02
0.000000000000000000e+00
5.311934947967529297e-01
4.192636311054229736e-01
1.949925124645233154e-01
1.439136147499084473e+00
0.000000000000000000e+00
3.793679773807525635e-01
7.362545013427734375e+00
6.682385802268981934e-01
1.288145631551742554e-01
5.812177062034606934e-01
1.280064508318901062e-02
1.955436170101165771e-01
6.117548346519470215e-01
3.970730304718017578e-01
1.117356866598129272e-01
1.049682032316923141e-02
1.883650273084640503e-01
2.034271657466888428e-01
0.000000000000000000e+00
5.613438785076141357e-02
3.269239887595176697e-02
5.448222756385803223e-01
0.000000000000000000e+00
3.445323109626770020e-01
8.275245130062103271e-02
0.000000000000000000e+00
7.546344399452209473e-02
1.034633256494998932e-02
3.218092322349548340e-01
1.115461289882659912e-01
5.370872616767883301e-01
9.819766134023666382e-02
2.719560405239462852e-03
1.631641834974288940e-01
1.964389085769653320e+00
4.764121398329734802e-02
6.674697995185852051e-02
4.473783075809478760e-02
0.000000000000000000e+00
4.191927984356880188e-02
6.322193741798400879e-01
0.000000000000000000e+00
0.000000000000000000e+00
1.159480452537536621e+00
3.312081098556518555e-02
5.674418807029724121e-02
5.561745166778564453e-01
2.319619618356227875e-02
2.275071293115615845e-01
5.616756528615951538e-02
4.691484197974205017e-02
2.147559374570846558e-01
1.402758806943893433e-02
5.451985597610473633e-01
2.126761078834533691e-01
4.840246737003326416e-01
5.377619061619043350e-03
2.520359039306640625e+00
6.871058046817779541e-02
6.498444080352783203e-01
4.488697350025177002e-01
2.161805868148803711e+00
1.572425961494445801e+00
2.935805916786193848e-01
9.469744563102722168e-01
2.445175126194953918e-02
5.916088223457336426e-01
1.411906003952026367e+00
2.501419067382812500e+00
1.327850520610809326e-01
2.287307828664779663e-01
0.000000000000000000e+00
9.253572821617126465e-01
4.613837003707885742e-01
1.389513969421386719e+00
2.644813656806945801e-01
3.742381930351257324e-02
2.437261819839477539e+00
8.178659528493881226e-02
3.230532258749008179e-02
3.434232622385025024e-02
2.666638756636530161e-04
8.205318450927734375e-02
1.789319515228271484e-01
1.858540996909141541e-02
6.796168088912963867e-01
3.216026127338409424e-01
5.478314757347106934e-01
1.760016530752182007e-01
6.487779319286346436e-02
4.500158503651618958e-02
1.485060602426528931e-01
2.379088699817657471e-01
7.488685846328735352e-01
1.298388186842203140e-02
5.275456905364990234e-01
1.024875283241271973e+00
6.974474061280488968e-03
1.231463789939880371e+00
9.247598648071289062e-01
0.000000000000000000e+00
2.349559068679809570e-01
3.933675587177276611e-01
0.000000000000000000e+00
0.000000000000000000e+00
2.783505618572235107e-01
7.066887855529785156e+00
2.523323055356740952e-03
9.902096390724182129e-01
2.659939825534820557e-01
1.884413003921508789e+00
9.072824567556381226e-02
0.000000000000000000e+00
2.956658899784088135e-01
4.503275156021118164e-01
6.347931921482086182e-02
5.555155873298645020e-01
6.386380791664123535e-01
6.589984297752380371e-01
8.205012083053588867e-01
8.251602947711944580e-02
8.157311379909515381e-02
3.855573246255517006e-03
1.712766587734222412e-01
2.399908155202865601e-01
1.796209998428821564e-02
3.155369684100151062e-02
2.708363831043243408e-01
1.024123094975948334e-02
6.378341000527143478e-03
9.877591729164123535e-01
8.030639886856079102e-01
0.000000000000000000e+00
8.855441957712173462e-02
2.250525431009009480e-04
6.616437435150146484e-01
5.490313768386840820e-01
1.857160925865173340e+00
7.016270607709884644e-02
6.069712042808532715e-01
1.806404292583465576e-01
3.191361948847770691e-02
0.000000000000000000e+00
5.158804059028625488e-01
1.277508437633514404e-01
3.385195434093475342e-01
3.594887256622314453e-02
4.601060971617698669e-02
9.675876796245574951e-02
1.269736409187316895e+00
1.034849137067794800e-01
6.090448498725891113e-01
3.208374138921499252e-03
1.324701458215713501e-01
0.000000000000000000e+00
1.890684664249420166e-01
4.448056519031524658e-01
8.967467397451400757e-02
4.560980945825576782e-02
2.541946768760681152e-01
1.303062885999679565e-01
1.329051703214645386e-01
3.162013292312622070e-01
0.000000000000000000e+00
1.890085339546203613e-01
6.658953428268432617e-01
1.745810210704803467e-01
1.896993666887283325e-01
2.779939398169517517e-02
2.649585247039794922e+00
2.238598614931106567e-01
1.635324768722057343e-02
2.725977078080177307e-02
1.578607261180877686e-01
0.000000000000000000e+00
0.000000000000000000e+00
3.608743473887443542e-02
6.942643970251083374e-02
6.325300782918930054e-04
2.129372507333755493e-01
0.000000000000000000e+00
0.000000000000000000e+00
9.095860123634338379e-01
1.344530135393142700e-01
2.833803594112396240e-01
3.596905171871185303e-01
9.923810958862304688e-01
3.256856799125671387e-01
1.376285195350646973e+00
2.037960588932037354e-01
4.213072657585144043e-01
0.000000000000000000e+00
1.521385312080383301e+00
5.662913322448730469e-01
2.687637507915496826e-01
2.900500297546386719e-01
1.038273334503173828e+00
5.226246714591979980e-01
1.578781604766845703e-01
0.000000000000000000e+00
0.000000000000000000e+00
0.000000000000000000e+00
2.320688724517822266e+00
1.098601296544075012e-01
6.257119178771972656e-01
0.000000000000000000e+00
5.427082628011703491e-02
1.239613443613052368e-01
6.927245296537876129e-03
7.619078755378723145e-01
0.000000000000000000e+00
0.000000000000000000e+00
7.042289972305297852e-01
0.000000000000000000e+00
1.556149125099182129e+00
2.290039137005805969e-02
8.138346076011657715e-01
7.721576839685440063e-02
6.737984716892242432e-02
1.282605886459350586e+00
5.625199079513549805e-01
9.535208344459533691e-02
3.065972626209259033e-01
1.714655011892318726e-01
9.512133598327636719e-01
1.725779287517070770e-02
2.885664999485015869e-01
0.000000000000000000e+00
4.196687042713165283e-01
1.671099901199340820e+00
6.061013042926788330e-02
5.552835017442703247e-02
0.000000000000000000e+00
8.257933892309665680e-03
3.080801665782928467e-01
2.083090599626302719e-03
1.470315502956509590e-03
0.000000000000000000e+00
2.648133635520935059e-01
6.723584141582250595e-03
1.106847763061523438e+00
1.009540781378746033e-01
4.333199858665466309e-01
3.048868477344512939e-01
1.307706721127033234e-02
6.795678287744522095e-03
7.812880724668502808e-02
3.055862188339233398e-01
4.469790160655975342e-01
0.000000000000000000e+00
4.108025729656219482e-01
0.000000000000000000e+00
5.783431231975555420e-03
2.599872052669525146e-01
3.493186831474304199e-01
0.000000000000000000e+00
2.432954162359237671e-01
1.509429216384887695e-01
9.982815384864807129e-02
1.239289760589599609e+00
1.335356682538986206e-01
1.794471777975559235e-02
7.147123664617538452e-02
6.731948852539062500e-01
5.867410823702812195e-02
3.323083639144897461e+00
2.670691013336181641e+00
9.700612425804138184e-01
8.897794783115386963e-02
1.019022986292839050e-01
4.845229908823966980e-02
8.376938700675964355e-01
1.355525016784667969e+00
1.692126989364624023e-01
4.830839335918426514e-01
7.807643413543701172e-01
4.261291772127151489e-02
6.373856682330369949e-03
1.337987482547760010e-01
1.620884090662002563e-01
1.577607763465493917e-04
8.901072293519973755e-02
4.803490042686462402e-01
1.830992251634597778e-01
0.000000000000000000e+00
1.392875909805297852e-01
8.558759093284606934e-01
0.000000000000000000e+00
5.125187635421752930e-01
5.488376617431640625e-01
7.132882624864578247e-02
3.404326140880584717e-01
1.567060947418212891e-01
0.000000000000000000e+00
3.272182047367095947e-01
1.897722035646438599e-01
2.061051577329635620e-01
8.440552651882171631e-02
2.256579138338565826e-02
4.265357851982116699e-01
3.942702412605285645e-01
1.512674450874328613e+00
2.905542552471160889e-01
2.736164815723896027e-02
9.608205407857894897e-03
5.029978156089782715e-01
4.491270780563354492e-01
0.000000000000000000e+00
5.374664068222045898e-01
1.399050503969192505e-01
1.001160502433776855e+00
8.327020704746246338e-02
2.326483875513076782e-01
3.244304180145263672e+00
2.041278034448623657e-01
3.889137506484985352e-01
5.284116268157958984e-01
6.615040358155965805e-03
0.000000000000000000e+00
1.457941834814846516e-04
1.777526289224624634e-01
3.476267158985137939e-01
3.028013408184051514e-01
4.253355786204338074e-02
0.000000000000000000e+00
5.137675255537033081e-02
4.071002900600433350e-01
2.038476765155792236e-01
2.033854484558105469e+00
2.874388918280601501e-02
1.177474141120910645e+00
1.793557032942771912e-02
2.852274850010871887e-02
7.859705388545989990e-02
6.891167163848876953e-02
1.126489266753196716e-01
5.169370770454406738e-01
0.000000000000000000e+00
9.773845970630645752e-02
1.331389904022216797e+00
1.487881317734718323e-02
0.000000000000000000e+00
3.894825279712677002e-01
4.324066042900085449e-01
2.420404553413391113e-01
2.465532347559928894e-02
0.000000000000000000e+00
9.947302192449569702e-02
0.000000000000000000e+00
9.927911311388015747e-02
4.580351412296295166e-01
3.484277129173278809e-01
8.616469055414199829e-02
2.559836581349372864e-02
1.128596067428588867e+00
9.201434440910816193e-03
4.894706979393959045e-02
5.314036272466182709e-03
2.956269264221191406e+00
1.523827165365219116e-01
0.000000000000000000e+00
1.430580019950866699e-01
0.000000000000000000e+00
9.285802841186523438e-01
1.206140875816345215e+00
0.000000000000000000e+00
1.538530886173248291e-01
3.271101713180541992e-01
2.347262948751449585e-02
0.000000000000000000e+00
1.636591106653213501e-01
1.197702512145042419e-01
2.706362865865230560e-03
5.384415388107299805e-01
0.000000000000000000e+00
9.928797483444213867e-01
0.000000000000000000e+00
4.475683689117431641e+00
1.513294875621795654e-01
4.759099707007408142e-02
4.044046625494956970e-02
1.420834511518478394e-01
8.936589211225509644e-02
1.369798928499221802e-02
5.129394307732582092e-02
1.897136121988296509e-01
5.331271886825561523e-01
5.453607439994812012e-01
0.000000000000000000e+00
2.188598811626434326e-01
8.276529610157012939e-02
2.935230918228626251e-02
2.820663452148437500e+00
0.000000000000000000e+00
1.548819690942764282e-01
6.926495581865310669e-02
1.771612316370010376e-01
1.149134933948516846e-01
3.791157603263854980e-01
3.081275522708892822e-01
4.927555918693542480e-01
0.000000000000000000e+00
1.928551867604255676e-02
2.087986171245574951e-01
1.716748237609863281e+00
8.020716905593872070e-01
2.663614600896835327e-02
4.145518243312835693e-01
5.850624665617942810e-02
9.342412650585174561e-02
2.457137405872344971e-01
5.313310027122497559e-01
0.000000000000000000e+00
1.390256732702255249e-01
6.219735741615295410e-02
2.609901130199432373e-02
4.125553965568542480e-01
0.000000000000000000e+00
6.956804394721984863e-01
8.378896713256835938e-01
3.390536308288574219e-01
2.985863946378231049e-02
8.430866599082946777e-01
1.157405018806457520e+00
1.041406989097595215e+00
1.061370000243186951e-01
1.394792795181274414e-01
1.838067770004272461e+00
8.391100913286209106e-02
2.295194715261459351e-01
3.495067656040191650e-01
3.558617085218429565e-02
2.947784066200256348e-01
1.247431278228759766e+00
1.485788524150848389e-01
2.244932055473327637e-01
8.298487216234207153e-02
1.872476488351821899e-01
0.000000000000000000e+00
1.310976624488830566e+00
7.319433242082595825e-02
1.117398142814636230e+00
1.408895969390869141e+00
0.000000000000000000e+00
2.445014938712120056e-02
1.374586820602416992e-01
8.758345246315002441e-02
1.943265944719314575e-01
9.003142267465591431e-02
1.525787450373172760e-02
2.855620384216308594e+00
0.000000000000000000e+00
3.136465251445770264e-01
6.443278491497039795e-02
2.362716197967529297e-02
3.622306883335113525e-01
0.000000000000000000e+00
0.000000000000000000e+00
6.454927325248718262e-01
5.591929331421852112e-02
1.667736098170280457e-02
1.702661626040935516e-02
5.722844507545232773e-04
2.771599404513835907e-02
1.907344102859497070e+00
4.497156441211700439e-01
1.096702367067337036e-01
1.570878773927688599e-01
4.339528560638427734e+00
0.000000000000000000e+00
2.756336331367492676e-01
5.545384064316749573e-02
7.114946246147155762e-01
2.629183232784271240e-01
1.746093034744262695e-01
3.832898139953613281e+00
4.918506145477294922e-01
2.032045125961303711e-01
4.180733859539031982e-01
1.894515566527843475e-02
1.371862180531024933e-02
6.219215393066406250e-01
3.482183814048767090e-02
3.897916078567504883e-01
1.335460096597671509e-01
1.414030909538269043e+00
6.156183779239654541e-03
1.424706578254699707e-01
0.000000000000000000e+00
1.210208982229232788e-01
1.834898740053176880e-01
1.878825187683105469e+00
1.948534101247787476e-01
8.491699695587158203e-01
6.918521881103515625e+00
2.237812280654907227e+00
1.155096054077148438e+00
1.180382370948791504e-01
7.831896841526031494e-02
3.751137852668762207e-01
0.000000000000000000e+00
1.223925828933715820e+00
7.370412945747375488e-01
0.000000000000000000e+00
4.059729278087615967e-01
8.715291023254394531e-01
0.000000000000000000e+00
1.635909080505371094e+00
4.098753631114959717e-01
1.060205101966857910e+00
3.766321539878845215e-01
5.504525899887084961e-01
6.952977925539016724e-02
8.635597229003906250e-01
8.902344107627868652e-02
3.673287928104400635e-01
1.209345087409019470e-01
1.845722794532775879e+00
6.871753931045532227e-02
3.229635953903198242e-01
3.110510587692260742e+00
0.000000000000000000e+00
1.351780533790588379e+00
7.329878807067871094e-01
7.324142847210168839e-03
7.880926132202148438e-01
6.879689544439315796e-02
3.647865653038024902e-01
7.637131214141845703e-02
3.051182627677917480e-01
1.516215801239013672e-01
3.793466567993164062e+00
1.595620393753051758e+00
0.000000000000000000e+00
9.206734597682952881e-02
8.584019541740417480e-02
9.985974431037902832e-01
2.949315607547760010e-01
0.000000000000000000e+00
1.151327416300773621e-01
2.078770101070404053e-02
3.387352228164672852e-01
2.927744388580322266e-01
8.010895729064941406e+00
0.000000000000000000e+00
4.425621032714843750e-01
2.429778426885604858e-01
2.126220017671585083e-01
2.049086615443229675e-02
2.494572848081588745e-01
0.000000000000000000e+00
3.835997995338402689e-05
5.858203768730163574e-02
7.737280130386352539e-01
1.079272478818893433e-01
1.033888906240463257e-01
0.000000000000000000e+00
2.509028017520904541e-01
0.000000000000000000e+00
9.108823537826538086e-01
1.320944428443908691e-01
0.000000000000000000e+00
3.441521823406219482e-01
2.020842880010604858e-01
8.341185748577117920e-02
2.489735372364521027e-02
2.724948525428771973e-01
9.171231836080551147e-02
7.343574166297912598e-01
7.808606028556823730e-01
3.983349204063415527e-01
1.793732166290283203e+00
6.174622178077697754e-01
1.743044145405292511e-02
2.108235061168670654e-01
7.181269526481628418e-01
3.932807445526123047e-01
0.000000000000000000e+00
8.980098366737365723e-01
1.908054590225219727e+00
1.458078145980834961e+00
9.783446043729782104e-02
7.073425650596618652e-01
1.487663239240646362e-01
3.961292505264282227e-01
1.834885001182556152e+00
4.734733700752258301e-02
2.646371722221374512e-01
7.642523050308227539e-01
5.152499675750732422e-01
1.901876479387283325e-01
2.289936840534210205e-01
9.807552695274353027e-01
2.341633290052413940e-01
2.243176937103271484e+00
7.150660455226898193e-02
1.633139014244079590e+00
1.370474696159362793e+00
1.102692186832427979e-01
0.000000000000000000e+00
2.540785074234008789e+00
1.948909908533096313e-01
0.000000000000000000e+00
0.000000000000000000e+00
1.758342981338500977e-01
1.249088197946548462e-01
9.898326396942138672e-01
1.471310406923294067e-01
1.638718843460083008e-01
2.185073792934417725e-01
7.194086909294128418e-01
4.740443453192710876e-02
1.155842423439025879e+00
2.465702742338180542e-01
5.287730693817138672e-01
4.383441507816314697e-01
2.042917013168334961e+00
5.399177074432373047e-01
6.606264505535364151e-03
9.861253201961517334e-02
0.000000000000000000e+00
1.495037507265806198e-02
0.000000000000000000e+00
8.832766115665435791e-02
1.542783677577972412e-01
1.248166933655738831e-01
1.008119620382785797e-02
6.030819416046142578e-01
1.617738232016563416e-02
1.014061570167541504e+00
8.565841913223266602e-01
3.338135778903961182e-01
7.721300721168518066e-01
6.427256017923355103e-02
2.999303638935089111e-01
3.429976403713226318e-01
1.748247891664505005e-01
3.325152210891246796e-03
8.584007620811462402e-01
1.916963815689086914e+00
1.942407786846160889e-01
3.055585622787475586e+00
6.762109231203794479e-03
0.000000000000000000e+00
2.614314556121826172e-01
4.237373769283294678e-01
3.161369264125823975e-01
1.316413998603820801e+00
1.349465250968933105e-01
8.761234879493713379e-01
3.791874170303344727e+00
5.034962296485900879e-02
7.724066823720932007e-02
7.554654479026794434e-01
2.407925017178058624e-02
1.871417313814163208e-01
2.502941370010375977e+00
1.188972949981689453e+00
1.033834740519523621e-02
5.613932609558105469e-01
2.777450680732727051e-01
3.773854374885559082e-01
0.000000000000000000e+00
1.730125583708286285e-02
2.503123283386230469e-01
4.653293788433074951e-01
1.308152079582214355e-01
6.710805743932723999e-02
2.445180177688598633e+00
1.040088851004838943e-02
8.966361284255981445e-01
5.566074848175048828e-01
7.512576133012771606e-02
3.030929565429687500e+00
7.104508578777313232e-02
7.965303212404251099e-02
2.682707905769348145e-01
7.640891075134277344e-01
5.131442844867706299e-02
5.094696208834648132e-02
7.658675909042358398e-01
5.145528316497802734e-01
2.033900767564773560e-01
5.877131819725036621e-01
2.676715850830078125e-01
1.250209473073482513e-02
1.256775856018066406e-01
1.535555005073547363e+00
5.703675150871276855e-01
9.313364326953887939e-02
3.269505500793457031e-01
1.667604222893714905e-02
0.000000000000000000e+00
0.000000000000000000e+00
2.764235734939575195e-01
3.088386356830596924e-01
1.500569134950637817e-01
5.277309894561767578e+00
2.381803467869758606e-03
9.505398571491241455e-02
4.210863709449768066e-01
2.464345842599868774e-01
1.113206446170806885e-01
0.000000000000000000e+00
0.000000000000000000e+00
1.063768863677978516e+00
1.058019418269395828e-02
7.267385721206665039e-02
1.488448083400726318e-01
1.307745575904846191e-01
5.274046063423156738e-01
5.574518814682960510e-02
2.451565582305192947e-03
0.000000000000000000e+00
5.221454799175262451e-02
4.566756188869476318e-01
1.396030038595199585e-01
0.000000000000000000e+00
1.491492092609405518e-01
0.000000000000000000e+00
1.102396193891763687e-02
9.104089736938476562e-01
6.321679949760437012e-01
5.103528872132301331e-02
5.088178515434265137e-01
8.349675536155700684e-01
3.345566689968109131e-01
3.225784003734588623e-01
3.424726724624633789e-01
6.847389936447143555e-01
2.559334278106689453e+00
0.000000000000000000e+00
9.473220705986022949e-01
2.440943956375122070e+00
1.753468066453933716e-01
1.184620499610900879e+00
3.200707957148551941e-02
1.510399341583251953e+00
8.778709173202514648e-02
4.766558483242988586e-02
0.000000000000000000e+00
6.266323924064636230e-01
4.737843573093414307e-01
3.941386044025421143e-01
9.139445424079895020e-01
0.000000000000000000e+00
7.129046320915222168e-01
3.307005465030670166e-01
2.463767528533935547e-01
0.000000000000000000e+00
0.000000000000000000e+00
0.000000000000000000e+00
0.000000000000000000e+00
1.911941885948181152e+00
4.943102300167083740e-01
5.586367845535278320e-01
1.827811151742935181e-01
9.149770252406597137e-03
3.978819549083709717e-01
4.279721155762672424e-02
1.344279050827026367e-01
2.112159490585327148e+00
2.343494258821010590e-02
4.764473706018179655e-04
4.315039515495300293e-02
7.867307960987091064e-02
2.582563161849975586e+00
7.333300709724426270e-01
1.169919923995621502e-04
1.990616917610168457e-01
6.236767396330833435e-03
2.232803106307983398e-01
8.325641155242919922e-01
5.719257593154907227e-01
0.000000000000000000e+00
1.723642110824584961e+00
6.402105838060379028e-02
1.078009326010942459e-02
2.308019101619720459e-01
4.365417361259460449e-01
1.165936067700386047e-01
2.532826066017150879e-01
2.183127850294113159e-01
1.357891201972961426e+00
7.259993553161621094e-01
6.243975758552551270e-01
1.215119242668151855e+00
4.177724570035934448e-02
3.635222017765045166e-01
2.549629844725131989e-02
0.000000000000000000e+00
3.312095999717712402e-01
3.023395538330078125e-01
8.578453063964843750e-01
1.005063131451606750e-01
1.301502715796232224e-02
1.044652462005615234e+00
5.118796825408935547e-01
7.444813251495361328e-01
7.733350396156311035e-01
2.387734875082969666e-02
5.972645878791809082e-01
1.633059792220592499e-02
6.868071109056472778e-02
2.161933660507202148e+00
3.635707855224609375e+00
0.000000000000000000e+00
4.287425577640533447e-01
1.000041365623474121e+00
0.000000000000000000e+00
1.004608869552612305e+00
6.970307230949401855e-02
1.179328653961420059e-02
1.333165466785430908e-01
3.663434088230133057e-01
1.618481241166591644e-02
1.969762593507766724e-01
2.552265999838709831e-03
2.358920872211456299e-02
0.000000000000000000e+00
5.713185667991638184e-01
1.885097324848175049e-01
1.463352739810943604e-01
5.938574671745300293e-01
5.839856341481208801e-02
0.000000000000000000e+00
1.993270397186279297e+00
1.514188852161169052e-02
2.930869758129119873e-01
9.725826978683471680e-01
5.951314568519592285e-01
0.000000000000000000e+00
0.000000000000000000e+00
1.034207463264465332e+00
0.000000000000000000e+00
4.213194549083709717e-01
2.593695521354675293e-01
1.470955908298492432e-01
2.493681192398071289e+00
1.365926265716552734e+00
0.000000000000000000e+00
2.786957025527954102e-01
2.439151763916015625e+00
2.600267231464385986e-01
1.143412590026855469e+00
8.682124018669128418e-01
6.698930263519287109e-02
0.000000000000000000e+00
0.000000000000000000e+00
1.713683605194091797e-01
1.054719313979148865e-01
3.241546824574470520e-02
2.601961493492126465e-01
1.234011575579643250e-01
1.075263991951942444e-01
1.810591481626033783e-02
6.937916874885559082e-01
0.000000000000000000e+00
6.577313691377639771e-02
1.977322250604629517e-01
2.063857465982437134e-01
2.896600067615509033e-01
1.372145533561706543e+00
3.364924341440200806e-02
6.030074879527091980e-02
0.000000000000000000e+00
5.660313129425048828e+00
4.953978061676025391e-01
6.357781589031219482e-02
1.023971199989318848e+00
1.363253570161759853e-03
0.000000000000000000e+00
2.534460276365280151e-02
4.025254547595977783e-01
2.385070361196994781e-02
0.000000000000000000e+00
5.502229332923889160e-01
2.950789928436279297e-01
1.275872439146041870e-02
6.947788596153259277e-01
1.763557493686676025e-01
4.676299095153808594e-01
3.731369972229003906e-01
1.530468761920928955e-01
2.160274088382720947e-01
8.486282825469970703e-01
2.460329830646514893e-01
1.506028175354003906e+00
0.000000000000000000e+00
2.579737663269042969e+00
3.186196982860565186e-01
1.212640553712844849e-01
0.000000000000000000e+00
3.413360118865966797e-01
3.315548896789550781e-01
2.724671363830566406e-01
1.497713178396224976e-01
0.000000000000000000e+00
3.122369945049285889e-01
3.444288671016693115e-02
2.578678429126739502e-01
2.953371703624725342e-01
9.200783371925354004e-01
3.343849182128906250e-01
2.037391901016235352e+00
2.082392573356628418e-01
0.000000000000000000e+00
1.372276991605758667e-01
0.000000000000000000e+00
1.242781043052673340e+00
0.000000000000000000e+00
3.410052776336669922e+00
4.691580235958099365e-01
4.058988764882087708e-03
3.306584358215332031e-01
0.000000000000000000e+00
3.833179771900177002e-01
6.517799571156501770e-03
3.775056451559066772e-02
3.902949765324592590e-02
7.658142447471618652e-01
2.094214260578155518e-01
1.794256925582885742e+00
1.402419567108154297e+00
4.882813692092895508e-01
3.745771199464797974e-02
0.000000000000000000e+00
3.818512856960296631e-01
5.618793517351150513e-02
2.581783942878246307e-02
1.295971721410751343e-01
1.894513130187988281e+00
0.000000000000000000e+00
6.896226108074188232e-02
5.925443395972251892e-02
1.576081156730651855e+00
5.327449366450309753e-02
3.192148506641387939e-01
1.408857107162475586e+00
3.164875209331512451e-01
2.119731158018112183e-01
1.146922186017036438e-01
2.730436027050018311e-01
0.000000000000000000e+00
4.947827458381652832e-01
8.534851074218750000e-01
4.339667782187461853e-02
1.573526859283447266e-01
0.000000000000000000e+00
1.926778443157672882e-02
6.985249519348144531e-01
2.886928915977478027e-01
4.658398032188415527e-02
7.231568098068237305e-01
8.971775770187377930e-01
2.233478128910064697e-01
2.443767637014389038e-01
2.131302595138549805e+00
1.700845509767532349e-01
4.425685405731201172e-01
3.577595204114913940e-02
9.414263814687728882e-02
8.278233557939529419e-02
0.000000000000000000e+00
7.226846367120742798e-02
2.017368793487548828e+00
1.742406040430068970e-01
4.719067513942718506e-01
6.400543451309204102e-01
1.784322038292884827e-02
6.445807814598083496e-01
1.037220582365989685e-01
1.114151254296302795e-01
7.709246873855590820e-01
1.017923951148986816e+00
3.475729525089263916e-01
3.314140811562538147e-02
7.390107214450836182e-02
3.225928246974945068e-01
0.000000000000000000e+00
0.000000000000000000e+00
4.028920084238052368e-03
0.000000000000000000e+00
9.499577432870864868e-02
2.880329787731170654e-01
0.000000000000000000e+00
0.000000000000000000e+00
1.300688266754150391e+00
3.060654997825622559e-01
2.384556233882904053e-01
2.206272780895233154e-01
2.244637906551361084e-01
0.000000000000000000e+00
1.057236313819885254e+00
1.075410768389701843e-01
1.309158504009246826e-01
2.358371019363403320e+00
3.839881420135498047e-01
1.656248569488525391e-01
0.000000000000000000e+00
6.647080183029174805e-03
8.137307167053222656e-01
1.464644670486450195e-01
0.000000000000000000e+00
8.942746520042419434e-01
0.000000000000000000e+00
1.826455831527709961e+00
3.768191114068031311e-02
5.175049304962158203e-01
2.746288478374481201e-01
1.074696257710456848e-01
5.009678363800048828e+00
3.689328432083129883e-01
1.560516834259033203e+00
1.772931218147277832e-01
1.900275707244873047e+00
2.639987468719482422e-01
0.000000000000000000e+00
1.581915020942687988e-01
2.553461492061614990e-01
2.374043501913547516e-02
6.829586625099182129e-01
1.327567845582962036e-01
7.444290518760681152e-01
8.196176588535308838e-02
3.734223842620849609e-01
5.245360732078552246e-01
6.563642621040344238e-02
9.405639767646789551e-01
1.869146227836608887e-01
0.000000000000000000e+00
7.511640340089797974e-02
2.498177066445350647e-02
1.187594681978225708e-01
1.415570080280303955e-01
3.874147832393646240e-01
4.943454638123512268e-02
1.177248917520046234e-02
5.641211941838264465e-02
0.000000000000000000e+00
5.676272511482238770e-01
1.885282061994075775e-02
4.300165548920631409e-02
9.303449392318725586e-01
5.891855806112289429e-02
1.441272795200347900e-01
6.315765380859375000e-01
2.513596415519714355e-02
1.517447233200073242e-01
0.000000000000000000e+00
0.000000000000000000e+00
3.498503267765045166e-01
0.000000000000000000e+00
2.349288314580917358e-01
8.939805030822753906e-01
2.381218671798706055e-01
8.851022273302078247e-02
7.251253724098205566e-01
3.528707101941108704e-02
6.822457909584045410e-02
2.386433929204940796e-01
3.054086118936538696e-03
0.000000000000000000e+00
5.237980745732784271e-03
1.439145952463150024e-02
1.382225006818771362e-01
2.102153301239013672e+00
9.496327489614486694e-02
3.985602855682373047e-01
3.878742456436157227e-01
1.120762705802917480e+00
1.740478515625000000e+00
1.448141455650329590e+00
8.471772074699401855e-02
9.120055474340915680e-03
1.617357969284057617e+00
2.418542206287384033e-01
1.394327580928802490e-01
8.501879870891571045e-02
8.197410404682159424e-02
5.468133836984634399e-02
1.399407908320426941e-02
2.642809040844440460e-02
6.243653222918510437e-02
4.259950220584869385e-01
1.794618181884288788e-02
1.027740091085433960e-01
1.790548413991928101e-01
1.407464407384395599e-02
0.000000000000000000e+00
7.897648215293884277e-01
6.048680469393730164e-02
2.974777519702911377e-01
3.773133456707000732e-02
1.751329600811004639e-01
1.232452750205993652e+00
5.903249382972717285e-01
6.047130003571510315e-02
0.000000000000000000e+00
1.325372159481048584e-01
5.344027280807495117e-01
3.168370202183723450e-02
1.044096052646636963e-01
1.757397502660751343e-01
3.580726310610771179e-02
9.480014443397521973e-01
3.977531790733337402e-01
5.073227882385253906e-01
1.839804947376251221e-01
2.439767420291900635e-01
3.049978017807006836e-01
4.119111537933349609e+00
1.042321920394897461e-01
5.827918648719787598e-01
2.845698893070220947e-01
8.959483504295349121e-01
0.000000000000000000e+00
4.248971343040466309e-01
3.625197708606719971e-02
1.568487733602523804e-01
3.847122490406036377e-01
4.363872051239013672e+00
8.170484751462936401e-02
5.011975765228271484e-01
1.532550752162933350e-01
0.000000000000000000e+00
3.663054406642913818e-01
1.677488684654235840e+00
1.371768265962600708e-01
2.986505068838596344e-02
2.516924738883972168e-01
1.445336461067199707e+00
3.432471156120300293e-01
2.997493445873260498e-01
4.065708637237548828e+00
3.635861873626708984e+00
8.391006290912628174e-02
1.241640076041221619e-01
1.756997227668762207e+00
0.000000000000000000e+00
0.000000000000000000e+00
4.004373773932456970e-02
1.063763260841369629e+00
2.286109924316406250e-01
0.000000000000000000e+00
2.472919970750808716e-01
4.525661170482635498e-01
0.000000000000000000e+00
2.073891907930374146e-01
2.397508025169372559e-01
1.253077387809753418e-01
5.731106922030448914e-02
0.000000000000000000e+00
4.086625277996063232e-01
4.978232458233833313e-02
2.826917886734008789e+00
7.340151350945234299e-03
6.392666697502136230e-01
2.363807439804077148e+00
1.991847872734069824e+00
3.623925745487213135e-01
1.541669845581054688e+00
2.263176143169403076e-01
1.406927585601806641e+00
9.534571319818496704e-02
1.793788075447082520e-01
0.000000000000000000e+00
1.058382317423820496e-01
3.935888782143592834e-02
9.266617894172668457e-02
1.567128598690032959e-01
1.029544234275817871e+00
1.381742507219314575e-01
3.059260845184326172e-01
9.799825549125671387e-01
0.000000000000000000e+00
6.956012547016143799e-02
4.487577974796295166e-01
8.129774592816829681e-03
4.792673047631978989e-03
1.033855557441711426e+00
1.265223324298858643e-01
0.000000000000000000e+00
1.499503552913665771e-01
9.138112664222717285e-01
3.350507318973541260e-01
1.417172700166702271e-02
0.000000000000000000e+00
3.085278868675231934e-01
8.281199634075164795e-02
6.640883628278970718e-03
1.562018096446990967e-01
5.236884579062461853e-02
2.444445900619029999e-02
4.743454456329345703e-01
9.983873926103115082e-03
4.737943876534700394e-03
0.000000000000000000e+00
2.461400777101516724e-01
2.797840237617492676e-01
3.231820762157440186e-01
7.164342403411865234e-01
1.947706788778305054e-01
1.091247946023941040e-01
4.603760689496994019e-02
2.361357808113098145e-01
9.359724819660186768e-03
3.740168213844299316e-01
0.000000000000000000e+00
0.000000000000000000e+00
5.965124368667602539e-01
2.741772830486297607e-01
1.754451155662536621e+00
0.000000000000000000e+00
1.013037785887718201e-01
4.765585362911224365e-01
5.718698501586914062e-01
2.221705913543701172e-01
4.808015525341033936e-01
7.779653072357177734e-01
3.926828801631927490e-01
3.594914916902780533e-03
1.763611845672130585e-02
0.000000000000000000e+00
2.990729548037052155e-02
0.000000000000000000e+00
1.401489134877920151e-02
4.127711057662963867e-01
2.567374706268310547e-01
8.325005173683166504e-01
1.059447303414344788e-01
1.398779273033142090e+00
7.794717699289321899e-02
1.058874964714050293e+00
8.094001561403274536e-02
1.782333254814147949e-01
1.218235850334167480e+00
1.059541702270507812e-01
3.064637817442417145e-02
4.089416861534118652e-01
0.000000000000000000e+00
3.648896515369415283e-01
1.354950964450836182e-01
3.950247541069984436e-02
6.074708104133605957e-01
3.046553730964660645e-01
8.702070116996765137e-01
2.432439088821411133e+00
8.177537918090820312e-01
3.854436278343200684e-01
1.144534721970558167e-01
4.983226954936981201e-01
4.316708743572235107e-01
0.000000000000000000e+00
3.368087053298950195e+00
0.000000000000000000e+00
3.286012887954711914e+00
9.564870595932006836e-01
7.429597973823547363e-01
4.596877694129943848e-01
5.329516250640153885e-03
0.000000000000000000e+00
0.000000000000000000e+00
0.000000000000000000e+00
5.793082118034362793e-01
2.126304991543292999e-02
1.820995211601257324e-01
3.079520910978317261e-02
0.000000000000000000e+00
2.048844695091247559e-01
3.699448108673095703e-01
4.464413523674011230e-01
1.364640831947326660e+00
3.683988749980926514e-02
8.550795912742614746e-01
3.066149055957794189e-01
3.155219852924346924e-01
5.556454658508300781e-01
7.466208189725875854e-02
1.898118853569030762e-01
1.323135256767272949e+00
1.054655015468597412e-01
1.072942465543746948e-01
0.000000000000000000e+00
6.987300515174865723e-02
0.000000000000000000e+00
1.466435287147760391e-02
1.973944306373596191e-01
1.369840204715728760e-01
0.000000000000000000e+00
1.747578382492065430e-01
4.041745662689208984e-01
3.921922147274017334e-01
1.411794185638427734e+00
6.939442753791809082e-01
1.101782172918319702e-01
9.504750370979309082e-02
5.719532445073127747e-02
1.230494454503059387e-01
2.177034616470336914e-01
0.000000000000000000e+00
0.000000000000000000e+00
0.000000000000000000e+00
1.167874634265899658e-01
7.076733708381652832e-01
5.637258291244506836e-01
6.873656064271926880e-02
2.032034471631050110e-02
9.990367293357849121e-02
1.454797834157943726e-01
2.119071483612060547e+00
7.167179584503173828e-01
2.785648703575134277e-01
2.146686315536499023e-01
1.696545958518981934e+00
1.340150237083435059e-01
1.164778694510459900e-01
2.666966319084167480e-01
2.826894819736480713e-01
1.062307119369506836e+00
1.052817795425653458e-02
0.000000000000000000e+00
3.393337130546569824e-02
6.151823401451110840e-01
1.707561872899532318e-02
2.384804747998714447e-02
5.683447234332561493e-03
4.292982816696166992e-02
6.072689220309257507e-02
3.778424812480807304e-03
0.000000000000000000e+00
0.000000000000000000e+00
1.348266959190368652e+00
3.060207664966583252e-01
1.764172464609146118e-01
0.000000000000000000e+00
1.946864090859889984e-02
1.351584792137145996e-01
3.664058208465576172e+00
1.167544245719909668e+00
7.825821042060852051e-01
4.019843041896820068e-01
2.533027231693267822e-01
0.000000000000000000e+00
2.844949439167976379e-02
2.359493821859359741e-01
0.000000000000000000e+00
5.003712773323059082e-01
0.000000000000000000e+00
6.705094128847122192e-02
1.543412357568740845e-02
2.377899736166000366e-01
7.700456678867340088e-02
1.125907063484191895e+00
1.798518300056457520e+00
2.061485312879085541e-02
3.923767507076263428e-01
5.002481937408447266e-01
4.442812800407409668e-01
3.674398064613342285e-01
2.687602937221527100e-01
4.813962578773498535e-01
5.790246725082397461e-01
2.658237218856811523e-01
4.078173637390136719e-01
8.043661117553710938e-01
3.840898871421813965e-01
2.111405283212661743e-01
6.245798431336879730e-03
3.425031423568725586e+00
8.930200338363647461e-01
2.645228505134582520e-01
1.121159270405769348e-01
3.252259492874145508e-01
1.654892414808273315e-01
3.729696944355964661e-02
9.950938820838928223e-02
3.111023306846618652e-01
1.283054705709218979e-02
3.341387510299682617e-01
2.529978752136230469e+00
0.000000000000000000e+00
1.947071775794029236e-02
4.960159063339233398e-01
5.219929665327072144e-02
2.077751159667968750e-01
5.785614252090454102e-02
1.180810108780860901e-02
0.000000000000000000e+00
2.475985735654830933e-01
3.607537448406219482e-01
1.426414012908935547e+00
4.227407872676849365e-01
2.271585911512374878e-01
6.251952797174453735e-02
6.350463628768920898e-01
1.218605786561965942e-02
3.772421926259994507e-02
3.172185644507408142e-02
1.931730061769485474e-01
1.912333071231842041e-02
9.172154664993286133e-01
8.646517246961593628e-02
6.042070984840393066e-01
0.000000000000000000e+00
9.229774028062820435e-02
4.072153195738792419e-02
0.000000000000000000e+00
4.962922260165214539e-02
1.664814949035644531e+00
2.048724591732025146e-01
2.394470721483230591e-01
3.472847342491149902e-01
0.000000000000000000e+00
4.492608830332756042e-02
1.749190315604209900e-02
2.088768482208251953e-01
4.982853308320045471e-03
0.000000000000000000e+00
5.290120095014572144e-02
0.000000000000000000e+00
1.631792068481445312e+00
4.337227940559387207e-01
3.316854685544967651e-02
2.512041091918945312e+00
3.340045511722564697e-01
7.854063063859939575e-03
4.299562424421310425e-02
0.000000000000000000e+00
3.777222037315368652e-01
8.389041572809219360e-02
8.810925483703613281e-01
3.386393547058105469e+00
2.320853993296623230e-02
6.583714485168457031e+00
1.258923172950744629e+00
3.285256028175354004e-02
6.165978908538818359e-01
3.761330842971801758e-01
0.000000000000000000e+00
3.572143614292144775e-01
1.051024556159973145e+00
1.409854888916015625e-01
4.995692372322082520e-01
4.917626455426216125e-02
1.212841421365737915e-01
2.592351138591766357e-01
9.665589332580566406e-01
4.020855128765106201e-01
1.947409361600875854e-01
6.635600328445434570e-01
5.519803762435913086e-01
1.778842210769653320e-01
9.338349848985671997e-02
2.744238674640655518e-01
1.907674312591552734e+00
1.282230168581008911e-01
1.581089496612548828e-01
0.000000000000000000e+00
2.206213176250457764e-01
8.073015511035919189e-02
1.416804492473602295e-01
0.000000000000000000e+00
4.284277260303497314e-01
3.869953453540802002e-01
8.245842158794403076e-02
1.434288382530212402e+00
6.751721501350402832e-01
6.888362020254135132e-02
0.000000000000000000e+00
5.287559702992439270e-02
3.413439169526100159e-02
9.144483804702758789e-01
2.826384827494621277e-02
1.530950795859098434e-02
6.094835698604583740e-02
4.440814554691314697e-01
6.621246784925460815e-02
5.460084229707717896e-02
0.000000000000000000e+00
1.468888856470584869e-02
2.567246854305267334e-01
2.149744987487792969e+00
7.965522408485412598e-01
0.000000000000000000e+00
4.085786044597625732e-01
1.456955075263977051e+00
3.069406151771545410e-01
1.427003890275955200e-01
7.718852907419204712e-02
8.286990225315093994e-02
1.322463452816009521e-01
2.141667604446411133e+00
1.614030897617340088e-01
1.977528184652328491e-01
3.501860201358795166e-01
3.416789174079895020e-01
1.633175492286682129e+00
5.299351215362548828e-01
7.110710144042968750e-01
2.872926294803619385e-01
2.363605946302413940e-01
3.553765714168548584e-01
3.525246143341064453e+00
1.975558996200561523e-01
1.044315006583929062e-02
6.659717857837677002e-02
1.749886013567447662e-02
9.706235527992248535e-01
6.616984009742736816e-01
3.064572811126708984e-01
1.875834912061691284e-01
3.127523064613342285e-01
3.213655948638916016e-01
1.554523229598999023e+00
1.758841127157211304e-01
7.657897472381591797e-01
1.826275736093521118e-01
2.355507463216781616e-01
7.890095114707946777e-01
5.327581763267517090e-01
7.677876390516757965e-03
2.694694697856903076e-01
9.168320894241333008e-02
1.852154970169067383e+00
4.954433068633079529e-03
9.842838644981384277e-01
1.798453032970428467e-01
3.119564056396484375e-02
1.557456254959106445e-01
4.976069450378417969e+00
1.650595963001251221e-01
3.283915221691131592e-01
9.616822749376296997e-02
1.333826333284378052e-01
2.141170352697372437e-01
3.352972269058227539e-01
0.000000000000000000e+00
0.000000000000000000e+00
0.000000000000000000e+00
9.598068892955780029e-03
4.168097376823425293e-01
5.735777020454406738e-01
1.040353104472160339e-01
3.855872154235839844e-02
0.000000000000000000e+00
3.190113008022308350e-01
3.264691531658172607e-01
2.895878814160823822e-02
1.159543246030807495e-01
1.673102825880050659e-01
1.104015409946441650e-01
1.795379757881164551e+00
1.678511947393417358e-01
6.306073069572448730e-01
2.061499357223510742e-01
8.694527149200439453e-01
3.007173240184783936e-01
3.027326166629791260e-01
5.294993519783020020e-01
4.612313508987426758e-01
1.531528495252132416e-02
3.932700753211975098e-01
3.210037574172019958e-02
9.714765548706054688e+00
6.100340932607650757e-02
1.356787085533142090e+00
8.779531717300415039e-02
4.943320527672767639e-02
5.879572629928588867e-01
5.675779819488525391e+00
7.720719277858734131e-02
1.243166625499725342e-01
1.194226667284965515e-01
1.437961906194686890e-01
7.162377238273620605e-01
6.599950790405273438e-01
1.766744554042816162e-01
2.837408065795898438e+00
5.952724069356918335e-02
5.785934627056121826e-03
6.864578276872634888e-02
0.000000000000000000e+00
2.250964567065238953e-02
1.585130952298641205e-02
6.698791682720184326e-02
1.081511020660400391e+00
2.295789718627929688e-01
1.312943577766418457e+00
2.195527255535125732e-01
1.465170234441757202e-01
7.136206626892089844e-01
8.799497783184051514e-02
1.023062467575073242e+00
3.825396001338958740e-01
1.050340980291366577e-01
3.206943571567535400e-01
8.362380862236022949e-01
0.000000000000000000e+00
5.192999243736267090e-01
2.014814466238021851e-01
0.000000000000000000e+00
0.000000000000000000e+00
8.903878927230834961e-02
4.335919618606567383e-01
6.459527015686035156e-01
2.652088403701782227e+00
0.000000000000000000e+00
0.000000000000000000e+00
1.460695117712020874e-01
1.392100155353546143e-01
2.169383764266967773e-01
3.952953338623046875e+00
1.072055935859680176e+00
1.452479720115661621e+00
6.965187494643032551e-04
4.273950587958097458e-03
0.000000000000000000e+00
1.691496670246124268e-01
7.923208475112915039e-01
2.351642608642578125e+00
1.029713273048400879e+00
1.065512970089912415e-01
0.000000000000000000e+00
1.875550597906112671e-01
4.321788311004638672e+00
0.000000000000000000e+00
0.000000000000000000e+00
6.592874974012374878e-02
2.924798429012298584e-01
2.464138716459274292e-01
8.307541012763977051e-01
8.603049069643020630e-02
5.967964604496955872e-02
4.948093593120574951e-01
0.000000000000000000e+00
1.996965147554874420e-02
5.694701895117759705e-02
1.576488316059112549e-01
7.197182625532150269e-02
5.245733261108398438e-01
2.393700599670410156e+00
6.417031288146972656e-01
2.181085497140884399e-01
4.205086827278137207e-01
0.000000000000000000e+00
4.556187987327575684e-02
9.811738505959510803e-03
3.026749610900878906e+00
2.424036264419555664e-01
4.250670317560434341e-03
3.199347481131553650e-02
5.739461258053779602e-02
0.000000000000000000e+00
1.093438386917114258e+00
5.224814522080123425e-04
4.459693729877471924e-01
0.000000000000000000e+00
1.155415326356887817e-01
0.000000000000000000e+00
3.149127960205078125e-02
0.000000000000000000e+00
1.161046028137207031e+00
3.565606772899627686e-01
1.007272452116012573e-01
4.274530112743377686e-01
2.739488184452056885e-01
1.271142214536666870e-01
0.000000000000000000e+00
0.000000000000000000e+00
2.138939686119556427e-02
6.643732786178588867e-01
5.134779810905456543e-01
7.776849903166294098e-03
2.627433650195598602e-02
1.894612610340118408e-02
1.022104501724243164e+00
5.800272524356842041e-02
3.737145662307739258e-01
1.517653822898864746e+00
6.059775874018669128e-02
1.993276029825210571e-01
2.172631740570068359e+00
2.267854213714599609e-01
3.617709130048751831e-02
0.000000000000000000e+00
3.861845433712005615e-01
3.063903935253620148e-02
7.809960246086120605e-01
2.975111305713653564e-01
3.699781745672225952e-02
8.520985245704650879e-01
1.007548999041318893e-02
4.104404523968696594e-02
1.681968569755554199e-01
0.000000000000000000e+00
0.000000000000000000e+00
4.757911562919616699e-01
1.827586591243743896e-01
3.598617613315582275e-01
1.027407571673393250e-01
1.035585650242865086e-03
9.750108718872070312e-01
2.133063822984695435e-01
1.547534763813018799e-01
1.114108681678771973e+00
7.026917487382888794e-02
4.427719414234161377e-01
6.358401477336883545e-02
7.054054141044616699e-01
0.000000000000000000e+00
5.063086152076721191e-01
1.812132596969604492e-01
2.779341340065002441e-01
7.346911728382110596e-02
2.833193242549896240e-01
7.708908617496490479e-02
6.212933659553527832e-01
2.547170877456665039e+00
1.779464259743690491e-02
8.937699720263481140e-03
1.381198287010192871e+00
8.224050402641296387e-01
1.126884575933218002e-02
4.539324343204498291e-01
9.312304854393005371e-01
1.958042830228805542e-01
9.076390862464904785e-01
4.270895570516586304e-02
7.497413754463195801e-01
3.223565965890884399e-02
0.000000000000000000e+00
9.804768115282058716e-02
2.200776100158691406e+00
5.198991894721984863e-01
7.258561253547668457e-02
1.659673899412155151e-01
3.186336159706115723e-01
1.928753852844238281e+00
0.000000000000000000e+00
7.733418345451354980e-01
7.987670898437500000e-01
3.119970560073852539e-01
1.738070100545883179e-01
8.592552691698074341e-02
6.563829183578491211e-01
1.486788392066955566e+00
4.549814760684967041e-01
0.000000000000000000e+00
1.300893723964691162e-01
0.000000000000000000e+00
2.314108312129974365e-01
0.000000000000000000e+00
2.116017818450927734e+00
0.000000000000000000e+00
1.220854282379150391e+00
2.213689088821411133e-01
1.153963431715965271e-01
0.000000000000000000e+00
2.059373259544372559e-01
1.114328801631927490e-01
1.684653282165527344e+00
3.435980156064033508e-02
1.135710477828979492e+00
0.000000000000000000e+00
4.829638302326202393e-01
0.000000000000000000e+00
3.507202118635177612e-02
0.000000000000000000e+00
8.659734129905700684e-01
0.000000000000000000e+00
1.992880403995513916e-01
5.222915410995483398e-01
0.000000000000000000e+00
9.416841901838779449e-03
1.094324737787246704e-01
3.289789557456970215e-01
2.119684070348739624e-01
6.906293630599975586e-01
2.705964744091033936e-01
2.016416341066360474e-01
1.036509722471237183e-01
4.051160216331481934e-01
1.117328107357025146e-01
1.679753214120864868e-01
3.116906434297561646e-02
0.000000000000000000e+00
2.165942341089248657e-01
1.224080696702003479e-01
3.830440521240234375e+00
2.780730724334716797e-01
2.525657415390014648e+00
4.861343279480934143e-02
1.750092655420303345e-01
1.034456253051757812e+00
6.504057049751281738e-01
1.672116070985794067e-01
5.640723276883363724e-03
8.622734993696212769e-02
6.780482530593872070e-01
2.492969930171966553e-01
1.315184384584426880e-01
6.541155576705932617e-01
1.639469563961029053e-01
2.018180340528488159e-01
2.579588294029235840e-01
1.547720134258270264e-01
4.503960013389587402e-01
8.131778240203857422e-02
1.708970516920089722e-01
5.446983035653829575e-03
0.000000000000000000e+00
5.389197031036019325e-04
0.000000000000000000e+00
1.406608074903488159e-01
3.591950535774230957e-01
0.000000000000000000e+00
4.123191833496093750e-01
2.001212537288665771e-01
2.028245210647583008e+00
9.355065971612930298e-02
0.000000000000000000e+00
1.397179484367370605e+00
1.386545300483703613e-01
0.000000000000000000e+00
1.398799061775207520e+00
2.643370628356933594e-01
4.607559647411108017e-03
2.241078466176986694e-01
9.901177287101745605e-01
1.124652028083801270e+00
1.248448505066335201e-03
5.213010683655738831e-02
0.000000000000000000e+00
3.886719942092895508e-01
6.014091372489929199e-01
2.697780728340148926e-02
1.782356202602386475e-01
7.673056423664093018e-02
1.135804057121276855e+00
2.311645030975341797e+00
1.519169360399246216e-01
7.324690930545330048e-03
2.653515815734863281e+00
9.193405508995056152e-01
0.000000000000000000e+00
9.362303465604782104e-02
2.608947455883026123e-01
2.342095598578453064e-02
1.150799170136451721e-01
2.419551089406013489e-02
2.352871745824813843e-01
3.916518986225128174e-01
0.000000000000000000e+00
3.615559041500091553e-01
4.822197556495666504e-02
4.325208812952041626e-02
6.822197139263153076e-02
2.052511215209960938e+00
0.000000000000000000e+00
3.216311037540435791e-01
8.133707642555236816e-01
9.171610474586486816e-01
9.467986226081848145e-02
2.347893640398979187e-02
3.593897581100463867e+00
5.978625774383544922e+00
3.169925510883331299e-01
7.273607254028320312e-01
3.824181854724884033e-01
1.141078844666481018e-01
3.330022096633911133e-01
5.326120182871818542e-02
0.000000000000000000e+00
1.202098965644836426e+00
9.701137989759445190e-02
8.031628131866455078e-01
0.000000000000000000e+00
1.765780597925186157e-01
1.099481359124183655e-01
2.496069064363837242e-03
9.796284437179565430e-01
2.908332459628582001e-02
5.597085952758789062e-01
3.160509467124938965e-01
2.576507329940795898e-01
1.708527565002441406e+00
3.361785784363746643e-02
1.018867611885070801e+00
0.000000000000000000e+00
3.211799561977386475e-01
8.482943773269653320e-01
0.000000000000000000e+00
2.337296158075332642e-01
9.365767240524291992e-02
1.183602437376976013e-01
0.000000000000000000e+00
6.799079179763793945e-01
9.462497383356094360e-02
3.178134858608245850e-01
0.000000000000000000e+00
2.349081216380000114e-03
1.016061544418334961e+00
2.070333510637283325e-01
1.014057993888854980e+00
1.872514486312866211e-01
1.482755541801452637e+00
2.697495520114898682e-01
4.137125611305236816e-01
1.118514418601989746e+00
9.156086444854736328e-01
3.337160944938659668e-01
1.327152922749519348e-02
1.005393505096435547e+00
5.019198656082153320e-01
5.342313647270202637e-01
4.974031150341033936e-01
1.567047536373138428e-01
1.192545965313911438e-01
2.013141870498657227e+00
1.985365450382232666e-01
8.806591480970382690e-02
0.000000000000000000e+00
1.911213435232639313e-02
0.000000000000000000e+00
1.120490506291389465e-01
0.000000000000000000e+00
0.000000000000000000e+00
6.673999309539794922e+00
1.955437213182449341e-01
2.125293254852294922e+00
1.618772596120834351e-01
7.202921509742736816e-01
3.045220673084259033e-01
9.250651001930236816e-01
0.000000000000000000e+00
4.383571743965148926e-01
6.342581659555435181e-02
3.627714812755584717e-01
2.080248832702636719e+00
1.826937198638916016e-01
4.956861585378646851e-02
1.752743721008300781e+00
1.046216413378715515e-01
2.128584384918212891e-01
1.407005488872528076e-01
5.809748768806457520e-01
6.350931525230407715e-02
1.925148516893386841e-01
3.364577889442443848e-02
1.324183940887451172e-01
2.061245441436767578e-01
2.832253575325012207e-01
1.955793380737304688e+00
3.652539849281311035e-02
1.060928255319595337e-01
1.340257763862609863e+00
9.168520569801330566e-01
1.541521549224853516e-01
9.038813114166259766e-01
4.909690916538238525e-01
5.925064682960510254e-01
4.784378111362457275e-01
1.809252649545669556e-01
1.101777106523513794e-01
9.725310653448104858e-02
5.550655722618103027e-01
2.448436170816421509e-01
5.134458839893341064e-02
2.804894745349884033e-01
6.021236777305603027e-01
2.486897259950637817e-01
2.736781165003776550e-02
4.932147562503814697e-01
4.179660975933074951e-01
1.947317272424697876e-01
8.507270365953445435e-02
3.220267891883850098e-01
0.000000000000000000e+00
2.406384944915771484e+00
1.068931296467781067e-01
0.000000000000000000e+00
1.676807403564453125e-01
1.660578250885009766e-01
1.191442236304283142e-01
1.634759753942489624e-01
9.075111895799636841e-02
0.000000000000000000e+00
1.195263788104057312e-01
6.048130393028259277e-01
1.999819517135620117e+00
3.894843161106109619e-01
6.329972296953201294e-03
6.765071302652359009e-03
4.251813888549804688e-02
1.361415814608335495e-02
0.000000000000000000e+00
7.053121328353881836e-01
3.080453872680664062e-01
0.000000000000000000e+00
5.483183264732360840e-02
2.786895334720611572e-01
4.419531300663948059e-02
1.661640405654907227e-01
1.405219733715057373e-02
4.865895509719848633e-01
6.102808192372322083e-02
0.000000000000000000e+00
4.728822782635688782e-02
2.890371084213256836e-01
6.257128715515136719e-01
1.597217400558292866e-03
7.309564352035522461e-01
4.899911582469940186e-03
5.263496041297912598e-01
1.909346580505371094e+00
2.172568142414093018e-01
2.081012278795242310e-01
0.000000000000000000e+00
2.667311131954193115e-01
1.149454340338706970e-01
1.132385805249214172e-01
2.145208269357681274e-01
1.123878508806228638e-01
5.100575089454650879e-01
7.544059157371520996e-01
1.165681555867195129e-01
3.183513134717941284e-02
5.640599131584167480e-01
3.766113426536321640e-03
9.368675947189331055e-02
2.817415446043014526e-02
2.082108892500400543e-02
2.724484503269195557e-01
1.879981517791748047e+00
1.429502964019775391e-01
6.629689335823059082e-01
1.011943817138671875e+00
0.000000000000000000e+00
1.314336899667978287e-02
4.833300784230232239e-02
8.525952696800231934e-01
6.244420632719993591e-02
0.000000000000000000e+00
5.964700579643249512e-01
