2.470826655626296997e-01
5.699082612991333008e-01
0.000000000000000000e+00
1.279138624668121338e-01
2.513151764869689941e-01
0.000000000000000000e+00
4.840271472930908203e-01
1.424020230770111084e-01
4.159442782402038574e-01
2.064255475997924805e+00
5.749749019742012024e-02
2.375668138265609741e-01
0.000000000000000000e+00
6.262674462050199509e-03
3.373622894287109375e-02
1.620858907699584961e+00
2.450542710721492767e-02
1.771441777236759663e-03
7.091057300567626953e-01
2.337106168270111084e-01
0.000000000000000000e+00
3.531726002693176270e-01
1.675592958927154541e-01
7.088774442672729492e-02
2.072018533945083618e-01
4.814029633998870850e-01
4.455265998840332031e-01
1.324559748172760010e-01
0.000000000000000000e+00
3.632385283708572388e-02
5.355258584022521973e-01
1.225388571619987488e-01
1.539359241724014282e-02
2.714120149612426758e-01
0.000000000000000000e+00
1.378969669342041016e+00
1.771894991397857666e-01
2.006968110799789429e-01
5.156322568655014038e-02
4.064550995826721191e-02
8.041747659444808960e-02
3.530647456645965576e-01
1.204732954502105713e-01
4.458845853805541992e-01
9.710346348583698273e-03
6.281992793083190918e-02
2.680949568748474121e-01
9.614966064691543579e-02
7.617748528718948364e-02
3.427910432219505310e-02
3.269312977790832520e-01
7.499557733535766602e-01
7.796517014503479004e-01
8.946398496627807617e-01
0.000000000000000000e+00
1.536344438791275024e-01
1.113827586174011230e+00
2.698936313390731812e-02
1.160260289907455444e-01
2.481142878532409668e-01
2.790238142013549805e+00
1.760726794600486755e-02
0.000000000000000000e+00
1.956771910190582275e-01
1.742652773857116699e+00
1.934278458356857300e-01
1.944790631532669067e-01
2.520677745342254639e-01
6.862152814865112305e-01
3.157619535923004150e-01
7.421458363533020020e-01
1.086519837379455566e+00
1.820467412471771240e-01
0.000000000000000000e+00
2.847172021865844727e-01
1.591738909482955933e-01
3.618646264076232910e-01
0.000000000000000000e+00
6.136364489793777466e-02
0.000000000000000000e+00
1.491454124450683594e+00
6.991057842969894409e-02
8.239921927452087402e-02
3.757939934730529785e-01
1.902677714824676514e-01
3.908014595508575439e-01
2.337622083723545074e-02
5.390769988298416138e-02
1.244828179478645325e-01
2.439298480749130249e-01
1.055383309721946716e-01
0.000000000000000000e+00
3.081813156604766846e-01
5.011881142854690552e-02
0.000000000000000000e+00
0.000000000000000000e+00
1.620384305715560913e-01
8.732941150665283203e-01
6.410433053970336914e-01
6.893786191940307617e-01
1.238334029912948608e-01
1.547543406486511230e-01
1.023986697196960449e+00
1.140682771801948547e-02
1.717962473630905151e-01
4.989632964134216309e-02
3.431089688092470169e-03
0.000000000000000000e+00
0.000000000000000000e+00
9.407091140747070312e-01
2.188467234373092651e-01
1.082140356302261353e-01
5.995951890945434570e-01
1.089165449142456055e+00
1.844885051250457764e-01
1.122450754046440125e-01
1.645382493734359741e-01
7.042620331048965454e-02
4.888197779655456543e-01
9.164130687713623047e-02
6.319158673286437988e-01
5.570249557495117188e-01
4.493680000305175781e-01
3.921722248196601868e-02
4.084434986114501953e+00
2.483507804572582245e-02
5.976395010948181152e-01
1.145265698432922363e-01
1.461330652236938477e-01
2.913183532655239105e-02
2.439713627099990845e-01
2.182681858539581299e-02
3.872042000293731689e-01
1.072511970996856689e-01
3.366563320159912109e-01
0.000000000000000000e+00
1.299008131027221680e-01
2.481345534324645996e-01
1.343407154083251953e+00
0.000000000000000000e+00
9.956585764884948730e-01
3.602026402950286865e-01
4.220658540725708008e-01
7.408955097198486328e-01
1.087870895862579346e-01
0.000000000000000000e+00
2.382692247629165649e-01
0.000000000000000000e+00
3.793601095676422119e-01
2.965965541079640388e-03
1.273181587457656860e-01
2.351073175668716431e-01
4.566065222024917603e-02
1.585979610681533813e-01
6.633530259132385254e-01
9.123737923800945282e-03
1.342044323682785034e-01
3.419291973114013672e-01
6.265592761337757111e-03
1.985192775726318359e+00
6.734065711498260498e-02
1.505463123321533203e-01
1.445279270410537720e-01
1.109796855598688126e-02
8.486490696668624878e-02
3.118205785751342773e+00
1.364761870354413986e-02
0.000000000000000000e+00
1.759134083986282349e-01
2.644977867603302002e-01
2.600049674510955811e-01
1.048515364527702332e-02
2.351999133825302124e-01
6.652378290891647339e-02
8.980634622275829315e-03
2.872956991195678711e-01
2.325219847261905670e-02
2.252922803163528442e-01
4.705959260463714600e-01
3.773248195648193359e-01
4.099208116531372070e-02
3.020482696592807770e-02
1.355579937808215618e-03
0.000000000000000000e+00
1.173454403877258301e+00
1.726016640663146973e+00
2.494965940713882446e-01
1.215877532958984375e+00
2.712910175323486328e-01
5.283430218696594238e-01
0.000000000000000000e+00
1.405861377716064453e-01
1.917815357446670532e-01
8.473034203052520752e-02
0.000000000000000000e+00
3.980880677700042725e-01
6.676933914422988892e-02
3.202369213104248047e-01
1.984492689371109009e-01
6.506861746311187744e-02
4.268072545528411865e-01
1.154709756374359131e-01
1.574738323688507080e-02
8.854275941848754883e-02
2.273081801831722260e-03
9.651550054550170898e-01
0.000000000000000000e+00
3.796178996562957764e-01
0.000000000000000000e+00
8.827789425849914551e-01
1.034127473831176758e+00
2.854382805526256561e-02
3.399801552295684814e-01
9.683221578598022461e-01
8.328058719635009766e-01
0.000000000000000000e+00
2.689409069716930389e-02
6.619644761085510254e-01
5.994940921664237976e-02
1.020423531532287598e+00
9.549748301506042480e-01
1.499000787734985352e-01
2.367486715316772461e+00
2.160051316022872925e-01
0.000000000000000000e+00
1.034409552812576294e-01
9.271491765975952148e-01
6.445491909980773926e-01
0.000000000000000000e+00
1.258879452943801880e-01
8.696518838405609131e-03
7.911233901977539062e-01
2.610833406448364258e+00
2.818609215319156647e-02
1.187602803111076355e-02
0.000000000000000000e+00
1.915945261716842651e-01
4.886244609951972961e-02
1.424624323844909668e-01
8.019592612981796265e-02
8.213043212890625000e-03
2.252085506916046143e-01
0.000000000000000000e+00
1.525420308113098145e+00
1.834682226181030273e-01
3.608814179897308350e-01
0.000000000000000000e+00
2.156239748001098633e-01
5.325407385826110840e-01
1.262867569923400879e+00
0.000000000000000000e+00
7.164846360683441162e-02
1.513287723064422607e-01
5.018824934959411621e-01
4.175292700529098511e-02
2.912555355578660965e-03
3.837421163916587830e-02
3.810856938362121582e-01
1.689038425683975220e-01
1.685421615839004517e-01
1.603171229362487793e+00
2.911334671080112457e-02
7.130020260810852051e-01
3.700263565406203270e-03
2.436473220586776733e-01
6.704358011484146118e-02
1.326617300510406494e-01
4.777679964900016785e-02
6.962931156158447266e-01
2.853366136550903320e+00
1.111873909831047058e-01
5.853229667991399765e-03
6.144047901034355164e-02
2.554543614387512207e-01
3.663694560527801514e-01
2.430170536041259766e+00
4.100523293018341064e-01
1.581899523735046387e-01
1.205627441406250000e+00
1.402149349451065063e-02
2.766428291797637939e-01
1.797625273466110229e-01
4.016381204128265381e-01
0.000000000000000000e+00
3.216591775417327881e-01
2.954297065734863281e-01
1.851716786623001099e-01
5.018086433410644531e-01
2.107696682214736938e-01
4.525115489959716797e-01
1.053959503769874573e-01
3.822267055511474609e-03
4.091049134731292725e-01
1.445907056331634521e-01
1.056628704071044922e+00
1.520820520818233490e-02
3.519825041294097900e-01
1.478346064686775208e-03
4.110676646232604980e-01
0.000000000000000000e+00
1.320163369178771973e+00
2.308619737625122070e+00
1.815273463726043701e-01
0.000000000000000000e+00
2.175763249397277832e-01
7.427495718002319336e-01
1.090750470757484436e-01
3.765239417552947998e-01
1.301903873682022095e-01
1.530002057552337646e-01
4.217106476426124573e-02
1.152468323707580566e-01
5.288833286613225937e-03
7.987841963768005371e-01
6.211999654769897461e-01
8.291863650083541870e-02
1.731959462165832520e+00
4.834869876503944397e-02
1.785841435194015503e-01
5.950500071048736572e-02
0.000000000000000000e+00
1.611194945871829987e-02
8.871176838874816895e-01
2.819953672587871552e-02
5.122721195220947266e-01
7.189267128705978394e-02
7.945058494806289673e-02
7.685605287551879883e-01
0.000000000000000000e+00
4.289359152317047119e-01
9.429845213890075684e-02
5.970022678375244141e-01
5.216968059539794922e-01
6.214650347828865051e-02
1.153929591178894043e+00
9.691725671291351318e-02
1.489659212529659271e-02
7.786469906568527222e-02
7.049081474542617798e-02
7.372621297836303711e-01
1.881868392229080200e-01
1.060773611068725586e+00
1.631379425525665283e-01
1.850507706403732300e-01
1.439312100410461426e-01
7.488133851438760757e-03
0.000000000000000000e+00
8.858704566955566406e-01
2.938857972621917725e-01
3.050695545971393585e-02
6.211676001548767090e-01
1.088258028030395508e-01
9.238827824592590332e-01
1.295949071645736694e-01
5.275058746337890625e-02
0.000000000000000000e+00
1.317968685179948807e-02
1.336462020874023438e+00
1.626811325550079346e-01
1.636612296104431152e+00
1.015430688858032227e-01
4.095032215118408203e-01
1.680222004652023315e-01
2.114132493734359741e-01
3.443657979369163513e-02
2.786184549331665039e-01
3.612190485000610352e-01
3.313241302967071533e-01
1.313132792711257935e-01
1.664509624242782593e-01
1.210541650652885437e-02
4.520969688892364502e-01
2.486897446215152740e-02
1.710763014853000641e-02
1.482383310794830322e-01
4.198836982250213623e-01
3.499633371829986572e-01
5.965272895991802216e-03
2.757498979568481445e+00
6.691213250160217285e-01
1.029486674815416336e-02
1.013670444488525391e+00
2.417172938585281372e-01
5.061911884695291519e-03
2.851423323154449463e-01
0.000000000000000000e+00
1.644232869148254395e-02
7.600073702633380890e-03
3.137847408652305603e-02
0.000000000000000000e+00
2.182172298431396484e+00
3.171230852603912354e-02
1.461573839187622070e-01
7.754379417747259140e-03
3.812091350555419922e-01
1.634211063385009766e+00
3.045722246170043945e+00
8.486782908439636230e-01
1.599271409213542938e-02
2.407426247373223305e-03
6.825472414493560791e-02
2.465707436203956604e-02
5.107550024986267090e-01
3.884596526622772217e-01
1.291325222700834274e-02
6.643437743186950684e-01
2.820135951042175293e-01
2.416068792343139648e+00
3.121979832649230957e-01
4.506333768367767334e-01
1.252073198556900024e-01
1.864145398139953613e+00
4.520549904555082321e-03
0.000000000000000000e+00
1.285077571868896484e+00
0.000000000000000000e+00
5.473530888557434082e-01
2.256244719028472900e-01
0.000000000000000000e+00
0.000000000000000000e+00
0.000000000000000000e+00
1.469120144844055176e+00
2.612607479095458984e-01
2.862298488616943359e-01
9.859685087576508522e-04
0.000000000000000000e+00
1.945240855216979980e+00
1.157796829938888550e-01
1.388157606124877930e-01
2.356088161468505859e-01
5.286114215850830078e-01
0.000000000000000000e+00
9.091727733612060547e-01
1.448741197586059570e+00
2.624300718307495117e-01
1.111105799674987793e+00
5.444830060005187988e-01
2.131312387064099312e-03
1.799568720161914825e-02
2.178274691104888916e-01
1.865199883468449116e-04
5.348038859665393829e-03
2.421912103891372681e-01
7.277075052261352539e-01
3.991124033927917480e-01
7.815981656312942505e-02
1.939740963280200958e-02
5.805715322494506836e-01
0.000000000000000000e+00
8.740125596523284912e-02
2.380758523941040039e-01
7.402339577674865723e-02
5.958874821662902832e-01
4.015657901763916016e+00
0.000000000000000000e+00
3.761953830718994141e+00
7.234855294227600098e-01
1.296190619468688965e-01
1.065057739615440369e-01
5.651512369513511658e-02
2.661120891571044922e-02
4.092555940151214600e-01
2.293802201747894287e-01
2.006029188632965088e-01
5.718480348587036133e-01
3.135666847229003906e-01
8.479645848274230957e-02
4.306181669235229492e-01
3.732490167021751404e-02
9.984689950942993164e-01
2.983082830905914307e-01
1.827609777450561523e+00
3.284209072589874268e-01
3.436889350414276123e-01
4.171295464038848877e-02
2.391021966934204102e+00
7.335520535707473755e-02
4.714229330420494080e-02
5.212227344512939453e+00
9.029287099838256836e-02
8.916644752025604248e-02
2.387372553348541260e-01
9.849876761436462402e-01
3.568526208400726318e-01
1.019677877426147461e+00
6.597642786800861359e-03
1.782763749361038208e-01
5.979944467544555664e-01
0.000000000000000000e+00
5.261755362153053284e-02
0.000000000000000000e+00
2.521739900112152100e-01
2.931180596351623535e-01
0.000000000000000000e+00
9.539813399314880371e-01
2.638631761074066162e-01
0.000000000000000000e+00
1.663922667503356934e+00
7.023241519927978516e-01
1.250914573669433594e+00
9.793822653591632843e-03
1.838837936520576477e-02
7.938317209482192993e-02
2.167750895023345947e-02
1.242749691009521484e+00
1.862482279539108276e-01
0.000000000000000000e+00
0.000000000000000000e+00
9.628446698188781738e-01
0.000000000000000000e+00
9.632518142461776733e-02
2.769585251808166504e-01
3.932982385158538818e-01
1.916506409645080566e+00
1.075646400451660156e+00
9.593787603080272675e-03
2.702967405319213867e+00
4.761949926614761353e-02
1.512448117136955261e-02
2.044179201126098633e+00
2.079155965475365520e-04
0.000000000000000000e+00
4.603114128112792969e-01
5.239368081092834473e-01
6.783864647150039673e-02
1.553163170814514160e+00
0.000000000000000000e+00
1.604240387678146362e-01
1.732294857501983643e-01
0.000000000000000000e+00
1.099062934517860413e-01
1.139482736587524414e+00
2.293455302715301514e-01
2.979293763637542725e-01
4.710619747638702393e-01
2.615300007164478302e-02
2.027111649513244629e-01
0.000000000000000000e+00
9.026454389095306396e-02
2.150167226791381836e+00
4.078666269779205322e-01
1.122960522770881653e-01
1.613023877143859863e-01
0.000000000000000000e+00
9.358056634664535522e-02
1.331064701080322266e-01
1.345385551452636719e+00
5.018910020589828491e-02
2.160212397575378418e-02
2.813718914985656738e-01
1.117955148220062256e-02
3.345076441764831543e-01
3.439199626445770264e-01
1.137820581789128482e-04
8.357460498809814453e-01
8.851802349090576172e-01
1.904033422470092773e-01
2.074707150459289551e-01
5.132466088980436325e-03
6.632989645004272461e-02
1.649756878614425659e-01
6.091116070747375488e-01
1.676917523145675659e-01
5.468124747276306152e-01
1.180411428213119507e-01
1.598001644015312195e-02
4.774035215377807617e-01
1.746332943439483643e-01
1.562593877315521240e-01
2.514386177062988281e-01
0.000000000000000000e+00
9.366927146911621094e-01
7.687464356422424316e-02
4.715469107031822205e-02
1.473683357238769531e+00
4.194581508636474609e-01
1.293480843305587769e-01
3.153431415557861328e-01
1.364931277930736542e-02
7.592639327049255371e-01
0.000000000000000000e+00
9.471654891967773438e-02
3.046205081045627594e-02
3.535621566697955132e-03
1.553789973258972168e-01
3.016299486160278320e+00
1.150873824954032898e-01
1.974797993898391724e-01
4.026567935943603516e+00
1.282071590423583984e+00
7.932892069220542908e-03
3.697714209556579590e-01
3.154358128085732460e-03
1.330538541078567505e-01
3.801082968711853027e-01
1.158825278282165527e+00
4.286582767963409424e-01
1.009935364127159119e-01
9.189864397048950195e-01
1.215047359466552734e+00
5.690013766288757324e-01
2.209842763841152191e-02
1.769759058952331543e-01
2.351156234741210938e+00
0.000000000000000000e+00
0.000000000000000000e+00
1.884923898614943027e-03
6.528801918029785156e-01
7.338460534811019897e-03
5.704913660883903503e-02
1.257969997823238373e-02
8.354881405830383301e-01
4.408457279205322266e-01
6.480462551116943359e-01
9.015927314758300781e-01
1.978206783533096313e-01
3.696411252021789551e-01
0.000000000000000000e+00
4.077044427394866943e-01
6.283026188611984253e-02
2.100001424551010132e-01
7.315412163734436035e-01
9.302085638046264648e-02
6.539555639028549194e-02
1.360677480697631836e+00
2.123490869998931885e-01
6.741543412208557129e-01
5.283528566360473633e-01
5.803330242633819580e-02
1.980053782463073730e-01
5.946320891380310059e-01
1.687446385622024536e-01
4.873695671558380127e-01
1.135053262114524841e-01
2.227188348770141602e-01
6.508929133415222168e-01
1.717156022787094116e-01
2.755236923694610596e-01
1.148751854896545410e+00
2.229399979114532471e-02
2.222079224884510040e-02
9.860381484031677246e-02
1.447512149810791016e+00
8.051468431949615479e-02
1.999471902847290039e+00
6.878241151571273804e-02
3.319868817925453186e-02
3.571195006370544434e-01
5.734147429466247559e-01
8.265937119722366333e-02
7.684178948402404785e-01
0.000000000000000000e+00
9.232885241508483887e-01
4.006130397319793701e-01
5.126440152525901794e-02
2.580428719520568848e-01
7.904022336006164551e-01
9.127432107925415039e-02
9.563104249536991119e-03
4.356086552143096924e-01
1.813059329986572266e+00
1.026807501912117004e-01
3.439647853374481201e-01
3.157391548156738281e-01
4.421432316303253174e-01
9.698969870805740356e-02
1.068316817283630371e+00
3.021899461746215820e-01
5.774603411555290222e-02
1.926853060722351074e-01
2.113431394100189209e-01
7.296286821365356445e-01
8.077300339937210083e-02
4.328076243400573730e-01
6.490310281515121460e-02
4.628264345228672028e-03
9.805753827095031738e-01
2.772007696330547333e-02
2.264108806848526001e-01
1.346122920513153076e-01
7.488496899604797363e-01
0.000000000000000000e+00
1.620356440544128418e-01
0.000000000000000000e+00
5.087247118353843689e-02
1.294966191053390503e-01
2.870898842811584473e-01
1.169573515653610229e-01
2.050917129963636398e-03
3.479346632957458496e-02
0.000000000000000000e+00
9.555274737067520618e-04
3.954019248485565186e-01
6.311006098985671997e-02
2.993452548980712891e-01
8.333259075880050659e-02
0.000000000000000000e+00
0.000000000000000000e+00
2.223540544509887695e-01
6.373849231749773026e-03
1.605854272842407227e+00
6.270513534545898438e-01
8.286765217781066895e-02
0.000000000000000000e+00
2.177564799785614014e-01
0.000000000000000000e+00
0.000000000000000000e+00
0.000000000000000000e+00
9.820028394460678101e-02
4.103175699710845947e-01
9.616591967642307281e-03
9.866739064455032349e-02
1.199097558856010437e-02
9.034821391105651855e-01
0.000000000000000000e+00
1.982454061508178711e-01
3.838396444916725159e-02
1.756610870361328125e-01
3.580319285392761230e-01
2.195377461612224579e-02
0.000000000000000000e+00
7.459742482751607895e-03
2.276306748390197754e-01
1.172337234020233154e-01
4.333767890930175781e-01
7.839605957269668579e-02
1.315263807773590088e-01
1.959136366844177246e+00
8.762305974960327148e-01
0.000000000000000000e+00
1.756374537944793701e-01
1.066362619400024414e+00
5.022813081741333008e-01
1.172195076942443848e+00
8.067923039197921753e-02
5.613836050033569336e-01
8.241726458072662354e-02
1.306627541780471802e-01
3.671795874834060669e-02
0.000000000000000000e+00
1.684966683387756348e+00
1.036958917975425720e-01
8.151649497449398041e-03
8.699417859315872192e-02
1.619480729103088379e+00
7.199054956436157227e-02
1.995431661605834961e+00
1.298787117004394531e+00
3.256097063422203064e-02
2.082690715789794922e+00
2.232078015804290771e-01
4.922055304050445557e-01
0.000000000000000000e+00
5.060199648141860962e-02
6.610465049743652344e-02
6.923438310623168945e-01
7.373816519975662231e-02
0.000000000000000000e+00
1.442777872085571289e+00
7.446923255920410156e-01
5.956922098994255066e-02
2.308707088232040405e-01
1.739326678216457367e-02
5.785854160785675049e-02
5.411333441734313965e-01
6.041522026062011719e-01
1.080176234245300293e-01
2.621112763881683350e-02
0.000000000000000000e+00
2.621062099933624268e-01
3.267376497387886047e-02
6.824709773063659668e-01
9.026651978492736816e-01
2.295342832803726196e-01
5.818198919296264648e-01
1.053751826286315918e+00
6.879746317863464355e-01
2.451329976320266724e-01
1.934242248535156250e+00
1.873974353075027466e-01
1.232862100005149841e-01
5.521618574857711792e-02
5.512719228863716125e-02
1.815560460090637207e-01
1.474933475255966187e-01
0.000000000000000000e+00
7.831608653068542480e-01
2.698596715927124023e-01
1.597316026687622070e+00
4.798358976840972900e-01
1.322033882141113281e+00
3.056898480281233788e-03
1.408806443214416504e-01
1.287460565567016602e+00
1.811518147587776184e-02
9.571926593780517578e-01
4.500065147876739502e-01
0.000000000000000000e+00
8.198733329772949219e-01
1.087657332420349121e+00
2.242995798587799072e-02
9.922910928726196289e-01
2.122284658253192902e-02
1.238989755511283875e-01
0.000000000000000000e+00
4.243054613471031189e-02
4.268875420093536377e-01
4.378113269805908203e+00
1.507640600204467773e+00
1.277584284543991089e-01
7.673859596252441406e-01
6.009631752967834473e-01
2.807642221450805664e-01
1.778547465801239014e-01
3.178438544273376465e-02
1.099008560180664062e+00
8.470593951642513275e-03
6.557947490364313126e-03
8.170791715383529663e-02
1.455048173666000366e-01
2.842371165752410889e-01
0.000000000000000000e+00
3.653052449226379395e-01
6.204082444310188293e-02
5.990693569183349609e-01
4.630335569381713867e-01
2.348971087485551834e-03
0.000000000000000000e+00
1.905203014612197876e-01
2.104034274816513062e-01
0.000000000000000000e+00
0.000000000000000000e+00
2.567090559750795364e-03
0.000000000000000000e+00
5.359490513801574707e-01
2.276492267847061157e-01
0.000000000000000000e+00
6.919701397418975830e-02
6.049002334475517273e-02
2.450162649154663086e+00
1.522396802902221680e-01
6.914958000183105469e+00
4.852841496467590332e-01
2.243833690881729126e-01
1.152585670351982117e-01
1.285275340080261230e+00
8.011175319552421570e-03
1.348001603037118912e-02
1.872288584709167480e+00
7.678770273923873901e-02
0.000000000000000000e+00
9.334414452314376831e-02
4.401499330997467041e-01
4.992259666323661804e-02
3.950062990188598633e-01
3.014785237610340118e-02
2.734204232692718506e-01
9.280042722821235657e-03
4.124820604920387268e-02
4.633319750428199768e-02
5.080599337816238403e-03
2.125377766788005829e-02
1.047681272029876709e-01
4.076047420501708984e+00
0.000000000000000000e+00
7.208261489868164062e-01
5.952341854572296143e-02
4.153526127338409424e-01
1.656581647694110870e-03
5.928698182106018066e-01
4.741790518164634705e-02
2.634196355938911438e-02
2.591385878622531891e-02
4.488972127437591553e-01
7.597712427377700806e-02
6.485640257596969604e-02
2.282379716634750366e-01
4.882690310478210449e-02
7.296089529991149902e-01
1.944885253906250000e+00
2.756963968276977539e-01
4.800805449485778809e-01
3.091225922107696533e-01
1.040118634700775146e-01
3.456876277923583984e-01
5.596709847450256348e-01
1.908759921789169312e-01
4.828920066356658936e-01
1.419720947742462158e-01
1.981164067983627319e-01
1.129048347473144531e+00
3.050327487289905548e-02
1.366479992866516113e-01
6.940019875764846802e-02
1.070788316428661346e-02
4.040367603302001953e-01
8.929664492607116699e-01
2.111270904541015625e+00
3.071082532405853271e-01
3.083197213709354401e-02
2.989391684532165527e-01
3.057320117950439453e-01
3.684781193733215332e-01
9.998272173106670380e-03
5.309010744094848633e-01
9.230035543441772461e-01
1.762849092483520508e+00
8.636336922645568848e-01
6.628696918487548828e-01
1.081624105572700500e-01
8.916152268648147583e-02
0.000000000000000000e+00
5.873763933777809143e-02
1.171428337693214417e-01
5.922086536884307861e-02
1.030236557126045227e-01
1.272113025188446045e-01
0.000000000000000000e+00
0.000000000000000000e+00
2.130278348922729492e+00
1.033245772123336792e-01
1.193151473999023438e+00
3.515660166740417480e-01
2.633647918701171875e-01
2.799085974693298340e-01
3.399672508239746094e-01
2.341827869415283203e+00
5.064926743507385254e-01
0.000000000000000000e+00
1.206687185913324356e-02
1.425343006849288940e-01
2.479087375104427338e-02
0.000000000000000000e+00
5.926954373717308044e-02
1.453749418258666992e+00
0.000000000000000000e+00
4.333034902811050415e-02
1.943599283695220947e-01
2.174842655658721924e-01
1.097631692886352539e+00
2.789649665355682373e-01
1.070264101028442383e+00
5.874700844287872314e-02
9.877730626612901688e-04
2.175251245498657227e-01
5.366278067231178284e-02
5.755997896194458008e-01
3.827832937240600586e-01
1.558241844177246094e+00
7.523824274539947510e-02
2.247660458087921143e-01
5.975743532180786133e-01
0.000000000000000000e+00
6.825207918882369995e-02
4.356687366962432861e-01
3.722718656063079834e-01
8.023133873939514160e-02
1.201667860150337219e-01
1.683279126882553101e-01
5.516420602798461914e-01
1.074053287506103516e+00
1.328410357236862183e-01
3.761686682701110840e-01
0.000000000000000000e+00
4.729234278202056885e-01
1.681763887405395508e+00
8.388108760118484497e-02
5.352400541305541992e-01
6.284376978874206543e-01
6.663258075714111328e-01
5.612095594406127930e-01
7.103833556175231934e-01
8.077660202980041504e-01
3.654051721096038818e-01
1.159760430455207825e-01
1.196180358529090881e-01
1.476391196250915527e+00
1.473032116889953613e+00
0.000000000000000000e+00
5.150607600808143616e-02
5.942275524139404297e-01
5.220630764961242676e-01
1.651025265455245972e-01
2.542257308959960938e-02
0.000000000000000000e+00
2.749288082122802734e+00
2.065441161394119263e-01
1.001051664352416992e-01
2.183125913143157959e-02
0.000000000000000000e+00
3.612618684768676758e+00
1.661027669906616211e-01
0.000000000000000000e+00
8.696924895048141479e-02
2.951043657958507538e-02
0.000000000000000000e+00
1.564072817564010620e-01
6.810653805732727051e-01
1.290465742349624634e-01
1.833606660366058350e-01
5.762143060564994812e-02
4.310511350631713867e-01
0.000000000000000000e+00
3.574913740158081055e-02
8.293111324310302734e-01
6.901741772890090942e-02
0.000000000000000000e+00
7.947916388511657715e-01
1.256335154175758362e-02
1.374483346939086914e+00
3.835511859506368637e-03
2.857710123062133789e-01
2.607071585953235626e-02
7.044573426246643066e-01
3.680931568145751953e+00
1.541139781475067139e-01
0.000000000000000000e+00
9.012725949287414551e-01
4.958515167236328125e-01
1.202222347259521484e+00
4.912288859486579895e-02
6.885647773742675781e-01
0.000000000000000000e+00
6.321575641632080078e-01
2.963022291660308838e-01
0.000000000000000000e+00
3.869604766368865967e-01
4.197176173329353333e-02
8.683030009269714355e-01
4.309407621622085571e-02
5.738629493862390518e-03
5.974322557449340820e-01
2.465570926666259766e+00
0.000000000000000000e+00
2.389579452574253082e-02
0.000000000000000000e+00
4.300739467144012451e-01
3.556570708751678467e-01
2.762560965493321419e-03
4.490108415484428406e-02
0.000000000000000000e+00
1.219161450862884521e-01
6.221900507807731628e-02
1.473589800298213959e-02
1.225429415702819824e+00
2.875106096267700195e+00
0.000000000000000000e+00
3.859939798712730408e-02
2.717147469520568848e-01
1.019822210073471069e-01
1.583527475595474243e-01
5.991379618644714355e-01
3.951898217201232910e-02
7.012557983398437500e-01
1.508428454399108887e-01
4.224136844277381897e-02
6.399151086807250977e-01
3.301865756511688232e-01
2.719885110855102539e-01
1.829090565443038940e-01
0.000000000000000000e+00
3.160780906677246094e+00
4.836085438728332520e-01
4.521535302046686411e-04
3.275422155857086182e-01
6.489199399948120117e-02
0.000000000000000000e+00
9.708604775369167328e-03
5.467688292264938354e-02
6.875191330909729004e-01
3.520229831337928772e-02
1.954264789819717407e-01
1.736502170562744141e+00
9.483405947685241699e-01
1.385658740997314453e+00
1.526456177234649658e-01
3.591831400990486145e-02
0.000000000000000000e+00
5.600356459617614746e-01
3.926468789577484131e-01
1.324293375015258789e+00
2.629153430461883545e-01
2.652953863143920898e-01
5.141862630844116211e-01
7.739886045455932617e-01
1.102736830711364746e+00
5.214039981365203857e-02
0.000000000000000000e+00
1.999451033771038055e-02
3.193720877170562744e-01
2.097736448049545288e-01
6.966894268989562988e-01
5.321873351931571960e-02
3.059474229812622070e-01
4.076965898275375366e-02
2.233312577009201050e-01
6.417698264122009277e-01
5.884836912155151367e-01
1.092754006385803223e+00
3.184605762362480164e-02
1.300328016281127930e+00
3.370902538299560547e-01
6.691232323646545410e-02
2.266690582036972046e-01
1.090671494603157043e-02
2.531738996505737305e+00
1.638872921466827393e-01
6.998601555824279785e-02
1.736811548471450806e-01
0.000000000000000000e+00
8.592518977820873260e-03
0.000000000000000000e+00
0.000000000000000000e+00
1.085530892014503479e-01
3.220427513122558594e+00
2.997742593288421631e-02
5.083209648728370667e-02
1.098308920860290527e+00
9.770669788122177124e-02
2.182141304016113281e+00
1.454716548323631287e-02
3.463537245988845825e-02
3.916295170783996582e-01
7.735162973403930664e-02
1.252491354942321777e+00
6.207161545753479004e-01
8.572985529899597168e-01
1.419371962547302246e-01
2.961301505565643311e-01
1.640953570604324341e-01
3.878209590911865234e-01
1.261025965213775635e-01
1.555172260850667953e-02
2.229415476322174072e-01
3.572465479373931885e-01
6.963589191436767578e-01
5.521256327629089355e-01
1.893395543098449707e+00
1.136540532112121582e+00
2.647209465503692627e-01
1.595866829156875610e-01
9.973284602165222168e-01
0.000000000000000000e+00
8.395611494779586792e-02
7.498891353607177734e-01
9.483750909566879272e-02
2.890707552433013916e-01
0.000000000000000000e+00
4.715861320495605469e+00
6.101761460304260254e-01
6.418243050575256348e-01
8.214648813009262085e-02
8.087842166423797607e-02
1.595748364925384521e-01
5.940489843487739563e-02
0.000000000000000000e+00
5.451674014329910278e-02
8.887584507465362549e-02
0.000000000000000000e+00
0.000000000000000000e+00
2.049202173948287964e-01
2.139759808778762817e-02
2.543939948081970215e-01
4.435622096061706543e-01
1.183054208755493164e+00
6.415762901306152344e-01
9.562624096870422363e-01
2.688557505607604980e-01
2.879860401153564453e-01
1.313708722591400146e-01
1.961062848567962646e-01
6.530354619026184082e-01
0.000000000000000000e+00
7.280319184064865112e-02
7.959059625864028931e-02
1.701071858406066895e-01
2.333008766174316406e+00
7.808321118354797363e-01
8.507063984870910645e-02
9.401851892471313477e-02
5.833219885826110840e-01
1.266183331608772278e-02
9.731278754770755768e-03
6.169747114181518555e-01
6.123557090759277344e-01
1.406168788671493530e-01
8.278913497924804688e-01
5.284991115331649780e-02
3.658394515514373779e-02
3.077465295791625977e-01
2.360631227493286133e-01
4.041079580783843994e-01
4.780330955982208252e-01
2.877098694443702698e-02
6.757019162178039551e-01
2.367761731147766113e-01
2.244658768177032471e-02
5.725852251052856445e-01
2.862903103232383728e-02
2.213439345359802246e-02
6.027207151055335999e-02
2.386860400438308716e-01
4.196529835462570190e-02
4.385560750961303711e-01
4.345261752605438232e-01
1.409653425216674805e-01
4.870807752013206482e-02
9.387118816375732422e-01
1.998598687350749969e-02
6.557080894708633423e-03
2.203355282545089722e-01
0.000000000000000000e+00
1.406382024288177490e-02
2.042387425899505615e-02
5.219435319304466248e-02
5.508131906390190125e-02
5.053865909576416016e-01
7.200349122285842896e-02
1.085410192608833313e-01
1.201460480690002441e+00
1.550861597061157227e+00
4.697658494114875793e-02
1.738525509834289551e+00
2.881892919540405273e-01
0.000000000000000000e+00
1.391585946083068848e+00
4.137142002582550049e-01
1.672082394361495972e-01
1.852450147271156311e-02
4.224824532866477966e-02
9.861300587654113770e-01
9.788814932107925415e-02
6.565414071083068848e-01
2.796024270355701447e-02
7.850360274314880371e-01
5.245055556297302246e-01
1.195934414863586426e-01
6.652866005897521973e-01
3.736053466796875000e+00
1.707425475120544434e+00
6.407433748245239258e-02
6.254798769950866699e-01
1.263765096664428711e-01
6.028062850236892700e-02
1.485380887985229492e+00
1.281325425952672958e-02
1.527934521436691284e-01
0.000000000000000000e+00
1.347430944442749023e+00
8.996480703353881836e-01
3.018346786499023438e+00
6.676087379455566406e-01
0.000000000000000000e+00
3.125720471143722534e-02
4.278902895748615265e-03
6.384704709053039551e-01
0.000000000000000000e+00
8.982366323471069336e-01
1.878476589918136597e-01
6.077473163604736328e-01
2.912613563239574432e-02
1.653319835662841797e+00
5.963694453239440918e-01
6.746242195367813110e-02
1.812306940555572510e-01
3.820697963237762451e-02
0.000000000000000000e+00
0.000000000000000000e+00
4.484308660030364990e-01
7.644981611520051956e-03
3.913328945636749268e-01
0.000000000000000000e+00
0.000000000000000000e+00
0.000000000000000000e+00
9.526081681251525879e-01
1.971402168273925781e+00
2.819380760192871094e-01
0.000000000000000000e+00
2.165459632873535156e+00
1.442386656999588013e-01
2.306696772575378418e-02
0.000000000000000000e+00
2.862562835216522217e-01
8.882496356964111328e-01
1.831218749284744263e-01
1.156284585595130920e-01
0.000000000000000000e+00
3.945145606994628906e-01
2.793465554714202881e-01
3.801375329494476318e-01
1.465584337711334229e-01
0.000000000000000000e+00
8.967166068032383919e-04
6.355545520782470703e-01
3.208906650543212891e-01
4.660624265670776367e-01
7.238613814115524292e-02
1.025382131338119507e-01
2.161736637353897095e-01
3.737107664346694946e-02
8.518111892044544220e-03
8.651471734046936035e-01
5.763671994209289551e-01
2.461417466402053833e-01
3.686822578310966492e-02
2.276595495641231537e-02
6.802327930927276611e-02
3.763385415077209473e-01
6.881713122129440308e-02
1.091230846941471100e-02
1.293570175766944885e-02
5.243518352508544922e-01
1.086141347885131836e+00
1.491377949714660645e-01
1.002710405737161636e-02
3.739607706665992737e-02
1.188976168632507324e+00
3.565941572189331055e+00
9.201695024967193604e-02
9.661306440830230713e-02
9.341153502464294434e-02
1.728890657424926758e+00
2.745012342929840088e-01
5.669164005666971207e-03
1.085320860147476196e-01
1.447881162166595459e-01
9.248017072677612305e-01
3.793152049183845520e-03
3.481580018997192383e-01
6.840547546744346619e-03
3.794609904289245605e-01
2.086323127150535583e-02
2.408887892961502075e-01
1.282442659139633179e-01
7.836257107555866241e-03
2.090144395828247070e+00
7.422524690628051758e-02
4.218773841857910156e-01
1.738007180392742157e-02
0.000000000000000000e+00
1.886066496372222900e-01
5.198817849159240723e-01
2.584411144256591797e+00
7.083371281623840332e-01
2.282115072011947632e-02
3.775393366813659668e-01
8.741050027310848236e-03
1.051892518997192383e+00
6.456312537193298340e-02
1.244918163865804672e-02
1.319384813308715820e+00
0.000000000000000000e+00
1.086982488632202148e-01
1.328384578227996826e-01
2.060451954603195190e-01
5.465933308005332947e-02
3.173260763287544250e-02
6.857407093048095703e-01
1.425969004631042480e-01
9.588271379470825195e-01
2.384422719478607178e-02
1.139262318611145020e+00
1.309920072555541992e+00
1.946121901273727417e-01
8.194554448127746582e-01
5.525269079953432083e-03
0.000000000000000000e+00
6.594985723495483398e-01
2.512054681777954102e+00
6.189434975385665894e-02
7.344899326562881470e-02
3.028452992439270020e-01
1.664270520210266113e+00
2.441693305969238281e+00
7.473447173833847046e-02
3.599045276641845703e-01
1.419410586357116699e+00
2.270972728729248047e-02
2.001454532146453857e-01
1.420088768005371094e+00
0.000000000000000000e+00
2.211467623710632324e-01
2.608928442001342773e+00
1.228429555892944336e+00
6.248101964592933655e-02
9.713056087493896484e-01
1.983527690172195435e-01
3.904998600482940674e-01
1.617624014616012573e-01
8.472484350204467773e-02
4.868315756320953369e-01
1.267342716455459595e-01
2.265695035457611084e-01
8.225158452987670898e-01
1.028135776519775391e+00
2.040349394083023071e-01
4.703896939754486084e-01
1.752683222293853760e-01
2.446535825729370117e-01
8.955697715282440186e-02
3.621299266815185547e-01
2.074524760246276855e-02
4.005863144993782043e-02
5.385651066899299622e-02
1.885316133499145508e+00
1.974026411771774292e-01
1.210584654472768307e-03
0.000000000000000000e+00
4.431766271591186523e-01
1.669727921485900879e+00
2.698602899909019470e-02
0.000000000000000000e+00
2.910425364971160889e-01
1.036618471145629883e+00
3.778164833784103394e-02
1.707154363393783569e-01
2.801008522510528564e-01
1.727474736981093884e-03
9.803162515163421631e-02
9.205759167671203613e-01
4.707711935043334961e-02
1.326488405466079712e-01
1.193639039993286133e-01
0.000000000000000000e+00
7.122660875320434570e-01
1.822477817535400391e+00
2.459961622953414917e-01
1.448755502700805664e+00
0.000000000000000000e+00
0.000000000000000000e+00
6.873600184917449951e-02
7.354055345058441162e-02
4.156045317649841309e-01
0.000000000000000000e+00
2.086290121078491211e-01
3.825256347656250000e+00
9.495717287063598633e-02
4.645003795623779297e+00
1.104933738708496094e+00
2.738075554370880127e-01
6.799808144569396973e-01
1.919010877609252930e-01
0.000000000000000000e+00
4.956374317407608032e-02
2.385636866092681885e-01
2.054828107357025146e-01
4.569881856441497803e-01
1.726797074079513550e-01
0.000000000000000000e+00
6.034627184271812439e-02
3.016414940357208252e-01
1.966121196746826172e-01
1.079253293573856354e-02
1.813859939575195312e-01
3.566240310668945312e+00
1.729174517095088959e-03
8.497445285320281982e-02
2.049457514658570290e-03
6.866623461246490479e-02
8.240662515163421631e-02
7.583422660827636719e-01
6.649066694080829620e-03
3.952469825744628906e-01
0.000000000000000000e+00
1.245895773172378540e-02
2.977205067873001099e-02
1.908543825149536133e+00
1.377296000719070435e-01
1.923983246088027954e-01
6.968891620635986328e-01
8.216770887374877930e-01
8.312699943780899048e-02
0.000000000000000000e+00
1.954517215490341187e-01
1.422194987535476685e-01
0.000000000000000000e+00
0.000000000000000000e+00
5.376666784286499023e-01
3.958606719970703125e-02
2.742560505867004395e-01
0.000000000000000000e+00
1.817402988672256470e-02
3.285282105207443237e-02
3.663430511951446533e-01
9.779656678438186646e-02
2.903234720230102539e+00
5.881809592247009277e-01
0.000000000000000000e+00
2.029191516339778900e-02
1.446677744388580322e-02
3.924576193094253540e-02
2.657957002520561218e-02
0.000000000000000000e+00
0.000000000000000000e+00
1.546314656734466553e-01
1.666780263185501099e-01
2.708694152534008026e-02
1.921294480562210083e-01
0.000000000000000000e+00
9.038500785827636719e-01
3.774955987930297852e+00
6.490153074264526367e-02
2.537339329719543457e-01
5.623639225959777832e-01
3.976326063275337219e-02
9.817109107971191406e-01
7.735404651612043381e-03
9.540450572967529297e-02
1.615155935287475586e-01
2.341784685850143433e-01
0.000000000000000000e+00
1.202604770660400391e+00
8.858017325401306152e-01
2.009435445070266724e-01
1.917759701609611511e-02
2.069486379623413086e+00
1.536857128143310547e+00
1.615079864859580994e-02
1.061244029551744461e-02
1.329293727874755859e+00
1.372341364622116089e-01
0.000000000000000000e+00
1.620175875723361969e-02
1.532721426337957382e-02
0.000000000000000000e+00
3.456251621246337891e-01
1.661167979240417480e+00
7.200750112533569336e-01
2.667476534843444824e-01
9.920763373374938965e-01
9.188674688339233398e-01
2.936758399009704590e-01
4.612632840871810913e-02
3.395951032638549805e+00
0.000000000000000000e+00
1.460988074541091919e-01
6.398653239011764526e-02
2.430077046155929565e-01
9.346143342554569244e-03
9.537060558795928955e-02
1.166199985891580582e-02
3.398707881569862366e-02
1.440999098122119904e-02
2.432773411273956299e-01
2.404424190521240234e+00
1.835877299308776855e-01
2.736183814704418182e-02
1.026551350951194763e-01
5.161507725715637207e-01
1.797054894268512726e-02
1.571683436632156372e-01
5.249525606632232666e-02
2.305068820714950562e-01
4.837817847728729248e-01
2.112852036952972412e-02
5.073147267103195190e-02
1.800467073917388916e-01
4.105626344680786133e-01
5.913917347788810730e-02
7.186339795589447021e-02
1.066435575485229492e-01
1.054351925849914551e-01
6.878245621919631958e-02
7.097623497247695923e-02
1.878545619547367096e-02
2.038278132677078247e-01
4.226841405034065247e-02
7.654293537139892578e+00
1.852857619524002075e-01
4.493019104003906250e+00
9.982392191886901855e-01
0.000000000000000000e+00
2.214295566082000732e-01
6.118475198745727539e-01
5.443264544010162354e-02
7.099835872650146484e-01
5.164511799812316895e-01
5.927187204360961914e-01
1.555164217948913574e+00
6.789118647575378418e-01
8.867319226264953613e-01
1.034968018531799316e+00
5.999303460121154785e-01
1.194013878703117371e-01
0.000000000000000000e+00
4.304986000061035156e-01
1.068674102425575256e-01
9.713134765625000000e-01
9.714165329933166504e-02
3.078009188175201416e-01
1.627272129058837891e+00
2.005204325541853905e-03
1.168067678809165955e-01
6.615504622459411621e-01
3.948058187961578369e-01
1.523763090372085571e-01
0.000000000000000000e+00
2.002911418676376343e-01
1.489384293556213379e+00
4.103669524192810059e-02
6.378906369209289551e-01
5.421257019042968750e-01
4.512386023998260498e-02
7.918250560760498047e-02
0.000000000000000000e+00
0.000000000000000000e+00
8.061798214912414551e-01
3.566457927227020264e-01
1.381909996271133423e-01
6.482046246528625488e-01
0.000000000000000000e+00
2.921518683433532715e-01
4.917048290371894836e-02
0.000000000000000000e+00
2.531393766403198242e-01
2.112025260925292969e+00
1.258127212524414062e+00
3.687708854675292969e+00
7.954731583595275879e-01
2.138295322656631470e-01
5.369388312101364136e-02
6.224779486656188965e-01
1.584413766860961914e+00
9.013047218322753906e-01
1.521502137184143066e-01
1.340568959712982178e-01
9.641402363777160645e-01
2.345968335866928101e-01
9.595509171485900879e-01
5.093255043029785156e-01
1.270959712564945221e-02
2.450074106454849243e-01
7.442169636487960815e-02
6.396939754486083984e-01
1.251624077558517456e-01
0.000000000000000000e+00
0.000000000000000000e+00
1.135073453187942505e-01
2.500814758241176605e-02
3.008876554667949677e-02
8.876886963844299316e-02
7.116720825433731079e-02
0.000000000000000000e+00
2.972036786377429962e-02
3.356478810310363770e-01
5.895564556121826172e-01
4.762824252247810364e-02
9.282117486000061035e-01
2.225937396287918091e-01
1.182736009359359741e-01
5.892262607812881470e-02
5.190210342407226562e-01
1.036865171045064926e-02
3.271720604971051216e-03
1.082879155874252319e-01
6.581264138221740723e-01
8.587887883186340332e-01
1.694440990686416626e-01
7.275418192148208618e-02
4.966187477111816406e-02
7.070940732955932617e-02
1.118866324424743652e+00
1.356923300772905350e-02
2.145040929317474365e-01
8.824888467788696289e-01
3.821834921836853027e-02
1.067784786224365234e+00
4.874487221240997314e-02
9.866214394569396973e-01
0.000000000000000000e+00
3.197390437126159668e-01
1.353214383125305176e-01
1.510522216558456421e-01
4.711853265762329102e-01
1.863824367523193359e+00
2.536615729331970215e-01
0.000000000000000000e+00
2.576783895492553711e-01
2.942823767662048340e-01
1.507856845855712891e-01
4.344361647963523865e-02
2.211196869611740112e-01
3.103428483009338379e-01
2.353174239397048950e-01
0.000000000000000000e+00
0.000000000000000000e+00
5.901120603084564209e-02
0.000000000000000000e+00
1.531053781509399414e+00
1.606477648019790649e-01
3.896652460098266602e-01
9.999735653400421143e-02
2.230588495731353760e-01
7.823080569505691528e-02
8.257535099983215332e-02
4.188375174999237061e-02
5.989401340484619141e-01
1.887250423431396484e+00
2.010928541421890259e-01
1.648125983774662018e-02
4.046578332781791687e-02
4.528760444372892380e-03
1.216790199279785156e+00
6.497908383607864380e-02
1.345035526901483536e-02
6.224571466445922852e-01
0.000000000000000000e+00
2.352719940245151520e-02
2.115258201956748962e-02
0.000000000000000000e+00
5.208277702331542969e-01
2.036130987107753754e-02
0.000000000000000000e+00
2.564167371019721031e-04
1.530440747737884521e-01
1.079846322536468506e-01
4.521768569946289062e+00
4.190543889999389648e-01
2.439367771148681641e-01
3.829536959528923035e-02
1.307523488998413086e+00
1.309241414070129395e+00
2.104056626558303833e-01
0.000000000000000000e+00
1.818987846374511719e+00
5.642848610877990723e-01
3.786719143390655518e-01
2.046269327402114868e-01
1.775929927825927734e-01
1.851571947336196899e-01
5.362122058868408203e-01
0.000000000000000000e+00
6.264725327491760254e-02
4.946268498897552490e-01
9.113859385251998901e-02
0.000000000000000000e+00
1.570199251174926758e+00
4.827538728713989258e-01
1.371890455484390259e-01
1.908027082681655884e-01
1.274225413799285889e-01
1.066459178924560547e+00
0.000000000000000000e+00
2.923722006380558014e-02
0.000000000000000000e+00
1.365772366523742676e+00
1.471180096268653870e-02
4.218003451824188232e-01
0.000000000000000000e+00
1.239524602890014648e+00
1.982710883021354675e-02
2.075451985001564026e-02
2.083505541086196899e-01
1.641097129322588444e-03
5.450061708688735962e-02
1.180218756198883057e-01
1.925155997276306152e+00
2.819789759814739227e-02
3.428283929824829102e-01
1.054769277572631836e+00
2.233527898788452148e-01
3.302558660507202148e-01
3.012094020843505859e+00
2.078376710414886475e-02
5.422988161444664001e-02
1.425589621067047119e-02
3.005877435207366943e-01
5.887665320187807083e-03
6.215859055519104004e-01
7.660306692123413086e-01
2.416797876358032227e-01
2.156672179698944092e-01
1.342906504869461060e-01
1.057374700903892517e-01
8.810720443725585938e-01
7.286604493856430054e-02
2.342400513589382172e-02
1.960961461067199707e+00
1.810234040021896362e-01
1.130152106285095215e+00
1.202687263488769531e+00
2.082032114267349243e-01
2.370966672897338867e-01
1.029511541128158569e-02
6.496863812208175659e-02
3.771046698093414307e-01
1.058468036353588104e-02
6.268862485885620117e-01
3.611349761486053467e-01
1.588088572025299072e-01
2.887802422046661377e-01
5.892526730895042419e-02
1.480581760406494141e-01
6.696450524032115936e-03
5.985057726502418518e-02
0.000000000000000000e+00
9.922235608100891113e-01
8.328895084559917450e-03
2.940637245774269104e-02
6.407963484525680542e-02
0.000000000000000000e+00
3.219989687204360962e-02
1.828212738037109375e-01
1.430921316146850586e+00
0.000000000000000000e+00
0.000000000000000000e+00
0.000000000000000000e+00
4.562779366970062256e-01
1.621750593185424805e-01
5.309571698307991028e-02
4.456148743629455566e-01
1.280250996351242065e-01
6.522955894470214844e-01
0.000000000000000000e+00
2.600596845149993896e-02
4.638585448265075684e-01
1.195848640054464340e-02
7.889034748077392578e-01
1.066484451293945312e+00
3.271905481815338135e-01
3.689230233430862427e-02
1.654880642890930176e-01
1.191582009196281433e-01
2.977715991437435150e-02
0.000000000000000000e+00
2.102133035659790039e-01
0.000000000000000000e+00
3.183691203594207764e-01
2.265183180570602417e-01
3.945788368582725525e-03
8.225497603416442871e-01
9.988275915384292603e-02
4.295674264430999756e-01
1.056779623031616211e-01
8.900429122149944305e-03
1.723548769950866699e+00
1.841915696859359741e-01
1.623162388801574707e+00
9.476292878389358521e-02
3.249597251415252686e-01
1.727736741304397583e-01
0.000000000000000000e+00
2.701317548751831055e+00
9.037771224975585938e-01
7.353091984987258911e-02
4.725926816463470459e-01
3.816817522048950195e+00
7.982231378555297852e-01
4.249743521213531494e-01
5.070610344409942627e-02
5.043238401412963867e-01
0.000000000000000000e+00
3.189580515027046204e-02
2.809917330741882324e-01
3.253107070922851562e+00
1.067549809813499451e-01
1.465296596288681030e-01
2.909831404685974121e-01
0.000000000000000000e+00
3.812651336193084717e-01
1.438245773315429688e+00
2.253698825836181641e+00
4.476567506790161133e-01
1.012326031923294067e-01
1.323889255523681641e+00
3.916002810001373291e-01
3.331745043396949768e-02
2.837109006941318512e-02
5.832917094230651855e-01
2.380936294794082642e-01
4.989439621567726135e-03
9.059491157531738281e-01
7.132140994071960449e-01
1.792638599872589111e-01
2.835990488529205322e-01
8.726241439580917358e-02
0.000000000000000000e+00
8.700945973396301270e-01
3.516363501548767090e-01
1.309184074401855469e+00
1.315396308898925781e+00
4.301154911518096924e-01
1.204747200012207031e+00
1.108120530843734741e-01
1.464049667119979858e-01
1.572377085685729980e-01
1.510359942913055420e-01
2.997291684150695801e-01
6.245076656341552734e-01
1.240820512175559998e-01
0.000000000000000000e+00
2.326643280684947968e-02
6.358728408813476562e-01
4.367469847202301025e-01
6.312485337257385254e-01
8.317169547080993652e-02
0.000000000000000000e+00
7.580222189426422119e-02
8.308492898941040039e-01
1.476184129714965820e-01
1.432795673608779907e-01
7.849954068660736084e-03
1.589228868484497070e+00
9.175533801317214966e-02
1.682639569044113159e-01
1.132266163825988770e+00
9.323298931121826172e-02
4.441364288330078125e+00
1.795807294547557831e-02
1.443818910047411919e-04
4.187090396881103516e-01
4.052204191684722900e-01
1.590900495648384094e-02
3.863952457904815674e-01
7.499656081199645996e-02
3.930857181549072266e-01
1.569837450981140137e+00
6.802296638488769531e-01
4.365257620811462402e-01
8.275876641273498535e-01
7.992917895317077637e-01
1.681170612573623657e-01
1.152213454246520996e+00
5.418649911880493164e-01
3.472569882869720459e-01
3.792570531368255615e-01
0.000000000000000000e+00
0.000000000000000000e+00
0.000000000000000000e+00
1.103633567690849304e-01
4.199886023998260498e-01
6.189560517668724060e-03
5.883454084396362305e-01
1.445126295089721680e+00
5.132541656494140625e-01
1.628252148628234863e+00
5.921779274940490723e-01
4.084704518318176270e-01
5.365668535232543945e-01
4.614910855889320374e-02
1.168476462364196777e+00
5.510563850402832031e-01
4.890491068363189697e-01
6.275479793548583984e-01
1.739274740219116211e+00
7.609493732452392578e-01
3.898969292640686035e-01
3.399248421192169189e-01
2.613254785537719727e-01
1.847401261329650879e-01
8.148233294486999512e-01
5.512232780456542969e-01
1.833388805389404297e-01
6.225591897964477539e-01
0.000000000000000000e+00
7.681314945220947266e-01
8.428876399993896484e-01
7.087560296058654785e-01
6.004673615097999573e-02
1.015153620392084122e-02
4.448179155588150024e-02
1.736076772212982178e-01
8.688311576843261719e-01
1.635997146368026733e-01
8.724191784858703613e-01
4.335437342524528503e-02
1.990208476781845093e-01
2.078962922096252441e-01
4.856764376163482666e-01
2.640465199947357178e-01
3.640033304691314697e-01
2.996526425704360008e-03
8.360643386840820312e-01
9.931041002273559570e-01
1.262728214263916016e+00
5.879947915673255920e-02
6.255316734313964844e-01
4.405402578413486481e-03
7.891552448272705078e-01
6.384662818163633347e-03
1.630871593952178955e-01
8.871624618768692017e-02
9.405289590358734131e-02
0.000000000000000000e+00
0.000000000000000000e+00
2.596116662025451660e-01
2.172588348388671875e+00
3.681440721265971661e-04
5.231599807739257812e-01
6.987753510475158691e-02
6.475823372602462769e-02
2.185221910476684570e-01
3.571843206882476807e-01
8.683337569236755371e-01
7.768521904945373535e-01
5.029728412628173828e-01
3.199451267719268799e-01
2.119155228137969971e-01
4.240726530551910400e-01
0.000000000000000000e+00
1.869992971420288086e+00
1.614306211471557617e+00
1.177243471145629883e+00
4.045332372188568115e-01
6.457127630710601807e-02
4.462374150753021240e-01
1.546424999833106995e-02
1.256209518760442734e-02
0.000000000000000000e+00
1.215040460228919983e-01
1.022119261324405670e-02
1.608838438987731934e+00
7.991954684257507324e-03
1.628559827804565430e-01
6.840596906840801239e-03
7.193615287542343140e-02
6.050034426152706146e-03
5.607792735099792480e-01
1.626892685890197754e-01
6.700956076383590698e-02
5.957556143403053284e-02
3.142428100109100342e-01
2.503335177898406982e-01
5.970815569162368774e-02
2.655348926782608032e-02
9.119096398353576660e-02
5.324271041899919510e-03
3.043525218963623047e-01
0.000000000000000000e+00
7.492858171463012695e-01
3.909096717834472656e-01
4.071235656738281250e-03
3.224511146545410156e-01
2.254009842872619629e-01
2.427752874791622162e-02
1.320360451936721802e-01
0.000000000000000000e+00
1.136213302612304688e+00
5.423681437969207764e-02
4.735885858535766602e-01
1.928061962127685547e+00
3.369907289743423462e-02
5.497322082519531250e-01
0.000000000000000000e+00
8.320055603981018066e-01
5.063494443893432617e-01
4.833339750766754150e-01
9.570150822401046753e-02
