3.656791895627975464e-02
3.651059418916702271e-02
7.483634948730468750e-01
1.456726938486099243e-01
1.947325915098190308e-01
1.103550344705581665e-01
0.000000000000000000e+00
1.791382580995559692e-01
7.263872027397155762e-01
1.614394068717956543e+00
0.000000000000000000e+00
2.760763764381408691e-01
1.032667517662048340e+00
6.607096195220947266e-01
0.000000000000000000e+00
2.242935299873352051e-01
5.218685626983642578e+00
1.339042782783508301e-01
1.050576418638229370e-01
1.425777554512023926e+00
7.778820395469665527e-01
0.000000000000000000e+00
1.918052434921264648e-01
2.194605320692062378e-01
7.454032897949218750e-01
5.066455528140068054e-02
4.539707303047180176e-01
1.426589675247669220e-03
4.187760651111602783e-01
1.492450594902038574e+00
7.106064558029174805e-01
0.000000000000000000e+00
6.539388895034790039e-01
6.456245183944702148e-01
4.513519704341888428e-01
0.000000000000000000e+00
1.962198317050933838e-02
7.606940865516662598e-01
5.646725744009017944e-02
1.630298644304275513e-01
1.538840055465698242e+00
2.680024862289428711e+00
1.351915299892425537e-01
1.443934679031372070e+00
2.167593091726303101e-01
1.186437964439392090e+00
6.814645528793334961e-01
1.080401092767715454e-01
1.837687790393829346e-01
3.092895746231079102e-01
2.296918332576751709e-01
7.427835464477539062e-01
8.036320656538009644e-02
5.600903928279876709e-02
2.945701032876968384e-02
8.923947066068649292e-02
6.335292011499404907e-02
0.000000000000000000e+00
5.496517568826675415e-02
2.616355657577514648e+00
1.037969440221786499e-02
7.095301747322082520e-01
1.409149050712585449e+00
1.592575907707214355e+00
2.565671801567077637e-01
5.830396339297294617e-02
3.316460847854614258e-01
7.649139404296875000e+00
1.243931055068969727e-01
2.911449074745178223e-01
1.523603200912475586e+00
3.008794069290161133e+00
2.068933546543121338e-01
1.963935792446136475e-01
3.011110424995422363e-02
2.074956893920898438e+00
6.035423278808593750e-01
2.694145590066909790e-02
2.441955327987670898e+00
4.559751972556114197e-02
6.961866617202758789e-01
1.219283223152160645e+00
0.000000000000000000e+00
1.280701279640197754e+00
1.567177623510360718e-01
1.705885976552963257e-01
6.911197304725646973e-02
0.000000000000000000e+00
1.037079095840454102e-01
5.374676585197448730e-01
1.270554363727569580e-01
7.299609184265136719e-01
1.543912291526794434e-01
1.487565506249666214e-02
3.425134927965700626e-04
7.748059928417205811e-03
9.381508082151412964e-02
8.407633304595947266e-01
6.710658669471740723e-01
1.863887161016464233e-01
1.131054908037185669e-01
5.189797878265380859e-01
4.791111350059509277e-01
0.000000000000000000e+00
0.000000000000000000e+00
1.687982320785522461e+00
4.805573076009750366e-02
2.816280536353588104e-02
1.044517606496810913e-01
3.761645793914794922e+00
1.361638903617858887e-01
1.313107490539550781e+00
3.296367228031158447e-01
5.587227642536163330e-02
6.565414071083068848e-01
5.034494027495384216e-02
9.394950419664382935e-02
0.000000000000000000e+00
1.062061861157417297e-01
6.542797386646270752e-02
2.553856968879699707e-01
2.397599458694458008e+00
1.496382594108581543e+00
9.012906551361083984e-01
3.614135384559631348e-01
8.838609606027603149e-02
7.699605226516723633e-01
8.559043705463409424e-02
1.567813158035278320e-01
1.064004182815551758e+00
1.423585057258605957e+00
6.038001552224159241e-02
1.318694502115249634e-01
2.748849615454673767e-02
1.514487743377685547e+00
5.969374999403953552e-02
4.903824031352996826e-01
1.493885368108749390e-01
5.012569904327392578e+00
3.721804022789001465e-01
1.840161234140396118e-01
3.101494349539279938e-02
6.839077472686767578e-01
6.476065516471862793e-01
2.792390529066324234e-03
5.064072087407112122e-02
1.279595017433166504e+00
1.792023926973342896e-01
1.355837821960449219e+00
3.494082018733024597e-02
1.180789098143577576e-01
4.732639063149690628e-03
0.000000000000000000e+00
0.000000000000000000e+00
1.026063203811645508e+00
3.773608431220054626e-02
1.056478381156921387e+00
2.750701606273651123e-01
1.373343616724014282e-01
1.139636412262916565e-01
4.052488505840301514e-01
6.066649779677391052e-02
2.632785737514495850e-01
7.064117193222045898e-01
7.076672464609146118e-02
2.296330928802490234e+00
0.000000000000000000e+00
2.460094690322875977e+00
0.000000000000000000e+00
1.052393615245819092e-01
5.053062364459037781e-02
4.141137599945068359e-01
1.807532072067260742e+00
0.000000000000000000e+00
9.669049829244613647e-02
6.030823588371276855e-01
1.483731567859649658e-01
1.314903199672698975e-01
0.000000000000000000e+00
2.142007946968078613e-01
1.560629725456237793e+00
8.025793075561523438e+00
1.438416391611099243e-01
8.845021128654479980e-01
0.000000000000000000e+00
1.797068119049072266e-01
8.374057412147521973e-01
1.959792710840702057e-02
2.674700021743774414e-01
9.071694016456604004e-01
4.475416149944067001e-03
2.098731696605682373e-02
0.000000000000000000e+00
2.082524448633193970e-01
0.000000000000000000e+00
6.262540221214294434e-01
5.349105596542358398e-01
9.859875589609146118e-02
2.261266559362411499e-01
2.078425884246826172e+00
1.390960812568664551e-01
2.230489253997802734e-01
4.875612854957580566e-01
3.886893987655639648e-01
0.000000000000000000e+00
1.849356479942798615e-02
0.000000000000000000e+00
4.382984161376953125e+00
0.000000000000000000e+00
2.300248667597770691e-02
0.000000000000000000e+00
1.065792702138423920e-02
2.309571057558059692e-01
3.645531460642814636e-02
3.990899026393890381e-01
1.358612328767776489e-01
2.148064225912094116e-01
4.505744576454162598e-01
0.000000000000000000e+00
2.112375259399414062e+00
3.243043124675750732e-01
0.000000000000000000e+00
4.033773392438888550e-02
0.000000000000000000e+00
4.126553535461425781e+00
1.444679260253906250e+00
2.131488770246505737e-01
4.269198894500732422e+00
1.307459473609924316e+00
3.343114256858825684e-01
1.513358354568481445e-01
1.063426285982131958e-01
8.092194050550460815e-02
0.000000000000000000e+00
2.384761571884155273e-01
7.162651419639587402e-01
4.602155089378356934e-02
3.572831153869628906e-01
0.000000000000000000e+00
2.754812836647033691e-01
3.093950636684894562e-02
1.013615727424621582e+00
2.148044109344482422e+00
3.739975988864898682e-01
1.163595795631408691e+00
1.778117567300796509e-01
2.594370953738689423e-02
1.460972875356674194e-01
1.519635617733001709e-01
7.873976230621337891e-02
2.758017480373382568e-01
4.240915477275848389e-01
0.000000000000000000e+00
1.366993308067321777e+00
6.300604939460754395e-01
6.641866564750671387e-01
1.558172609657049179e-02
2.634700536727905273e-01
4.815325140953063965e-01
4.094077050685882568e-01
1.091709017753601074e+00
2.921597480773925781e+00
4.911528527736663818e-01
2.748582512140274048e-02
7.593436539173126221e-02
7.136437576264142990e-03
4.190799966454505920e-02
5.881145000457763672e-01
4.397088289260864258e-01
5.231976881623268127e-02
1.669957637786865234e+00
3.806611597537994385e-01
3.293459117412567139e-01
2.198055386543273926e-02
1.625384092330932617e-01
8.389024734497070312e-01
0.000000000000000000e+00
3.817427754402160645e-01
1.238635420799255371e+00
0.000000000000000000e+00
1.659640669822692871e-01
5.853058397769927979e-02
3.336765170097351074e-01
1.860796660184860229e-02
4.014143466949462891e+00
3.671048879623413086e-01
0.000000000000000000e+00
1.235368728637695312e+00
4.464919567108154297e+00
5.463608503341674805e-01
5.677879452705383301e-01
1.746985554695129395e+00
2.022446632385253906e+00
3.184007406234741211e-01
4.394607245922088623e-02
2.418162673711776733e-02
0.000000000000000000e+00
1.667027622461318970e-01
0.000000000000000000e+00
1.581897586584091187e-02
1.778378523886203766e-02
3.572692573070526123e-01
1.259106770157814026e-02
0.000000000000000000e+00
4.053005278110504150e-01
5.302496254444122314e-03
3.435035943984985352e-01
0.000000000000000000e+00
3.734906911849975586e-01
1.067551016807556152e+00
8.562529832124710083e-02
1.219158843159675598e-01
3.360360562801361084e-01
4.891482889652252197e-01
8.052787184715270996e-01
6.449802219867706299e-02
7.848777770996093750e-01
2.503941953182220459e-01
2.834856510162353516e-01
3.433715581893920898e+00
2.437812089920043945e-01
1.517619043588638306e-01
7.792414426803588867e-01
5.003870278596878052e-02
1.979398727416992188e-02
1.096370145678520203e-01
4.163488000631332397e-02
8.269678950309753418e-01
4.559870064258575439e-02
1.476377397775650024e-01
3.321404382586479187e-02
8.892973065376281738e-01
1.175411939620971680e+00
7.738136500120162964e-02
2.289767712354660034e-01
1.326576173305511475e-01
1.137277632951736450e-01
8.314709663391113281e-01
7.899734191596508026e-03
1.347700208425521851e-01
2.355192154645919800e-01
0.000000000000000000e+00
2.439252287149429321e-02
5.812265276908874512e-01
8.651618659496307373e-02
2.869801521301269531e+00
5.446783453226089478e-02
2.642296254634857178e-01
5.376729648560285568e-03
5.679306760430335999e-02
4.323581218719482422e+00
1.554852426052093506e-01
6.680002212524414062e-01
1.209717631340026855e+00
9.425200521945953369e-02
2.050557881593704224e-01
2.052626162767410278e-01
1.292754411697387695e-01
1.115514993667602539e+00
8.540297299623489380e-02
5.500586330890655518e-02
5.958132147789001465e-01
0.000000000000000000e+00
2.362909913063049316e-02
9.196965396404266357e-02
4.538565576076507568e-01
3.967323601245880127e-01
8.270871043205261230e-01
0.000000000000000000e+00
7.001203298568725586e-01
1.844720959663391113e+00
3.230131566524505615e-01
4.761695861816406250e-02
3.086197376251220703e-01
5.197596922516822815e-02
7.956365495920181274e-02
2.792849764227867126e-02
7.590865343809127808e-02
4.232583999633789062e+00
7.311723660677671432e-03
5.358590930700302124e-02
2.917982101440429688e+00
6.738172769546508789e-01
6.463387012481689453e-01
1.621285915374755859e+00
6.756250858306884766e-01
0.000000000000000000e+00
0.000000000000000000e+00
1.577140688896179199e+00
4.445729553699493408e-01
1.952502489089965820e+00
6.700053811073303223e-02
4.888884723186492920e-02
1.301308125257492065e-01
3.658907413482666016e-01
6.404395103454589844e-01
3.844771385192871094e-01
1.866298355162143707e-02
9.181573241949081421e-02
3.651258721947669983e-02
0.000000000000000000e+00
3.792373463511466980e-02
0.000000000000000000e+00
1.822416067123413086e+00
3.314649760723114014e-01
1.204325333237648010e-01
6.870329380035400391e-02
7.743393778800964355e-01
7.696051597595214844e-01
3.028160333633422852e-01
5.361292362213134766e-01
2.953716814517974854e-01
2.376979589462280273e-01
2.477473020553588867e+00
2.086333990097045898e+00
3.606899455189704895e-02
0.000000000000000000e+00
2.420334070920944214e-01
6.613158583641052246e-01
1.689357161521911621e-01
0.000000000000000000e+00
3.400331735610961914e-01
6.458895206451416016e-01
4.038928076624870300e-02
0.000000000000000000e+00
5.636375546455383301e-01
3.587285280227661133e+00
9.843976795673370361e-02
8.951260447502136230e-01
7.611805200576782227e-02
4.615900993347167969e+00
3.614670783281326294e-02
6.799306273460388184e-01
1.045859977602958679e-01
1.611417084932327271e-01
1.065478086471557617e+00
1.923708766698837280e-01
1.641510367393493652e+00
2.904393943026661873e-03
0.000000000000000000e+00
9.135884046554565430e-01
0.000000000000000000e+00
6.300310045480728149e-02
4.961200058460235596e-02
1.809085011482238770e-01
5.294721722602844238e-01
4.819358885288238525e-01
3.322405219078063965e-01
1.739107966423034668e-01
1.936385482549667358e-01
1.336110830307006836e-01
1.704345792531967163e-01
5.759136676788330078e-01
8.170475363731384277e-01
1.940420627593994141e+00
1.078667938709259033e-01
2.803929746150970459e-01
2.612680912017822266e+00
6.586761474609375000e-01
2.343893051147460938e-02
4.816917777061462402e-01
1.364580690860748291e-01
1.926507353782653809e-01
7.674631476402282715e-02
1.663322091102600098e+00
1.540401577949523926e-01
1.007309317588806152e+00
1.142250418663024902e+00
1.958298385143280029e-01
3.577073812484741211e+00
6.935552507638931274e-02
2.723933935165405273e+00
1.170645117759704590e+00
7.872794270515441895e-01
7.708902955055236816e-01
4.155253469944000244e-01
1.872469782829284668e-01
1.607112646102905273e+00
1.921835914254188538e-02
4.366865456104278564e-01
9.911757707595825195e-02
1.876002401113510132e-01
2.453458011150360107e-01
3.495925664901733398e-01
2.200549125671386719e+00
2.078109830617904663e-01
1.508708149194717407e-01
2.922833561897277832e-01
2.639892399311065674e-01
2.985329926013946533e-01
0.000000000000000000e+00
1.973921991884708405e-02
2.427877485752105713e-01
1.196840286254882812e+00
2.639592409133911133e+00
3.850869238376617432e-01
0.000000000000000000e+00
1.479967236518859863e-01
0.000000000000000000e+00
1.053323596715927124e-02
6.919779181480407715e-01
1.589697599411010742e-01
2.219284884631633759e-02
0.000000000000000000e+00
2.059756517410278320e+00
7.766378521919250488e-01
5.988332033157348633e-01
1.965796798467636108e-01
1.248298771679401398e-02
3.748404979705810547e-01
2.244407415390014648e+00
4.445493221282958984e-01
4.883764266967773438e+00
6.633956730365753174e-02
1.138227939605712891e+00
6.732584834098815918e-01
3.418755829334259033e-01
6.044834852218627930e-01
4.471343159675598145e-01
0.000000000000000000e+00
5.556679368019104004e-01
1.764376312494277954e-01
6.869193911552429199e-01
1.882218480110168457e+00
6.381237506866455078e-02
2.069846868515014648e+00
1.001084223389625549e-01
3.892181441187858582e-02
5.613322854042053223e-01
5.957589671015739441e-02
5.977145433425903320e-01
4.868525266647338867e-01
2.963442206382751465e-01
3.404367715120315552e-02
3.195363521575927734e+00
2.632435560226440430e-01
6.277437508106231689e-02
4.665112793445587158e-01
3.107504248619079590e-01
3.754380643367767334e-01
2.523730508983135223e-02
3.093675151467323303e-02
1.980761051177978516e+00
5.341342091560363770e-01
1.745740920305252075e-01
6.084548309445381165e-02
5.050292611122131348e-01
2.165699750185012817e-01
8.683626651763916016e-01
3.948736906051635742e+00
0.000000000000000000e+00
6.525144726037979126e-02
2.863051295280456543e-01
4.871583078056573868e-04
2.276742644608020782e-02
0.000000000000000000e+00
4.936412870883941650e-01
3.400141373276710510e-02
0.000000000000000000e+00
2.342844754457473755e-01
2.357586473226547241e-01
0.000000000000000000e+00
6.410365104675292969e-01
3.268466517329216003e-02
4.286523163318634033e-02
4.783465266227722168e-01
5.314762890338897705e-02
8.975839242339134216e-03
2.288819663226604462e-02
3.244902610778808594e+00
1.272046566009521484e-01
6.728892773389816284e-02
1.614075005054473877e-01
3.954657167196273804e-02
1.369815319776535034e-01
6.812436580657958984e-01
1.158807396888732910e+00
1.277256757020950317e-02
1.194221898913383484e-01
1.539679914712905884e-01
1.874060153961181641e+00
2.065706253051757812e-01
4.151017963886260986e-02
3.630827367305755615e-01
1.069003250449895859e-02
7.398557066917419434e-01
3.811838850378990173e-02
7.689852714538574219e-01
4.960097074508666992e-01
3.730515018105506897e-03
2.452345006167888641e-02
2.424736693501472473e-02
1.689390093088150024e-01
2.243724763393402100e-01
4.855619072914123535e-01
2.674409747123718262e-02
3.086588904261589050e-02
2.631729364395141602e+00
1.257534503936767578e+00
6.283128261566162109e-01
4.739433228969573975e-01
1.585033535957336426e-01
2.542600408196449280e-02
1.175017476081848145e+00
2.369509220123291016e+00
0.000000000000000000e+00
2.310314960777759552e-02
9.905823469161987305e-01
0.000000000000000000e+00
2.447957172989845276e-02
1.249210387468338013e-01
8.544263243675231934e-01
1.664222776889801025e-01
4.075931385159492493e-02
6.722170114517211914e-01
1.171955466270446777e+00
1.309280037879943848e+00
7.381644845008850098e-02
6.978380084037780762e-01
4.661334306001663208e-02
2.442184537649154663e-01
0.000000000000000000e+00
3.468912541866302490e-01
1.138482093811035156e+00
2.699043750762939453e-01
3.784970641136169434e-01
1.273032724857330322e-01
4.739744663238525391e+00
1.134084761142730713e-01
1.749315857887268066e-01
1.639677405357360840e+00
3.201898336410522461e-01
5.159557610750198364e-02
1.842311620712280273e-01
1.874433457851409912e-01
2.177052199840545654e-02
2.246791422367095947e-01
1.962814331054687500e+00
9.769984245300292969e+00
0.000000000000000000e+00
1.543327212333679199e+00
7.935063838958740234e-01
2.808246016502380371e-01
3.391701877117156982e-01
7.491745948791503906e-01
3.489457666873931885e-01
2.411303073167800903e-01
1.100232154130935669e-01
3.223862946033477783e-01
4.530973732471466064e-01
2.447610944509506226e-01
1.991857588291168213e-01
4.257344901561737061e-01
3.534929513931274414e+00
7.067168354988098145e-01
1.602792739868164062e+00
4.549382328987121582e-01
1.404453814029693604e-01
7.711914181709289551e-02
1.450192451477050781e+00
1.501053720712661743e-01
1.348995715379714966e-01
1.608852148056030273e+00
6.034228801727294922e-01
1.902490556240081787e-01
1.516652852296829224e-01
1.574471145868301392e-01
3.395034670829772949e-01
6.927958130836486816e-01
2.719929069280624390e-02
6.441702842712402344e-01
6.273368000984191895e-01
4.330001473426818848e-01
2.793516874313354492e+00
0.000000000000000000e+00
1.082701385021209717e-01
3.662002682685852051e-01
3.060225248336791992e-01
5.387402176856994629e-01
2.951096594333648682e-01
5.176582336425781250e-01
5.467742085456848145e-01
0.000000000000000000e+00
5.790939927101135254e-01
3.246623557060956955e-03
1.441864296793937683e-02
2.087610960006713867e+00
4.218207672238349915e-03
1.471030116081237793e-01
0.000000000000000000e+00
1.244606494903564453e+00
1.662105023860931396e-01
1.238834336400032043e-01
2.782631516456604004e-01
0.000000000000000000e+00
4.519499242305755615e-01
5.136526003479957581e-02
1.233090553432703018e-02
4.433920681476593018e-01
1.009733557701110840e+00
4.237461090087890625e+00
2.215543538331985474e-01
4.432614445686340332e-01
7.352694869041442871e-02
3.231024980545043945e+00
8.142228424549102783e-02
8.969540148973464966e-02
4.866905510425567627e-02
2.640001773834228516e-01
1.670704007148742676e+00
2.403093278408050537e-01
1.215062066912651062e-01
1.382026195526123047e+00
9.278239011764526367e-01
5.634199455380439758e-02
3.336528539657592773e-01
9.161757826805114746e-01
1.579656362533569336e+00
2.518045604228973389e-01
0.000000000000000000e+00
3.924972116947174072e-01
2.703607678413391113e-01
1.135332137346267700e-01
5.771731212735176086e-02
5.232848525047302246e-01
1.309615969657897949e+00
1.937925219535827637e-01
0.000000000000000000e+00
6.969684362411499023e-02
5.588261485099792480e-01
3.837637603282928467e-02
0.000000000000000000e+00
5.492027997970581055e-01
9.114110469818115234e-01
4.058231115341186523e-01
4.828108847141265869e-01
6.440488696098327637e-01
2.792735576629638672e+00
3.242131471633911133e-01
1.212139874696731567e-01
8.424672484397888184e-01
3.987688720226287842e-01
0.000000000000000000e+00
4.516786932945251465e-01
1.026170253753662109e+00
0.000000000000000000e+00
5.332229137420654297e-01
2.496724367141723633e+00
1.176913306117057800e-01
4.121827602386474609e+00
7.393898367881774902e-01
5.770245790481567383e-01
3.998718261718750000e-01
9.689681529998779297e-01
0.000000000000000000e+00
1.103912889957427979e-01
0.000000000000000000e+00
1.086905598640441895e+00
2.895173311233520508e+00
1.343498110771179199e+00
5.650320649147033691e-02
6.290819048881530762e-01
9.438978880643844604e-02
2.568040508776903152e-03
1.411922574043273926e-01
1.481339633464813232e-01
7.271103560924530029e-02
1.727598486468195915e-03
3.711121976375579834e-01
2.818470075726509094e-02
2.306127361953258514e-02
2.707611918449401855e-01
4.545572698116302490e-01
1.698533058166503906e+00
2.755367457866668701e-01
3.024442493915557861e-01
1.857673823833465576e-01
1.917317271232604980e+00
3.710413873195648193e-01
2.908177673816680908e-01
1.232660859823226929e-01
1.657233387231826782e-02
5.004128217697143555e-01
8.382036089897155762e-01
2.607227325439453125e+00
4.567365162074565887e-03
3.036819398403167725e-01
1.462364196777343750e+00
1.822352781891822815e-02
5.422388315200805664e-01
1.041090860962867737e-01
1.235230714082717896e-01
2.215854525566101074e-01
4.622062444686889648e-01
3.214983642101287842e-01
9.351146221160888672e-01
2.353108823299407959e-01
0.000000000000000000e+00
0.000000000000000000e+00
2.153720378875732422e+00
5.192786827683448792e-02
2.969558238983154297e-01
2.709428787231445312e+00
1.190470904111862183e-01
1.459928393363952637e+00
1.037604093551635742e+00
8.582198061048984528e-03
1.232544779777526855e-01
4.275491535663604736e-01
0.000000000000000000e+00
1.548231363296508789e+00
2.978386282920837402e-01
0.000000000000000000e+00
9.062566757202148438e-01
1.250639464706182480e-02
6.950742602348327637e-01
1.882560434751212597e-03
3.372371494770050049e-01
2.957090139389038086e-01
0.000000000000000000e+00
5.931805372238159180e-01
3.017304837703704834e-02
8.988977409899234772e-03
0.000000000000000000e+00
2.451489925384521484e+00
3.839052021503448486e-01
9.575785398483276367e-01
6.076935529708862305e-01
4.901433363556861877e-02
2.032434701919555664e+00
8.675647899508476257e-03
1.771692186594009399e-01
1.698450185358524323e-02
2.205110490322113037e-01
7.450777888298034668e-01
3.622997924685478210e-02
4.557929635047912598e-01
1.124989464879035950e-01
4.907772243022918701e-01
7.223160266876220703e-01
0.000000000000000000e+00
1.881137192249298096e-01
2.905853033065795898e+00
0.000000000000000000e+00
4.173798114061355591e-02
7.393010854721069336e-01
6.375113725662231445e-01
3.539923131465911865e-01
1.085317209362983704e-01
2.360392361879348755e-03
7.895359992980957031e-01
7.576538715511560440e-03
6.767649650573730469e-01
1.368093639612197876e-01
0.000000000000000000e+00
1.669730991125106812e-01
7.645456492900848389e-02
1.934804208576679230e-02
2.592412929516285658e-04
4.493904411792755127e-01
0.000000000000000000e+00
4.233082830905914307e-01
2.769316732883453369e-01
7.739202678203582764e-02
1.361027359962463379e-01
3.070687949657440186e-01
3.577650487422943115e-01
1.364311128854751587e-01
1.804283703677356243e-03
4.395578429102897644e-02
8.670990467071533203e-01
7.738447934389114380e-02
1.189840555191040039e+00
9.345875382423400879e-01
6.202492117881774902e-01
1.140207886695861816e+00
1.870995759963989258e-01
3.149253427982330322e-01
2.303246781229972839e-02
0.000000000000000000e+00
3.306022882461547852e-01
1.121120825409889221e-01
8.937278985977172852e-01
1.636455059051513672e-01
1.092784032225608826e-01
9.191830754280090332e-01
2.820081412792205811e-01
0.000000000000000000e+00
1.920780986547470093e-01
9.488228708505630493e-02
1.544928252696990967e-01
2.193328291177749634e-01
3.281649827957153320e+00
7.172480109147727489e-04
5.289890766143798828e+00
1.379035353660583496e+00
1.488491177558898926e+00
3.097902834415435791e-01
1.415689587593078613e+00
0.000000000000000000e+00
3.242320120334625244e-01
1.069789171218872070e+00
1.983372727409005165e-03
4.449607729911804199e-01
1.097536552697420120e-02
3.475602149963378906e+00
1.844049930572509766e+00
1.783385425806045532e-01
3.302614763379096985e-02
0.000000000000000000e+00
1.909578405320644379e-02
4.820989370346069336e-01
7.570236921310424805e-01
2.482711672782897949e-01
9.724038839340209961e-01
6.129668653011322021e-02
1.837518513202667236e-01
4.064185023307800293e-01
2.153360545635223389e-01
3.687659651041030884e-02
2.363148778676986694e-01
0.000000000000000000e+00
0.000000000000000000e+00
9.506850838661193848e-01
6.795377731323242188e-01
9.598323106765747070e-01
1.171520590782165527e+00
3.534819185733795166e-01
1.358858197927474976e-01
1.943446546792984009e-01
0.000000000000000000e+00
6.499769538640975952e-02
3.043043017387390137e-01
1.098071783781051636e-02
5.877497792243957520e-01
3.477184474468231201e-01
5.474648475646972656e-01
3.673935830593109131e-01
4.102474451065063477e-01
3.600673973560333252e-01
1.135046333074569702e-01
7.039253115653991699e-01
2.204561829566955566e-01
7.471161661669611931e-04
2.462246417999267578e-01
3.618057370185852051e-01
2.115026563405990601e-01
5.833761096000671387e-01
1.185195684432983398e+00
1.490820795297622681e-01
0.000000000000000000e+00
2.389257997274398804e-01
1.048203408718109131e-01
2.460776567459106445e+00
1.316053152084350586e+00
4.501502037048339844e+00
6.859757006168365479e-03
1.030026227235794067e-01
1.494894176721572876e-02
2.420031428337097168e-01
1.279666423797607422e-01
1.995239138603210449e+00
7.061768323183059692e-03
1.103058382868766785e-01
1.009457483887672424e-01
6.238943338394165039e-02
7.032466679811477661e-02
2.229062795639038086e+00
3.252640724182128906e+00
2.768650650978088379e-02
7.013953290879726410e-03
7.292117476463317871e-01
3.493785113096237183e-02
2.471729740500450134e-02
0.000000000000000000e+00
5.239526033401489258e-01
3.605664253234863281e+00
9.007609449326992035e-03
2.588104642927646637e-02
4.016055166721343994e-02
5.305450558662414551e-01
1.381865702569484711e-02
2.094377018511295319e-02
6.063771843910217285e-01
0.000000000000000000e+00
2.696949005126953125e+00
8.493860960006713867e-01
8.429194092750549316e-01
2.457523196935653687e-01
1.973549649119377136e-02
2.487957775592803955e-01
9.435895085334777832e-02
8.397977352142333984e-01
6.083595380187034607e-02
9.518300294876098633e-01
7.749834656715393066e-02
3.888742625713348389e-02
4.413295686244964600e-01
0.000000000000000000e+00
1.431567430496215820e+00
4.360855519771575928e-01
0.000000000000000000e+00
7.795087993144989014e-02
1.535658687353134155e-01
2.834223210811614990e-01
0.000000000000000000e+00
3.870597574859857559e-03
3.929622471332550049e-01
1.564753614366054535e-02
4.249542057514190674e-01
1.371126174926757812e+00
4.757636785507202148e-01
7.215859368443489075e-03
1.919872909784317017e-01
4.973782539367675781e+00
2.096695750951766968e-01
2.953590452671051025e-02
1.620877385139465332e-01
2.504929304122924805e-01
0.000000000000000000e+00
1.472617387771606445e-01
6.747889518737792969e-01
4.643139243125915527e-01
5.495177507400512695e-01
1.956665515899658203e-01
6.228079795837402344e-01
2.042213082313537598e-02
1.252755373716354370e-01
6.260913610458374023e-02
3.130179941654205322e-01
2.924292087554931641e-01
5.897731184959411621e-01
8.852436207234859467e-03
7.909718155860900879e-02
2.758490443229675293e-01
3.090928792953491211e+00
2.184447795152664185e-01
1.418867588043212891e+00
1.670076370239257812e+00
5.903524346649646759e-03
4.320685286074876785e-03
2.799561917781829834e-01
8.385909795761108398e-01
2.078939527273178101e-01
2.651437520980834961e-01
1.103417128324508667e-01
1.530174463987350464e-01
2.052510082721710205e-01
4.786299765110015869e-01
6.540521383285522461e-01
5.109574198722839355e-01
7.080328464508056641e-02
3.096324019134044647e-02
0.000000000000000000e+00
1.346545107662677765e-02
0.000000000000000000e+00
0.000000000000000000e+00
5.488956347107887268e-02
0.000000000000000000e+00
2.785892412066459656e-02
0.000000000000000000e+00
1.044002413749694824e+00
0.000000000000000000e+00
3.052531182765960693e-01
7.971022278070449829e-02
1.113672628998756409e-01
2.066448032855987549e-01
3.031220436096191406e-01
1.796153783798217773e-01
3.015278339385986328e+00
8.168057799339294434e-01
2.232377883046865463e-03
2.629223763942718506e-01
1.124866455793380737e-01
6.634663343429565430e-01
2.146514132618904114e-03
8.915581703186035156e-01
3.669768095016479492e+00
6.254408359527587891e+00
1.014988943934440613e-01
4.198409914970397949e-01
1.374792754650115967e-01
4.580706357955932617e-01
0.000000000000000000e+00
3.178957849740982056e-03
2.556663565337657928e-02
1.232344773598015308e-03
4.895476996898651123e-02
2.883135676383972168e-01
2.847059222403913736e-04
1.116439476609230042e-01
1.165400028228759766e+00
2.662403276190161705e-03
2.143778949975967407e-01
3.564425185322761536e-02
3.969383239746093750e-01
2.227807231247425079e-02
1.186492815613746643e-01
5.095740795135498047e+00
4.966474175453186035e-01
3.055996656417846680e+00
0.000000000000000000e+00
2.207837998867034912e-01
8.843483328819274902e-01
3.335397541522979736e-01
1.597191765904426575e-02
5.325804948806762695e-01
2.000385895371437073e-03
1.440871357917785645e-01
5.374825559556484222e-03
7.432497143745422363e-01
1.100539207458496094e+00
2.295601963996887207e-01
2.457556426525115967e-01
5.945691466331481934e-02
0.000000000000000000e+00
3.893461525440216064e-01
1.347334742546081543e+00
9.106208570301532745e-03
4.284315705299377441e-01
1.275987084954977036e-02
1.299508512020111084e-01
1.613283753395080566e+00
1.091452598571777344e+00
2.679794728755950928e-01
4.463474750518798828e-01
1.580073535442352295e-01
1.204587221145629883e+00
2.561052441596984863e-01
3.096745908260345459e-01
6.053700447082519531e-01
1.135023161768913269e-01
4.246294498443603516e-01
0.000000000000000000e+00
1.713429212570190430e+00
0.000000000000000000e+00
1.027460619807243347e-01
1.745920300483703613e+00
1.469451040029525757e-01
5.394425392150878906e-01
2.405690997838973999e-01
6.009155511856079102e-02
1.164787337183952332e-01
1.612329781055450439e-01
9.013547748327255249e-02
1.567727178335189819e-01
3.169151246547698975e-01
4.938425421714782715e-01
6.834003925323486328e-01
2.740050852298736572e-01
5.868297219276428223e-01
8.467063903808593750e-01
9.146428108215332031e-01
1.936681121587753296e-01
2.023943364620208740e-01
8.607577532529830933e-03
2.468612790107727051e-02
0.000000000000000000e+00
8.034317493438720703e-01
1.855672709643840790e-02
5.696825981140136719e+00
2.113653659820556641e+00
7.009083628654479980e-01
3.018814325332641602e-01
5.987414717674255371e-01
7.294903509318828583e-03
2.212846875190734863e-01
3.535492122173309326e-01
2.382154343649744987e-03
9.615800976753234863e-01
3.890138864517211914e-01
1.268571466207504272e-01
1.802613586187362671e-01
2.226764112710952759e-01
9.438514709472656250e-01
1.130651682615280151e-01
7.424039840698242188e-01
7.706940174102783203e-01
3.146542906761169434e-01
1.121677681803703308e-01
2.952618002891540527e-01
2.116208821535110474e-01
7.468397021293640137e-01
1.082411184906959534e-01
8.426330983638763428e-03
1.819545775651931763e-01
2.812244296073913574e-01
4.471401274204254150e-01
1.834183931350708008e+00
3.628456592559814453e-01
2.831194400787353516e-01
5.996665917336940765e-03
5.567257404327392578e-01
1.375953078269958496e+00
2.386871278285980225e-01
3.276244737207889557e-03
1.737754195928573608e-01
8.529048413038253784e-02
1.054048418998718262e+00
1.021056294441223145e+00
1.212096735835075378e-01
1.992967166006565094e-02
1.986770182847976685e-01
9.234739840030670166e-02
1.251152455806732178e-01
2.569317221641540527e-01
2.072643280029296875e+00
2.463390350341796875e+00
7.281032204627990723e-01
1.111521840095520020e+00
1.103400588035583496e+00
3.558000326156616211e+00
5.344219803810119629e-01
1.309889554977416992e+00
3.417378664016723633e+00
5.765372514724731445e-01
9.064249396324157715e-01
3.035811185836791992e-01
2.896772027015686035e-01
1.073879450559616089e-01
1.849105209112167358e-01
1.432743310928344727e+00
1.462106347084045410e+00
1.081033274531364441e-01
0.000000000000000000e+00
0.000000000000000000e+00
6.029860302805900574e-02
4.026260375976562500e-01
2.497570753097534180e+00
2.443745732307434082e-02
0.000000000000000000e+00
3.526969552040100098e-01
2.166808545589447021e-01
4.107161164283752441e-01
2.185129970312118530e-01
1.379626274108886719e+00
5.176184773445129395e-01
3.810714483261108398e-01
2.025834470987319946e-01
9.630683064460754395e-01
9.519277513027191162e-02
1.275703608989715576e-01
2.523301541805267334e-02
1.600901633501052856e-01
4.962829500436782837e-02
1.505451649427413940e-01
1.659397363662719727e+00
2.153748750686645508e+00
0.000000000000000000e+00
0.000000000000000000e+00
4.691351652145385742e-01
1.131111849099397659e-02
1.415139913558959961e+00
3.298218488693237305e+00
5.210011601448059082e-01
9.102760553359985352e-01
0.000000000000000000e+00
3.824137687683105469e+00
4.710089564323425293e-01
5.747149586677551270e-01
6.336215138435363770e-02
2.830229699611663818e-01
4.562948271632194519e-02
7.600934058427810669e-02
0.000000000000000000e+00
3.296009898185729980e-01
7.581197470426559448e-02
2.768763005733489990e-01
1.340800404548645020e+00
8.182034492492675781e-01
0.000000000000000000e+00
3.986269235610961914e-01
4.893911778926849365e-01
2.852382063865661621e-01
8.757781237363815308e-03
1.069281458854675293e+00
4.747875407338142395e-02
9.074808098375797272e-03
1.076757907867431641e+00
1.190131753683090210e-01
3.165500640869140625e+00
6.611980795860290527e-01
0.000000000000000000e+00
1.322446912527084351e-01
6.070790886878967285e-01
8.745518513023853302e-03
4.604582861065864563e-02
8.184361457824707031e-01
0.000000000000000000e+00
6.248062942177057266e-03
1.899752579629421234e-02
1.739822179079055786e-01
1.527447342872619629e+00
1.371373534202575684e-01
4.175937734544277191e-03
5.040392875671386719e-01
6.180546805262565613e-02
7.845366597175598145e-01
1.428427577018737793e+00
4.675961732864379883e-01
1.079668760299682617e+00
3.572452962398529053e-01
7.859557271003723145e-01
1.704901307821273804e-01
0.000000000000000000e+00
1.538116578012704849e-02
3.350561559200286865e-01
2.980760335922241211e-01
5.286283493041992188e-01
0.000000000000000000e+00
2.643974721431732178e-01
0.000000000000000000e+00
3.813773393630981445e-02
1.353795528411865234e+00
1.962229311466217041e-01
9.309020638465881348e-02
3.337227553129196167e-02
3.547483980655670166e-01
1.107701286673545837e-01
5.005857348442077637e-01
3.123627603054046631e-01
3.143913745880126953e-01
1.520154904574155807e-02
0.000000000000000000e+00
1.155657693743705750e-01
7.609803080558776855e-01
2.217644453048706055e+00
2.267536669969558716e-01
1.781942248344421387e+00
1.358445137739181519e-01
8.558812737464904785e-01
1.384781360626220703e+00
7.323911786079406738e-01
2.456685155630111694e-02
0.000000000000000000e+00
1.781625032424926758e+00
2.339592762291431427e-02
1.837931275367736816e-01
2.471930161118507385e-02
6.694155335426330566e-01
4.095456004142761230e-02
4.874089360237121582e-01
2.159711599349975586e+00
4.055609703063964844e+00
1.076372060924768448e-02
0.000000000000000000e+00
0.000000000000000000e+00
2.745321691036224365e-01
1.599431753158569336e+00
2.327640503644943237e-01
4.214599132537841797e-01
6.277275681495666504e-01
4.502411186695098877e-02
2.919378578662872314e-01
2.931400202214717865e-03
0.000000000000000000e+00
2.606706321239471436e-01
9.176844358444213867e-01
2.624268643558025360e-02
8.410104513168334961e-01
7.366950511932373047e-01
1.464754790067672729e-01
4.764379467815160751e-03
5.803342908620834351e-02
1.988967061042785645e+00
3.029165863990783691e-01
2.317704916000366211e+00
3.812928497791290283e-01
2.410011366009712219e-02
2.937282621860504150e-01
9.404119849205017090e-02
4.847404360771179199e-02
1.322144176810979843e-02
5.449376106262207031e-01
4.454230964183807373e-01
0.000000000000000000e+00
5.266936421394348145e-01
2.820815145969390869e-02
8.969546556472778320e-01
2.448212206363677979e-01
6.248265877366065979e-02
1.074493974447250366e-01
1.737460643053054810e-01
4.415844008326530457e-02
7.572141885757446289e-01
6.446188688278198242e-01
3.022084832191467285e-01
7.855434715747833252e-02
2.276085875928401947e-02
8.841358870267868042e-02
3.246109187602996826e-01
5.999680608510971069e-02
2.809400856494903564e-01
3.017302155494689941e-01
1.483740568161010742e+00
2.097791433334350586e-01
6.229777336120605469e-01
8.240287005901336670e-02
1.623926311731338501e-02
4.510804638266563416e-02
0.000000000000000000e+00
2.079430073499679565e-01
1.394960880279541016e-01
4.222585856914520264e-01
1.569524288177490234e+00
2.802807807922363281e+00
9.025329351425170898e-01
1.208546571433544159e-02
2.462991178035736084e-01
2.119527101516723633e+00
1.059458777308464050e-01
2.134455144405364990e-01
4.348303318023681641e+00
2.391605451703071594e-02
4.454667866230010986e-01
1.277926862239837646e-01
4.400271177291870117e-01
4.870300646871328354e-03
1.710626035928726196e-01
8.041908144950866699e-01
6.425233557820320129e-03
3.064399361610412598e-01
1.277629733085632324e-01
8.991505205631256104e-02
3.596390485763549805e+00
6.363998651504516602e-01
7.425495237112045288e-02
3.951669037342071533e-01
3.994269296526908875e-02
1.067861318588256836e-01
3.006725013256072998e-02
1.877864003181457520e+00
8.270456790924072266e-01
2.776192724704742432e-01
8.107435107231140137e-01
3.797042846679687500e+00
3.496965765953063965e-02
2.542352676391601562e-01
1.096290111541748047e+00
2.307775467634201050e-01
0.000000000000000000e+00
0.000000000000000000e+00
1.779459714889526367e-01
7.542320340871810913e-02
5.972195863723754883e-01
1.871768385171890259e-02
1.841885209083557129e+00
4.569650292396545410e-01
3.355889022350311279e-02
6.724746823310852051e-01
4.854118824005126953e-01
1.123021095991134644e-01
1.034322738647460938e+00
1.376664489507675171e-01
8.450678586959838867e-01
3.499752759933471680e+00
0.000000000000000000e+00
4.295036196708679199e-01
3.640604496002197266e+00
8.679135441780090332e-01
0.000000000000000000e+00
3.695381283760070801e-01
1.198559045791625977e+00
8.758711814880371094e-01
0.000000000000000000e+00
1.526384949684143066e+00
2.118770480155944824e-01
3.466767966747283936e-01
6.682266294956207275e-02
1.091779947280883789e+00
9.666509628295898438e-01
9.717430472373962402e-01
1.026957258582115173e-01
1.091841459274291992e-01
3.923369105905294418e-03
1.799976110458374023e+00
2.295641601085662842e-01
9.234434366226196289e-02
2.464913018047809601e-02
7.100941985845565796e-02
3.705973178148269653e-02
4.261884838342666626e-02
1.390289664268493652e-01
3.063450101763010025e-03
2.893293835222721100e-02
2.036508321762084961e+00
1.318769752979278564e-01
8.010475896298885345e-03
2.122233062982559204e-01
2.518964767456054688e+00
9.797343611717224121e-02
1.229023188352584839e-01
4.673033952713012695e-02
1.180335998535156250e+00
5.821194872260093689e-02
5.994846299290657043e-02
3.356678644195199013e-03
1.395600557327270508e+00
1.234454140067100525e-01
1.428780436515808105e+00
6.673508286476135254e-01
3.323737084865570068e-01
2.313153445720672607e-01
4.244883656501770020e-01
4.782788753509521484e-01
9.896570816636085510e-03
5.443326950073242188e+00
5.879026055335998535e-01
3.616742491722106934e-01
7.381280511617660522e-02
5.493471622467041016e-01
6.611262559890747070e-01
6.673258543014526367e-02
7.728711366653442383e-01
7.775682806968688965e-01
9.104273468255996704e-02
3.442333340644836426e-01
1.421765327453613281e+00
7.152414321899414062e-01
6.069723367691040039e-01
1.902627944946289062e-01
2.389710426330566406e+00
1.424152851104736328e-01
1.422627121210098267e-01
4.208540320396423340e-01
1.584644198417663574e+00
8.345385789871215820e-01
4.573770761489868164e-01
6.468372941017150879e-01
1.191706396639347076e-02
2.830531895160675049e-01
1.669305860996246338e-01
1.753034830093383789e+00
1.102317690849304199e+00
8.643138408660888672e-01
1.786638945341110229e-01
6.953691840171813965e-01
1.134415745735168457e+00
7.792567014694213867e-01
1.444122940301895142e-01
0.000000000000000000e+00
4.875370264053344727e-01
3.376416265964508057e-01
4.328968226909637451e-01
9.893333911895751953e-02
9.431292116641998291e-02
1.900203078985214233e-01
5.858718976378440857e-02
2.377790864557027817e-03
3.084737956523895264e-01
4.845278859138488770e-01
5.343517661094665527e-02
3.921846151351928711e-01
1.576098650693893433e-01
8.906522989273071289e-01
6.813774704933166504e-01
9.006095677614212036e-02
4.232154488563537598e-01
3.734913766384124756e-01
0.000000000000000000e+00
6.490592360496520996e-01
1.948656588792800903e-01
1.134037855081260204e-03
1.739626377820968628e-01
5.153946280479431152e-01
1.054820895195007324e+00
2.008488178253173828e+00
3.323832154273986816e-01
5.818714499473571777e-01
4.291040599346160889e-01
7.890751957893371582e-01
1.963716186583042145e-02
1.514754444360733032e-01
7.559131085872650146e-02
4.128329157829284668e-01
5.264993757009506226e-02
3.636798560619354248e-01
3.152100145816802979e-01
3.993692994117736816e-02
4.534255504608154297e+00
3.245424032211303711e-01
4.491157531738281250e+00
1.295280307531356812e-01
2.735600471496582031e-01
2.754192650318145752e-01
0.000000000000000000e+00
3.503918647766113281e-01
0.000000000000000000e+00
7.596557140350341797e-01
1.235814929008483887e+00
4.796458780765533447e-02
1.768779039382934570e+00
2.485715001821517944e-01
6.702017039060592651e-02
6.525910645723342896e-02
2.068759948015213013e-01
1.307387501001358032e-01
5.383651256561279297e-01
2.479835972189903259e-02
2.317870855331420898e+00
4.355300590395927429e-02
1.881655156612396240e-01
1.452801283448934555e-02
0.000000000000000000e+00
3.489002818241715431e-03
0.000000000000000000e+00
3.484831377863883972e-02
1.333613786846399307e-02
1.660692878067493439e-02
0.000000000000000000e+00
8.087974786758422852e-02
3.105624765157699585e-02
3.381188958883285522e-02
3.604762852191925049e-01
7.155545055866241455e-03
3.480899095535278320e+00
2.940277338027954102e+00
5.873098224401473999e-02
9.924959391355514526e-03
1.339455842971801758e+00
5.814970657229423523e-02
6.353484392166137695e-01
7.556894421577453613e-02
2.763353586196899414e-01
2.901378870010375977e-01
1.820880472660064697e-01
5.772867798805236816e-01
4.831653535366058350e-01
2.592570066452026367e+00
2.205068171024322510e-01
1.229894757270812988e-01
2.175916731357574463e-02
6.149269104003906250e+00
4.162365794181823730e-01
2.654177904129028320e+00
1.962018162012100220e-01
1.966630853712558746e-02
0.000000000000000000e+00
6.172803114168345928e-05
7.874670028686523438e-01
1.619913876056671143e-01
2.608134448528289795e-01
0.000000000000000000e+00
7.824001908302307129e-01
1.159878253936767578e+00
4.082344174385070801e-01
9.500731527805328369e-02
2.595309913158416748e-01
1.166960671544075012e-01
1.216204687952995300e-01
7.604171633720397949e-01
2.419784367084503174e-01
5.642698332667350769e-02
2.489002943038940430e-01
8.103291392326354980e-01
2.359647117555141449e-02
7.398362159729003906e-01
0.000000000000000000e+00
0.000000000000000000e+00
6.212427616119384766e-01
9.045520424842834473e-02
4.488953948020935059e-02
3.794762790203094482e-01
1.774782389402389526e-01
9.994474053382873535e-02
1.713949441909790039e+00
4.965371787548065186e-01
1.150939092040061951e-01
2.511189460754394531e+00
2.565991692245006561e-02
9.167022109031677246e-01
5.274100229144096375e-02
2.641359269618988037e-01
1.640667766332626343e-02
0.000000000000000000e+00
6.446129679679870605e-01
1.182190887629985809e-02
6.211461424827575684e-01
0.000000000000000000e+00
4.544437885284423828e+00
1.804306805133819580e-01
3.136240243911743164e-01
1.391940265893936157e-01
4.158718585968017578e-01
0.000000000000000000e+00
6.025054492056369781e-03
1.335257738828659058e-01
7.237275838851928711e-01
1.000193715095520020e+00
2.938377112150192261e-02
5.169440507888793945e-01
5.110216736793518066e-01
3.111580014228820801e-02
3.139006718993186951e-02
3.635047078132629395e-01
3.184236213564872742e-02
1.955294795334339142e-02
5.967369675636291504e-01
5.737814307212829590e-01
1.463074237108230591e-01
6.022441387176513672e-01
2.225821018218994141e-01
3.220970928668975830e-02
3.813301920890808105e-01
9.078194946050643921e-02
0.000000000000000000e+00
0.000000000000000000e+00
5.879841446876525879e-01
3.506954014301300049e-01
1.136867776513099670e-01
3.178913116455078125e+00
3.625238835811614990e-01
5.978010296821594238e-01
6.663116067647933960e-02
1.149845421314239502e-01
3.010350167751312256e-01
3.972945809364318848e-01
2.695349976420402527e-02
2.146530628204345703e+00
5.658571124076843262e-01
1.379998326301574707e-01
3.379923105239868164e-01
0.000000000000000000e+00
2.181014269590377808e-01
9.466185569763183594e-01
0.000000000000000000e+00
1.480206727981567383e+00
0.000000000000000000e+00
5.549116730690002441e-01
5.021258443593978882e-02
2.509014010429382324e-01
0.000000000000000000e+00
2.353951185941696167e-01
3.176749944686889648e+00
1.220669075846672058e-01
7.396477460861206055e-02
1.299921989440917969e+00
3.767610788345336914e-01
2.653222344815731049e-02
2.298495620489120483e-01
1.427456617355346680e+00
2.850454747676849365e-01
7.283399254083633423e-02
0.000000000000000000e+00
1.354891419410705566e+00
5.648063421249389648e-01
0.000000000000000000e+00
3.496029973030090332e-01
9.057789295911788940e-02
4.033385813236236572e-01
1.218525022268295288e-01
1.068119406700134277e+00
1.959795236587524414e+00
6.905350685119628906e-01
3.848957121372222900e-01
1.808561384677886963e-01
5.221787691116333008e-01
3.617496043443679810e-02
1.599554903805255890e-02
9.652840346097946167e-02
7.645975351333618164e-01
1.619222760200500488e-01
2.845204472541809082e-01
9.726052731275558472e-02
7.090534269809722900e-02
8.882714062929153442e-02
9.304966330528259277e-01
9.406788647174835205e-02
6.085535883903503418e-01
9.769175946712493896e-02
7.803522348403930664e-01
1.444124579429626465e-01
2.119836211204528809e-02
1.757245361804962158e-01
7.297690212726593018e-02
6.269341707229614258e-01
4.178830385208129883e-01
1.095411032438278198e-01
1.895671933889389038e-01
6.702397763729095459e-02
1.413551807403564453e+00
1.261360645294189453e-01
1.421578645706176758e+00
0.000000000000000000e+00
1.032767891883850098e-01
4.845634400844573975e-01
1.376035690307617188e+00
1.105647802352905273e+00
1.851291209459304810e-01
7.895397543907165527e-01
4.314255341887474060e-02
8.139734268188476562e-01
1.677568405866622925e-01
2.571341395378112793e-02
5.048881173133850098e-01
4.833282902836799622e-02
1.160269528627395630e-01
4.098846018314361572e-01
1.346693485975265503e-01
3.049503326416015625e+00
2.788431011140346527e-02
1.172387450933456421e-01
1.002205729484558105e+00
8.651034832000732422e-01
1.786002993583679199e+00
1.809142470359802246e+00
3.674222156405448914e-02
1.424118131399154663e-01
1.219435632228851318e-01
2.976576805114746094e+00
1.800287701189517975e-02
8.211559802293777466e-02
2.752610146999359131e-01
2.810549020767211914e+00
5.530164763331413269e-02
7.507286667823791504e-01
4.201337322592735291e-02
1.616799235343933105e-01
0.000000000000000000e+00
2.616706192493438721e-01
1.708308339118957520e+00
4.847928285598754883e-01
2.815819345414638519e-02
3.392822742462158203e-01
5.625981688499450684e-01
4.136269912123680115e-02
2.226749248802661896e-02
2.544793784618377686e-01
6.764276325702667236e-02
1.192840456962585449e+00
5.610397085547447205e-02
9.162545204162597656e-03
0.000000000000000000e+00
5.669314861297607422e-01
5.050964280962944031e-02
3.941917419433593750e-01
3.531482443213462830e-02
7.104830443859100342e-02
1.986756622791290283e-01
5.532052740454673767e-02
1.759468555450439453e+00
3.365628123283386230e-01
9.794934391975402832e-01
1.976079821586608887e+00
1.960484236478805542e-01
5.773349665105342865e-03
8.684191107749938965e-01
2.844659388065338135e-01
1.382262587547302246e+00
0.000000000000000000e+00
4.233379662036895752e-01
4.972049966454505920e-02
7.817248106002807617e-01
3.770883381366729736e-01
3.272648900747299194e-02
2.975782752037048340e-01
3.320541679859161377e-01
6.128099560737609863e-01
4.706737697124481201e-01
1.060149073600769043e+00
0.000000000000000000e+00
2.065380811691284180e-01
3.538920357823371887e-02
1.036636233329772949e-01
2.930475175380706787e-01
3.157050013542175293e-01
1.555370092391967773e-01
1.320830732583999634e-01
2.117166280746459961e+00
7.017858028411865234e-01
7.699292153120040894e-03
9.886050969362258911e-02
1.860719174146652222e-01
5.182088539004325867e-02
2.186835706233978271e-01
4.073740541934967041e-01
5.845971107482910156e-01
1.024564623832702637e+00
6.717318296432495117e-01
4.820644855499267578e-03
2.279745638370513916e-01
0.000000000000000000e+00
1.162366747856140137e+00
5.428877100348472595e-02
0.000000000000000000e+00
1.282776147127151489e-02
1.208430409431457520e+00
9.612483382225036621e-01
1.370907068252563477e+00
2.331694811582565308e-01
8.210271596908569336e-01
4.078497588634490967e-01
2.333135530352592468e-02
1.991418004035949707e+00
7.437892556190490723e-01
1.462293323129415512e-02
2.767649590969085693e-01
2.633900046348571777e-01
9.467662870883941650e-02
6.270421203225851059e-03
7.279834151268005371e-01
1.223239004611968994e-01
5.844668745994567871e-01
8.742599189281463623e-02
5.783546343445777893e-02
2.138212323188781738e-01
2.512827813625335693e-01
3.743668794631958008e-01
4.503819346427917480e-01
3.001906871795654297e-01
5.370468497276306152e-01
1.556664705276489258e-01
3.953711986541748047e-01
5.689130425453186035e-01
3.643010184168815613e-02
8.914260566234588623e-02
1.794820651412010193e-02
8.422457613050937653e-03
3.449844121932983398e-01
9.352796711027622223e-03
2.435537129640579224e-01
3.858147859573364258e-01
3.435208201408386230e-01
3.469660282135009766e-01
1.354819297790527344e+00
0.000000000000000000e+00
1.588089168071746826e-01
4.506672173738479614e-02
8.216567337512969971e-03
9.472567588090896606e-02
1.440583467483520508e-01
1.309362240135669708e-02
8.987553119659423828e-01
1.487649202346801758e+00
1.704541206359863281e+00
3.031682372093200684e-01
2.427048236131668091e-01
6.501203775405883789e-01
2.653858065605163574e-02
1.313072443008422852e-01
1.334967017173767090e-01
6.299053132534027100e-02
7.639580965042114258e-02
3.137679025530815125e-02
1.215215865522623062e-02
3.062835633754730225e-01
3.615677729249000549e-02
2.208212316036224365e-01
5.892853140830993652e-01
1.891465336084365845e-01
2.801185548305511475e-01
3.581848368048667908e-02
1.302239000797271729e-01
8.161145448684692383e-02
3.181985139846801758e+00
3.693117573857307434e-02
1.514769941568374634e-01
4.387594759464263916e-03
9.441450983285903931e-02
2.085172384977340698e-02
5.200305938720703125e+00
0.000000000000000000e+00
7.757782191038131714e-02
2.982397079467773438e-01
1.577187657356262207e+00
1.809000223875045776e-01
3.494488894939422607e-01
1.422033548355102539e+00
6.854673027992248535e-01
7.985131144523620605e-01
1.767880320549011230e+00
4.161373525857925415e-02
2.022080123424530029e-01
9.514465332031250000e-01
2.154652029275894165e-02
8.778796195983886719e-01
4.330242052674293518e-02
5.656700730323791504e-01
0.000000000000000000e+00
0.000000000000000000e+00
1.335311979055404663e-01
4.766722023487091064e-01
1.512449026107788086e+00
3.416247844696044922e+00
2.451472133398056030e-01
2.362244874238967896e-01
9.844628162682056427e-03
0.000000000000000000e+00
1.314160823822021484e+00
2.608563378453254700e-02
4.795380532741546631e-01
5.879770517349243164e-01
8.167643100023269653e-02
5.292964935302734375e+00
1.083830118179321289e+00
4.967130661010742188e+00
3.689369931817054749e-02
0.000000000000000000e+00
5.590028166770935059e-01
1.658784449100494385e-01
0.000000000000000000e+00
3.203637152910232544e-02
1.315568387508392334e-02
8.752531372010707855e-03
0.000000000000000000e+00
0.000000000000000000e+00
6.335322558879852295e-02
2.490673780441284180e+00
5.314091220498085022e-02
5.176457762718200684e-02
1.853589713573455811e-02
0.000000000000000000e+00
4.865357477683573961e-04
6.725316867232322693e-03
0.000000000000000000e+00
1.686566695570945740e-02
5.439041852951049805e-01
0.000000000000000000e+00
9.728145599365234375e-02
1.296908736228942871e+00
3.890477493405342102e-02
2.891148030757904053e-01
2.641245722770690918e-01
0.000000000000000000e+00
2.167689055204391479e-01
1.042853355407714844e+00
2.301513552665710449e-01
4.286966472864151001e-02
4.573213309049606323e-02
1.616054214537143707e-02
2.152419328689575195e+00
0.000000000000000000e+00
7.705093622207641602e-01
1.474321603775024414e+00
2.895629703998565674e-01
7.063109427690505981e-02
3.450525760650634766e+00
1.653783798217773438e+00
1.836047172546386719e+00
2.896148338913917542e-02
0.000000000000000000e+00
0.000000000000000000e+00
1.745215892791748047e+00
7.761283963918685913e-02
2.089227437973022461e-01
1.923218965530395508e-01
1.786135882139205933e-01
5.154010653495788574e-02
