1.001504361629486084e-01
2.853108644485473633e-01
3.224346637725830078e-01
3.782126188278198242e+00
1.027331035584211349e-02
1.408752351999282837e-01
4.981834292411804199e-01
7.941990159451961517e-03
8.735596537590026855e-01
2.538963079452514648e+00
0.000000000000000000e+00
1.166196912527084351e-01
6.496136076748371124e-03
0.000000000000000000e+00
1.590632557868957520e+00
1.459256529808044434e+00
6.956297159194946289e-02
1.729386858642101288e-02
3.999779745936393738e-02
2.105643600225448608e-01
2.523295767605304718e-02
1.841492578387260437e-02
6.741779297590255737e-02
2.592909038066864014e-01
5.169679522514343262e-01
4.448188096284866333e-02
1.049287393689155579e-01
0.000000000000000000e+00
8.727842010557651520e-03
2.984983026981353760e-01
4.579020440578460693e-01
7.313626408576965332e-01
1.554863899946212769e-01
1.029551103711128235e-01
0.000000000000000000e+00
6.108639836311340332e-01
0.000000000000000000e+00
6.810265779495239258e-02
2.111823065206408501e-03
7.219099998474121094e-01
1.526258420199155807e-03
1.832329295575618744e-02
0.000000000000000000e+00
5.315968990325927734e-01
0.000000000000000000e+00
2.201498299837112427e-02
2.790878117084503174e-01
0.000000000000000000e+00
5.556972026824951172e-01
6.112137436866760254e-02
0.000000000000000000e+00
2.357308715581893921e-01
1.681886240839958191e-02
1.470453888177871704e-01
1.852921247482299805e-01
6.774832010269165039e-01
5.465888977050781250e-02
7.978152483701705933e-02
1.015662774443626404e-01
3.421864509582519531e-01
3.626576900482177734e+00
4.069356620311737061e-01
3.071572780609130859e-01
0.000000000000000000e+00
2.642964601516723633e+00
5.630441308021545410e-01
2.717958092689514160e-01
5.817041546106338501e-02
1.678650267422199249e-02
9.421071037650108337e-03
1.517592817544937134e-01
1.550403952598571777e+00
0.000000000000000000e+00
6.078181788325309753e-02
0.000000000000000000e+00
7.926825881004333496e-01
1.152607321739196777e+00
3.009670078754425049e-01
2.696275472640991211e+00
0.000000000000000000e+00
1.893251419067382812e+00
0.000000000000000000e+00
4.584959242492914200e-03
0.000000000000000000e+00
1.427475452423095703e+00
7.067108899354934692e-02
5.058453977108001709e-02
2.749135792255401611e-01
4.451506771147251129e-03
1.570617556571960449e-01
1.558274682611227036e-02
5.485710501670837402e-02
0.000000000000000000e+00
3.253548964858055115e-02
0.000000000000000000e+00
4.869633167982101440e-02
7.267246842384338379e-01
6.560016423463821411e-02
2.008868567645549774e-02
7.846152782440185547e-01
9.094662382267415524e-04
2.592375278472900391e-01
7.368468761444091797e+00
1.134735226631164551e+00
1.080960873514413834e-02
2.567558549344539642e-02
4.658463597297668457e-02
1.217982396483421326e-01
5.791178345680236816e-01
1.061274051666259766e+00
2.950848778709769249e-03
3.132950142025947571e-02
0.000000000000000000e+00
2.655093193054199219e+00
8.827552199363708496e-01
1.440151631832122803e-01
5.348441004753112793e-02
3.449772018939256668e-03
0.000000000000000000e+00
3.107951581478118896e-02
1.432578638195991516e-02
7.029353380203247070e-01
1.495220512151718140e-01
4.375017434358596802e-02
6.774666309356689453e-01
1.220709457993507385e-02
7.788664102554321289e-02
9.055431187152862549e-02
2.141604945063591003e-02
3.241529166698455811e-01
1.574828624725341797e-01
7.526139914989471436e-02
1.362609583884477615e-02
3.418821990489959717e-01
0.000000000000000000e+00
6.945342570543289185e-02
5.535920858383178711e-01
2.141281068325042725e-01
3.125641107559204102e+00
2.818092703819274902e-01
2.516688406467437744e-01
0.000000000000000000e+00
0.000000000000000000e+00
3.328021168708801270e-01
3.130599111318588257e-02
3.110292851924896240e-01
2.758531808853149414e+00
0.000000000000000000e+00
1.616519093513488770e-01
1.051718648523092270e-02
4.235864058136940002e-02
7.643242366611957550e-03
1.911339536309242249e-02
5.247176885604858398e-01
5.219498276710510254e-01
4.592808336019515991e-02
1.308353338390588760e-02
8.811946026980876923e-03
2.012089639902114868e-02
1.278926014900207520e+00
9.865941852331161499e-02
4.228231608867645264e-01
4.209964722394943237e-02
5.955449771136045456e-03
2.664569914340972900e-01
1.815229654312133789e+00
1.697187125682830811e-02
0.000000000000000000e+00
2.457257032394409180e+00
1.473064273595809937e-01
2.664516121149063110e-02
4.665928781032562256e-01
1.348050355911254883e+00
5.256069824099540710e-02
4.074976220726966858e-02
1.013091206550598145e+00
4.618845507502555847e-02
0.000000000000000000e+00
8.198535442352294922e-02
1.545183919370174408e-02
3.682831674814224243e-02
0.000000000000000000e+00
4.695157520473003387e-03
2.800555229187011719e+00
0.000000000000000000e+00
9.565693736076354980e-01
1.401385758072137833e-02
5.029949825257062912e-03
2.578397393226623535e-01
2.704282524064183235e-03
1.155578345060348511e-02
1.454475987702608109e-02
2.659806609153747559e-01
9.930628538131713867e-02
1.250739954411983490e-02
9.995778799057006836e-01
0.000000000000000000e+00
8.082376420497894287e-02
3.829740285873413086e-01
9.770283699035644531e-01
4.943390376865863800e-03
3.101000934839248657e-02
0.000000000000000000e+00
3.203437030315399170e-01
0.000000000000000000e+00
2.404172420501708984e+00
7.422079145908355713e-02
3.732577264308929443e-01
8.152642846107482910e-02
1.132468223571777344e+00
3.481795191764831543e-01
3.527899459004402161e-02
0.000000000000000000e+00
2.969011664390563965e-01
0.000000000000000000e+00
4.673640429973602295e-02
0.000000000000000000e+00
0.000000000000000000e+00
0.000000000000000000e+00
2.454158812761306763e-01
3.607172667980194092e-01
5.745116621255874634e-03
1.038230538368225098e+00
0.000000000000000000e+00
3.216462731361389160e-01
4.228259623050689697e-02
1.737659424543380737e-01
2.121557950973510742e+00
0.000000000000000000e+00
0.000000000000000000e+00
0.000000000000000000e+00
1.164612732827663422e-02
9.961976855993270874e-02
4.159410297870635986e-01
0.000000000000000000e+00
0.000000000000000000e+00
1.849658787250518799e-02
4.973525926470756531e-02
0.000000000000000000e+00
0.000000000000000000e+00
3.358857333660125732e-02
0.000000000000000000e+00
3.060581162571907043e-02
1.370819285511970520e-02
2.050013840198516846e-02
1.042114794254302979e-01
0.000000000000000000e+00
1.643172651529312134e-01
3.495297953486442566e-02
0.000000000000000000e+00
9.151495993137359619e-02
0.000000000000000000e+00
2.814827263355255127e-01
1.002234667539596558e-01
8.368748426437377930e-02
1.247052773833274841e-01
0.000000000000000000e+00
0.000000000000000000e+00
1.548361629247665405e-01
6.847389340400695801e-01
3.297628164291381836e-01
6.472135335206985474e-02
6.005276441574096680e-01
1.217994689941406250e-01
3.577083945274353027e-01
0.000000000000000000e+00
0.000000000000000000e+00
1.897128224372863770e-01
6.112549304962158203e-01
0.000000000000000000e+00
2.034367993474006653e-03
1.351285427808761597e-01
1.223784033209085464e-02
4.106655418872833252e-01
5.086417794227600098e-01
1.895795226097106934e+00
3.135343790054321289e-01
6.972074508666992188e-01
9.623903036117553711e-02
1.737117581069469452e-02
1.033108457922935486e-01
1.427501533180475235e-02
9.072145819664001465e-02
2.179262936115264893e-01
3.193690180778503418e-01
1.748816221952438354e-01
2.515243180096149445e-02
1.172305643558502197e-02
5.949978232383728027e-01
1.278783977031707764e-01
2.281867861747741699e-01
2.323708683252334595e-01
5.410698652267456055e-01
1.058729887008666992e-01
0.000000000000000000e+00
1.013830211013555527e-02
5.421856641769409180e-01
2.207574062049388885e-02
7.340793311595916748e-02
0.000000000000000000e+00
4.012441728264093399e-03
1.286059468984603882e-01
2.910757996141910553e-02
2.281345427036285400e-01
4.415765032172203064e-02
1.043549254536628723e-01
6.324276328086853027e-01
3.641074895858764648e-01
0.000000000000000000e+00
0.000000000000000000e+00
1.239764168858528137e-01
2.797244302928447723e-02
4.500039517879486084e-01
8.022255264222621918e-03
4.133583307266235352e-01
4.117752313613891602e-01
1.752107262611389160e+00
0.000000000000000000e+00
7.467909902334213257e-02
1.309655606746673584e-01
0.000000000000000000e+00
0.000000000000000000e+00
2.988808751106262207e-01
5.324758961796760559e-02
3.192867934703826904e-01
7.556054741144180298e-03
6.368999183177947998e-02
1.730761975049972534e-01
9.752123802900314331e-02
3.719927370548248291e-01
2.525391429662704468e-02
1.786640137434005737e-01
9.099821001291275024e-02
4.143029749393463135e-01
1.565906286239624023e+00
5.667419638484716415e-03
1.103026345372200012e-01
2.261266857385635376e-01
7.388285994529724121e-01
1.256815671920776367e+00
3.095501959323883057e-01
3.040948510169982910e-01
1.161123365163803101e-01
7.913272380828857422e-01
0.000000000000000000e+00
0.000000000000000000e+00
3.780360519886016846e-02
2.531518697738647461e+00
5.472837686538696289e-01
3.542868793010711670e-02
7.374849915504455566e-01
1.053587049245834351e-01
7.802564501762390137e-01
1.463025957345962524e-01
4.553527571260929108e-03
1.639593043364584446e-03
1.683522015810012817e-02
0.000000000000000000e+00
2.010878026485443115e-01
1.425084620714187622e-01
1.179296150803565979e-02
2.435277849435806274e-01
2.813730947673320770e-02
0.000000000000000000e+00
4.547629796434193850e-04
0.000000000000000000e+00
1.502050399780273438e+00
1.979762129485607147e-02
0.000000000000000000e+00
1.768437214195728302e-02
4.355091154575347900e-01
2.489045560359954834e-01
8.657063357532024384e-03
9.884076714515686035e-01
4.413973093032836914e-01
3.180090337991714478e-02
0.000000000000000000e+00
0.000000000000000000e+00
1.424850583076477051e+00
8.664134889841079712e-02
0.000000000000000000e+00
7.839202880859375000e-01
4.503669738769531250e+00
1.508952528238296509e-01
1.512606441974639893e-01
0.000000000000000000e+00
0.000000000000000000e+00
0.000000000000000000e+00
4.548745229840278625e-02
0.000000000000000000e+00
1.328822135925292969e+00
6.039053946733474731e-02
2.937255427241325378e-03
6.750907003879547119e-02
6.066287755966186523e-01
7.212533950805664062e-01
3.724620640277862549e-01
7.021707296371459961e-02
4.567383322864770889e-03
6.222059950232505798e-02
1.766492426395416260e-01
1.994855105876922607e-01
0.000000000000000000e+00
4.090451598167419434e-01
0.000000000000000000e+00
9.657450765371322632e-02
0.000000000000000000e+00
6.379736214876174927e-02
8.329844474792480469e-01
1.933719590306282043e-02
1.104798689484596252e-01
5.681226961314678192e-03
9.870992600917816162e-02
0.000000000000000000e+00
1.860361218452453613e+00
2.883630618453025818e-02
4.886316880583763123e-02
1.747105270624160767e-01
1.106063462793827057e-02
2.968655228614807129e-01
0.000000000000000000e+00
2.325375676155090332e-01
0.000000000000000000e+00
0.000000000000000000e+00
4.265199229121208191e-02
4.103838205337524414e-01
3.916065096855163574e-01
0.000000000000000000e+00
1.322316378355026245e-02
1.627861112356185913e-01
5.311303734779357910e-01
1.174067556858062744e-01
4.159632205963134766e+00
0.000000000000000000e+00
8.091372996568679810e-02
2.698355615139007568e-01
7.135330140590667725e-02
0.000000000000000000e+00
0.000000000000000000e+00
1.775559410452842712e-02
1.335399448871612549e-01
2.068482106551527977e-03
2.714523077011108398e-01
5.689551830291748047e-01
0.000000000000000000e+00
3.845838308334350586e-01
1.110040098428726196e-01
6.138737201690673828e-01
1.583687216043472290e-02
2.911986224353313446e-02
4.290518462657928467e-01
1.529238820075988770e-01
1.559039205312728882e-01
2.797178030014038086e-01
1.209134329110383987e-02
5.357110500335693359e-01
4.608820751309394836e-02
1.966515742242336273e-02
0.000000000000000000e+00
1.787093877792358398e-01
1.225194931030273438e+00
1.489398837089538574e+00
2.227383852005004883e-01
3.716200888156890869e-01
1.293859928846359253e-01
1.726687252521514893e-01
3.545325994491577148e-02
4.124255385249853134e-03
0.000000000000000000e+00
8.676236867904663086e-02
4.466530680656433105e-02
1.170692443847656250e+00
4.244559258222579956e-02
1.306779831647872925e-01
5.353100895881652832e-01
6.099176406860351562e-01
1.498360279947519302e-02
0.000000000000000000e+00
1.097197890281677246e+00
1.231072843074798584e-01
3.768501803278923035e-02
0.000000000000000000e+00
0.000000000000000000e+00
6.581772565841674805e-01
1.155019521713256836e+00
1.728791929781436920e-02
1.048733964562416077e-01
9.025585651397705078e-02
8.804900646209716797e-01
5.948939919471740723e-01
1.023126125335693359e+00
2.043759077787399292e-02
4.244191944599151611e-02
2.271186709403991699e-01
1.689953543245792389e-02
8.203871548175811768e-03
0.000000000000000000e+00
1.281810402870178223e+00
5.072718113660812378e-02
3.588121850043535233e-03
0.000000000000000000e+00
0.000000000000000000e+00
9.590911120176315308e-02
0.000000000000000000e+00
0.000000000000000000e+00
8.252562582492828369e-02
0.000000000000000000e+00
1.332526206970214844e-01
3.432645797729492188e+00
1.432505995035171509e-01
4.330710470676422119e-01
4.055958241224288940e-02
8.351324200630187988e-01
1.916394978761672974e-01
2.883134603500366211e+00
0.000000000000000000e+00
9.684137105941772461e-01
5.877659320831298828e-01
2.209465056657791138e-01
2.526253275573253632e-02
2.735278010368347168e-01
1.152691524475812912e-02
4.503710269927978516e-01
1.001297950744628906e+00
9.783104062080383301e-03
2.156917095184326172e+00
1.057202219963073730e-01
2.200787067413330078e-01
0.000000000000000000e+00
0.000000000000000000e+00
1.309662461280822754e+00
7.446456700563430786e-02
5.195015430450439453e+00
2.137158438563346863e-02
3.170030936598777771e-02
1.658277958631515503e-01
0.000000000000000000e+00
3.983896970748901367e-02
3.901137784123420715e-02
1.623301267623901367e+00
1.808155924081802368e-01
2.724121809005737305e-01
1.272469758987426758e-01
1.144224312156438828e-03
4.367209970951080322e-01
5.534737557172775269e-02
4.644762992858886719e+00
9.041287004947662354e-03
8.298529684543609619e-02
1.737415194511413574e-01
0.000000000000000000e+00
3.697653114795684814e-01
6.874692440032958984e-01
8.768276311457157135e-03
8.179581724107265472e-03
0.000000000000000000e+00
6.019180417060852051e-01
0.000000000000000000e+00
7.012653350830078125e-02
0.000000000000000000e+00
3.716199636459350586e+00
1.565565913915634155e-01
3.925410211086273193e-01
8.800102770328521729e-02
3.907012939453125000e-01
6.543417274951934814e-02
8.988359943032264709e-03
1.289247255772352219e-02
3.751226887106895447e-02
8.662471175193786621e-02
1.511973738670349121e-01
8.083028793334960938e-01
0.000000000000000000e+00
1.992143839597702026e-01
2.115799665451049805e+00
3.245734795928001404e-02
0.000000000000000000e+00
2.385931015014648438e-01
0.000000000000000000e+00
1.898677274584770203e-02
0.000000000000000000e+00
1.320954598486423492e-02
1.662382334470748901e-01
3.049255609512329102e-01
0.000000000000000000e+00
2.699531316757202148e-01
3.709238022565841675e-02
1.998884370550513268e-03
1.373607963323593140e-01
0.000000000000000000e+00
1.626506447792053223e-01
2.854572236537933350e-01
0.000000000000000000e+00
1.046513915061950684e-01
1.593514382839202881e-01
0.000000000000000000e+00
5.981707014143466949e-03
3.713808581233024597e-02
3.967034101486206055e+00
1.343127898871898651e-02
0.000000000000000000e+00
1.106301099061965942e-01
2.054318785667419434e-01
2.858399391174316406e+00
3.271063268184661865e-01
2.869340181350708008e-01
4.462337493896484375e-02
8.174675703048706055e-02
2.637022733688354492e-01
2.619479596614837646e-01
5.220103263854980469e-01
0.000000000000000000e+00
3.394078090786933899e-02
1.239242553710937500e-01
3.861845433712005615e-01
2.825854420661926270e-01
1.725544482469558716e-01
8.140989392995834351e-02
6.483001261949539185e-02
0.000000000000000000e+00
0.000000000000000000e+00
1.503406018018722534e-01
2.652220195159316063e-03
0.000000000000000000e+00
6.754148602485656738e-01
1.194578558206558228e-01
0.000000000000000000e+00
2.179420292377471924e-01
1.954699605703353882e-01
1.140124872326850891e-01
2.086851149797439575e-01
3.440351784229278564e-02
1.099185466766357422e+00
2.470287382602691650e-01
0.000000000000000000e+00
0.000000000000000000e+00
4.939121936331503093e-05
1.455553770065307617e+00
2.769355103373527527e-02
0.000000000000000000e+00
3.257108032703399658e-01
4.421991705894470215e-01
1.670308589935302734e+00
1.246121302247047424e-01
2.713271975517272949e-01
3.907882571220397949e-01
1.324828830547630787e-03
9.930982440710067749e-02
1.182852759957313538e-01
0.000000000000000000e+00
7.244825363159179688e-01
1.040991488844156265e-02
1.658600807189941406e+00
6.156899452209472656e+00
4.484540224075317383e-02
5.327656269073486328e-01
0.000000000000000000e+00
4.671452101320028305e-03
1.957900263369083405e-02
9.266597032546997070e-01
6.687546253204345703e+00
5.839580297470092773e-02
9.020369499921798706e-02
2.272298336029052734e-01
0.000000000000000000e+00
2.317898571491241455e-01
4.887563288211822510e-01
0.000000000000000000e+00
9.611704200506210327e-02
0.000000000000000000e+00
0.000000000000000000e+00
3.734462261199951172e-01
5.475741028785705566e-01
1.272189021110534668e-01
0.000000000000000000e+00
9.289883822202682495e-02
3.313564360141754150e-01
6.272494792938232422e-01
1.544312685728073120e-01
7.388144731521606445e-02
0.000000000000000000e+00
6.088096648454666138e-02
0.000000000000000000e+00
2.774577140808105469e-01
1.313849985599517822e-01
2.050549723207950592e-03
6.765517592430114746e-01
5.972007289528846741e-02
0.000000000000000000e+00
0.000000000000000000e+00
7.606809139251708984e-01
4.292954131960868835e-02
1.502776518464088440e-02
0.000000000000000000e+00
1.764204166829586029e-02
1.137643412221223116e-04
0.000000000000000000e+00
2.445993386209011078e-02
2.069798260927200317e-01
0.000000000000000000e+00
2.797506332397460938e+00
1.066815946251153946e-02
0.000000000000000000e+00
2.115830332040786743e-01
0.000000000000000000e+00
1.187312533147633076e-03
0.000000000000000000e+00
4.135015234351158142e-02
5.558505654335021973e-02
2.477174848318099976e-01
2.815918996930122375e-02
8.033283054828643799e-02
0.000000000000000000e+00
2.245957553386688232e-01
1.496669836342334747e-02
0.000000000000000000e+00
0.000000000000000000e+00
6.823590993881225586e-01
2.000595331192016602e-01
8.666186779737472534e-02
0.000000000000000000e+00
0.000000000000000000e+00
0.000000000000000000e+00
0.000000000000000000e+00
5.845592543482780457e-02
0.000000000000000000e+00
1.700035110116004944e-02
6.212658807635307312e-02
4.207935556769371033e-02
0.000000000000000000e+00
9.215013682842254639e-02
1.902205795049667358e-01
0.000000000000000000e+00
1.604144215583801270e+00
3.805400431156158447e-01
1.439532497897744179e-03
6.482327589765191078e-04
6.090003997087478638e-02
6.821533292531967163e-02
0.000000000000000000e+00
4.334892272949218750e+00
3.239454329013824463e-01
9.841021299362182617e-01
3.545695170760154724e-02
8.960468694567680359e-03
6.739288568496704102e-01
5.244785547256469727e-01
2.104377746582031250e-01
0.000000000000000000e+00
1.369197487831115723e+00
0.000000000000000000e+00
7.551825642585754395e-01
7.995279505848884583e-03
1.675325445830821991e-02
3.721726313233375549e-02
8.932300657033920288e-02
2.068028226494789124e-02
0.000000000000000000e+00
4.106419086456298828e+00
2.261989563703536987e-01
2.282027527689933777e-02
4.363848567008972168e-01
1.454074680805206299e-01
2.169621586799621582e-01
0.000000000000000000e+00
3.669722238555550575e-03
0.000000000000000000e+00
4.554010033607482910e-01
1.235278546810150146e-01
1.897071957588195801e+00
0.000000000000000000e+00
1.339094191789627075e-01
4.069444835186004639e-01
4.146721363067626953e-01
2.202452182769775391e+00
2.163057327270507812e+00
0.000000000000000000e+00
1.076022721827030182e-02
9.571454524993896484e-01
3.228831663727760315e-02
2.158058136701583862e-01
3.893661201000213623e-01
1.852532103657722473e-02
2.901640720665454865e-02
3.803820610046386719e-01
0.000000000000000000e+00
3.964693099260330200e-02
1.660409688949584961e+00
1.118229269981384277e+00
1.037034988403320312e+00
7.107544690370559692e-02
1.842274516820907593e-02
4.044267535209655762e-02
6.145904585719108582e-02
7.573769241571426392e-02
1.789838671684265137e-01
4.262613654136657715e-01
0.000000000000000000e+00
4.002000093460083008e-01
9.243962764739990234e-01
1.810713112354278564e-02
1.674242168664932251e-01
1.803598254919052124e-01
0.000000000000000000e+00
0.000000000000000000e+00
4.898532927036285400e-01
0.000000000000000000e+00
2.014916539192199707e-01
2.686880588531494141e+00
1.291984319686889648e-01
2.494168430566787720e-01
0.000000000000000000e+00
0.000000000000000000e+00
1.070413887500762939e-01
5.654018744826316833e-02
1.454750634729862213e-02
1.174516975879669189e-01
7.540969178080558777e-03
0.000000000000000000e+00
8.759940415620803833e-02
1.384498178958892822e-02
1.248013824224472046e-01
8.920289576053619385e-03
4.997171927243471146e-03
9.791469573974609375e-02
0.000000000000000000e+00
1.082585658878087997e-02
1.176693663001060486e-01
2.598828636109828949e-02
2.398824095726013184e-01
4.451104998588562012e-02
1.940956804901361465e-03
7.710678875446319580e-02
5.963205695152282715e-01
1.255961135029792786e-02
0.000000000000000000e+00
5.451982840895652771e-02
3.642832115292549133e-02
8.833905681967735291e-03
3.220066428184509277e-01
7.864535450935363770e-01
3.593462228775024414e+00
1.893059350550174713e-02
1.005632802844047546e-01
1.905028522014617920e-01
1.351099014282226562e+00
6.635499745607376099e-02
4.337994381785392761e-02
2.052816599607467651e-01
3.573725521564483643e-01
3.380841970443725586e+00
5.698754191398620605e-01
2.215152680873870850e-01
0.000000000000000000e+00
0.000000000000000000e+00
7.611665129661560059e-02
2.390961498022079468e-01
2.830882966518402100e-01
9.624795615673065186e-02
8.935899287462234497e-02
7.969171404838562012e-01
2.567885816097259521e-02
1.248426914215087891e+00
1.995681077241897583e-01
3.023009933531284332e-02
7.164065241813659668e-01
1.574831642210483551e-02
2.695831470191478729e-02
0.000000000000000000e+00
4.448784291744232178e-01
1.050339080393314362e-02
2.028486132621765137e-02
3.188116475939750671e-02
1.160081923007965088e-01
0.000000000000000000e+00
8.019871078431606293e-03
8.200588822364807129e-02
5.466616898775100708e-02
4.846242815256118774e-02
9.984784759581089020e-03
0.000000000000000000e+00
1.487577259540557861e-01
0.000000000000000000e+00
7.613638788461685181e-02
7.120240926742553711e-01
7.229730486869812012e-01
0.000000000000000000e+00
1.755944043397903442e-01
3.258027136325836182e-01
6.574783325195312500e-01
3.609332740306854248e-01
0.000000000000000000e+00
0.000000000000000000e+00
0.000000000000000000e+00
2.736589610576629639e-01
0.000000000000000000e+00
6.215622425079345703e-01
6.409049499779939651e-03
8.385033607482910156e-01
6.936716288328170776e-02
2.487378418445587158e-01
8.311266899108886719e-01
1.043977066874504089e-01
1.190501004457473755e-01
3.496861550956964493e-03
1.360931873321533203e+00
5.449787974357604980e-01
4.289004802703857422e+00
0.000000000000000000e+00
3.160380199551582336e-02
0.000000000000000000e+00
6.734823435544967651e-02
8.884831666946411133e-01
3.108556270599365234e+00
2.543127238750457764e-01
0.000000000000000000e+00
3.846796602010726929e-02
0.000000000000000000e+00
6.990551352500915527e-01
1.775403469800949097e-01
4.191161990165710449e-01
1.878769993782043457e-01
3.428203985095024109e-02
1.456510901451110840e+00
0.000000000000000000e+00
2.923081628978252411e-02
3.213960409164428711e+00
6.687286496162414551e-01
0.000000000000000000e+00
0.000000000000000000e+00
1.313151419162750244e-01
0.000000000000000000e+00
0.000000000000000000e+00
8.666327595710754395e-01
0.000000000000000000e+00
0.000000000000000000e+00
4.079558327794075012e-02
0.000000000000000000e+00
2.374883592128753662e-01
8.558841794729232788e-02
1.685604080557823181e-02
4.925458133220672607e-01
1.157131791114807129e-01
0.000000000000000000e+00
9.199701547622680664e-01
8.198833465576171875e-02
3.096936456859111786e-02
1.140326354652643204e-02
0.000000000000000000e+00
1.014782935380935669e-01
0.000000000000000000e+00
4.556290507316589355e-01
0.000000000000000000e+00
1.385380923748016357e-01
1.198725178837776184e-01
2.301619242643937469e-04
1.422068476676940918e-01
4.168305993080139160e-01
0.000000000000000000e+00
8.895818889141082764e-02
8.198352456092834473e-01
2.155100405216217041e-01
9.123103320598602295e-02
3.242281032726168633e-03
5.798191949725151062e-02
1.929380774497985840e+00
7.672478444874286652e-03
4.311151504516601562e+00
5.267018675804138184e-01
8.672206103801727295e-02
6.703697443008422852e-01
5.479390025138854980e-01
1.083760783076286316e-01
1.085298508405685425e-01
7.414614409208297729e-02
1.134531721472740173e-01
1.378102898597717285e-01
4.949131309986114502e-01
8.472592569887638092e-03
2.900131605565547943e-02
5.612770915031433105e-01
7.431860268115997314e-02
3.602810204029083252e-01
8.855372667312622070e-01
5.023733973503112793e-01
1.898363232612609863e-02
2.742807194590568542e-02
1.132940649986267090e-01
0.000000000000000000e+00
0.000000000000000000e+00
4.561583101749420166e-01
1.279242336750030518e-01
1.106415526010096073e-03
0.000000000000000000e+00
4.532849043607711792e-02
0.000000000000000000e+00
1.791174411773681641e-01
0.000000000000000000e+00
7.364219427108764648e-02
4.213681221008300781e-01
1.767471432685852051e-01
1.197807118296623230e-02
6.554991006851196289e-03
3.856254220008850098e-01
3.252569437026977539e-01
0.000000000000000000e+00
0.000000000000000000e+00
4.284692108631134033e-01
0.000000000000000000e+00
4.508809149265289307e-01
1.543429046869277954e-01
1.437014490365982056e-01
1.231420487165451050e-01
1.040689587593078613e+00
2.892739534378051758e+00
3.279897943139076233e-02
7.868835926055908203e-01
1.735887676477432251e-01
9.432019591331481934e-01
1.083677768707275391e+00
0.000000000000000000e+00
3.864667415618896484e-01
4.064392764121294022e-03
1.028440952301025391e+00
3.945927619934082031e-01
0.000000000000000000e+00
4.116346538066864014e-01
0.000000000000000000e+00
2.573772519826889038e-02
1.112300992012023926e+00
1.735851466655731201e-01
1.198440864682197571e-01
1.039091467857360840e+00
1.099292784929275513e-01
7.110911887139081955e-03
2.267512798309326172e+00
0.000000000000000000e+00
3.779737278819084167e-03
0.000000000000000000e+00
1.717302575707435608e-02
6.598905473947525024e-02
0.000000000000000000e+00
6.827400326728820801e-01
4.610036313533782959e-01
2.340544164180755615e-01
9.693711996078491211e-01
2.016362667083740234e+00
3.158121556043624878e-02
1.419717818498611450e-01
3.467810153961181641e+00
4.220473393797874451e-02
5.218060314655303955e-02
4.755413159728050232e-02
1.094718575477600098e-01
8.899230509996414185e-03
7.489631325006484985e-02
4.682989418506622314e-01
3.849786221981048584e-01
1.177763449959456921e-03
3.723326027393341064e-01
0.000000000000000000e+00
8.291837573051452637e-01
2.277114689350128174e-01
0.000000000000000000e+00
1.225697472691535950e-01
1.349340081214904785e-01
0.000000000000000000e+00
5.189377069473266602e-02
0.000000000000000000e+00
1.557836979627609253e-01
1.219569325447082520e+00
2.711092680692672729e-02
4.251956462860107422e+00
3.228837847709655762e-01
6.237691640853881836e-01
3.316814005374908447e-01
1.072652459144592285e+00
0.000000000000000000e+00
1.786096215248107910e+00
1.617892503738403320e+00
7.516854256391525269e-02
8.403800427913665771e-02
0.000000000000000000e+00
9.923224896192550659e-02
3.126168623566627502e-02
2.906455993652343750e-01
2.476641535758972168e-01
0.000000000000000000e+00
4.554964900016784668e-01
0.000000000000000000e+00
4.652882814407348633e-01
7.055893540382385254e-01
3.693399950861930847e-02
4.902455806732177734e-01
2.225327342748641968e-01
0.000000000000000000e+00
1.690472960472106934e-01
1.050930500030517578e+00
2.192018628120422363e-01
3.825479149818420410e-01
0.000000000000000000e+00
1.732851006090641022e-02
4.468092322349548340e-02
0.000000000000000000e+00
3.057883586734533310e-04
0.000000000000000000e+00
0.000000000000000000e+00
4.442203324288129807e-03
0.000000000000000000e+00
0.000000000000000000e+00
1.367388991639018059e-03
3.074784018099308014e-02
0.000000000000000000e+00
5.719987675547599792e-02
1.828284934163093567e-02
0.000000000000000000e+00
6.214036941528320312e-01
8.832776546478271484e-01
3.122682571411132812e-01
3.183678984642028809e-01
2.004820108413696289e+00
0.000000000000000000e+00
1.435357728041708469e-03
1.112807869911193848e+00
4.661161080002784729e-02
4.068221151828765869e-01
1.270666837692260742e+00
0.000000000000000000e+00
5.119259357452392578e-01
0.000000000000000000e+00
5.023253560066223145e-01
0.000000000000000000e+00
2.909501791000366211e-01
0.000000000000000000e+00
1.237298607826232910e+00
5.314138531684875488e-01
5.067658424377441406e-01
3.728442430496215820e+00
0.000000000000000000e+00
1.809628158807754517e-01
0.000000000000000000e+00
2.308035045862197876e-01
0.000000000000000000e+00
0.000000000000000000e+00
2.119089215993881226e-01
1.763498410582542419e-02
8.503284305334091187e-02
3.184145689010620117e-02
6.193270683288574219e-01
4.536394029855728149e-02
2.784242928028106689e-01
1.121138334274291992e-01
0.000000000000000000e+00
5.524208024144172668e-02
0.000000000000000000e+00
0.000000000000000000e+00
2.527576312422752380e-02
1.208677794784307480e-02
0.000000000000000000e+00
9.059944152832031250e-01
3.093438223004341125e-02
0.000000000000000000e+00
3.918669819831848145e-01
7.038853168487548828e-01
1.179153174161911011e-01
1.441233158111572266e-01
1.142820045351982117e-01
1.842972934246063232e-01
1.095570251345634460e-01
4.942834377288818359e-03
1.151352226734161377e-01
1.891861408948898315e-01
1.794078946113586426e-01
2.376202493906021118e-03
2.065710350871086121e-02
0.000000000000000000e+00
1.181122139096260071e-01
5.775892734527587891e-01
2.231885492801666260e-02
0.000000000000000000e+00
5.623269081115722656e-01
2.697047591209411621e-02
0.000000000000000000e+00
2.074990794062614441e-02
3.451596021652221680e+00
9.139820933341979980e-03
2.237088605761528015e-02
5.776613354682922363e-01
1.761154085397720337e-02
6.795873045921325684e-01
1.348285563290119171e-02
1.812187880277633667e-01
4.535233229398727417e-02
1.096678450703620911e-01
5.187525600194931030e-02
3.352459371089935303e-01
3.340781852602958679e-02
3.347595408558845520e-02
3.229173272848129272e-02
0.000000000000000000e+00
1.752836406230926514e-01
3.311910331249237061e-01
5.374497268348932266e-03
4.039792418479919434e-01
3.237900733947753906e-01
0.000000000000000000e+00
0.000000000000000000e+00
7.367236074060201645e-03
0.000000000000000000e+00
0.000000000000000000e+00
4.278541803359985352e-01
2.839938998222351074e-01
0.000000000000000000e+00
0.000000000000000000e+00
2.146587148308753967e-02
0.000000000000000000e+00
2.913880646228790283e-01
1.249786186963319778e-02
5.936863422393798828e-01
3.040015995502471924e-01
1.687562942504882812e+00
6.356099843978881836e-01
2.400197982788085938e+00
7.538241893053054810e-02
2.946501784026622772e-02
2.830986082553863525e-01
1.749761216342449188e-02
1.628282964229583740e-01
2.240804880857467651e-01
8.878787606954574585e-02
2.243928313255310059e-01
0.000000000000000000e+00
1.205792665481567383e+00
3.286395594477653503e-02
2.394862920045852661e-01
3.009176552295684814e-01
1.049860119819641113e+00
3.621768578886985779e-02
4.919413626194000244e-01
1.441272377967834473e+00
1.001318022608757019e-01
1.304617989808320999e-02
0.000000000000000000e+00
4.783533886075019836e-02
0.000000000000000000e+00
0.000000000000000000e+00
0.000000000000000000e+00
3.680219352245330811e-01
3.469225466251373291e-01
3.437039628624916077e-02
4.065516471862792969e+00
9.633787274360656738e-01
9.634279645979404449e-03
1.114735901355743408e-01
6.322710961103439331e-02
1.408792007714509964e-02
2.086142450571060181e-02
1.552715897560119629e+00
3.004823625087738037e-02
9.271609783172607422e-02
5.510693788528442383e-02
4.761174619197845459e-01
0.000000000000000000e+00
2.910497132688760757e-03
0.000000000000000000e+00
1.224614027887582779e-02
6.914731115102767944e-02
0.000000000000000000e+00
2.553205788135528564e-01
4.160880669951438904e-02
0.000000000000000000e+00
1.195762213319540024e-02
0.000000000000000000e+00
5.076501965522766113e-01
2.010244578123092651e-01
1.047821283340454102e+00
0.000000000000000000e+00
0.000000000000000000e+00
3.006068170070648193e-01
3.567494824528694153e-02
1.637671291828155518e-01
1.190368011593818665e-01
5.826509743928909302e-02
9.806548953056335449e-01
1.701632291078567505e-01
0.000000000000000000e+00
7.809175550937652588e-02
5.924356579780578613e-01
3.247438967227935791e-01
0.000000000000000000e+00
0.000000000000000000e+00
2.106323093175888062e-02
3.456432521343231201e-01
3.442642837762832642e-02
1.168826445937156677e-01
0.000000000000000000e+00
2.085797041654586792e-01
5.029556155204772949e-01
9.272756427526473999e-02
0.000000000000000000e+00
0.000000000000000000e+00
2.708913385868072510e-01
8.773422241210937500e-01
1.603603810071945190e-01
0.000000000000000000e+00
0.000000000000000000e+00
6.754773203283548355e-03
0.000000000000000000e+00
1.608143327757716179e-03
0.000000000000000000e+00
3.416138887405395508e-02
0.000000000000000000e+00
2.516460418701171875e-02
1.421669721603393555e-01
1.416043378412723541e-02
3.826130554080009460e-02
1.110484004020690918e+00
3.222496807575225830e-01
2.450603432953357697e-02
2.276559732854366302e-02
1.080137640237808228e-01
1.481244802474975586e+00
2.302922755479812622e-01
0.000000000000000000e+00
0.000000000000000000e+00
1.919739842414855957e-01
0.000000000000000000e+00
0.000000000000000000e+00
0.000000000000000000e+00
1.960117556154727936e-02
6.598825007677078247e-02
0.000000000000000000e+00
0.000000000000000000e+00
0.000000000000000000e+00
7.691282033920288086e-02
5.221152305603027344e+00
1.258619222790002823e-02
1.602197997272014618e-02
6.476040929555892944e-02
1.279733180999755859e+00
2.718287147581577301e-02
1.016663074493408203e+00
1.709300637245178223e+00
1.550390720367431641e+00
2.987443208694458008e-01
4.224646389484405518e-01
9.853534400463104248e-03
6.404433846473693848e-01
5.943991709500551224e-03
4.892524331808090210e-02
7.631996870040893555e-01
0.000000000000000000e+00
2.142040291801095009e-03
3.299785554409027100e-01
8.067615330219268799e-02
2.514710724353790283e-01
0.000000000000000000e+00
1.311977744102478027e+00
8.898135274648666382e-02
5.565373301506042480e-01
1.544032990932464600e-01
6.240977905690670013e-03
2.844806015491485596e-02
2.970754913985729218e-02
5.302168726921081543e-01
2.257013507187366486e-02
0.000000000000000000e+00
1.075883388519287109e+00
5.445443987846374512e-01
2.103306120261549950e-03
2.129684686660766602e-01
2.407171204686164856e-02
1.510434031486511230e+00
1.737679839134216309e-01
1.875286102294921875e-01
1.050102859735488892e-01
1.280919551849365234e+00
2.778088748455047607e-01
1.635617971420288086e+00
9.973296523094177246e-02
8.193029090762138367e-03
0.000000000000000000e+00
1.172221451997756958e-01
4.885097965598106384e-02
0.000000000000000000e+00
0.000000000000000000e+00
0.000000000000000000e+00
1.838137209415435791e-01
2.774045467376708984e-01
4.940916299819946289e-01
4.525496438145637512e-02
1.067990902811288834e-02
5.762868374586105347e-02
3.975393474102020264e-01
1.188977599143981934e+00
0.000000000000000000e+00
2.586160413920879364e-02
9.761543571949005127e-02
2.687239050865173340e-01
2.044583857059478760e-02
3.192123398184776306e-02
0.000000000000000000e+00
1.171486731618642807e-02
6.482973694801330566e-02
2.003760337829589844e+00
7.814562320709228516e-02
2.042691230773925781e+00
4.497272968292236328e-01
6.691513955593109131e-02
1.902590990066528320e-01
2.930805645883083344e-02
0.000000000000000000e+00
4.748090356588363647e-02
3.095019608736038208e-02
9.495821595191955566e-02
2.476168610155582428e-02
0.000000000000000000e+00
0.000000000000000000e+00
3.744895011186599731e-02
1.846290379762649536e-02
0.000000000000000000e+00
1.938835158944129944e-02
1.847498714923858643e-01
0.000000000000000000e+00
1.944316923618316650e-01
8.344215154647827148e-01
7.921539247035980225e-02
9.845852106809616089e-02
1.074724435806274414e+00
3.002436272799968719e-02
2.791674807667732239e-03
5.967351421713829041e-02
1.015678346157073975e-01
1.890914291143417358e-01
3.367955684661865234e-01
1.246367812156677246e+00
7.200865540653467178e-03
6.331174373626708984e+00
1.074970960617065430e+00
1.290932446718215942e-01
2.019911818206310272e-02
1.960309222340583801e-02
3.014871776103973389e-01
8.333877660334110260e-03
4.416504874825477600e-03
4.153927788138389587e-03
6.894087791442871094e-01
8.481601625680923462e-02
3.034201636910438538e-02
1.157219558954238892e-01
2.551175467669963837e-02
3.008338212966918945e-01
4.348549246788024902e-01
4.979691803455352783e-01
1.688148856163024902e+00
1.168019026517868042e-01
6.184547767043113708e-02
3.108106851577758789e-01
3.976248204708099365e-01
0.000000000000000000e+00
0.000000000000000000e+00
4.373979941010475159e-02
7.736376523971557617e-01
2.264900654554367065e-01
0.000000000000000000e+00
1.755252331495285034e-01
2.060147188603878021e-02
8.023019134998321533e-02
2.797008492052555084e-02
0.000000000000000000e+00
0.000000000000000000e+00
3.614867571741342545e-03
8.314234018325805664e-02
1.586891263723373413e-01
0.000000000000000000e+00
9.668566286563873291e-02
2.362623251974582672e-02
0.000000000000000000e+00
2.130279783159494400e-03
7.242283821105957031e-01
0.000000000000000000e+00
0.000000000000000000e+00
3.601564168930053711e-01
0.000000000000000000e+00
1.875336766242980957e-01
3.262653589248657227e+00
2.517887949943542480e-02
1.874845288693904877e-02
2.578304409980773926e-01
7.704610824584960938e-01
4.443277120590209961e-01
1.478449557907879353e-03
1.604945771396160126e-02
9.105654805898666382e-02
0.000000000000000000e+00
4.507378637790679932e-01
0.000000000000000000e+00
1.462419629096984863e-01
3.314774632453918457e-01
0.000000000000000000e+00
5.333442091941833496e-01
6.088752150535583496e-01
0.000000000000000000e+00
1.910769820213317871e+00
1.529166400432586670e-01
0.000000000000000000e+00
3.960911557078361511e-02
9.379867911338806152e-01
1.106903776526451111e-01
0.000000000000000000e+00
6.768808513879776001e-02
3.543642233125865459e-04
5.089620351791381836e-01
1.668728590011596680e+00
1.756718307733535767e-01
0.000000000000000000e+00
4.217969626188278198e-02
2.152136802673339844e+00
0.000000000000000000e+00
5.271679759025573730e-01
1.480381786823272705e-01
2.460850775241851807e-02
0.000000000000000000e+00
8.257785439491271973e-01
0.000000000000000000e+00
3.121026158332824707e-01
2.072459608316421509e-01
1.050141733139753342e-02
5.489759147167205811e-02
1.534920036792755127e-01
2.483568713068962097e-02
1.628050953149795532e-02
3.295381963253021240e-01
2.599875688552856445e+00
2.508921921253204346e-01
0.000000000000000000e+00
1.441966891288757324e-01
2.951162755489349365e-01
0.000000000000000000e+00
1.816780567169189453e-01
8.218473196029663086e-02
3.706901669502258301e-01
3.196536377072334290e-02
1.608699560165405273e-01
9.582158178091049194e-02
1.275036670267581940e-02
3.160749375820159912e-01
1.279693469405174255e-02
5.107495188713073730e-02
1.566434465348720551e-02
1.450103893876075745e-02
2.117578983306884766e-01
8.741686493158340454e-02
2.691744565963745117e-01
1.457311809062957764e-01
2.795231342315673828e+00
2.439867556095123291e-01
1.672340184450149536e-01
0.000000000000000000e+00
1.116471171379089355e+00
4.448056221008300781e-03
8.343758583068847656e-01
2.774847745895385742e-01
1.986721456050872803e-01
1.833844115026295185e-03
0.000000000000000000e+00
4.341816529631614685e-02
6.039211750030517578e+00
0.000000000000000000e+00
2.092824280261993408e-01
7.553206682205200195e-01
1.280689984560012817e-02
8.490393757820129395e-01
7.680867612361907959e-02
0.000000000000000000e+00
3.369151651859283447e-01
2.434279769659042358e-02
1.150617003440856934e+00
2.755186706781387329e-02
1.108473762869834900e-01
5.564385652542114258e-02
5.682531595230102539e-01
5.728672072291374207e-02
7.550541311502456665e-02
1.352551877498626709e-01
2.848547138273715973e-02
0.000000000000000000e+00
8.096410334110260010e-02
7.674721628427505493e-02
4.080308601260185242e-02
1.111115455627441406e+00
7.268369942903518677e-02
0.000000000000000000e+00
3.132832050323486328e-01
3.110999584197998047e+00
2.401471696794033051e-02
7.454561591148376465e-01
2.967430651187896729e-02
2.800844144076108932e-03
6.057904567569494247e-03
2.796121500432491302e-02
4.477624595165252686e-01
0.000000000000000000e+00
8.490895479917526245e-02
0.000000000000000000e+00
9.061156772077083588e-03
4.119100049138069153e-02
2.352972030639648438e-01
6.121488809585571289e-01
8.614177256822586060e-02
0.000000000000000000e+00
3.030964545905590057e-02
3.155672550201416016e-01
1.285039782524108887e-01
6.094909986131824553e-05
2.089293241500854492e+00
1.073502004146575928e-01
8.475171029567718506e-02
1.013587415218353271e-02
0.000000000000000000e+00
0.000000000000000000e+00
2.438821941614151001e-01
6.674045324325561523e-02
6.729272603988647461e-01
2.264012813568115234e+00
0.000000000000000000e+00
5.528819188475608826e-02
7.226383686065673828e-02
6.603804826736450195e-01
1.325701177120208740e-01
0.000000000000000000e+00
2.155760765075683594e+00
1.062321543693542480e+00
0.000000000000000000e+00
6.514969468116760254e-01
2.831397578120231628e-03
1.474082469940185547e-02
6.215029209852218628e-02
0.000000000000000000e+00
0.000000000000000000e+00
6.832908391952514648e-01
0.000000000000000000e+00
0.000000000000000000e+00
1.352035403251647949e+00
1.627621799707412720e-01
1.558678507804870605e+00
1.362783461809158325e-01
2.768523618578910828e-02
5.667763203382492065e-02
1.557420849800109863e+00
3.030275553464889526e-02
0.000000000000000000e+00
1.650004996918141842e-03
0.000000000000000000e+00
0.000000000000000000e+00
5.714965239167213440e-02
0.000000000000000000e+00
1.356550902128219604e-01
5.569871515035629272e-02
1.402804702520370483e-01
2.389299683272838593e-02
2.069116383790969849e-01
7.021591067314147949e-02
5.359306186437606812e-02
2.522525563836097717e-02
2.416677713394165039e+00
1.100794196128845215e+00
0.000000000000000000e+00
8.032474666833877563e-03
1.726314663887023926e+00
5.284096300601959229e-02
0.000000000000000000e+00
0.000000000000000000e+00
3.983758389949798584e-01
1.561340242624282837e-01
2.120903879404067993e-02
0.000000000000000000e+00
6.650339812040328979e-02
0.000000000000000000e+00
7.590655684471130371e-01
2.790928781032562256e-01
0.000000000000000000e+00
3.850064873695373535e-01
2.399793148040771484e+00
4.231408983469009399e-02
1.043140441179275513e-01
1.723561435937881470e-02
1.279949545860290527e-01
6.638783216476440430e-01
2.720376253128051758e-01
2.636375371366739273e-03
2.841427363455295563e-02
6.926239281892776489e-02
0.000000000000000000e+00
1.400381624698638916e-01
5.570909753441810608e-02
3.044977039098739624e-02
4.163313806056976318e-01
6.625280380249023438e-01
8.383277803659439087e-03
1.660748839378356934e+00
1.875049471855163574e-01
4.609642922878265381e-01
1.440071128308773041e-02
2.978532388806343079e-02
0.000000000000000000e+00
0.000000000000000000e+00
3.741910755634307861e-01
2.996986731886863708e-02
4.048222005367279053e-01
0.000000000000000000e+00
9.851072430610656738e-01
0.000000000000000000e+00
5.015550646930932999e-03
4.309353828430175781e-01
0.000000000000000000e+00
9.873423576354980469e-01
2.639617919921875000e+00
1.564132981002330780e-02
0.000000000000000000e+00
4.797298088669776917e-02
7.880213260650634766e-01
0.000000000000000000e+00
6.712260842323303223e-02
9.577666521072387695e-01
5.240788459777832031e-01
0.000000000000000000e+00
1.153755653649568558e-02
2.196327447891235352e-01
4.214916378259658813e-02
5.440728068351745605e-01
0.000000000000000000e+00
0.000000000000000000e+00
1.683002710342407227e-02
3.068315796554088593e-02
4.072937183082103729e-03
1.349332034587860107e-01
6.972309201955795288e-02
6.650901585817337036e-02
0.000000000000000000e+00
0.000000000000000000e+00
2.304191887378692627e-02
1.661949306726455688e-01
2.219873964786529541e-01
3.577013686299324036e-02
2.234697341918945312e-01
0.000000000000000000e+00
2.651380300521850586e-01
4.305677115917205811e-02
3.787383735179901123e-01
0.000000000000000000e+00
1.452014874666929245e-02
7.403624057769775391e-02
2.104562669992446899e-01
6.239648442715406418e-03
7.044594734907150269e-02
1.830105662345886230e+00
0.000000000000000000e+00
2.667984366416931152e-02
5.659902468323707581e-02
1.763250380754470825e-01
0.000000000000000000e+00
2.095106840133666992e+00
9.335696697235107422e-03
1.402802206575870514e-02
0.000000000000000000e+00
1.096364110708236694e-01
0.000000000000000000e+00
2.182715088129043579e-01
4.502382874488830566e-02
0.000000000000000000e+00
2.825297601521015167e-02
2.804915308952331543e-01
0.000000000000000000e+00
0.000000000000000000e+00
3.944862261414527893e-02
0.000000000000000000e+00
0.000000000000000000e+00
8.407182246446609497e-02
3.108630418777465820e+00
2.573897838592529297e+00
4.981988370418548584e-01
2.087847143411636353e-02
4.513402283191680908e-02
6.744515895843505859e-02
7.757239788770675659e-02
1.195714697241783142e-01
3.706238269805908203e-01
0.000000000000000000e+00
3.669735509902238846e-03
0.000000000000000000e+00
2.817946486175060272e-02
0.000000000000000000e+00
0.000000000000000000e+00
0.000000000000000000e+00
2.242558151483535767e-01
0.000000000000000000e+00
7.468482851982116699e-02
3.622691631317138672e-01
1.015751510858535767e-01
0.000000000000000000e+00
0.000000000000000000e+00
5.926708579063415527e-01
3.092181682586669922e-01
2.353595755994319916e-02
8.883688598871231079e-02
2.770971655845642090e-01
8.763205260038375854e-02
0.000000000000000000e+00
2.358228683471679688e+00
0.000000000000000000e+00
1.544618457555770874e-01
4.912554025650024414e-01
0.000000000000000000e+00
1.891391873359680176e-01
4.830455407500267029e-03
0.000000000000000000e+00
1.842856109142303467e-01
4.639877080917358398e-01
9.512677788734436035e-03
3.757691010832786560e-02
0.000000000000000000e+00
8.482518792152404785e-02
2.203582525253295898e-01
1.464415043592453003e-01
2.355987310409545898e+00
2.825791575014591217e-02
2.604776024818420410e-01
8.433728814125061035e-01
5.194961071014404297e+00
5.722635388374328613e-01
0.000000000000000000e+00
6.985937058925628662e-02
1.358656167984008789e+00
9.087909013032913208e-02
3.998578488826751709e-01
2.410037256777286530e-02
2.934210896492004395e-01
2.520071715116500854e-02
1.540215909481048584e-01
8.231968432664871216e-02
0.000000000000000000e+00
3.125716447830200195e+00
4.718719050288200378e-02
0.000000000000000000e+00
1.224880963563919067e-01
1.779500722885131836e+00
5.214663982391357422e+00
2.892928719520568848e-01
2.869183896109461784e-03
2.588333934545516968e-02
2.158727031201124191e-03
4.243823513388633728e-02
3.265213919803500175e-03
5.363715291023254395e-01
3.921461403369903564e-01
0.000000000000000000e+00
2.332817018032073975e-02
3.742522895336151123e-01
0.000000000000000000e+00
3.413225710391998291e-02
1.738992214202880859e+00
0.000000000000000000e+00
7.229904830455780029e-02
8.159703016281127930e-02
3.551821708679199219e-01
1.367293484508991241e-02
0.000000000000000000e+00
2.344388887286186218e-02
1.216948032379150391e+00
5.872766301035881042e-02
3.380948007106781006e-01
3.431055247783660889e-01
3.731546998023986816e-01
4.122871458530426025e-01
1.275174319744110107e-01
6.347336620092391968e-02
1.849699735641479492e+00
6.441945582628250122e-02
2.871717698872089386e-02
1.997189819812774658e-01
4.380901336669921875e+00
7.082636356353759766e-01
0.000000000000000000e+00
4.356338977813720703e-01
0.000000000000000000e+00
2.970790117979049683e-02
3.149119764566421509e-02
3.172772005200386047e-02
7.031631469726562500e-01
5.711343605071306229e-03
2.011824212968349457e-02
8.922226727008819580e-02
1.045509893447160721e-02
7.290083449333906174e-03
9.487774968147277832e-02
1.360342204570770264e-01
0.000000000000000000e+00
0.000000000000000000e+00
5.718357861042022705e-02
0.000000000000000000e+00
1.143095269799232483e-01
4.879714921116828918e-02
0.000000000000000000e+00
0.000000000000000000e+00
7.852564752101898193e-02
6.822682335041463375e-04
3.728785514831542969e+00
1.470827907323837280e-01
1.112302467226982117e-01
0.000000000000000000e+00
2.148371748626232147e-02
1.117495775222778320e+00
0.000000000000000000e+00
5.389825627207756042e-02
4.127662181854248047e-01
5.220943689346313477e-02
6.556267291307449341e-02
0.000000000000000000e+00
4.084125459194183350e-01
1.511899381875991821e-01
6.229787319898605347e-02
1.106392860412597656e+00
7.513793557882308960e-02
4.121232330799102783e-01
0.000000000000000000e+00
1.064685452729463577e-02
9.801392443478107452e-03
1.634155400097370148e-02
1.884194612503051758e-01
0.000000000000000000e+00
1.846394777297973633e+00
6.081328392028808594e-01
1.616221107542514801e-02
4.308565855026245117e-01
8.425909280776977539e-01
7.599113583564758301e-01
1.783861875534057617e+00
1.266623139381408691e-01
1.144988164305686951e-01
1.104211807250976562e-02
1.571865528821945190e-01
4.270246922969818115e-01
9.708158671855926514e-03
4.418178647756576538e-02
8.469920158386230469e-01
1.617382168769836426e+00
3.344416618347167969e-01
4.018053710460662842e-01
0.000000000000000000e+00
2.450964212417602539e+00
0.000000000000000000e+00
1.853404194116592407e-01
1.026840567588806152e+00
1.008329316973686218e-01
1.501366198062896729e-01
1.656292080879211426e-01
0.000000000000000000e+00
4.665113985538482666e-01
4.424743726849555969e-02
0.000000000000000000e+00
3.874461865052580833e-03
1.842036694288253784e-01
3.494064509868621826e-01
0.000000000000000000e+00
2.647206187248229980e-01
0.000000000000000000e+00
3.641255795955657959e-01
1.859635710716247559e-01
2.290340512990951538e-01
1.048677321523427963e-02
4.395506903529167175e-02
3.358147144317626953e-01
2.175235748291015625e-02
0.000000000000000000e+00
2.043603658676147461e-01
2.109915390610694885e-02
1.542087495326995850e-01
7.151880115270614624e-02
6.432928889989852905e-02
2.387969382107257843e-02
2.901277244091033936e-01
3.761550784111022949e-01
1.164360903203487396e-02
0.000000000000000000e+00
0.000000000000000000e+00
1.464871913194656372e-01
0.000000000000000000e+00
2.775866985321044922e-01
4.121619835495948792e-02
2.658443152904510498e-01
0.000000000000000000e+00
6.124203205108642578e-01
4.536136150360107422e+00
0.000000000000000000e+00
1.482144147157669067e-01
2.796383202075958252e-01
3.253972157835960388e-02
0.000000000000000000e+00
0.000000000000000000e+00
4.931454062461853027e-01
1.442573498934507370e-03
2.865823507308959961e-01
2.820846997201442719e-02
1.220525950193405151e-01
1.549291331321001053e-02
2.347222864627838135e-01
5.123343691229820251e-02
6.955248769372701645e-03
1.368036866188049316e-01
5.702441185712814331e-02
6.407180428504943848e-02
0.000000000000000000e+00
0.000000000000000000e+00
1.809502579271793365e-02
1.173549219965934753e-01
6.561318039894104004e-01
5.027198195457458496e-01
2.462684512138366699e-01
0.000000000000000000e+00
6.345727294683456421e-02
0.000000000000000000e+00
7.825516462326049805e-01
0.000000000000000000e+00
1.896494776010513306e-01
2.308074086904525757e-01
0.000000000000000000e+00
1.574482619762420654e-01
0.000000000000000000e+00
1.141919381916522980e-02
0.000000000000000000e+00
2.451405376195907593e-01
6.537774950265884399e-02
8.405673503875732422e-02
0.000000000000000000e+00
3.025079146027565002e-03
1.127446157624945045e-04
1.870016306638717651e-01
1.520784497261047363e+00
0.000000000000000000e+00
8.558712601661682129e-01
2.483155578374862671e-02
4.811633825302124023e-01
0.000000000000000000e+00
1.738339304924011230e+00
8.600130677223205566e-01
0.000000000000000000e+00
6.804113090038299561e-02
