1.774090975522994995e-01
1.729215085506439209e-01
0.000000000000000000e+00
3.788313865661621094e-01
2.480125427246093750e-01
1.052161119878292084e-02
7.511640191078186035e-01
6.373271346092224121e-02
1.100900650024414062e+00
5.016674518585205078e+00
1.450233906507492065e-01
3.740723133087158203e-01
2.729501947760581970e-02
0.000000000000000000e+00
9.095345139503479004e-01
4.236266016960144043e-01
0.000000000000000000e+00
2.102228626608848572e-02
3.480334281921386719e-01
4.682205319404602051e-01
7.982332259416580200e-02
3.377904649823904037e-03
7.376027107238769531e-01
8.284427225589752197e-03
8.769324421882629395e-01
7.349053025245666504e-02
2.178988307714462280e-01
9.269021749496459961e-01
1.680897325277328491e-01
9.641188979148864746e-01
9.924758225679397583e-02
4.397671669721603394e-02
1.119780018925666809e-01
1.530873775482177734e-01
6.471186876296997070e-02
2.282588005065917969e+00
3.192916810512542725e-01
1.051091790199279785e+00
2.160134026780724525e-03
4.340535402297973633e-02
4.784992337226867676e-01
4.363130033016204834e-02
8.796277046203613281e-01
1.184272170066833496e+00
6.645266897976398468e-03
2.498926669359207153e-01
5.917822197079658508e-02
5.692984536290168762e-02
2.889865078032016754e-02
9.353333115577697754e-01
1.345598101615905762e-01
8.701501786708831787e-02
4.857457876205444336e-01
4.667700529098510742e-01
4.389945417642593384e-03
7.616963982582092285e-01
0.000000000000000000e+00
1.871601790189743042e-01
1.124667227268218994e-01
2.847441136837005615e-01
1.850488781929016113e+00
0.000000000000000000e+00
5.290892124176025391e-01
2.378832735121250153e-02
3.189136087894439697e-01
8.071684092283248901e-02
2.516686320304870605e-01
3.574091941118240356e-02
1.797457924112677574e-03
4.523712098598480225e-01
6.124804913997650146e-02
5.445511341094970703e-01
8.463093638420104980e-01
3.486425429582595825e-02
4.637749195098876953e-01
4.908165335655212402e-01
1.515120625495910645e+00
1.179607063531875610e-01
2.863953709602355957e-01
8.466008119285106659e-03
4.436495900154113770e-01
1.343714892864227295e-01
4.745116829872131348e-01
0.000000000000000000e+00
1.419798731803894043e-01
3.203075006604194641e-02
2.897886373102664948e-02
2.277449220418930054e-01
1.737467646598815918e-01
6.704378128051757812e-02
4.180075228214263916e-01
0.000000000000000000e+00
6.219870597124099731e-02
1.209213584661483765e-01
1.228085517883300781e+00
0.000000000000000000e+00
0.000000000000000000e+00
8.114452958106994629e-01
5.217568874359130859e-01
8.103822469711303711e-01
0.000000000000000000e+00
3.770024478435516357e-01
9.792576432228088379e-01
6.892064809799194336e-01
4.495446085929870605e-01
5.727484226226806641e-01
0.000000000000000000e+00
3.566354513168334961e-01
4.111207276582717896e-02
2.339736223220825195e+00
1.305461227893829346e-01
3.776326179504394531e-01
5.351565480232238770e-01
5.063194781541824341e-02
2.177867293357849121e-02
4.094086587429046631e-01
6.537981331348419189e-03
3.181503117084503174e-01
9.698210656642913818e-02
6.995974779129028320e-01
1.461435556411743164e-01
1.528293192386627197e-01
1.966474533081054688e+00
6.452487409114837646e-02
1.334094405174255371e-01
1.559937745332717896e-01
5.974166393280029297e-01
1.065947264432907104e-01
2.471896708011627197e-01
2.769632041454315186e-01
4.449878931045532227e-01
1.486096858978271484e+00
5.267593543976545334e-03
1.892423778772354126e-01
1.405750662088394165e-01
6.635385751724243164e-02
3.678822517395019531e-01
3.607867360115051270e-01
3.286370754241943359e+00
4.573114812374114990e-01
3.923448324203491211e-01
8.047682046890258789e-02
2.996838569641113281e+00
3.068867027759552002e-01
3.400356471538543701e-01
8.948484435677528381e-03
2.330274343490600586e+00
1.312085241079330444e-01
1.277352869510650635e-01
9.989182651042938232e-02
1.450840979814529419e-01
7.396244406700134277e-01
6.429103016853332520e-02
0.000000000000000000e+00
5.230522751808166504e-01
0.000000000000000000e+00
2.039371728897094727e-01
4.264643788337707520e-01
1.503570470958948135e-02
1.829212307929992676e+00
7.503479719161987305e-02
1.532311439514160156e+00
2.873756587505340576e-01
1.651885546743869781e-02
1.222006902098655701e-01
2.396266758441925049e-01
3.262095451354980469e-01
1.034708693623542786e-01
3.249269723892211914e+00
1.682119518518447876e-01
6.904244422912597656e-01
7.705635428428649902e-01
1.413549900054931641e+00
1.121834963560104370e-01
1.240030005574226379e-01
5.595241114497184753e-02
6.188331171870231628e-02
2.897427976131439209e-02
3.418181538581848145e-01
2.037859987467527390e-03
3.293911814689636230e-01
9.497219324111938477e-02
4.215993359684944153e-02
3.282950818538665771e-02
4.905689656734466553e-01
2.165055990219116211e+00
7.910417914390563965e-01
8.001272082328796387e-01
1.135153472423553467e-01
1.447502374649047852e-01
0.000000000000000000e+00
1.073006615042686462e-01
5.522531922906637192e-03
4.602411687374114990e-01
1.249790117144584656e-01
3.859380006790161133e+00
1.970835775136947632e-01
5.652599781751632690e-02
4.763473570346832275e-01
4.303072392940521240e-01
4.510485380887985229e-02
4.342021420598030090e-02
2.717052102088928223e-01
4.320419102441519499e-04
8.220195770263671875e-03
5.274891853332519531e+00
8.544250726699829102e-01
4.018974490463733673e-03
0.000000000000000000e+00
2.077272385358810425e-01
2.954010069370269775e-01
7.014775872230529785e-01
1.216401830315589905e-01
2.430335432291030884e-02
2.135737240314483643e-01
7.584334164857864380e-02
3.894539922475814819e-02
1.087121725082397461e+00
2.368979156017303467e-01
3.641652107238769531e+00
8.735807538032531738e-01
1.842344403266906738e-01
3.511958599090576172e+00
5.277930945158004761e-02
4.500385224819183350e-01
1.853672266006469727e+00
1.342997699975967407e-01
1.069581270217895508e+00
7.528336048126220703e-01
0.000000000000000000e+00
0.000000000000000000e+00
1.376040577888488770e-01
2.762353897094726562e+00
4.490611329674720764e-02
9.217016100883483887e-01
3.278037905693054199e-01
0.000000000000000000e+00
1.656611263751983643e-01
1.960944980382919312e-01
1.404678821563720703e-01
2.255139313638210297e-02
5.298629030585289001e-02
1.933416873216629028e-01
1.920923471450805664e+00
1.889181733131408691e-01
7.742777466773986816e-02
0.000000000000000000e+00
1.851730942726135254e-01
1.331669986248016357e-01
1.286673545837402344e+00
2.522708475589752197e-02
1.704053729772567749e-01
9.324350953102111816e-02
6.001564264297485352e-01
5.180681124329566956e-02
0.000000000000000000e+00
2.630666732788085938e+00
9.059555530548095703e-01
9.444230794906616211e-02
3.520604670047760010e-01
5.500460863113403320e-01
2.085432559251785278e-01
1.877583116292953491e-01
1.095284223556518555e-01
6.619940996170043945e-01
0.000000000000000000e+00
1.664568781852722168e-01
6.831908822059631348e-01
2.596292257308959961e+00
3.931740283966064453e+00
0.000000000000000000e+00
8.761804699897766113e-01
1.287622451782226562e+00
6.908635497093200684e-01
3.508846044540405273e+00
3.171706438064575195e+00
1.446215867996215820e+00
3.262121677398681641e-01
6.721225380897521973e-01
1.267085969448089600e-02
1.377195566892623901e-01
5.745532512664794922e-01
1.120759919285774231e-02
1.875368952751159668e-01
0.000000000000000000e+00
2.592288970947265625e+00
0.000000000000000000e+00
1.254689693450927734e+00
1.199811324477195740e-01
6.570978760719299316e-01
8.587546646595001221e-03
3.011903047561645508e+00
1.181046485900878906e+00
6.052814051508903503e-02
1.338343918323516846e-01
5.803313255310058594e-01
3.836909830570220947e-01
2.018298357725143433e-01
6.860767304897308350e-02
2.581158466637134552e-02
0.000000000000000000e+00
3.512015938758850098e-01
5.997473001480102539e-01
2.541183829307556152e-01
3.735361248254776001e-02
0.000000000000000000e+00
7.694888114929199219e-01
4.790394306182861328e+00
3.028298616409301758e-01
7.704625129699707031e-01
1.088346391916275024e-01
6.369099617004394531e-01
4.114586710929870605e-01
0.000000000000000000e+00
6.938056349754333496e-01
4.269564151763916016e-01
9.919840097427368164e-01
3.859083354473114014e-01
4.627606868743896484e-01
1.503166407346725464e-01
1.868548919446766376e-03
2.829218748956918716e-03
1.443232297897338867e+00
2.381674200296401978e-02
1.510068178176879883e-01
1.028534650802612305e+00
1.084262430667877197e-01
1.183127388358116150e-01
1.633295044302940369e-02
1.121692538261413574e+00
1.488428115844726562e-01
6.018110513687133789e-01
6.116924341768026352e-03
7.715461850166320801e-01
6.696408987045288086e-01
3.989213407039642334e-01
5.675366520881652832e-01
0.000000000000000000e+00
8.221165537834167480e-01
1.313580274581909180e-01
0.000000000000000000e+00
1.705280900001525879e+00
2.189948558807373047e+00
7.765621542930603027e-01
0.000000000000000000e+00
4.315430670976638794e-02
3.104574680328369141e-01
0.000000000000000000e+00
1.252661585807800293e+00
3.451531007885932922e-02
1.205224618315696716e-01
1.412913948297500610e-02
7.747604846954345703e-01
5.576689243316650391e-01
3.185887932777404785e-01
0.000000000000000000e+00
1.880893349647521973e+00
1.583572506904602051e+00
2.772697508335113525e-01
2.734578847885131836e-01
4.200838040560483932e-03
1.636601805686950684e+00
0.000000000000000000e+00
9.982023388147354126e-02
7.105358839035034180e-01
0.000000000000000000e+00
4.340632557868957520e-01
2.486073784530162811e-02
2.823717892169952393e-02
1.178603991866111755e-02
7.770850658416748047e-01
1.025476828217506409e-01
5.204694718122482300e-02
1.501903176307678223e+00
0.000000000000000000e+00
3.725298447534441948e-03
4.818536043167114258e-01
1.556297391653060913e-01
1.293883204460144043e+00
2.833032310009002686e-01
2.639029264450073242e+00
2.175134569406509399e-01
3.072988688945770264e-01
4.761059582233428955e-02
5.040966868400573730e-01
4.793862998485565186e-02
2.968780100345611572e-01
4.804533421993255615e-01
0.000000000000000000e+00
2.245406806468963623e-02
4.480094462633132935e-02
4.189903140068054199e-01
9.712368249893188477e-02
3.632715716958045959e-02
0.000000000000000000e+00
4.743964195251464844e+00
2.269886881113052368e-01
6.444213390350341797e-01
2.351318895816802979e-01
6.722769141197204590e-02
3.338376581668853760e-01
7.794592976570129395e-01
8.079437017440795898e-01
1.745489090681076050e-01
2.856027893722057343e-02
2.614045143127441406e-01
0.000000000000000000e+00
1.505721569061279297e+00
3.864809870719909668e-02
4.974883794784545898e-02
1.162847995758056641e+00
4.925692826509475708e-02
5.024562403559684753e-02
1.009727835655212402e+00
6.479147076606750488e-01
3.000442385673522949e-01
1.225026845932006836e+00
7.738433778285980225e-02
3.197252511978149414e+00
3.739948272705078125e-01
0.000000000000000000e+00
1.608911603689193726e-01
2.447242885828018188e-01
0.000000000000000000e+00
8.369567990303039551e-01
2.320515364408493042e-01
3.312125682830810547e+00
7.832214236259460449e-01
1.418114155530929565e-01
1.119389608502388000e-01
6.455440074205398560e-02
9.728758037090301514e-02
5.374217033386230469e-01
2.229702770709991455e-01
3.549581170082092285e-01
9.760460853576660156e-01
1.769717335700988770e+00
0.000000000000000000e+00
7.024014741182327271e-02
5.955279469490051270e-01
1.236422419548034668e+00
5.376350507140159607e-02
3.070876002311706543e-02
1.065535657107830048e-02
2.768328666687011719e+00
6.029845401644706726e-02
6.584144383668899536e-02
1.074507832527160645e-01
1.230140328407287598e-01
0.000000000000000000e+00
1.143590688705444336e+00
4.656755626201629639e-01
2.644116990268230438e-02
3.936151981353759766e+00
0.000000000000000000e+00
4.125618934631347656e-01
7.721664309501647949e-01
4.425293579697608948e-02
2.953016757965087891e-01
1.006955001503229141e-02
3.510841866955161095e-03
5.387908592820167542e-02
7.676009535789489746e-01
0.000000000000000000e+00
2.755978345870971680e+00
4.299252852797508240e-02
6.246188655495643616e-03
1.585015207529067993e-01
4.435116425156593323e-02
3.316974341869354248e-01
9.823992103338241577e-02
1.966079831123352051e+00
7.607139348983764648e-01
1.784479431807994843e-02
6.297630071640014648e-01
2.500972032546997070e+00
1.704920530319213867e-01
1.549408793449401855e+00
4.470806598663330078e+00
1.540869772434234619e-01
0.000000000000000000e+00
4.152088239789009094e-02
0.000000000000000000e+00
8.200826644897460938e-01
1.671197652816772461e+00
1.601490527391433716e-01
0.000000000000000000e+00
3.023049831390380859e-01
1.364445835351943970e-01
0.000000000000000000e+00
1.562799364328384399e-01
1.012462675571441650e-01
3.355337679386138916e-01
0.000000000000000000e+00
9.612958431243896484e-01
7.943759858608245850e-02
5.178764820098876953e+00
3.955394744873046875e+00
1.075580239295959473e+00
3.750542879104614258e+00
5.788390059024095535e-03
0.000000000000000000e+00
4.056300036609172821e-03
3.760977648198604584e-03
1.277589440345764160e+00
8.445281982421875000e-01
3.897921368479728699e-02
0.000000000000000000e+00
1.298836231231689453e+00
0.000000000000000000e+00
7.122892141342163086e-01
3.691973090171813965e-01
3.953281641006469727e-01
2.634417533874511719e+00
1.844328761100769043e+00
1.850613020360469818e-02
2.278725385665893555e+00
7.877216488122940063e-02
2.714040279388427734e-01
7.746281027793884277e-01
1.182242333889007568e-01
2.125402539968490601e-02
3.824157416820526123e-01
1.489378333091735840e+00
8.682115375995635986e-02
1.377072811126708984e+00
0.000000000000000000e+00
2.107276469469070435e-01
8.565987460315227509e-03
7.603875994682312012e-01
1.454619038850069046e-02
1.617891490459442139e-01
1.016718029975891113e+00
2.489968538284301758e-01
2.166028261184692383e+00
1.845247864723205566e+00
4.319107234477996826e-01
0.000000000000000000e+00
2.307304292917251587e-01
2.851541996002197266e+00
4.882133603096008301e-01
8.483018726110458374e-02
3.900621235370635986e-01
4.100047796964645386e-02
1.441247574985027313e-02
4.582501649856567383e-01
1.332970142364501953e+00
1.269843280315399170e-01
0.000000000000000000e+00
3.505534231662750244e-01
5.629028677940368652e-01
3.976611793041229248e-02
1.515741273760795593e-02
9.785722196102142334e-02
0.000000000000000000e+00
2.093439176678657532e-02
4.681707918643951416e-01
4.526129364967346191e-02
1.706725955009460449e+00
7.235638052225112915e-02
5.375079512596130371e-01
0.000000000000000000e+00
3.951374441385269165e-02
3.194055855274200439e-01
0.000000000000000000e+00
8.490058034658432007e-02
9.183296561241149902e-01
7.638833671808242798e-02
1.340362280607223511e-01
5.907177329063415527e-01
7.813848257064819336e-01
4.509732127189636230e-02
4.205480813980102539e-01
6.622139364480972290e-03
1.172145962715148926e+00
9.593549370765686035e-02
3.872953820973634720e-03
1.732002735137939453e+00
6.004856899380683899e-02
1.126422286033630371e-01
2.557352930307388306e-02
2.047684341669082642e-01
1.212659120559692383e+00
1.138022065162658691e+00
9.343639016151428223e-02
5.262597084045410156e+00
5.347744226455688477e-01
8.466802835464477539e-01
4.893099665641784668e-01
5.946379899978637695e-02
4.320344030857086182e-01
3.492383480072021484e+00
1.636468432843685150e-02
0.000000000000000000e+00
2.322106994688510895e-02
4.300929546356201172e+00
7.540133595466613770e-01
6.809507608413696289e-01
3.546899557113647461e-01
1.057543516159057617e+00
1.094960689544677734e+00
6.648048292845487595e-04
3.262208104133605957e-01
3.136848211288452148e+00
1.911946013569831848e-02
7.113711833953857422e-01
1.133561134338378906e-02
8.212274312973022461e-02
6.342518329620361328e-02
1.387957811355590820e+00
4.613824188709259033e-02
1.100616574287414551e+00
2.483718395233154297e-01
9.834209084510803223e-01
1.245409697294235229e-01
3.244297951459884644e-02
1.013151288032531738e+00
1.864745467901229858e-01
3.093441009521484375e+00
3.166778564453125000e+00
7.262774109840393066e-01
9.868515655398368835e-03
5.196641013026237488e-02
3.665705323219299316e-01
1.607416391372680664e+00
3.318993374705314636e-02
9.787515550851821899e-02
2.632237076759338379e-01
1.048138644546270370e-02
6.531658023595809937e-02
1.524297714233398438e+00
3.671334683895111084e-01
1.875284194946289062e+00
0.000000000000000000e+00
4.490225613117218018e-01
0.000000000000000000e+00
2.416961127892136574e-03
0.000000000000000000e+00
1.706002652645111084e-02
1.281719058752059937e-01
0.000000000000000000e+00
2.649068832397460938e-01
4.679058074951171875e+00
1.932703852653503418e-01
4.216807484626770020e-01
3.132004737854003906e-01
4.954327046871185303e-01
5.388332009315490723e-01
4.543652534484863281e-01
1.554020792245864868e-01
4.776138067245483398e-01
2.316154772415757179e-03
1.852861642837524414e-01
4.427446722984313965e-01
5.201084073632955551e-03
1.852436661720275879e-01
1.115460991859436035e-01
3.754074573516845703e-01
4.801869764924049377e-02
7.412548661231994629e-01
1.249782681465148926e+00
1.704821139574050903e-01
1.435073733329772949e+00
2.698540091514587402e-01
6.458021402359008789e-01
5.174782872200012207e-02
0.000000000000000000e+00
1.597955077886581421e-01
2.983641438186168671e-02
4.273789376020431519e-02
1.700950972735881805e-02
1.607336878776550293e+00
8.905047774314880371e-01
2.187869787216186523e+00
6.649236381053924561e-02
9.429249763488769531e-01
1.064549446105957031e+00
2.646894380450248718e-02
4.435302615165710449e-01
9.302953630685806274e-02
4.553649425506591797e-01
1.074062958359718323e-01
8.353159576654434204e-02
7.318236678838729858e-02
5.496715307235717773e-01
1.556603610515594482e-01
1.946873031556606293e-02
8.919751644134521484e-02
4.939647316932678223e-01
2.582390010356903076e-01
8.437256813049316406e-01
0.000000000000000000e+00
9.162225574254989624e-02
2.724300324916839600e-01
8.446136489510536194e-03
1.112863942980766296e-01
0.000000000000000000e+00
0.000000000000000000e+00
6.692829728126525879e-02
1.186079859733581543e+00
1.942389965057373047e+00
2.369787991046905518e-01
6.746594607830047607e-02
9.492508172988891602e-01
1.869740337133407593e-02
3.028047978878021240e-01
0.000000000000000000e+00
2.754089236259460449e-01
0.000000000000000000e+00
9.100033342838287354e-02
1.140467450022697449e-02
5.924866199493408203e-01
3.074664771556854248e-01
2.766692936420440674e-01
1.400540113449096680e+00
0.000000000000000000e+00
3.911371529102325439e-02
2.885561585426330566e-01
3.664792180061340332e-01
4.340765252709388733e-02
0.000000000000000000e+00
4.621390998363494873e-01
1.826249621808528900e-02
3.211863636970520020e-01
1.521702647209167480e+00
1.639273464679718018e-01
4.639757052063941956e-02
5.349936485290527344e-01
5.402505993843078613e-01
6.140608340501785278e-02
1.831450909376144409e-01
9.577544331550598145e-01
7.314910888671875000e-01
6.339066028594970703e-01
0.000000000000000000e+00
4.114420413970947266e-01
6.986138224601745605e-01
2.066200226545333862e-01
7.717460393905639648e-01
7.866018265485763550e-02
1.235549449920654297e+00
0.000000000000000000e+00
0.000000000000000000e+00
3.491268455982208252e-01
1.117838859558105469e+00
8.304312080144882202e-02
1.559631228446960449e+00
8.829020261764526367e-01
1.552181392908096313e-01
6.034203171730041504e-01
3.306220844388008118e-02
1.123016357421875000e+00
7.535045146942138672e-01
2.791721522808074951e-01
1.763563416898250580e-02
0.000000000000000000e+00
4.583796560764312744e-01
6.130988150835037231e-02
5.871466994285583496e-01
2.510818719863891602e+00
0.000000000000000000e+00
2.362433522939682007e-01
0.000000000000000000e+00
1.042335629463195801e+00
2.478960514068603516e+00
2.195924147963523865e-02
6.888736784458160400e-02
1.239561960101127625e-01
2.866965830326080322e-01
2.830761432647705078e+00
4.705395698547363281e-01
1.291879359632730484e-02
2.802190303802490234e+00
6.947314143180847168e-01
3.607563257217407227e+00
7.678812146186828613e-01
5.682688951492309570e-01
0.000000000000000000e+00
2.155285358428955078e+00
0.000000000000000000e+00
3.819174766540527344e-01
3.218228369951248169e-02
0.000000000000000000e+00
3.571853339672088623e-01
0.000000000000000000e+00
2.402973175048828125e-02
9.877179265022277832e-01
3.126448690891265869e-01
8.435209393501281738e-01
2.872378587722778320e+00
6.189119338989257812e+00
1.136887446045875549e-01
7.553492188453674316e-01
1.104588285088539124e-01
1.961649628356099129e-03
3.792997598648071289e-01
2.706355787813663483e-02
5.757710337638854980e-01
1.654748469591140747e-01
1.035505294799804688e+00
1.902393400669097900e-01
6.849158406257629395e-01
7.830210775136947632e-02
5.726915970444679260e-02
1.248359680175781250e+00
1.082087233662605286e-01
3.781827092170715332e-01
4.194676876068115234e+00
3.026047945022583008e+00
0.000000000000000000e+00
4.090152978897094727e-01
1.245207190513610840e+00
3.864482417702674866e-02
1.973411738872528076e-01
1.066248789429664612e-01
1.440130174160003662e-01
8.809036761522293091e-02
5.188987776637077332e-02
2.066401392221450806e-01
3.367428183555603027e-01
2.219315618276596069e-03
1.498930156230926514e-01
9.704129397869110107e-02
2.956118285655975342e-01
1.090773940086364746e-01
6.926201581954956055e-01
5.995264649391174316e-02
1.252165436744689941e-01
4.656565487384796143e-01
1.020960807800292969e+00
1.530554443597793579e-01
6.235858425498008728e-02
1.054540157318115234e+00
5.698238611221313477e-01
0.000000000000000000e+00
2.754262089729309082e-02
2.686253376305103302e-02
7.622472941875457764e-02
3.468602895736694336e-02
1.009930521249771118e-01
4.949188232421875000e-01
1.137855529785156250e+00
1.611027956008911133e+00
2.164494432508945465e-02
9.153947234153747559e-02
4.187701046466827393e-01
6.919614970684051514e-02
9.719591140747070312e-01
9.604271054267883301e-01
1.940508931875228882e-01
1.029038801789283752e-02
3.338048979640007019e-02
4.353342354297637939e-01
1.178599311970174313e-03
1.179596900939941406e+00
2.154760211706161499e-01
7.184357047080993652e-01
3.566946461796760559e-02
4.818437155336141586e-03
0.000000000000000000e+00
1.003846642561256886e-03
0.000000000000000000e+00
5.645498037338256836e-01
3.562688112258911133e+00
2.874195098876953125e+00
3.623518645763397217e-01
1.250006607733666897e-03
2.638573348522186279e-01
2.451176345348358154e-01
2.864896297454833984e+00
2.118300795555114746e-01
5.093107223510742188e-01
2.214542031288146973e-02
1.783473342657089233e-01
3.893393278121948242e-01
6.556759774684906006e-02
9.398893266916275024e-02
0.000000000000000000e+00
1.316944062709808350e-01
5.065228939056396484e-01
3.833898305892944336e-01
3.345254659652709961e-01
3.080253899097442627e-01
0.000000000000000000e+00
2.004983901977539062e+00
1.446386575698852539e-01
9.986623376607894897e-02
0.000000000000000000e+00
1.466037154197692871e+00
3.530385792255401611e-01
2.974328756332397461e+00
3.360911905765533447e-01
3.102173089981079102e+00
6.742763519287109375e-02
0.000000000000000000e+00
1.420856565237045288e-01
2.871194362640380859e+00
1.660133004188537598e+00
0.000000000000000000e+00
7.162238657474517822e-02
1.461163312196731567e-01
3.377121314406394958e-02
3.066866658627986908e-03
4.574433267116546631e-01
3.209195137023925781e-01
4.620841741561889648e-01
7.822690010070800781e-01
1.598405957221984863e+00
4.014303982257843018e-01
2.460982277989387512e-02
4.340380430221557617e-01
2.136643826961517334e-01
1.331459999084472656e+00
1.237349286675453186e-01
1.170772537589073181e-01
0.000000000000000000e+00
4.479276947677135468e-03
1.121006608009338379e-01
1.529415845870971680e-01
1.533183693885803223e+00
2.696618735790252686e-01
2.982057332992553711e-01
6.237666010856628418e-01
1.116684302687644958e-01
5.016869306564331055e-01
1.953184843063354492e+00
6.045187115669250488e-01
3.162330389022827148e-02
1.377837955951690674e-01
1.971698105335235596e-01
0.000000000000000000e+00
8.795015513896942139e-02
2.321439087390899658e-01
0.000000000000000000e+00
3.666950464248657227e+00
1.300991512835025787e-02
8.618101477622985840e-02
5.540382862091064453e-01
6.850389838218688965e-01
3.717926517128944397e-02
0.000000000000000000e+00
2.989144027233123779e-01
3.085302747786045074e-02
1.939873397350311279e-01
7.872828245162963867e-01
3.560952376574277878e-03
8.801230788230895996e-02
8.148173093795776367e-01
1.033716917037963867e+00
6.972938030958175659e-02
0.000000000000000000e+00
7.917556166648864746e-01
5.131077393889427185e-02
9.744026511907577515e-02
0.000000000000000000e+00
2.205867879092693329e-02
0.000000000000000000e+00
1.799273133277893066e+00
1.627972871065139771e-01
3.699461221694946289e+00
1.360515356063842773e+00
1.143493577837944031e-01
9.771889448165893555e-01
2.141631990671157837e-01
1.436538845300674438e-01
3.025771856307983398e+00
3.218818828463554382e-02
1.831859499216079712e-01
2.798084318637847900e-01
2.648311667144298553e-02
3.373442888259887695e+00
4.408721923828125000e+00
3.448713943362236023e-02
2.483861893415451050e-01
0.000000000000000000e+00
0.000000000000000000e+00
1.366963028907775879e+00
1.484582871198654175e-01
0.000000000000000000e+00
0.000000000000000000e+00
4.244068562984466553e-01
1.352946281433105469e+00
4.023858308792114258e-01
5.446814298629760742e-01
2.531784176826477051e-01
6.937991827726364136e-02
7.858579158782958984e-01
1.136548444628715515e-02
1.982543766498565674e-01
0.000000000000000000e+00
1.427906274795532227e+00
2.899467051029205322e-01
2.644039630889892578e+00
2.343812286853790283e-01
3.430015742778778076e-01
2.053841575980186462e-02
1.313764095306396484e+00
0.000000000000000000e+00
2.875107824802398682e-01
2.139931917190551758e+00
3.270909488201141357e-01
2.293723970651626587e-01
1.405512392520904541e-01
5.814791917800903320e-01
4.267540872097015381e-01
3.654302954673767090e-01
4.875760674476623535e-01
1.975854039192199707e+00
4.157944768667221069e-02
6.093263626098632812e-01
3.050475716590881348e-01
3.197958767414093018e-01
7.653526663780212402e-01
4.311024844646453857e-01
3.376847028732299805e+00
1.472679674625396729e-01
1.748728752136230469e+00
9.605436772108078003e-02
4.247188568115234375e-02
7.428939640522003174e-02
1.054501235485076904e-01
6.558219790458679199e-01
2.815783023834228516e-01
2.092332988977432251e-01
1.084652319550514221e-01
5.461511760950088501e-02
1.551249623298645020e-01
1.502231508493423462e-01
4.655180871486663818e-01
1.022953763604164124e-01
1.732811629772186279e-01
3.090603947639465332e-01
6.109829992055892944e-02
1.403373549692332745e-03
1.485967189073562622e-01
2.444103360176086426e-02
8.220392465591430664e-02
7.482815533876419067e-02
0.000000000000000000e+00
3.799216747283935547e-01
2.187581360340118408e-01
4.449101537466049194e-02
7.883199453353881836e-01
1.495137512683868408e-01
1.322039216756820679e-01
1.239449143409729004e+00
9.204177856445312500e-01
0.000000000000000000e+00
9.424741864204406738e-01
1.631143093109130859e+00
2.419759333133697510e-02
1.583533048629760742e+00
1.287989616394042969e-01
5.595905240625143051e-03
1.787794828414916992e-01
8.123101294040679932e-02
2.368511676788330078e+00
6.025919914245605469e-01
4.817237704992294312e-02
2.779703736305236816e-01
6.430053710937500000e-01
9.107085466384887695e-01
2.750468254089355469e-01
1.648374646902084351e-02
1.183517202734947205e-01
0.000000000000000000e+00
1.078154295682907104e-01
2.857355475425720215e-01
9.190808236598968506e-02
6.976712346076965332e-01
9.292321652173995972e-02
1.163488984107971191e+00
2.582976102828979492e+00
2.285889163613319397e-02
3.753485679626464844e-01
1.538344025611877441e-01
0.000000000000000000e+00
0.000000000000000000e+00
4.902710020542144775e-01
5.961661934852600098e-01
5.783575773239135742e-01
3.718191981315612793e-01
6.817741785198450089e-03
1.741269826889038086e-01
2.740953117609024048e-03
7.402808666229248047e-01
0.000000000000000000e+00
1.337981224060058594e-01
6.714925169944763184e-02
6.259658187627792358e-02
2.216070592403411865e-01
2.886790931224822998e-01
1.266910791397094727e+00
2.024569034576416016e+00
3.152420222759246826e-01
3.760435059666633606e-02
5.192502140998840332e-01
4.094024896621704102e-01
2.744182348251342773e-01
6.889799237251281738e-01
2.745285332202911377e-01
1.466989964246749878e-01
0.000000000000000000e+00
4.100423455238342285e-01
7.374414801597595215e-01
4.219369292259216309e-01
9.922622889280319214e-02
7.917703390121459961e-01
5.869906768202781677e-02
1.240806579589843750e-01
0.000000000000000000e+00
0.000000000000000000e+00
2.436354011297225952e-02
5.067151188850402832e-01
8.110933303833007812e+00
0.000000000000000000e+00
0.000000000000000000e+00
8.630157262086868286e-02
1.492261141538619995e-01
5.745375156402587891e-01
4.898291081190109253e-02
1.229032948613166809e-01
1.273386459797620773e-02
5.863508954644203186e-02
1.200006008148193359e+00
1.661106795072555542e-01
1.250830411911010742e+00
7.775824666023254395e-01
4.169973731040954590e-02
1.592059373855590820e+00
4.493917226791381836e-01
1.044183015823364258e+00
0.000000000000000000e+00
6.371414661407470703e-01
3.111021220684051514e-01
7.855780720710754395e-01
5.492297410964965820e-01
1.404764771461486816e+00
1.926282882690429688e+00
9.799581766128540039e-02
2.954903542995452881e-01
2.412579536437988281e+00
1.903264969587326050e-01
3.056105673313140869e-01
4.365648627281188965e-01
5.572015643119812012e-01
2.976828813552856445e-01
0.000000000000000000e+00
6.782945990562438965e-01
2.670702040195465088e-01
3.078038692474365234e-01
8.294026851654052734e-01
3.626403212547302246e-02
0.000000000000000000e+00
1.038863230496644974e-02
1.540531039237976074e+00
4.283743798732757568e-01
4.930398464202880859e-01
2.424141407012939453e+00
1.707753515802323818e-03
0.000000000000000000e+00
1.820123195648193359e-01
1.290461719036102295e-01
1.455184102058410645e+00
2.288906574249267578e-01
1.071857094764709473e+00
1.479423642158508301e-01
5.849450826644897461e-01
6.709142923355102539e-01
0.000000000000000000e+00
5.549237132072448730e-01
0.000000000000000000e+00
2.625641971826553345e-02
1.305446326732635498e-01
7.559427618980407715e-02
4.217927902936935425e-02
2.803958177566528320e+00
1.259381294250488281e+00
1.493196748197078705e-02
7.933922111988067627e-03
2.067942917346954346e-01
1.685548126697540283e-01
1.169258803129196167e-01
6.695078611373901367e-01
4.291206598281860352e-01
0.000000000000000000e+00
2.957668341696262360e-02
2.604712247848510742e-01
1.933721005916595459e-01
1.425189673900604248e-01
3.938431143760681152e-01
2.001902833580970764e-02
2.399673499166965485e-02
4.334437251091003418e-01
4.024368226528167725e-01
2.103826999664306641e-01
0.000000000000000000e+00
4.141327142715454102e-01
6.856879591941833496e-01
0.000000000000000000e+00
0.000000000000000000e+00
0.000000000000000000e+00
6.548901796340942383e-01
2.046265602111816406e+00
2.322309017181396484e-01
1.880090087652206421e-01
2.132763154804706573e-02
1.971466243267059326e-01
2.237238734960556030e-02
1.386627405881881714e-01
6.954668164253234863e-01
0.000000000000000000e+00
5.415130257606506348e-01
4.244094341993331909e-02
6.669157147407531738e-01
2.773964107036590576e-01
1.428954124450683594e+00
3.800932690501213074e-02
1.550797700881958008e+00
2.896626949310302734e+00
1.066551566123962402e+00
3.615850955247879028e-02
2.708106674253940582e-02
7.709003090858459473e-01
3.357344865798950195e-02
9.744582176208496094e-01
1.399002503603696823e-02
1.919978559017181396e-01
0.000000000000000000e+00
2.320559695363044739e-03
7.908345460891723633e-01
0.000000000000000000e+00
4.936334788799285889e-01
5.708133801817893982e-02
5.587389469146728516e-01
1.553240776062011719e+00
7.259165644645690918e-01
2.361616306006908417e-02
4.976480960845947266e+00
1.059463620185852051e+00
6.012421101331710815e-02
6.726326793432235718e-02
0.000000000000000000e+00
0.000000000000000000e+00
2.685666382312774658e-01
3.531023859977722168e-02
3.676002323627471924e-01
8.007313311100006104e-02
1.056595072150230408e-01
1.413222681730985641e-02
7.434074878692626953e-01
1.434494614601135254e+00
8.494343757629394531e-01
7.274571657180786133e-01
1.766281604766845703e+00
5.177009478211402893e-02
0.000000000000000000e+00
1.915238261222839355e+00
7.896158099174499512e-02
2.912194013595581055e+00
1.474432498216629028e-01
5.583867073059082031e+00
4.426475763320922852e-01
2.266539819538593292e-02
2.228347584605216980e-02
1.929127424955368042e-01
6.994471698999404907e-02
1.298486828804016113e+00
1.385871022939682007e-01
0.000000000000000000e+00
5.873432755470275879e-01
1.721340119838714600e-01
7.059821486473083496e-02
5.026616901159286499e-02
9.140615463256835938e-01
2.517309912946075201e-04
8.064478039741516113e-01
1.406051039695739746e+00
3.695513010025024414e-01
3.477923870086669922e-01
3.531195223331451416e-01
9.459929540753364563e-03
0.000000000000000000e+00
8.964352607727050781e-01
1.828894495964050293e+00
1.294633030891418457e+00
4.711662605404853821e-02
1.267773270606994629e+00
6.206035017967224121e-01
2.503859810531139374e-02
4.213922843337059021e-02
7.973984479904174805e-01
1.571820862591266632e-02
0.000000000000000000e+00
2.594877004623413086e+00
6.153343617916107178e-02
2.443770617246627808e-01
6.440388560295104980e-01
5.486262440681457520e-01
2.183146178722381592e-01
0.000000000000000000e+00
3.308292031288146973e-01
1.705515384674072266e+00
3.033532798290252686e-01
2.765805006027221680e+00
4.786624610424041748e-01
7.136006355285644531e-01
1.902137510478496552e-02
1.262573599815368652e+00
6.545353680849075317e-02
5.513300746679306030e-02
2.250555455684661865e-01
2.073799371719360352e-01
9.871844202280044556e-02
3.791845589876174927e-02
2.401566505432128906e-02
6.866722106933593750e-01
2.220997810363769531e+00
2.428433597087860107e-01
6.359364986419677734e-01
2.696675248444080353e-02
0.000000000000000000e+00
9.163522720336914062e-01
3.703958094120025635e-01
1.813645005226135254e+00
3.840509057044982910e-01
3.952455818653106689e-01
0.000000000000000000e+00
0.000000000000000000e+00
2.254938781261444092e-01
4.129188600927591324e-03
4.782491922378540039e-02
4.274049103260040283e-01
2.109648585319519043e-01
6.267596483230590820e-01
2.000470459461212158e-01
1.972517073154449463e-01
3.435809612274169922e-01
6.143037229776382446e-02
1.273163557052612305e+00
4.344474375247955322e-01
3.849347114562988281e+00
1.314480185508728027e+00
6.430707871913909912e-03
6.267489194869995117e-01
7.589383125305175781e-01
2.279708161950111389e-02
7.503976821899414062e-01
1.341231465339660645e-01
1.137848868966102600e-01
2.248566389083862305e+00
7.350274920463562012e-02
3.727086186408996582e-01
2.595855593681335449e-01
1.092733860015869141e+00
7.658651471138000488e-02
6.051279902458190918e-01
2.053028792142868042e-01
1.185232102870941162e-01
5.997951030731201172e-01
5.895037055015563965e-01
1.210403800010681152e+00
3.818403482437133789e-01
6.692538857460021973e-01
7.331295609474182129e-01
2.040833830833435059e-01
1.663124263286590576e-01
0.000000000000000000e+00
1.854140281677246094e+00
3.589081168174743652e-01
1.306203454732894897e-01
2.812347561120986938e-02
3.031291961669921875e+00
1.124668836593627930e+00
7.980231642723083496e-01
2.538428902626037598e-01
1.266764402389526367e+00
0.000000000000000000e+00
0.000000000000000000e+00
9.822176694869995117e-01
7.177843451499938965e-01
8.382287621498107910e-02
1.899884223937988281e+00
1.029212713241577148e+00
0.000000000000000000e+00
4.449421539902687073e-02
1.592318713665008545e-01
0.000000000000000000e+00
4.751447439193725586e-01
9.231749773025512695e-01
6.643706560134887695e-02
1.369317173957824707e-01
1.586553812026977539e+00
4.052560627460479736e-01
2.275898158550262451e-01
5.257685184478759766e-01
6.313325762748718262e-01
7.343909144401550293e-02
1.017478466033935547e+00
1.716157048940658569e-02
0.000000000000000000e+00
0.000000000000000000e+00
7.049829959869384766e-01
2.330662608146667480e-01
2.117945671081542969e+00
1.024691667407751083e-02
5.452243089675903320e-01
5.275826528668403625e-02
4.528571963310241699e-01
3.231912255287170410e-01
7.193035632371902466e-02
0.000000000000000000e+00
1.389587879180908203e+00
1.279411255382001400e-03
3.618700802326202393e-01
1.373116374015808105e+00
2.139713913202285767e-01
0.000000000000000000e+00
0.000000000000000000e+00
9.289798140525817871e-02
7.924937456846237183e-02
1.337486226111650467e-02
2.880195379257202148e-01
0.000000000000000000e+00
1.011574983596801758e+00
2.515095233917236328e+00
4.580444693565368652e-01
3.090254664421081543e-01
1.644606739282608032e-01
5.919275283813476562e-01
2.446456067264080048e-02
0.000000000000000000e+00
1.271376013755798340e+00
1.870765909552574158e-02
5.757799148559570312e-01
1.626077413558959961e+00
4.958151653409004211e-02
1.047448396682739258e+00
5.577931404113769531e-01
5.652182549238204956e-02
1.023012399673461914e+00
9.324204921722412109e-02
1.803104579448699951e-02
6.945906877517700195e-01
8.651855401694774628e-03
1.072075888514518738e-01
1.498718619346618652e+00
9.960915893316268921e-02
2.172422558069229126e-01
1.874153763055801392e-01
1.141400098800659180e+00
0.000000000000000000e+00
7.071694135665893555e-01
8.962690234184265137e-01
6.648783087730407715e-01
2.475920319557189941e-02
4.160774871706962585e-02
0.000000000000000000e+00
9.006972908973693848e-01
9.368842095136642456e-02
6.578217148780822754e-01
5.676219984889030457e-02
8.385874629020690918e-01
1.123980283737182617e-01
7.578533887863159180e-02
2.724860906600952148e+00
5.210055112838745117e-01
1.580933332443237305e-01
7.418794929981231689e-02
2.610201835632324219e+00
2.337014526128768921e-01
2.413008362054824829e-01
9.125122800469398499e-03
1.900560408830642700e-01
5.575917363166809082e-01
9.004735350608825684e-01
3.879733011126518250e-02
2.150972001254558563e-02
0.000000000000000000e+00
2.017455548048019409e-01
3.701505064964294434e-01
4.586832225322723389e-01
0.000000000000000000e+00
1.332909464836120605e+00
7.192684710025787354e-02
2.024090766906738281e+00
3.714079558849334717e-01
3.599289059638977051e-02
1.341480970382690430e+00
1.702992171049118042e-01
2.547697722911834717e-01
1.312021762132644653e-01
7.275370508432388306e-02
5.410230755805969238e-01
4.214774444699287415e-02
2.003402471542358398e+00
1.489473581314086914e-01
0.000000000000000000e+00
2.630205452442169189e-01
5.665364488959312439e-02
3.662150144577026367e+00
1.240175962448120117e-01
4.101645946502685547e-01
9.541363120079040527e-01
5.497748963534832001e-03
1.095015048980712891e+00
3.470691293478012085e-02
1.555314660072326660e+00
5.752524137496948242e-01
1.859542876482009888e-01
3.663530945777893066e-01
1.812896609306335449e+00
9.839980602264404297e-01
8.116575479507446289e-01
5.546144396066665649e-02
4.171474874019622803e-01
3.681263923645019531e-01
3.515363931655883789e+00
4.047150537371635437e-02
2.731697797775268555e+00
0.000000000000000000e+00
4.659763276576995850e-01
1.418489366769790649e-01
5.642952322959899902e-01
1.205947846174240112e-01
1.491531968116760254e+00
2.276453971862792969e+00
7.075976729393005371e-01
1.841162294149398804e-01
9.332153797149658203e-01
7.374545335769653320e-01
2.854442596435546875e-01
0.000000000000000000e+00
2.597875833511352539e+00
1.501500606536865234e-01
3.955732583999633789e-01
2.044262178242206573e-02
5.393316149711608887e-01
1.021838784217834473e+00
4.337607920169830322e-01
1.494159735739231110e-02
0.000000000000000000e+00
1.293417662382125854e-01
4.337866604328155518e-01
1.511586070060729980e+00
0.000000000000000000e+00
1.528505325317382812e+00
3.112700581550598145e-02
8.043133467435836792e-02
1.351701915264129639e-01
1.252935677766799927e-01
4.860850870609283447e-01
1.766792833805084229e-01
4.995627328753471375e-02
1.148003816604614258e+00
2.155055999755859375e-01
5.113379284739494324e-02
1.054857820272445679e-01
0.000000000000000000e+00
9.839708209037780762e-01
8.749948441982269287e-02
4.626362025737762451e-01
4.197385609149932861e-01
4.766863584518432617e-01
1.724764406681060791e-01
4.309317171573638916e-01
4.630573689937591553e-01
6.416459083557128906e+00
0.000000000000000000e+00
1.089889287948608398e+00
1.361323706805706024e-02
2.102099061012268066e-01
1.965576857328414917e-01
2.399271726608276367e+00
2.147375233471393585e-02
3.045849323272705078e+00
5.810167193412780762e-01
4.082129523158073425e-02
4.254688322544097900e-01
8.856763997755479068e-06
8.668743968009948730e-01
3.400050163269042969e+00
6.074814796447753906e-01
1.420413553714752197e-01
0.000000000000000000e+00
2.139514125883579254e-02
1.074375033378601074e+00
1.466433763504028320e+00
3.160486817359924316e-01
2.125205248594284058e-01
1.081372976303100586e+00
8.391888439655303955e-02
1.153836473822593689e-01
1.112578988075256348e+00
2.056256532669067383e+00
1.502884435467422009e-03
0.000000000000000000e+00
3.473324775695800781e-01
4.492796957492828369e-01
2.041583061218261719e+00
2.432241916656494141e+00
3.720548376441001892e-02
6.132674813270568848e-01
0.000000000000000000e+00
3.581297397613525391e-01
8.094054460525512695e-01
1.098691895604133606e-01
1.234130486845970154e-01
7.535114139318466187e-02
2.632108688354492188e+00
1.287617087364196777e+00
1.547229439020156860e-01
5.105838179588317871e-01
9.760405123233795166e-02
8.932803273200988770e-01
1.117631912231445312e+00
3.136672079563140869e-01
5.704385757446289062e+00
0.000000000000000000e+00
0.000000000000000000e+00
5.014986991882324219e-01
5.694329142570495605e-01
1.333447813987731934e+00
1.492746174335479736e-01
1.957189440727233887e-01
2.457763627171516418e-02
2.606957219541072845e-02
4.607420265674591064e-01
1.243602395057678223e+00
3.690875694155693054e-02
2.968618273735046387e-02
4.553135111927986145e-02
1.086397469043731689e-02
9.375819563865661621e-02
2.503136873245239258e+00
1.842930912971496582e-01
1.407898664474487305e-01
1.432203292846679688e+00
6.012796759605407715e-01
1.112599611282348633e+00
3.664244711399078369e-02
1.193177178502082825e-01
6.276237964630126953e-02
1.054424047470092773e+00
4.881205409765243530e-02
3.106171786785125732e-01
3.665678203105926514e-01
5.508017539978027344e-01
4.775591939687728882e-02
2.041780855506658554e-03
9.952232986688613892e-02
2.318865537643432617e+00
4.649559967219829559e-03
9.445673227310180664e-02
9.848692454397678375e-03
9.384675025939941406e-01
8.964439630508422852e-01
0.000000000000000000e+00
3.136811777949333191e-03
3.250806629657745361e-01
1.415353894233703613e+00
0.000000000000000000e+00
6.924838572740554810e-02
7.126729190349578857e-02
4.231309592723846436e-01
4.841483756899833679e-02
1.681781262159347534e-01
1.522383838891983032e-01
1.065435111522674561e-01
2.626411318778991699e-01
3.075024113059043884e-02
4.769109562039375305e-02
9.220392443239688873e-03
8.435730338096618652e-01
4.635484218597412109e+00
3.776841163635253906e-01
0.000000000000000000e+00
7.496132981032133102e-03
8.585139513015747070e-01
6.118217110633850098e-01
1.060894131660461426e-01
2.782120466232299805e+00
1.015902161598205566e+00
1.956479072570800781e+00
5.954324081540107727e-02
3.076665336266160011e-03
3.769875690340995789e-02
5.169245004653930664e-01
7.899641245603561401e-02
0.000000000000000000e+00
4.081000089645385742e-01
1.744037419557571411e-01
4.859061539173126221e-02
2.469738125801086426e-01
1.453143209218978882e-01
8.160998225212097168e-01
1.230931162834167480e+00
3.266483545303344727e-01
0.000000000000000000e+00
1.199841219931840897e-02
1.262463331222534180e+00
0.000000000000000000e+00
1.092491626739501953e+00
8.137593045830726624e-03
1.907807141542434692e-01
2.146053873002529144e-02
1.640794128179550171e-01
1.049379911273717880e-02
2.992181479930877686e-02
8.903130888938903809e-02
1.520607352256774902e+00
1.143104076385498047e+00
1.319167733192443848e+00
4.313036501407623291e-01
3.423627093434333801e-02
1.378718614578247070e-01
8.705121874809265137e-01
7.289642691612243652e-01
1.173117477446794510e-02
7.076099049299955368e-03
1.655851840972900391e+00
1.115775585174560547e+00
1.088204421103000641e-02
4.674956202507019043e-02
6.987740844488143921e-02
5.360556021332740784e-02
3.231951734051108360e-03
6.844634413719177246e-01
9.889220818877220154e-03
4.406432807445526123e-01
7.963982224464416504e-01
1.832996606826782227e-01
1.576521843671798706e-01
1.414096951484680176e-01
9.169811010360717773e-02
1.169569864869117737e-01
2.791342496871948242e+00
9.291666150093078613e-01
1.037091493606567383e+00
0.000000000000000000e+00
1.356836438179016113e+00
3.223689198493957520e-01
2.187760025262832642e-01
5.433474183082580566e-01
4.046667367219924927e-02
6.642355117946863174e-03
7.339934706687927246e-01
4.302002787590026855e-01
8.940220810472965240e-03
6.855112314224243164e-01
4.276451840996742249e-02
8.509569615125656128e-02
1.312699262052774429e-02
0.000000000000000000e+00
2.263307720422744751e-01
0.000000000000000000e+00
4.607432484626770020e-01
2.965617775917053223e-01
6.012846529483795166e-02
6.852928400039672852e-01
4.451783746480941772e-02
3.100349903106689453e-01
1.476981043815612793e-01
5.281078442931175232e-02
1.610717326402664185e-01
1.611786894500255585e-02
1.229632019996643066e+00
1.461216807365417480e-01
1.274712800979614258e+00
0.000000000000000000e+00
5.511620640754699707e-01
3.017928898334503174e-01
8.435010164976119995e-02
2.611760981380939484e-03
3.142610192298889160e-01
1.378142833709716797e+00
1.114066720008850098e+00
1.365304470062255859e+00
1.189271360635757446e-01
3.527327477931976318e-01
2.755580425262451172e+00
1.462569832801818848e+00
2.678104639053344727e-01
4.044378697872161865e-01
8.599153719842433929e-03
4.875293970108032227e-01
8.129260540008544922e-01
6.826452016830444336e-01
6.999443769454956055e-01
1.200067102909088135e-01
4.907241091132164001e-02
2.699694931507110596e-01
2.458133935928344727e+00
3.275341987609863281e-01
5.949862599372863770e-01
6.834307312965393066e-01
4.390664696693420410e-01
1.471939384937286377e-01
6.173072382807731628e-02
9.563277959823608398e-01
1.187643315643072128e-02
6.448788642883300781e-01
9.643550515174865723e-01
1.036170590668916702e-02
3.800848424434661865e-01
9.290843456983566284e-02
0.000000000000000000e+00
0.000000000000000000e+00
1.619610236957669258e-03
7.127998471260070801e-01
0.000000000000000000e+00
1.887831720523536205e-03
4.076555073261260986e-01
2.679730951786041260e-02
1.518170535564422607e-02
6.306655406951904297e-01
5.645969882607460022e-02
1.078814029693603516e+00
1.421291112899780273e+00
4.354229271411895752e-01
3.572466671466827393e-01
2.577090263366699219e+00
3.957348585128784180e+00
0.000000000000000000e+00
1.116449907422065735e-01
5.014614015817642212e-02
0.000000000000000000e+00
3.550694882869720459e-01
1.314220279455184937e-01
5.144042372703552246e-01
6.862205862998962402e-01
5.383718013763427734e-01
1.147206947207450867e-01
8.678897023200988770e-01
4.999206066131591797e-01
1.989417523145675659e-01
0.000000000000000000e+00
7.237673401832580566e-01
2.158257216215133667e-01
6.786348670721054077e-02
1.799768924713134766e+00
1.148326136171817780e-02
2.212526351213455200e-01
9.162417054176330566e-01
1.057870462536811829e-01
1.284067034721374512e+00
3.062139749526977539e+00
2.148895412683486938e-01
1.946287788450717926e-02
1.214623570442199707e+00
3.785007596015930176e-01
0.000000000000000000e+00
5.604776144027709961e-01
2.624866664409637451e-01
4.740923881530761719e+00
1.741880416870117188e+00
4.540548026561737061e-01
2.137042954564094543e-02
4.648097604513168335e-02
1.088444329798221588e-02
1.407779574394226074e+00
6.732365489006042480e-01
2.892943918704986572e-01
6.688295602798461914e-01
4.505453705787658691e-01
8.661650866270065308e-02
1.342049837112426758e-01
0.000000000000000000e+00
3.953609168529510498e-01
1.556653022766113281e+00
1.153459213674068451e-02
4.581948816776275635e-01
4.617655277252197266e-01
1.854253560304641724e-01
6.771504282951354980e-01
2.722642198204994202e-02
0.000000000000000000e+00
8.576530218124389648e-01
6.495235562324523926e-01
2.714238166809082031e-01
9.878599047660827637e-01
1.710109114646911621e+00
1.646652072668075562e-01
3.653439879417419434e-02
0.000000000000000000e+00
4.153103828430175781e-01
4.209785759449005127e-01
1.595979928970336914e-01
1.524112105369567871e+00
1.198218226432800293e+00
4.754033386707305908e-01
2.256773412227630615e-01
1.127980127930641174e-01
1.045993566513061523e+00
4.367787539958953857e-01
0.000000000000000000e+00
2.593638002872467041e-01
2.719978392124176025e-01
9.407266378402709961e-01
0.000000000000000000e+00
7.605315446853637695e-01
4.820497930049896240e-01
3.991773128509521484e-01
5.700314044952392578e-01
0.000000000000000000e+00
1.429686903953552246e+00
1.406158089637756348e+00
4.471153259277343750e+00
0.000000000000000000e+00
1.455918550491333008e-01
3.602439537644386292e-03
2.499802783131599426e-02
6.528360247611999512e-01
7.187858819961547852e-01
6.111397966742515564e-02
2.958536446094512939e-01
1.388277292251586914e+00
0.000000000000000000e+00
7.776900529861450195e-01
1.168889760971069336e+00
3.431921452283859253e-02
1.424717307090759277e-01
2.716931343078613281e+00
0.000000000000000000e+00
0.000000000000000000e+00
8.392446637153625488e-01
7.896489650011062622e-02
0.000000000000000000e+00
0.000000000000000000e+00
2.269859984517097473e-02
0.000000000000000000e+00
9.675934314727783203e-01
9.593295454978942871e-01
1.169579982757568359e+00
1.056477189064025879e+00
9.892835617065429688e-01
4.839663580060005188e-02
1.032586097717285156e+00
1.188449144363403320e+00
5.141873843967914581e-03
3.329579532146453857e-02
0.000000000000000000e+00
2.168307304382324219e+00
2.864383459091186523e-01
1.539442241191864014e-01
1.140761852264404297e+00
1.649032533168792725e-01
3.391812741756439209e-01
3.429712960496544838e-03
9.496961534023284912e-02
1.122435927391052246e+00
2.597184479236602783e-02
3.900007903575897217e-02
6.260836720466613770e-01
1.180623471736907959e-01
3.439929783344268799e-01
6.929908394813537598e-01
1.982235610485076904e-01
5.654746294021606445e-01
1.575659215450286865e-01
0.000000000000000000e+00
1.884481906890869141e-01
1.568534374237060547e+00
9.500526785850524902e-01
2.971976622939109802e-02
3.184923529624938965e-01
1.540854573249816895e-01
1.500562876462936401e-01
2.540506720542907715e-01
6.689344644546508789e-01
2.478623203933238983e-02
3.479918092489242554e-02
1.316094040870666504e+00
1.093007087707519531e+00
1.053966164588928223e+00
0.000000000000000000e+00
6.488465666770935059e-01
6.320496648550033569e-02
0.000000000000000000e+00
9.088213741779327393e-02
9.131383895874023438e-02
0.000000000000000000e+00
1.314594388008117676e+00
2.627119421958923340e-01
3.940498456358909607e-02
0.000000000000000000e+00
1.847218751907348633e+00
0.000000000000000000e+00
5.753934979438781738e-01
2.245513722300529480e-02
0.000000000000000000e+00
9.076656401157379150e-02
3.418751657009124756e-01
1.744851917028427124e-01
1.120674967765808105e+00
1.344621658325195312e+00
9.223312884569168091e-02
3.476338088512420654e-02
0.000000000000000000e+00
3.437079191207885742e-01
2.423930883407592773e+00
3.592582941055297852e+00
1.909246668219566345e-02
0.000000000000000000e+00
6.742216646671295166e-02
5.791139006614685059e-01
1.303277969360351562e+00
1.467306315898895264e-01
4.035717248916625977e-02
2.344899112358689308e-03
1.742168217897415161e-01
5.382174253463745117e-01
7.259320020675659180e-01
6.444500684738159180e-01
1.140868198126554489e-02
4.518099594861268997e-03
4.110020119696855545e-03
2.704755544662475586e+00
7.614209651947021484e-01
0.000000000000000000e+00
1.964314281940460205e-02
4.085485264658927917e-02
3.333301246166229248e-01
1.167902257293462753e-02
1.327895745635032654e-02
1.312192380428314209e-01
6.389808058738708496e-01
1.483351111412048340e+00
4.424638301134109497e-02
2.884462356567382812e+00
2.544588148593902588e-01
2.790786325931549072e-02
3.465854227542877197e-01
3.869026154279708862e-02
0.000000000000000000e+00
1.380530148744583130e-01
5.134838074445724487e-02
1.443469405174255371e+00
3.266109824180603027e-01
2.135540008544921875e+00
2.395032882690429688e+00
4.332466982305049896e-03
2.708769589662551880e-02
4.482650458812713623e-01
1.244391441345214844e+00
1.612071543931961060e-01
1.810392364859580994e-02
0.000000000000000000e+00
