1.718090474605560303e-02
3.498834371566772461e-02
7.307576388120651245e-02
7.434064149856567383e-01
1.596250683069229126e-01
4.372379556298255920e-02
2.868954539299011230e-01
0.000000000000000000e+00
1.463983297348022461e+00
3.070891380310058594e+00
8.085197955369949341e-02
4.354176819324493408e-01
1.119934916496276855e-01
2.657386474311351776e-02
6.724498700350522995e-03
8.403214216232299805e-01
5.600361898541450500e-02
8.795757591724395752e-02
1.615302860736846924e-01
7.123523950576782227e-02
0.000000000000000000e+00
7.312654703855514526e-02
3.777202665805816650e-01
0.000000000000000000e+00
4.990184679627418518e-02
7.121672481298446655e-02
2.158748507499694824e-01
4.184184595942497253e-03
1.406405004672706127e-03
6.807034462690353394e-02
9.686653017997741699e-01
1.013069033622741699e+00
3.155198097229003906e-01
0.000000000000000000e+00
0.000000000000000000e+00
2.912604212760925293e-01
0.000000000000000000e+00
2.929800152778625488e-01
1.256166994571685791e-01
1.885767132043838501e-01
1.265806611627340317e-02
4.830452427268028259e-02
1.048850640654563904e-02
5.272371172904968262e-01
2.089662700891494751e-01
0.000000000000000000e+00
2.145985066890716553e-01
0.000000000000000000e+00
0.000000000000000000e+00
4.340025782585144043e-02
7.036522626876831055e-01
1.576737403869628906e+00
1.587271690368652344e-03
5.887075513601303101e-02
0.000000000000000000e+00
9.444415569305419922e-02
1.859734058380126953e-01
7.921871729195117950e-03
1.197277605533599854e-01
1.126311644911766052e-01
3.311763763427734375e+00
1.662336848676204681e-02
1.399197816848754883e+00
2.743869647383689880e-02
1.304206132888793945e+00
2.900609374046325684e-01
3.810204565525054932e-01
1.743498921394348145e+00
7.112848758697509766e-02
6.541344523429870605e-02
9.816985577344894409e-02
7.724148631095886230e-01
2.021174281835556030e-01
7.795937359333038330e-02
2.664259448647499084e-02
3.544340729713439941e-01
0.000000000000000000e+00
7.223696708679199219e-01
1.023851707577705383e-01
3.111835941672325134e-02
5.924735665321350098e-01
2.592120170593261719e-01
7.471787277609109879e-03
9.667351096868515015e-02
2.802081406116485596e-01
4.258917868137359619e-01
1.237908191978931427e-02
0.000000000000000000e+00
7.080031633377075195e-01
5.881845578551292419e-02
2.772615253925323486e-01
2.303734272718429565e-01
2.363722212612628937e-02
1.674097590148448944e-02
6.055731773376464844e-01
0.000000000000000000e+00
7.882816791534423828e-01
7.122538983821868896e-02
2.282874658703804016e-02
6.256616711616516113e-01
2.852723598480224609e-01
8.490462303161621094e-01
1.595114357769489288e-02
2.014405578374862671e-01
0.000000000000000000e+00
1.312646716833114624e-01
1.947355829179286957e-02
0.000000000000000000e+00
1.085678022354841232e-02
4.038867950439453125e+00
1.772204488515853882e-01
2.928505837917327881e-01
1.559153050184249878e-01
1.359247922897338867e+00
3.524392470717430115e-02
0.000000000000000000e+00
1.416670829057693481e-01
2.051252126693725586e-01
1.082149706780910492e-02
6.669726967811584473e-02
7.824090719223022461e-01
0.000000000000000000e+00
7.414007931947708130e-02
1.094832047820091248e-01
8.578629046678543091e-02
5.191670730710029602e-02
2.959570884704589844e-01
3.060138821601867676e-01
0.000000000000000000e+00
9.091147780418395996e-02
3.322153389453887939e-01
6.360002756118774414e-01
1.927490904927253723e-02
1.628885790705680847e-02
3.908016383647918701e-01
0.000000000000000000e+00
4.386005103588104248e-01
1.261867731809616089e-01
2.500694036483764648e+00
5.617347955703735352e-01
6.734845638275146484e-01
6.201388239860534668e-01
5.692450329661369324e-02
2.590853929519653320e+00
8.536787331104278564e-02
3.519934117794036865e-01
0.000000000000000000e+00
6.820320338010787964e-02
5.395383387804031372e-02
0.000000000000000000e+00
2.746111750602722168e-01
0.000000000000000000e+00
6.673596799373626709e-02
6.649299990385770798e-03
2.894566655158996582e-01
2.865860238671302795e-02
9.165164083242416382e-02
8.384370058774948120e-02
0.000000000000000000e+00
1.915137171745300293e-01
2.344149351119995117e-01
2.501353323459625244e-01
1.523575782775878906e+00
0.000000000000000000e+00
3.383276760578155518e-01
1.923303246498107910e+00
9.566745907068252563e-02
0.000000000000000000e+00
2.936902642250061035e-01
7.348743081092834473e-01
1.097140982747077942e-01
0.000000000000000000e+00
2.104206234216690063e-01
0.000000000000000000e+00
0.000000000000000000e+00
1.192445084452629089e-01
1.621549576520919800e-01
1.722960919141769409e-01
3.499498125165700912e-04
4.892457723617553711e-01
5.186398699879646301e-02
2.322488069534301758e+00
1.587248221039772034e-02
4.165123999118804932e-01
0.000000000000000000e+00
2.904098927974700928e-01
3.605562746524810791e-01
6.128987297415733337e-04
1.138012018054723740e-02
1.212692022323608398e+00
8.759062737226486206e-02
2.590239048004150391e-01
2.944842875003814697e-01
4.903038144111633301e-01
0.000000000000000000e+00
7.506484985351562500e-01
2.174172848463058472e-01
5.616353750228881836e-01
7.411681860685348511e-02
1.848272383213043213e-01
0.000000000000000000e+00
3.283622562885284424e-01
1.734958612360060215e-03
0.000000000000000000e+00
2.836385555565357208e-02
9.377710819244384766e-01
2.275954373180866241e-02
2.654920339584350586e+00
0.000000000000000000e+00
2.819357067346572876e-02
1.885035540908575058e-03
0.000000000000000000e+00
4.494912922382354736e-02
3.607015907764434814e-01
0.000000000000000000e+00
1.659154891967773438e-01
5.284130945801734924e-02
1.024077653884887695e+00
6.069186329841613770e-02
0.000000000000000000e+00
1.253906637430191040e-01
0.000000000000000000e+00
3.559909462928771973e-01
0.000000000000000000e+00
1.476397365331649780e-01
8.738546818494796753e-02
3.693189918994903564e-01
4.598873257637023926e-01
0.000000000000000000e+00
6.892955303192138672e-02
0.000000000000000000e+00
4.036790877580642700e-02
0.000000000000000000e+00
6.177629344165325165e-03
0.000000000000000000e+00
6.569331288337707520e-01
0.000000000000000000e+00
5.181786045432090759e-02
0.000000000000000000e+00
0.000000000000000000e+00
2.452175766229629517e-01
4.612830281257629395e-02
2.497179508209228516e-01
1.840463429689407349e-01
2.814250066876411438e-02
4.989031702280044556e-03
6.533628702163696289e-02
5.205397605895996094e-01
0.000000000000000000e+00
1.262424588203430176e-01
2.816312611103057861e-01
7.330679893493652344e-01
1.009222865104675293e-01
3.511591115966439247e-03
1.043692696839570999e-02
6.481450982391834259e-03
1.024577021598815918e+00
0.000000000000000000e+00
4.256655275821685791e-01
2.048773914575576782e-01
7.287883013486862183e-02
3.771578073501586914e-01
1.425633311271667480e+00
9.034836292266845703e-02
4.399533867835998535e-01
7.540152408182621002e-03
0.000000000000000000e+00
1.107701539993286133e+00
1.575018286705017090e+00
6.521502882242202759e-02
4.964936971664428711e-01
7.724008560180664062e-01
3.070735633373260498e-01
2.683532238006591797e-01
8.583802729845046997e-02
2.992989122867584229e-01
2.363169938325881958e-01
3.927311301231384277e-01
4.308239936828613281e+00
7.685048878192901611e-02
0.000000000000000000e+00
2.487729676067829132e-02
2.306298352777957916e-02
1.164795178920030594e-02
7.125131785869598389e-02
1.184409618377685547e+00
0.000000000000000000e+00
1.346478462219238281e+00
4.938739836215972900e-01
7.393324971199035645e-01
2.229722440242767334e-01
1.110427733510732651e-02
1.304841637611389160e-01
7.041114568710327148e-02
3.315792381763458252e-01
1.261956803500652313e-02
8.125294744968414307e-02
1.342934817075729370e-01
1.922133266925811768e-01
2.073060907423496246e-02
9.287805296480655670e-03
1.491331309080123901e-01
1.431931257247924805e-01
0.000000000000000000e+00
2.882101237773895264e-01
6.591930869035422802e-04
2.250102162361145020e-01
4.731611348688602448e-03
3.406350910663604736e-01
2.020689845085144043e-01
0.000000000000000000e+00
5.420637130737304688e-01
3.293069545179605484e-03
1.165091991424560547e+00
1.586977541446685791e-01
1.317349523305892944e-01
1.258435964584350586e+00
1.126701757311820984e-02
8.899570256471633911e-02
2.876296043395996094e-01
6.487300270237028599e-04
0.000000000000000000e+00
1.586377024650573730e-01
1.414458155632019043e-01
0.000000000000000000e+00
1.440080851316452026e-01
2.529475390911102295e-01
4.745334014296531677e-02
4.106313735246658325e-02
1.078296065330505371e+00
3.557052090764045715e-02
7.140800356864929199e-01
8.487775176763534546e-02
2.762970030307769775e-01
1.069294512271881104e-01
1.053214743733406067e-01
1.094271093606948853e-01
8.694083429872989655e-03
7.921841740608215332e-02
2.007700689136981964e-02
2.677635848522186279e-01
6.092944368720054626e-02
0.000000000000000000e+00
8.146975636482238770e-01
0.000000000000000000e+00
0.000000000000000000e+00
0.000000000000000000e+00
3.125350177288055420e-01
5.664205673383548856e-05
0.000000000000000000e+00
7.407515645027160645e-01
0.000000000000000000e+00
1.402061525732278824e-02
0.000000000000000000e+00
6.879209727048873901e-02
3.690364658832550049e-01
2.552844285964965820e-01
0.000000000000000000e+00
4.434126913547515869e-01
2.799045294523239136e-02
8.728520013391971588e-03
5.537503957748413086e-01
0.000000000000000000e+00
0.000000000000000000e+00
5.403925664722919464e-03
4.588605165481567383e-01
1.288744926452636719e+00
9.758742451667785645e-01
0.000000000000000000e+00
4.278286360204219818e-03
2.666057944297790527e-01
7.006954401731491089e-02
1.684970222413539886e-02
0.000000000000000000e+00
3.530116379261016846e-02
1.893559843301773071e-01
3.598860651254653931e-02
0.000000000000000000e+00
2.394892454147338867e+00
2.735012471675872803e-01
7.771267294883728027e-01
5.568590641021728516e+00
2.936917245388031006e-01
0.000000000000000000e+00
4.720348417758941650e-01
5.470589175820350647e-02
4.069007001817226410e-03
1.059052441269159317e-02
2.907716929912567139e-01
6.562024820595979691e-03
1.011720180511474609e+00
2.049273997545242310e-01
3.639739751815795898e-02
0.000000000000000000e+00
1.406465172767639160e-01
4.063696861267089844e+00
5.220336318016052246e-01
5.403122305870056152e-01
2.981380820274353027e-01
2.324660494923591614e-02
7.022353261709213257e-02
5.886941030621528625e-02
1.829696595668792725e-01
6.696828603744506836e-01
5.472617223858833313e-02
0.000000000000000000e+00
3.371229767799377441e-01
2.600325345993041992e+00
1.544005751609802246e+00
1.743998005986213684e-02
2.829224169254302979e-01
1.182889714837074280e-01
1.272984296083450317e-01
9.843587176874279976e-04
1.455446362495422363e+00
0.000000000000000000e+00
3.993809223175048828e-01
9.765886664390563965e-01
6.679044365882873535e-01
0.000000000000000000e+00
0.000000000000000000e+00
2.338249087333679199e-01
6.852518767118453979e-02
5.600876808166503906e-01
4.872464761137962341e-02
7.688825726509094238e-01
1.913185238838195801e+00
5.186474695801734924e-02
3.336794674396514893e-01
1.311035603284835815e-01
1.358168959617614746e+00
1.365242712199687958e-02
1.647922545671463013e-01
2.036594897508621216e-01
0.000000000000000000e+00
1.705654263496398926e+00
1.013491034507751465e+00
0.000000000000000000e+00
3.282619118690490723e-01
2.888715080916881561e-02
6.560400128364562988e-02
4.572433829307556152e-01
1.688981615006923676e-02
1.148727759718894958e-01
1.644706577062606812e-01
1.552194356918334961e+00
0.000000000000000000e+00
9.781339019536972046e-02
1.514803022146224976e-01
2.790702879428863525e-01
7.783057540655136108e-02
2.340515702962875366e-02
1.097719669342041016e+00
8.832849562168121338e-02
2.528932392597198486e-01
1.442396879196166992e+00
3.142711520195007324e-01
0.000000000000000000e+00
2.779012918472290039e+00
2.328236773610115051e-02
0.000000000000000000e+00
4.077404141426086426e-01
9.421116113662719727e-02
3.548100590705871582e-01
4.681971669197082520e-02
0.000000000000000000e+00
8.770513348281383514e-03
2.470027059316635132e-01
5.414843186736106873e-02
6.939646005630493164e-01
5.367214977741241455e-02
3.067043066024780273e+00
2.296058535575866699e-01
1.049988389015197754e+00
3.683021068572998047e-01
6.567128896713256836e-01
6.357913464307785034e-02
2.993182182312011719e+00
1.095815181732177734e+00
3.524790406227111816e-01
0.000000000000000000e+00
3.126966953277587891e-01
4.577326178550720215e-01
5.978794693946838379e-01
2.665761411190032959e-01
0.000000000000000000e+00
0.000000000000000000e+00
2.671087682247161865e-01
1.088338375091552734e+00
3.649861365556716919e-02
1.460497267544269562e-02
4.328397512435913086e-01
1.390742063522338867e-01
4.217060506343841553e-01
3.423361852765083313e-02
0.000000000000000000e+00
2.388375401496887207e-01
1.685409426689147949e+00
1.129821181297302246e+00
6.298732478171586990e-04
1.176187545061111450e-01
0.000000000000000000e+00
1.327674277126789093e-02
0.000000000000000000e+00
7.837159037590026855e-01
5.826203227043151855e-01
3.850836679339408875e-02
1.381930261850357056e-01
5.559977889060974121e-01
7.235452532768249512e-02
1.183743953704833984e+00
4.448166489601135254e-02
7.723777294158935547e-01
1.425414532423019409e-01
7.278916984796524048e-02
4.461704567074775696e-02
7.959178090095520020e-02
2.795358419418334961e+00
0.000000000000000000e+00
0.000000000000000000e+00
1.771098136901855469e+00
7.733134627342224121e-01
1.740324310958385468e-02
5.114251747727394104e-02
7.287291437387466431e-02
4.106647491455078125e+00
0.000000000000000000e+00
0.000000000000000000e+00
5.873880386352539062e-01
0.000000000000000000e+00
2.545519173145294189e-01
4.174321889877319336e-01
1.788125276565551758e+00
2.828407883644104004e-01
3.163568377494812012e-01
1.703184098005294800e-01
2.630942463874816895e-01
3.654778897762298584e-01
0.000000000000000000e+00
7.605363726615905762e-01
0.000000000000000000e+00
4.253477323800325394e-03
3.786679208278656006e-01
3.826982080936431885e-01
5.063538998365402222e-02
4.622532427310943604e-02
2.949161529541015625e+00
3.054837882518768311e-01
3.289546072483062744e-01
7.704185694456100464e-02
1.040682289749383926e-02
3.088063187897205353e-02
3.118926584720611572e-01
0.000000000000000000e+00
1.331703533651307225e-04
5.168349295854568481e-02
4.246014058589935303e-01
4.726373776793479919e-02
1.802600920200347900e-01
0.000000000000000000e+00
4.609942436218261719e-01
0.000000000000000000e+00
3.687751293182373047e-01
2.279456555843353271e-01
3.307714313268661499e-02
2.411211580038070679e-01
1.799563914537429810e-01
1.508881896734237671e-02
0.000000000000000000e+00
6.817586421966552734e-01
5.880249142646789551e-01
2.187004089355468750e-01
3.980148583650588989e-02
7.109165308065712452e-04
1.828079223632812500e-01
2.383232265710830688e-01
0.000000000000000000e+00
1.040122732520103455e-01
1.203387901186943054e-01
7.685381919145584106e-02
1.669646501541137695e-01
0.000000000000000000e+00
3.880259022116661072e-02
4.370034635066986084e-01
4.781775549054145813e-02
5.531396344304084778e-02
0.000000000000000000e+00
5.321424826979637146e-02
1.456155776977539062e-01
6.541659682989120483e-02
1.414240454323589802e-03
3.706040605902671814e-02
4.958831891417503357e-02
6.381405889987945557e-02
8.773781359195709229e-03
2.578442990779876709e-01
0.000000000000000000e+00
9.646885395050048828e-01
1.025061532855033875e-01
5.851834416389465332e-01
5.675390958786010742e-01
1.689840108156204224e-02
1.063966751098632812e-02
2.558665037155151367e+00
4.918773174285888672e-01
6.870403885841369629e-02
1.587333902716636658e-02
1.399152576923370361e-01
4.675239324569702148e-02
3.795364201068878174e-01
4.756573587656021118e-03
6.573133915662765503e-02
9.039882570505142212e-02
0.000000000000000000e+00
1.230789273977279663e-01
2.937974929809570312e+00
0.000000000000000000e+00
3.571398258209228516e-01
1.175870418548583984e+00
5.127643346786499023e-01
2.432186901569366455e-02
4.690933972597122192e-03
6.879700720310211182e-02
0.000000000000000000e+00
5.235275626182556152e-01
8.956159651279449463e-02
5.316216126084327698e-02
1.008539795875549316e-01
3.608131036162376404e-02
7.100185006856918335e-02
8.466815203428268433e-02
4.553837776184082031e-01
5.112023353576660156e-01
7.202875018119812012e-01
1.865889430046081543e-01
0.000000000000000000e+00
8.429682254791259766e-02
7.324193716049194336e-01
4.966350197792053223e-01
2.180646061897277832e-01
0.000000000000000000e+00
9.664599895477294922e-01
6.012469530105590820e-01
1.045387983322143555e-01
0.000000000000000000e+00
5.117745399475097656e-01
0.000000000000000000e+00
0.000000000000000000e+00
0.000000000000000000e+00
9.588284045457839966e-02
4.627464413642883301e-01
6.977026164531707764e-02
3.589339926838874817e-02
1.838624715805053711e+00
1.987245865166187286e-02
9.264543652534484863e-01
2.384959608316421509e-01
1.412771940231323242e-01
0.000000000000000000e+00
1.485536575317382812e+00
3.133874893188476562e+00
1.592284627258777618e-02
4.263456538319587708e-02
6.669584661722183228e-03
0.000000000000000000e+00
2.602642178535461426e-01
1.111217617988586426e+00
1.247350312769412994e-02
2.874079346656799316e-01
2.425020560622215271e-03
2.145915478467941284e-01
1.230746746063232422e+00
1.800996065139770508e-01
2.791147828102111816e-01
2.241113185882568359e-01
9.801514446735382080e-02
1.597177267074584961e+00
0.000000000000000000e+00
1.478217005729675293e+00
1.117703676223754883e+00
0.000000000000000000e+00
3.813498020172119141e-01
0.000000000000000000e+00
0.000000000000000000e+00
4.529106244444847107e-02
1.570288538932800293e-01
4.069189071655273438e+00
0.000000000000000000e+00
0.000000000000000000e+00
0.000000000000000000e+00
1.672298789024353027e+00
2.129556536674499512e-01
8.325137943029403687e-02
1.845568884164094925e-03
8.008538186550140381e-02
2.451040782034397125e-02
1.896482892334461212e-02
2.201417833566665649e-02
1.887618899345397949e-01
1.103367283940315247e-01
1.863451957702636719e+00
1.531502115540206432e-03
8.226373046636581421e-02
3.052955679595470428e-02
7.529858946800231934e-01
0.000000000000000000e+00
2.307564467191696167e-01
0.000000000000000000e+00
6.293598562479019165e-02
2.252197265625000000e-01
7.276782393455505371e-02
1.854912042617797852e-01
8.605740964412689209e-02
2.343198359012603760e-01
2.318734079599380493e-01
3.954824060201644897e-03
7.007206976413726807e-02
0.000000000000000000e+00
6.060966253280639648e-01
3.562860423699021339e-03
6.226204335689544678e-03
1.401899382472038269e-02
0.000000000000000000e+00
1.532603502273559570e-01
6.332483887672424316e-01
0.000000000000000000e+00
0.000000000000000000e+00
2.067057192325592041e-01
4.541015252470970154e-02
1.054648458957672119e-01
0.000000000000000000e+00
0.000000000000000000e+00
1.580595493316650391e+00
4.693137705326080322e-01
0.000000000000000000e+00
1.322654128074645996e+00
1.626825332641601562e-01
1.003750562667846680e-01
8.206386119127273560e-03
0.000000000000000000e+00
2.254043817520141602e+00
2.573290765285491943e-01
5.279385298490524292e-02
1.765432581305503845e-02
3.979313373565673828e-01
3.176627755165100098e-01
4.873363971710205078e-01
1.901858150959014893e-01
1.011010482907295227e-01
3.927661478519439697e-01
4.464247822761535645e-01
9.646785259246826172e-01
1.295934617519378662e-02
3.486699163913726807e-01
4.622878730297088623e-01
5.996664986014366150e-04
5.834637880325317383e-01
1.852414011955261230e-02
1.790438890457153320e+00
9.633779525756835938e-02
5.001700669527053833e-02
2.125173807144165039e+00
3.612698912620544434e-01
0.000000000000000000e+00
3.910213470458984375e+00
5.677181482315063477e-01
0.000000000000000000e+00
1.140705049037933350e-01
2.894220128655433655e-02
3.791621923446655273e+00
8.874307572841644287e-02
1.918957829475402832e-01
2.527378797531127930e-01
7.613288760185241699e-01
7.873255014419555664e-02
1.352090686559677124e-01
1.689428538084030151e-01
6.809909641742706299e-02
2.058227956295013428e-01
2.854687860235571861e-03
3.300301963463425636e-03
4.866831600666046143e-01
6.578031182289123535e-02
0.000000000000000000e+00
1.190106153488159180e+00
9.370336920255795121e-05
3.489085137844085693e-01
0.000000000000000000e+00
1.331858336925506592e-01
6.324126720428466797e-01
7.295536994934082031e-02
0.000000000000000000e+00
2.154563069343566895e-01
2.410287261009216309e-01
2.850236892700195312e-01
1.983915209770202637e+00
3.479437530040740967e-01
8.878489956259727478e-03
7.994119077920913696e-02
2.172863781452178955e-01
4.746132791042327881e-01
1.017946824431419373e-01
2.160531997680664062e+00
1.017763763666152954e-01
5.047653615474700928e-02
1.100817680358886719e+00
3.705003857612609863e-02
2.165737003087997437e-02
6.958213448524475098e-01
7.842745780944824219e-01
7.297877222299575806e-02
1.076222658157348633e+00
0.000000000000000000e+00
1.687793284654617310e-01
0.000000000000000000e+00
8.274476975202560425e-03
0.000000000000000000e+00
2.911595702171325684e-01
5.304985046386718750e-01
1.153336524963378906e+00
5.636227317154407501e-03
5.181083921343088150e-03
2.246849797666072845e-02
2.262715622782707214e-02
2.190134488046169281e-02
0.000000000000000000e+00
1.984602510929107666e-01
5.226843059062957764e-02
6.560475379228591919e-02
8.900606036186218262e-01
2.487033139914274216e-03
2.044491656124591827e-02
3.905905038118362427e-02
0.000000000000000000e+00
0.000000000000000000e+00
2.459991723299026489e-02
2.523394823074340820e-01
5.512182712554931641e-01
2.695303261280059814e-01
3.084431886672973633e-01
2.158278413116931915e-02
4.911495685577392578e+00
1.572158187627792358e-01
0.000000000000000000e+00
4.355497956275939941e-01
1.714653491973876953e+00
0.000000000000000000e+00
0.000000000000000000e+00
2.875335454940795898e+00
0.000000000000000000e+00
1.461559981107711792e-01
3.205326497554779053e-01
1.220789179205894470e-01
6.834398210048675537e-02
7.073312997817993164e-02
6.606555730104446411e-02
3.178373724222183228e-02
6.537155248224735260e-03
1.586384326219558716e-01
0.000000000000000000e+00
2.609135955572128296e-02
8.025185763835906982e-02
5.933296680450439453e-01
2.688773870468139648e-01
3.133133351802825928e-01
4.968319237232208252e-01
0.000000000000000000e+00
3.274662047624588013e-02
3.564524464309215546e-03
2.078894615173339844e+00
1.753047257661819458e-01
1.380787491798400879e-01
2.702175974845886230e-01
1.428249239921569824e+00
0.000000000000000000e+00
3.880698606371879578e-02
1.139227896928787231e-01
1.728131026029586792e-01
0.000000000000000000e+00
6.170684099197387695e-01
7.629073411226272583e-02
0.000000000000000000e+00
3.199108541011810303e-01
2.033264338970184326e-01
1.540366411209106445e-01
3.523684293031692505e-02
4.169538915157318115e-01
1.027879193425178528e-01
5.346779525279998779e-02
1.326812207698822021e-01
6.009666919708251953e-01
0.000000000000000000e+00
3.589769005775451660e-01
2.179728001356124878e-01
9.728299975395202637e-01
1.327714920043945312e-01
1.865224987268447876e-01
4.929368197917938232e-02
9.383006691932678223e-01
1.747968494892120361e-01
3.606294989585876465e-01
5.895560979843139648e-01
0.000000000000000000e+00
6.416579335927963257e-02
0.000000000000000000e+00
1.582495570182800293e-01
1.557946503162384033e-01
2.261819601058959961e+00
2.084013819694519043e-02
1.145795807242393494e-01
0.000000000000000000e+00
1.322961784899234772e-02
1.012990698218345642e-01
8.562891930341720581e-02
8.976903557777404785e-01
4.738085269927978516e-01
3.704812824726104736e-01
3.302222490310668945e-02
1.756108552217483521e-02
0.000000000000000000e+00
9.623753279447555542e-02
8.397875428199768066e-01
1.563460230827331543e-01
5.001948773860931396e-02
3.461831063032150269e-02
8.515085577964782715e-01
3.892072677612304688e+00
3.232876062393188477e-01
0.000000000000000000e+00
0.000000000000000000e+00
1.358948200941085815e-01
3.772175014019012451e-01
0.000000000000000000e+00
9.673768281936645508e-02
1.580034375190734863e+00
1.742233037948608398e-01
1.560679972171783447e-01
6.689926143735647202e-03
8.583925962448120117e-01
2.188324779272079468e-01
5.226871743798255920e-02
1.690268874168395996e+00
6.280968338251113892e-02
3.257384523749351501e-02
9.677563309669494629e-01
0.000000000000000000e+00
4.096760153770446777e-01
8.877426153048872948e-04
1.083265841007232666e-01
3.517301380634307861e-02
5.783106014132499695e-02
0.000000000000000000e+00
2.013009972870349884e-02
1.981012970209121704e-01
1.763888150453567505e-01
8.765259385108947754e-01
4.450751934200525284e-03
9.945813566446304321e-03
4.793028235435485840e-01
8.790786564350128174e-02
1.288173794746398926e+00
4.207381308078765869e-01
2.781469083856791258e-04
0.000000000000000000e+00
2.723437249660491943e-01
4.222898185253143311e-01
0.000000000000000000e+00
1.006638929247856140e-01
1.539281129837036133e+00
8.999036625027656555e-03
5.297951772809028625e-02
4.821976721286773682e-01
2.726999521255493164e-01
1.333847641944885254e+00
3.214408829808235168e-02
3.933874890208244324e-02
8.598345518112182617e-02
6.765301823616027832e-01
2.743833931162953377e-03
2.687418758869171143e-01
5.858869478106498718e-02
2.787438221275806427e-02
7.961593568325042725e-03
0.000000000000000000e+00
3.792658075690269470e-02
6.091702356934547424e-02
2.028327062726020813e-02
2.808741629123687744e-01
1.325605958700180054e-01
1.925680204294621944e-03
2.971715211868286133e+00
5.723384022712707520e-01
5.648741722106933594e-01
3.246172890067100525e-02
2.239983975887298584e-01
2.683033701032400131e-03
1.311845898628234863e+00
4.108157753944396973e-02
1.012567952275276184e-01
3.392210960388183594e+00
5.588973313570022583e-02
2.508036792278289795e-02
0.000000000000000000e+00
1.786908321082592010e-02
2.956449508666992188e+00
9.698599576950073242e-02
6.552073955535888672e-01
1.054765731096267700e-01
1.110382676124572754e-01
7.336601614952087402e-01
7.156552374362945557e-02
4.326909407973289490e-02
4.041260480880737305e-02
1.830762811005115509e-02
5.612802982330322266e+00
5.528004467487335205e-02
7.961572408676147461e-01
3.023454360663890839e-02
1.518363505601882935e-01
0.000000000000000000e+00
0.000000000000000000e+00
1.624555736780166626e-01
0.000000000000000000e+00
2.203110307455062866e-01
3.176404908299446106e-02
1.802367158234119415e-02
1.201515085995197296e-02
0.000000000000000000e+00
1.062270700931549072e-01
6.151466816663742065e-02
1.157976984977722168e-01
4.316695332527160645e-01
1.258723139762878418e-01
1.231446564197540283e-01
0.000000000000000000e+00
7.212024927139282227e-02
9.245024621486663818e-02
0.000000000000000000e+00
0.000000000000000000e+00
0.000000000000000000e+00
8.001688718795776367e-01
1.030562296509742737e-01
0.000000000000000000e+00
2.041916698217391968e-01
8.756605535745620728e-02
2.069322019815444946e-01
6.304272413253784180e-01
6.865552663803100586e-01
0.000000000000000000e+00
1.450865566730499268e-01
3.029957711696624756e-01
5.190104246139526367e-01
2.863567769527435303e-01
7.159703373908996582e-01
5.455538630485534668e-02
0.000000000000000000e+00
2.052102796733379364e-02
1.056986570358276367e+00
9.415711276233196259e-03
0.000000000000000000e+00
4.583543632179498672e-03
3.601820766925811768e-01
0.000000000000000000e+00
4.490930214524269104e-02
3.546669185161590576e-01
0.000000000000000000e+00
2.903088033199310303e-01
3.228005487471818924e-03
2.065962180495262146e-02
4.722778126597404480e-02
1.919812150299549103e-02
1.846153661608695984e-02
4.021931648254394531e+00
1.273414254188537598e+00
1.561692357063293457e+00
4.137543737888336182e-01
6.356330215930938721e-02
1.655349135398864746e-02
2.050308704376220703e+00
1.361902713775634766e+00
4.537331312894821167e-02
0.000000000000000000e+00
0.000000000000000000e+00
2.012503892183303833e-01
8.437937498092651367e-02
8.461169898509979248e-02
0.000000000000000000e+00
0.000000000000000000e+00
3.890797495841979980e-01
1.226272955536842346e-01
0.000000000000000000e+00
0.000000000000000000e+00
1.289644092321395874e-01
1.291963458061218262e-01
2.161331474781036377e-02
0.000000000000000000e+00
3.746874928474426270e-01
3.851343989372253418e-01
1.364090442657470703e+00
9.148765802383422852e-01
5.178530514240264893e-02
0.000000000000000000e+00
3.227187991142272949e-01
0.000000000000000000e+00
0.000000000000000000e+00
1.225319027900695801e+00
5.953195039182901382e-03
2.075033634901046753e-01
7.362397909164428711e-01
1.030165031552314758e-01
1.417411565780639648e-01
0.000000000000000000e+00
5.436878800392150879e-01
0.000000000000000000e+00
3.229600489139556885e-01
3.927626013755798340e-01
1.376929134130477905e-02
6.090912222862243652e-01
1.343564242124557495e-01
3.326363489031791687e-02
5.950790047645568848e-01
2.243999578058719635e-02
2.359974533319473267e-01
8.217019587755203247e-02
1.894634217023849487e-01
3.190218448638916016e+00
4.569640755653381348e-01
1.691590696573257446e-01
0.000000000000000000e+00
1.283003985881805420e-01
7.580780237913131714e-02
0.000000000000000000e+00
0.000000000000000000e+00
0.000000000000000000e+00
1.535377800464630127e-01
1.507410500198602676e-02
1.816785894334316254e-02
8.221767493523657322e-04
2.324149459600448608e-01
4.737377166748046875e-02
4.330122843384742737e-02
1.733515024185180664e+00
0.000000000000000000e+00
1.260373890399932861e-01
1.778361648321151733e-01
5.010865628719329834e-02
7.496178150177001953e-02
3.287370130419731140e-02
6.701411008834838867e-01
1.429339051246643066e+00
1.855880379676818848e+00
0.000000000000000000e+00
9.253598749637603760e-03
1.593405842781066895e+00
0.000000000000000000e+00
2.969146706163883209e-02
1.251302938908338547e-02
6.027439236640930176e-01
0.000000000000000000e+00
8.303140103816986084e-02
4.158004522323608398e-01
2.923396825790405273e-01
1.060648202896118164e+00
3.261492252349853516e-01
1.207539796829223633e+00
1.383287012577056885e-01
2.355241537094116211e+00
0.000000000000000000e+00
0.000000000000000000e+00
5.740176513791084290e-02
0.000000000000000000e+00
0.000000000000000000e+00
6.574801355600357056e-02
1.540216337889432907e-02
8.281335979700088501e-02
1.060580983757972717e-01
4.362956881523132324e-01
2.338638156652450562e-02
8.905757963657379150e-02
3.002073168754577637e-01
1.087672933936119080e-01
6.428448110818862915e-02
2.051582336425781250e-01
7.202750444412231445e-01
1.033795595169067383e+00
0.000000000000000000e+00
5.331983417272567749e-02
4.762298241257667542e-02
8.172160387039184570e-01
7.827339321374893188e-02
2.892080321907997131e-02
8.534233272075653076e-02
1.079925596714019775e-01
0.000000000000000000e+00
3.408482670783996582e-01
2.293430268764495850e-02
7.495506852865219116e-02
1.281243443489074707e+00
2.244036197662353516e-01
0.000000000000000000e+00
0.000000000000000000e+00
1.617881585843861103e-03
0.000000000000000000e+00
5.867370963096618652e-01
1.745415478944778442e-01
1.009174466133117676e+00
4.187647998332977295e-02
1.176601797342300415e-01
2.910835444927215576e-01
0.000000000000000000e+00
7.965827584266662598e-01
9.844725579023361206e-02
3.509209677577018738e-02
0.000000000000000000e+00
2.957548499107360840e-01
1.339974552392959595e-01
0.000000000000000000e+00
0.000000000000000000e+00
6.864278018474578857e-02
3.436172753572463989e-02
4.785846173763275146e-02
4.834055602550506592e-01
3.078227758407592773e+00
1.733618527650833130e-01
0.000000000000000000e+00
6.073393225669860840e-01
2.573567926883697510e-01
2.434502094984054565e-01
6.776190996170043945e-01
4.027634114027023315e-02
8.227494545280933380e-03
2.566502988338470459e-01
8.542166948318481445e-01
3.580862283706665039e-02
1.087837815284729004e+00
7.972589731216430664e-01
5.232681706547737122e-02
3.265565037727355957e-01
6.566777080297470093e-02
1.199179530143737793e+00
2.510959841310977936e-02
5.351971387863159180e-01
6.456908583641052246e-02
0.000000000000000000e+00
2.205168902873992920e-01
0.000000000000000000e+00
3.570037335157394409e-02
0.000000000000000000e+00
1.753197163343429565e-01
7.018855959177017212e-02
1.331642866134643555e-01
1.828397810459136963e-01
3.371339142322540283e-01
8.131933212280273438e-01
1.594102621078491211e+00
1.466843187808990479e-01
2.376490086317062378e-01
4.621201455593109131e-01
2.390417605638504028e-01
3.525554239749908447e-01
0.000000000000000000e+00
8.086737245321273804e-03
0.000000000000000000e+00
7.851263284683227539e-01
1.512928009033203125e-01
0.000000000000000000e+00
0.000000000000000000e+00
9.101819247007369995e-03
1.234718412160873413e-01
1.531778872013092041e-01
7.197701930999755859e-02
3.220683336257934570e-01
2.507472783327102661e-02
1.424670815467834473e-01
0.000000000000000000e+00
2.648170232772827148e+00
0.000000000000000000e+00
2.169417589902877808e-01
5.115981101989746094e-01
0.000000000000000000e+00
8.060659281909465790e-03
1.128944084048271179e-01
0.000000000000000000e+00
1.803441286087036133e+00
1.891201585531234741e-01
3.251454532146453857e-01
1.474395859986543655e-02
1.307069957256317139e-01
4.275018274784088135e-01
0.000000000000000000e+00
2.312635630369186401e-01
1.123215258121490479e-01
0.000000000000000000e+00
4.636326432228088379e-02
0.000000000000000000e+00
4.460193216800689697e-01
1.059065759181976318e-02
2.909106910228729248e-01
2.991110784932971001e-03
5.155736114829778671e-03
3.623654134571552277e-03
3.257533013820648193e-01
8.599330186843872070e-01
9.957535564899444580e-02
3.835560679435729980e-01
0.000000000000000000e+00
3.234359668567776680e-03
3.492169082164764404e-02
3.127105534076690674e-01
0.000000000000000000e+00
5.190947651863098145e-02
1.542366594076156616e-01
2.210886478424072266e-01
2.625525593757629395e-01
0.000000000000000000e+00
8.772226423025131226e-02
8.760498166084289551e-01
1.825927942991256714e-02
4.207265004515647888e-02
1.243397872895002365e-02
0.000000000000000000e+00
4.800626933574676514e-01
5.147391557693481445e-01
2.308839373290538788e-02
0.000000000000000000e+00
6.697816848754882812e-01
7.134045362472534180e-01
1.673726737499237061e-02
2.503937184810638428e-01
5.369812995195388794e-02
2.232929877936840057e-02
2.053286135196685791e-02
3.985759336501359940e-03
0.000000000000000000e+00
1.438262988813221455e-03
1.025271058082580566e+00
0.000000000000000000e+00
2.486918270587921143e-01
0.000000000000000000e+00
5.708372220396995544e-02
0.000000000000000000e+00
1.929524540901184082e-02
3.950394630432128906e+00
3.545925617218017578e+00
1.142219305038452148e+00
7.156728208065032959e-02
5.755516886711120605e-02
7.974989712238311768e-02
7.603367567062377930e-01
0.000000000000000000e+00
1.205879807472229004e+00
4.931223113089799881e-03
0.000000000000000000e+00
1.520181149244308472e-01
2.823527157306671143e-01
1.544146537780761719e-01
2.294881343841552734e-01
1.525030970573425293e+00
0.000000000000000000e+00
1.260541439056396484e+00
1.347730875015258789e+00
1.597446203231811523e-02
1.522295773029327393e-01
5.032626911997795105e-02
2.828811407089233398e+00
1.373173594474792480e-01
4.677237197756767273e-02
1.862821578979492188e+00
4.622880220413208008e-01
2.217747420072555542e-01
6.406688690185546875e-01
0.000000000000000000e+00
1.488668680191040039e+00
4.761641025543212891e-01
2.036406844854354858e-01
1.084946841001510620e-02
9.538082480430603027e-01
0.000000000000000000e+00
7.363156676292419434e-01
6.666753888130187988e-01
2.108962275087833405e-02
0.000000000000000000e+00
0.000000000000000000e+00
1.265596151351928711e-01
0.000000000000000000e+00
4.816607013344764709e-02
2.873575985431671143e-01
5.011036396026611328e-01
5.073024705052375793e-02
0.000000000000000000e+00
4.956103861331939697e-01
4.133480787277221680e-02
1.703784428536891937e-02
0.000000000000000000e+00
2.035907268524169922e+00
0.000000000000000000e+00
0.000000000000000000e+00
1.097956597805023193e-01
1.768828779458999634e-01
1.406579930335283279e-02
2.834805250167846680e-01
0.000000000000000000e+00
4.467475414276123047e-01
3.994691651314496994e-03
1.870136499404907227e+00
2.660574615001678467e-01
2.588047981262207031e+00
4.626412875950336456e-03
2.682375013828277588e-01
7.694218158721923828e-01
2.145334333181381226e-02
0.000000000000000000e+00
0.000000000000000000e+00
0.000000000000000000e+00
0.000000000000000000e+00
6.086006294935941696e-03
1.702328175306320190e-01
5.516058206558227539e-02
0.000000000000000000e+00
8.937541246414184570e-01
2.875055186450481415e-02
0.000000000000000000e+00
1.568460911512374878e-01
6.141206249594688416e-02
3.399261236190795898e-01
3.092189505696296692e-02
0.000000000000000000e+00
3.740487694740295410e-01
2.067428082227706909e-03
0.000000000000000000e+00
1.874126493930816650e-02
1.796909049153327942e-02
7.422214150428771973e-01
1.150828674435615540e-01
1.160067170858383179e-01
4.071904182434082031e+00
4.369221925735473633e-01
1.760155916213989258e+00
4.974386990070343018e-01
3.628838434815406799e-02
1.017772331833839417e-01
0.000000000000000000e+00
5.277019739151000977e-02
0.000000000000000000e+00
2.186121195554733276e-01
0.000000000000000000e+00
9.262342005968093872e-02
5.658388137817382812e-03
0.000000000000000000e+00
5.186237692832946777e-01
9.535079449415206909e-02
2.832633443176746368e-03
6.060519814491271973e-01
7.409595884382724762e-03
1.316277831792831421e-01
3.438337743282318115e-01
0.000000000000000000e+00
2.190614938735961914e+00
3.801178559660911560e-02
1.468912698328495026e-03
4.917772114276885986e-02
9.143046103417873383e-03
4.273445606231689453e-01
1.395216304808855057e-02
8.202464133501052856e-02
6.299147009849548340e-02
9.749135002493858337e-03
1.652635782957077026e-01
9.867736101150512695e-01
1.148745775222778320e+00
1.498193502426147461e+00
9.488992393016815186e-02
1.549672037363052368e-01
0.000000000000000000e+00
1.404339820146560669e-02
1.199665307998657227e+00
4.779241383075714111e-01
3.170818090438842773e-02
1.238525137305259705e-01
1.769387364387512207e+00
0.000000000000000000e+00
1.750837117433547974e-01
0.000000000000000000e+00
1.139764906838536263e-03
0.000000000000000000e+00
1.458415627479553223e+00
0.000000000000000000e+00
0.000000000000000000e+00
1.882316358387470245e-02
2.733774250373244286e-03
1.578590422868728638e-01
8.932432532310485840e-02
4.023470878601074219e-01
2.064308375120162964e-01
1.289815548807382584e-02
3.209014981985092163e-02
5.910357087850570679e-02
0.000000000000000000e+00
9.346286952495574951e-02
0.000000000000000000e+00
4.539459705352783203e+00
5.820420756936073303e-02
1.918079257011413574e-01
2.978965282440185547e+00
0.000000000000000000e+00
4.931416362524032593e-02
1.662822663784027100e-01
9.088549017906188965e-02
5.546048283576965332e-02
2.037601545453071594e-02
8.469501137733459473e-02
4.467175602912902832e-01
6.629893779754638672e-01
4.484323412179946899e-02
4.810139536857604980e-01
9.160051494836807251e-02
2.148284912109375000e-01
6.048739552497863770e-01
1.170053362846374512e+00
1.625185012817382812e+00
6.461577415466308594e-01
1.447721719741821289e+00
1.664655208587646484e-01
1.770932525396347046e-01
3.871760368347167969e-01
5.017163276672363281e+00
9.827375411987304688e-01
1.720347762107849121e+00
1.333752274513244629e-01
2.879906892776489258e-01
0.000000000000000000e+00
6.364831328392028809e-02
6.736079230904579163e-03
5.010032653808593750e+00
2.956677377223968506e-01
0.000000000000000000e+00
1.350659225136041641e-02
8.499325811862945557e-02
7.051295042037963867e-02
0.000000000000000000e+00
2.155237942934036255e-01
9.693044424057006836e-02
0.000000000000000000e+00
0.000000000000000000e+00
2.025469392538070679e-02
2.998666167259216309e-01
0.000000000000000000e+00
0.000000000000000000e+00
0.000000000000000000e+00
4.074564576148986816e-01
3.566183522343635559e-02
0.000000000000000000e+00
9.273276329040527344e-01
0.000000000000000000e+00
3.271149992942810059e-01
3.046427369117736816e-01
1.307357996702194214e-01
1.307401061058044434e-01
0.000000000000000000e+00
1.222153231501579285e-01
5.758128166198730469e-01
3.542218506336212158e-01
6.811166554689407349e-02
1.404698640108108521e-01
9.170309454202651978e-02
4.146288633346557617e-01
1.061209365725517273e-01
3.958036661148071289e+00
2.413433194160461426e-01
2.827467203140258789e+00
6.970260739326477051e-01
1.067040394991636276e-02
1.082064770162105560e-02
4.336211681365966797e-01
0.000000000000000000e+00
2.809031009674072266e-01
6.149157285690307617e-01
8.278630673885345459e-02
5.338229537010192871e-01
2.583968162536621094e+00
4.283817112445831299e-01
1.162941455841064453e+00
1.789628267288208008e+00
0.000000000000000000e+00
1.459812372922897339e-01
6.287681753747165203e-04
2.104832381010055542e-01
0.000000000000000000e+00
2.052938342094421387e-01
5.093495249748229980e-01
5.732284113764762878e-02
7.379743456840515137e-01
0.000000000000000000e+00
1.201739721000194550e-02
4.475689232349395752e-01
2.640938328113406897e-05
3.426678851246833801e-02
1.213960535824298859e-02
9.365985542535781860e-02
0.000000000000000000e+00
0.000000000000000000e+00
2.189845591783523560e-01
5.166970193386077881e-03
2.439427934587001801e-02
0.000000000000000000e+00
0.000000000000000000e+00
1.494558155536651611e-01
1.507632434368133545e-01
7.179353833198547363e-01
1.681176900863647461e+00
2.816606499254703522e-02
0.000000000000000000e+00
1.866797655820846558e-01
2.933636903762817383e-01
4.740121588110923767e-02
1.582635998725891113e+00
1.082053184509277344e+00
2.565835416316986084e-01
7.148247212171554565e-02
3.766396269202232361e-02
1.298001110553741455e-01
5.512018688023090363e-04
8.887693285942077637e-01
3.903660774230957031e-01
3.574359714984893799e-01
1.010300219058990479e-02
8.369852304458618164e-01
1.451216042041778564e-01
5.474332571029663086e-01
0.000000000000000000e+00
1.548768430948257446e-01
5.867593884468078613e-01
3.275721073150634766e-01
1.123998388648033142e-01
1.951036214828491211e+00
5.520340520888566971e-03
1.039869431406259537e-02
1.310918629169464111e-01
1.654540896415710449e-01
1.144858598709106445e-01
1.344670951366424561e-01
8.550823926925659180e-01
0.000000000000000000e+00
4.102128092199563980e-03
1.029955148696899414e+00
6.613718867301940918e-01
1.479650381952524185e-02
3.809575438499450684e-01
0.000000000000000000e+00
3.974205255508422852e-01
8.076722919940948486e-02
1.491178423166275024e-01
0.000000000000000000e+00
2.411668598651885986e-01
0.000000000000000000e+00
1.286997050046920776e-01
5.255264043807983398e-02
4.615947306156158447e-01
7.626209873706102371e-03
1.829581707715988159e-01
9.690131992101669312e-02
7.043398916721343994e-02
2.549316585063934326e-01
2.198255853727459908e-03
0.000000000000000000e+00
9.347099661827087402e-01
1.692883819341659546e-01
0.000000000000000000e+00
2.805986106395721436e-01
2.300494536757469177e-02
5.440361797809600830e-02
0.000000000000000000e+00
0.000000000000000000e+00
0.000000000000000000e+00
1.812881231307983398e-01
1.456352919340133667e-01
0.000000000000000000e+00
0.000000000000000000e+00
1.772987842559814453e-01
2.658455073833465576e-01
1.505661308765411377e-01
0.000000000000000000e+00
1.576448559761047363e+00
2.883618772029876709e-01
1.056331396102905273e-02
4.807265847921371460e-02
1.366140246391296387e-01
1.980222910642623901e-01
3.642987906932830811e-01
5.304227024316787720e-02
1.361547559499740601e-01
7.588393688201904297e-01
2.353726923465728760e-01
1.630988866090774536e-01
1.214819476008415222e-01
7.512117177248001099e-02
0.000000000000000000e+00
0.000000000000000000e+00
0.000000000000000000e+00
0.000000000000000000e+00
7.490730881690979004e-01
1.292523592710494995e-01
1.267538666725158691e+00
1.428424380719661713e-02
0.000000000000000000e+00
3.308639861643314362e-03
4.447802156209945679e-02
7.292741909623146057e-03
2.936247885227203369e-01
0.000000000000000000e+00
3.870321065187454224e-02
0.000000000000000000e+00
7.005013525485992432e-02
0.000000000000000000e+00
5.834099650382995605e-01
9.647054225206375122e-02
1.231984972953796387e+00
1.967574656009674072e-01
0.000000000000000000e+00
7.745590060949325562e-03
0.000000000000000000e+00
1.747154116630554199e+00
0.000000000000000000e+00
0.000000000000000000e+00
4.227993264794349670e-02
1.921523362398147583e-01
3.932851180434226990e-02
3.861657381057739258e-01
0.000000000000000000e+00
1.315748225897550583e-02
2.168521404266357422e+00
0.000000000000000000e+00
3.055949509143829346e-01
0.000000000000000000e+00
1.241180114448070526e-02
2.449262328445911407e-02
2.059137821197509766e+00
3.571686893701553345e-02
3.172905147075653076e-01
1.083670184016227722e-01
6.273671169765293598e-04
8.585652336478233337e-03
2.390754409134387970e-03
3.028699383139610291e-02
6.587057560682296753e-02
3.682348430156707764e-01
0.000000000000000000e+00
3.529329784214496613e-03
0.000000000000000000e+00
1.041933298110961914e-01
3.933960571885108948e-02
1.329248547554016113e-01
3.714432939887046814e-02
6.594796478748321533e-02
2.066145837306976318e-02
1.860916055738925934e-02
5.130509853363037109e+00
0.000000000000000000e+00
0.000000000000000000e+00
5.288805365562438965e-01
7.005231920629739761e-03
1.263918727636337280e-01
1.522854208946228027e+00
1.144350739195942879e-03
4.598249197006225586e-01
1.240079291164875031e-03
2.541213035583496094e-01
1.504735946655273438e-01
5.267636477947235107e-02
0.000000000000000000e+00
5.494849085807800293e-01
2.156620472669601440e-01
4.008950293064117432e-01
6.032795906066894531e-01
0.000000000000000000e+00
2.968790829181671143e-01
2.128818817436695099e-02
3.768855705857276917e-03
4.134243354201316833e-02
4.359228909015655518e-01
9.571603536605834961e-01
7.941869497299194336e-01
4.602100327610969543e-02
5.541529506444931030e-02
4.090905189514160156e-03
1.594406008720397949e+00
0.000000000000000000e+00
1.338701844215393066e+00
0.000000000000000000e+00
9.661509394645690918e-01
4.166679829359054565e-02
6.645879149436950684e-02
1.279352605342864990e-01
2.690815739333629608e-02
4.959287047386169434e-01
1.611909419298171997e-01
7.136657088994979858e-02
1.931891888380050659e-01
2.051742970943450928e-01
1.780956625938415527e+00
3.724398836493492126e-02
3.509031534194946289e-01
3.706922829151153564e-01
1.566901355981826782e-01
1.684146560728549957e-02
1.089370995759963989e-02
3.627429902553558350e-01
0.000000000000000000e+00
1.610528863966464996e-02
1.064757823944091797e+00
8.585561066865921021e-02
2.731080651283264160e-01
1.005558297038078308e-01
1.339442968368530273e+00
0.000000000000000000e+00
1.271651685237884521e-01
3.229767680168151855e-01
0.000000000000000000e+00
8.421774953603744507e-02
0.000000000000000000e+00
3.516785800457000732e-02
0.000000000000000000e+00
3.566428124904632568e-01
9.739004075527191162e-02
9.563621878623962402e-02
4.457044899463653564e-01
3.497594594955444336e-01
6.527145206928253174e-02
4.870708882808685303e-01
2.257579937577247620e-02
4.212786629796028137e-02
2.042334675788879395e-01
0.000000000000000000e+00
1.343441158533096313e-01
8.032160997390747070e-02
3.557251989841461182e-01
2.484074607491493225e-02
7.804314792156219482e-02
0.000000000000000000e+00
6.348611321300268173e-03
4.649995639920234680e-02
0.000000000000000000e+00
5.658389329910278320e-01
2.266704320907592773e+00
5.254200473427772522e-02
5.085365101695060730e-02
7.710609436035156250e-01
2.415388077497482300e-01
0.000000000000000000e+00
8.710250258445739746e-02
1.696934551000595093e-01
0.000000000000000000e+00
1.033029317855834961e+00
0.000000000000000000e+00
8.704935312271118164e-01
3.376743793487548828e-01
4.223858565092086792e-02
1.022037565708160400e-01
3.115974664688110352e-01
2.185925841331481934e-01
7.315247058868408203e-01
7.848073840141296387e-01
2.305849269032478333e-02
1.895008832216262817e-01
0.000000000000000000e+00
1.357707232236862183e-01
9.454594552516937256e-02
0.000000000000000000e+00
1.669103622436523438e+00
2.086077183485031128e-01
0.000000000000000000e+00
6.129356622695922852e-01
2.312363535165786743e-01
0.000000000000000000e+00
2.081647813320159912e-01
3.709698840975761414e-02
4.255203902721405029e-02
2.171960920095443726e-01
1.722874999046325684e+00
5.234578847885131836e-01
2.641809284687042236e-01
0.000000000000000000e+00
4.057328402996063232e-02
1.365939714014530182e-02
3.506657481193542480e-01
1.313909888267517090e-01
1.054121926426887512e-01
2.097888290882110596e-01
5.605063438415527344e-01
3.497904241085052490e-01
5.861422419548034668e-02
0.000000000000000000e+00
7.563281059265136719e-02
5.624440312385559082e-02
5.858265757560729980e-01
0.000000000000000000e+00
1.396665070205926895e-02
0.000000000000000000e+00
0.000000000000000000e+00
5.550517234951257706e-03
1.649531535804271698e-02
3.206220269203186035e-02
3.415894508361816406e-02
4.887416493147611618e-03
1.914448849856853485e-02
0.000000000000000000e+00
1.737487316131591797e-01
5.947193503379821777e-01
6.454569101333618164e-02
3.826164007186889648e-01
3.871611654758453369e-01
1.265675295144319534e-02
1.389409005641937256e-01
2.797510102391242981e-02
3.685933351516723633e-01
1.228404790163040161e-01
8.119698613882064819e-02
0.000000000000000000e+00
8.321891725063323975e-02
5.174480080604553223e-01
1.858965121209621429e-02
1.811428815126419067e-01
6.057010293006896973e-01
4.824013113975524902e-01
7.155103683471679688e-01
7.181744091212749481e-03
0.000000000000000000e+00
1.212966665625572205e-01
2.730452222749590874e-03
4.073414951562881470e-03
2.208542823791503906e-02
6.133633255958557129e-01
0.000000000000000000e+00
1.597276806831359863e+00
3.249628841876983643e-02
2.988691926002502441e-01
1.867712587118148804e-01
8.326225876808166504e-01
0.000000000000000000e+00
2.918414771556854248e-01
1.427173912525177002e-01
1.835652813315391541e-02
5.956432819366455078e-01
0.000000000000000000e+00
1.618701615370810032e-03
1.725142478942871094e+00
6.603855639696121216e-03
4.078248888254165649e-02
6.886295229196548462e-02
0.000000000000000000e+00
5.131934583187103271e-02
2.672680281102657318e-02
3.237495943903923035e-02
1.185994386672973633e+00
5.053122043609619141e-01
0.000000000000000000e+00
2.276788465678691864e-03
1.750229299068450928e-02
3.850250691175460815e-02
3.866749107837677002e-01
3.175193965435028076e-01
1.180955860763788223e-02
3.565249964594841003e-02
2.679446697235107422e+00
4.628298282623291016e-01
7.749546766281127930e-01
0.000000000000000000e+00
2.862579822540283203e-01
2.895316183567047119e-01
2.563059329986572266e-01
1.832681894302368164e-01
7.142592221498489380e-02
7.359797358512878418e-01
1.094810366630554199e-01
1.993858255445957184e-02
1.640262603759765625e-01
6.115635633468627930e-01
2.650769311003386974e-04
6.435527205467224121e-01
8.891371637582778931e-02
1.797270327806472778e-01
2.426276914775371552e-02
1.560184955596923828e-01
2.003092467784881592e-01
0.000000000000000000e+00
0.000000000000000000e+00
1.281341016292572021e-01
0.000000000000000000e+00
3.191501796245574951e-01
2.013902738690376282e-02
8.309335261583328247e-02
5.939020961523056030e-02
5.160503983497619629e-01
2.360966682434082031e+00
5.703766644001007080e-02
8.424508571624755859e-02
2.637684047222137451e-01
1.735537350177764893e-01
0.000000000000000000e+00
1.632305607199668884e-02
0.000000000000000000e+00
6.131245195865631104e-02
0.000000000000000000e+00
0.000000000000000000e+00
6.241863593459129333e-03
0.000000000000000000e+00
2.840174734592437744e-01
0.000000000000000000e+00
7.717699557542800903e-02
4.246890172362327576e-02
0.000000000000000000e+00
0.000000000000000000e+00
3.489904804155230522e-03
1.897009462118148804e-01
1.397680342197418213e-01
5.761036649346351624e-02
1.098456501960754395e+00
0.000000000000000000e+00
3.500744700431823730e-01
0.000000000000000000e+00
4.369625151157379150e-01
2.083260118961334229e-01
2.264611609280109406e-02
0.000000000000000000e+00
2.879506051540374756e-01
1.226343140006065369e-01
2.247299700975418091e-01
0.000000000000000000e+00
2.861380577087402344e-01
5.936969071626663208e-02
5.795472860336303711e-01
5.562377572059631348e-01
2.901087403297424316e-01
1.292067408561706543e+00
1.211715787649154663e-01
2.447161078453063965e-02
2.941729873418807983e-02
5.418553352355957031e-01
1.569962650537490845e-01
4.904710948467254639e-01
3.242464661598205566e-01
0.000000000000000000e+00
0.000000000000000000e+00
5.038376450538635254e-01
1.791910290718078613e+00
0.000000000000000000e+00
0.000000000000000000e+00
1.322571635246276855e+00
