8.802512288093566895e-02
3.355979025363922119e-01
5.928242113441228867e-03
5.059880018234252930e-01
1.231090202927589417e-01
5.490552634000778198e-02
7.966336607933044434e-01
1.407312601804733276e-01
4.936727881431579590e-01
5.164668083190917969e+00
1.667159944772720337e-01
0.000000000000000000e+00
2.472968250513076782e-01
0.000000000000000000e+00
0.000000000000000000e+00
8.650248050689697266e-01
4.526295661926269531e-01
7.917209877632558346e-04
1.332093328237533569e-01
4.526962041854858398e-01
3.683156520128250122e-02
2.223495244979858398e-01
3.129694163799285889e-01
0.000000000000000000e+00
3.097358942031860352e-01
3.347257375717163086e-01
1.416256129741668701e-01
3.934704065322875977e-01
1.214751414954662323e-02
3.676600009202957153e-02
1.024030074477195740e-01
0.000000000000000000e+00
6.230793148279190063e-02
8.214461803436279297e-01
2.916980348527431488e-02
6.349443197250366211e-01
6.978317396715283394e-04
1.327013522386550903e-01
0.000000000000000000e+00
7.111209630966186523e-02
0.000000000000000000e+00
4.743312895298004150e-01
1.405133605003356934e-01
6.731707453727722168e-01
8.882164955139160156e-03
2.823295071721076965e-02
2.079123444855213165e-02
3.244116529822349548e-02
0.000000000000000000e+00
2.254763990640640259e-01
2.130913287401199341e-01
9.277345538139343262e-01
1.415995359420776367e-01
6.595987677574157715e-01
6.135553121566772461e-03
1.613589078187942505e-01
3.460419178009033203e-02
4.016729816794395447e-02
0.000000000000000000e+00
7.526171803474426270e-01
1.875440955162048340e+00
3.264783322811126709e-02
8.353865742683410645e-01
4.837428405880928040e-02
6.515604257583618164e-01
1.660998016595840454e-01
0.000000000000000000e+00
2.285296440124511719e+00
1.624558493494987488e-02
3.094905912876129150e-01
4.326850473880767822e-01
2.017443418502807617e+00
4.044182300567626953e-01
2.034209370613098145e-01
4.720804393291473389e-01
6.949982047080993652e-01
7.776982784271240234e-01
7.223460674285888672e-01
1.075947523117065430e+00
4.012735094875097275e-03
8.175437450408935547e-01
1.026115342974662781e-01
2.432227320969104767e-02
1.933116763830184937e-01
1.109208837151527405e-01
6.039070710539817810e-02
1.015438437461853027e-01
1.132459640502929688e-01
7.027680277824401855e-01
1.273203939199447632e-01
0.000000000000000000e+00
3.160859048366546631e-01
0.000000000000000000e+00
5.977136641740798950e-02
4.444482624530792236e-01
1.253198087215423584e-01
2.922996282577514648e-01
2.579961903393268585e-02
1.372868180274963379e+00
8.794725537300109863e-01
4.099144339561462402e-01
5.250911712646484375e-01
1.015740036964416504e+00
4.133640974760055542e-02
8.844526484608650208e-03
9.753525257110595703e-02
0.000000000000000000e+00
7.556123193353414536e-03
0.000000000000000000e+00
4.664377212524414062e+00
0.000000000000000000e+00
1.063058450818061829e-01
5.235281586647033691e-02
2.344766378402709961e+00
5.816197395324707031e-01
1.871107667684555054e-01
6.235596537590026855e-01
1.093258783221244812e-01
0.000000000000000000e+00
7.988319396972656250e-01
6.083113551139831543e-01
1.788354516029357910e+00
1.617501497268676758e+00
1.725205332040786743e-01
5.843899250030517578e-01
0.000000000000000000e+00
6.045833826065063477e-01
2.448702696710824966e-03
0.000000000000000000e+00
3.795318771153688431e-04
2.103234268724918365e-02
5.283421277999877930e-02
2.427005767822265625e-02
8.797919005155563354e-02
5.475602149963378906e-01
2.120113521814346313e-01
5.523918867111206055e-01
1.804408617317676544e-02
1.404664516448974609e+00
8.124212920665740967e-02
3.327442109584808350e-01
2.301791459321975708e-01
3.789323568344116211e-02
7.995915412902832031e-01
2.183327376842498779e-01
1.539088785648345947e-02
5.972985923290252686e-02
1.030229404568672180e-02
2.924052774906158447e-01
9.518395364284515381e-02
3.577181324362754822e-02
5.934166535735130310e-02
8.593840599060058594e-01
7.381362318992614746e-01
1.503592729568481445e-02
8.099492988549172878e-04
2.015825212001800537e-01
2.418530732393264771e-01
3.692532330751419067e-02
4.594211876392364502e-01
6.700647529214620590e-03
6.762003153562545776e-02
1.110660210251808167e-01
0.000000000000000000e+00
2.902736365795135498e-01
1.805922031402587891e+00
2.484392933547496796e-02
0.000000000000000000e+00
1.111626345664262772e-02
5.628263354301452637e-01
1.039883401244878769e-02
5.308648943901062012e-02
8.247237801551818848e-01
1.007473543286323547e-01
1.980830579996109009e-01
1.768326610326766968e-01
1.547560989856719971e-01
4.577508196234703064e-02
0.000000000000000000e+00
4.229763895273208618e-02
1.255328059196472168e-01
8.213694207370281219e-03
5.362677201628684998e-02
7.422921806573867798e-02
1.808808594942092896e-01
2.317241668701171875e+00
4.372139275074005127e-02
2.277242243289947510e-01
0.000000000000000000e+00
1.114818572998046875e+00
2.065436914563179016e-02
3.628793358802795410e-01
1.314395572990179062e-02
1.115056276321411133e-01
1.664833282120525837e-03
8.069302439689636230e-01
7.981535978615283966e-03
0.000000000000000000e+00
1.245604529976844788e-01
3.504981100559234619e-01
9.616701602935791016e-01
0.000000000000000000e+00
7.981017231941223145e-02
0.000000000000000000e+00
5.101749300956726074e-02
2.837580204010009766e+00
4.066174030303955078e-01
1.355337053537368774e-01
0.000000000000000000e+00
0.000000000000000000e+00
1.603428125381469727e-01
3.006533980369567871e-01
0.000000000000000000e+00
1.134488033130764961e-03
0.000000000000000000e+00
0.000000000000000000e+00
1.195686757564544678e-01
2.196398526430130005e-01
3.925862535834312439e-02
2.373565435409545898e+00
1.195919290184974670e-01
0.000000000000000000e+00
2.798706293106079102e+00
7.980447262525558472e-02
3.997959569096565247e-02
1.333249807357788086e-01
6.137079093605279922e-03
9.457902610301971436e-02
0.000000000000000000e+00
3.295549750328063965e-01
4.932112991809844971e-02
1.734501495957374573e-02
4.105377197265625000e+00
1.435818225145339966e-01
3.032048791646957397e-02
4.693735018372535706e-02
5.773596465587615967e-02
1.162100816145539284e-03
0.000000000000000000e+00
2.732669413089752197e-01
2.004903368651866913e-02
0.000000000000000000e+00
2.183182910084724426e-02
7.027475237846374512e-01
2.915559895336627960e-02
6.496442854404449463e-02
0.000000000000000000e+00
0.000000000000000000e+00
2.867054194211959839e-02
6.237153410911560059e-01
3.115763366222381592e-01
5.336046218872070312e-01
0.000000000000000000e+00
6.430925428867340088e-02
1.151514891535043716e-02
1.215500757098197937e-02
3.146633505821228027e-01
1.496725827455520630e-01
2.181394100189208984e-01
1.475066989660263062e-01
1.120202779769897461e+00
2.402513623237609863e-01
2.274617671966552734e+00
0.000000000000000000e+00
1.135337799787521362e-01
0.000000000000000000e+00
4.224984049797058105e-01
1.480135414749383926e-02
1.121278524398803711e+00
3.580680370330810547e+00
5.317562222480773926e-01
3.000518679618835449e-02
3.769130408763885498e-01
1.464855670928955078e-02
3.462541401386260986e-01
3.424833536148071289e+00
8.399569243192672729e-02
0.000000000000000000e+00
8.644387125968933105e-01
7.849262095987796783e-03
0.000000000000000000e+00
3.038405627012252808e-02
1.144844442605972290e-01
1.999139040708541870e-02
0.000000000000000000e+00
7.737869024276733398e-01
6.136008724570274353e-02
1.153465270996093750e+00
2.618255913257598877e-01
2.749170064926147461e-01
1.112419515848159790e-01
5.414665937423706055e-01
1.961502879858016968e-01
1.744348406791687012e-01
7.733356207609176636e-03
0.000000000000000000e+00
0.000000000000000000e+00
0.000000000000000000e+00
1.188134681433439255e-02
6.926984060555696487e-04
5.166621804237365723e-01
3.980728089809417725e-01
6.556655168533325195e-01
2.153170853853225708e-01
2.909704670310020447e-02
0.000000000000000000e+00
1.103815287351608276e-01
4.356156587600708008e-01
6.045357510447502136e-02
4.703699424862861633e-02
1.127126277424395084e-03
5.311360359191894531e-01
2.504609823226928711e-01
5.912993103265762329e-03
1.919389665126800537e-01
5.240693092346191406e-01
2.015326023101806641e-01
6.893516331911087036e-02
4.227104410529136658e-02
8.328061550855636597e-02
2.341513186693191528e-01
1.241506356745958328e-02
6.336910724639892578e-01
1.330525334924459457e-02
8.066713809967041016e-02
3.340874612331390381e-01
1.011312752962112427e-02
1.695625931024551392e-01
0.000000000000000000e+00
1.581191182136535645e+00
7.212463766336441040e-02
3.682920038700103760e-01
0.000000000000000000e+00
1.868708804249763489e-02
3.595632791519165039e+00
1.232844069600105286e-01
7.953771948814392090e-02
1.217405870556831360e-01
0.000000000000000000e+00
3.560598790645599365e-01
7.648959755897521973e-02
2.534103155136108398e+00
9.047177433967590332e-01
2.024353444576263428e-01
5.619395151734352112e-02
0.000000000000000000e+00
0.000000000000000000e+00
2.611784696578979492e+00
4.214560985565185547e-01
0.000000000000000000e+00
3.930497169494628906e-01
2.383869737386703491e-01
2.094883471727371216e-01
2.338284999132156372e-01
3.961043357849121094e-01
0.000000000000000000e+00
1.381021142005920410e-01
7.494919300079345703e-01
7.897008955478668213e-02
1.524538278579711914e+00
0.000000000000000000e+00
1.019907593727111816e-01
2.469849772751331329e-02
0.000000000000000000e+00
0.000000000000000000e+00
0.000000000000000000e+00
1.136765718460083008e+00
9.240832924842834473e-01
1.364091783761978149e-01
4.822833836078643799e-01
3.744230791926383972e-02
2.186781018972396851e-01
0.000000000000000000e+00
1.114644855260848999e-02
1.534248888492584229e-01
0.000000000000000000e+00
3.135965764522552490e-01
9.766037762165069580e-02
1.736266136169433594e+00
0.000000000000000000e+00
5.266804695129394531e-01
1.085989713668823242e+00
1.312359720468521118e-01
2.105511426925659180e-01
1.902826875448226929e-01
2.077233791351318359e-01
0.000000000000000000e+00
0.000000000000000000e+00
2.558766305446624756e-01
0.000000000000000000e+00
5.645481944084167480e-01
2.553138434886932373e-01
0.000000000000000000e+00
0.000000000000000000e+00
0.000000000000000000e+00
1.075172042846679688e+01
6.501339077949523926e-01
1.709146052598953247e-01
0.000000000000000000e+00
0.000000000000000000e+00
4.770665615797042847e-02
0.000000000000000000e+00
2.149512022733688354e-01
5.058461427688598633e-01
4.390479996800422668e-03
3.783253207802772522e-02
4.560641050338745117e-01
5.679657459259033203e-01
2.317150682210922241e-01
3.738896548748016357e-02
4.163789451122283936e-01
1.388323027640581131e-02
0.000000000000000000e+00
1.664722454734146595e-03
1.327901840209960938e+00
6.221820786595344543e-02
5.256450772285461426e-01
2.704897895455360413e-02
1.475040316581726074e-01
2.701025605201721191e-01
0.000000000000000000e+00
1.706390380859375000e+00
5.911573767662048340e-01
9.404847770929336548e-02
1.924153789877891541e-02
3.990586847066879272e-02
2.082702398300170898e+00
7.544797658920288086e-02
2.542045665904879570e-03
1.006141453981399536e-01
1.081680178642272949e+00
4.597528278827667236e-02
1.975600004196166992e+00
6.202476620674133301e-01
0.000000000000000000e+00
9.996581077575683594e-01
8.737599849700927734e-01
0.000000000000000000e+00
1.339313983917236328e-01
8.270139247179031372e-02
3.568748012185096741e-02
0.000000000000000000e+00
5.281745642423629761e-02
1.035422533750534058e-01
1.726437062025070190e-01
0.000000000000000000e+00
3.120096400380134583e-02
0.000000000000000000e+00
3.195071592926979065e-03
1.074244081974029541e-02
2.908327281475067139e-01
4.396203532814979553e-02
8.278389275074005127e-02
1.466625571250915527e+00
7.212652266025543213e-02
5.715907216072082520e-01
2.682194709777832031e-01
2.223156839609146118e-01
6.936243772506713867e-01
0.000000000000000000e+00
8.404986001551151276e-03
7.457793354988098145e-01
2.729723453521728516e-01
6.634998600929975510e-03
2.034323960542678833e-01
7.599543333053588867e-01
2.244956344366073608e-01
5.436322093009948730e-01
6.498113870620727539e-01
2.685382127761840820e+00
1.573720127344131470e-01
1.919205904006958008e+00
0.000000000000000000e+00
1.447381228208541870e-01
0.000000000000000000e+00
2.159484148025512695e+00
9.734617471694946289e-01
9.045357704162597656e-01
2.619107961654663086e+00
1.673275232315063477e-01
2.393012121319770813e-02
2.583252638578414917e-02
8.754029870033264160e-02
1.083611965179443359e+00
5.241925120353698730e-01
0.000000000000000000e+00
1.748088374733924866e-02
5.366401076316833496e-01
1.367075920104980469e+00
2.015783339738845825e-01
0.000000000000000000e+00
3.073487579822540283e-01
0.000000000000000000e+00
3.153532743453979492e-02
0.000000000000000000e+00
5.333463549613952637e-01
1.459697186946868896e-01
1.289781808853149414e+00
8.524279594421386719e-01
9.005550742149353027e-01
0.000000000000000000e+00
0.000000000000000000e+00
5.638168752193450928e-02
0.000000000000000000e+00
3.094856441020965576e-01
2.270051511004567146e-03
2.263399958610534668e-01
3.878661198541522026e-03
1.333762407302856445e-01
1.021005883812904358e-01
1.936487257480621338e-01
7.489204406738281250e-03
6.714672446250915527e-01
5.273379087448120117e-01
3.980651795864105225e-01
1.554501950740814209e-01
8.470737934112548828e-01
3.865369409322738647e-02
0.000000000000000000e+00
0.000000000000000000e+00
0.000000000000000000e+00
0.000000000000000000e+00
3.745009750127792358e-02
7.910145521163940430e-01
4.845060780644416809e-02
2.020091533660888672e+00
0.000000000000000000e+00
0.000000000000000000e+00
0.000000000000000000e+00
2.421962171792984009e-01
1.559446752071380615e-01
6.782503128051757812e-01
3.314792811870574951e-01
9.405003190040588379e-01
6.565976738929748535e-01
6.487810611724853516e-01
6.924579292535781860e-02
0.000000000000000000e+00
1.192563995718955994e-01
2.977566719055175781e-01
0.000000000000000000e+00
0.000000000000000000e+00
6.301770806312561035e-01
6.974627822637557983e-02
0.000000000000000000e+00
4.481062591075897217e-01
1.558048486709594727e+00
5.483114123344421387e-01
1.216884143650531769e-02
1.599600076675415039e+00
1.022029668092727661e-01
3.615540266036987305e-02
2.216336131095886230e-01
3.676584362983703613e-02
3.234748542308807373e-01
4.559172093868255615e-01
1.224243164062500000e+00
0.000000000000000000e+00
8.541479110717773438e-01
9.712474048137664795e-02
1.256711959838867188e+00
6.644113361835479736e-02
5.016628503799438477e-01
1.468796849250793457e+00
0.000000000000000000e+00
1.149673163890838623e-01
8.250637650489807129e-01
0.000000000000000000e+00
0.000000000000000000e+00
5.666864514350891113e-01
8.721679449081420898e-01
1.782808750867843628e-01
1.982174813747406006e-02
1.729040592908859253e-01
1.472235798835754395e+00
1.199731230735778809e-01
0.000000000000000000e+00
2.378766238689422607e-01
2.880007959902286530e-02
7.044791430234909058e-02
7.957638800144195557e-02
7.924735546112060547e-01
1.689875721931457520e-01
3.376695886254310608e-02
0.000000000000000000e+00
1.261608004570007324e+00
0.000000000000000000e+00
2.294284477829933167e-02
1.595011234283447266e+00
9.876445680856704712e-02
1.500866115093231201e-01
2.250702530145645142e-01
7.638333737850189209e-02
9.371668100357055664e-02
0.000000000000000000e+00
3.277881741523742676e-01
3.344780951738357544e-02
7.755083441734313965e-01
7.301881909370422363e-01
1.486814498901367188e+00
4.167550802230834961e-01
0.000000000000000000e+00
0.000000000000000000e+00
3.521669864654541016e+00
4.420277103781700134e-02
0.000000000000000000e+00
0.000000000000000000e+00
5.231035873293876648e-02
0.000000000000000000e+00
9.263869524002075195e-01
1.131177186965942383e+00
5.461711436510086060e-02
5.049715191125869751e-02
1.169650182127952576e-01
1.361213326454162598e+00
3.648004028946161270e-03
2.536990046501159668e-01
0.000000000000000000e+00
1.108638405799865723e+00
9.045187234878540039e-01
1.283548921346664429e-01
0.000000000000000000e+00
2.177094481885433197e-02
0.000000000000000000e+00
7.144821882247924805e-01
8.272914588451385498e-02
3.623209148645401001e-02
6.077671647071838379e-01
9.115666747093200684e-01
2.823456525802612305e-01
6.431258916854858398e-01
2.124323546886444092e-01
7.667012214660644531e-01
3.529194295406341553e-01
4.932545125484466553e-01
4.182954430580139160e-01
2.368790470063686371e-02
7.947114706039428711e-01
5.654386878013610840e-01
4.351696744561195374e-02
0.000000000000000000e+00
9.566439390182495117e-01
8.723800778388977051e-01
1.376295834779739380e-02
8.125950694084167480e-01
0.000000000000000000e+00
0.000000000000000000e+00
5.644876137375831604e-02
3.670529425144195557e-01
4.211044013500213623e-01
6.982190161943435669e-02
0.000000000000000000e+00
9.450915455818176270e-01
2.521250247955322266e-01
8.162418752908706665e-02
1.865804642438888550e-01
2.675837576389312744e-01
4.072029888629913330e-02
6.928415596485137939e-02
2.108892440795898438e+00
2.217456340789794922e+00
0.000000000000000000e+00
2.149075746536254883e+00
9.256260842084884644e-02
5.996599793434143066e-01
9.214953519403934479e-03
3.765960931777954102e-01
4.431366026401519775e-01
1.855221241712570190e-01
4.186524748802185059e-01
3.266716003417968750e-01
2.920085191726684570e-01
2.070263028144836426e-02
5.649546980857849121e-01
1.734920777380466461e-02
4.382192194461822510e-01
3.131603598594665527e-01
1.290333922952413559e-02
1.064347743988037109e+00
2.242162227630615234e-01
1.462253034114837646e-01
1.665498316287994385e-02
1.225795373320579529e-01
8.287414908409118652e-03
8.247417807579040527e-01
3.588501736521720886e-02
3.897154331207275391e-01
0.000000000000000000e+00
6.871372926980257034e-03
4.128434658050537109e-01
6.231833696365356445e-01
9.430748969316482544e-02
6.984949111938476562e-03
1.088646650314331055e-01
5.553920269012451172e-01
3.363471478223800659e-02
0.000000000000000000e+00
7.235109210014343262e-01
1.257826805114746094e+00
1.027070060372352600e-01
1.830533742904663086e+00
5.773447453975677490e-02
1.251989509910345078e-02
1.386725306510925293e-01
2.375445812940597534e-01
1.846976578235626221e-01
3.908405601978302002e-01
1.260048747062683105e-01
0.000000000000000000e+00
0.000000000000000000e+00
0.000000000000000000e+00
5.200334787368774414e-01
5.842252168804407120e-03
8.065831661224365234e-01
4.472041726112365723e-01
2.324483823031187057e-03
1.470742523670196533e-01
2.145846560597419739e-02
9.954714030027389526e-02
6.441835314035415649e-02
0.000000000000000000e+00
0.000000000000000000e+00
0.000000000000000000e+00
0.000000000000000000e+00
6.037517189979553223e-01
1.180762890726327896e-02
2.473327219486236572e-01
3.114233314990997314e-01
3.520978391170501709e-01
0.000000000000000000e+00
5.771689489483833313e-02
4.844780862331390381e-01
6.501776576042175293e-01
2.412914037704467773e-01
0.000000000000000000e+00
1.286256611347198486e-01
6.432837247848510742e-02
0.000000000000000000e+00
0.000000000000000000e+00
0.000000000000000000e+00
3.982169926166534424e-01
1.217845529317855835e-01
5.197642743587493896e-02
2.930941432714462280e-02
5.408131480216979980e-01
4.429329559206962585e-02
1.029075026512145996e+00
1.793646067380905151e-01
2.002005428075790405e-01
1.303123950958251953e+00
9.646635055541992188e-01
5.131322145462036133e-01
3.288200823590159416e-03
0.000000000000000000e+00
1.819439679384231567e-01
6.239759325981140137e-01
1.583420783281326294e-01
2.790649831295013428e-01
2.234277248382568359e+00
3.806785106658935547e+00
0.000000000000000000e+00
8.175001293420791626e-02
4.665290936827659607e-02
1.490622311830520630e-01
1.331236243247985840e+00
0.000000000000000000e+00
0.000000000000000000e+00
1.512923091650009155e-01
0.000000000000000000e+00
1.768849611282348633e+00
5.846199989318847656e-01
1.042587310075759888e-01
1.903373599052429199e-01
2.639844268560409546e-02
2.387792170047760010e-01
3.352349698543548584e-01
1.895599365234375000e+00
0.000000000000000000e+00
2.644300699234008789e+00
0.000000000000000000e+00
0.000000000000000000e+00
2.181114070117473602e-02
0.000000000000000000e+00
1.284230500459671021e-01
1.106107234954833984e-02
0.000000000000000000e+00
2.202362567186355591e-01
5.199922993779182434e-02
1.289325058460235596e-01
8.697499036788940430e-01
1.934866309165954590e+00
0.000000000000000000e+00
2.974016964435577393e-01
0.000000000000000000e+00
3.872564062476158142e-03
8.703898191452026367e-01
4.416946768760681152e-01
6.743587553501129150e-02
2.691859900951385498e-01
2.294181585311889648e-01
0.000000000000000000e+00
7.111103534698486328e-01
1.422742754220962524e-01
0.000000000000000000e+00
9.367513656616210938e-01
5.858048051595687866e-02
0.000000000000000000e+00
3.650068998336791992e+00
1.407424807548522949e+00
0.000000000000000000e+00
3.959443867206573486e-01
2.295773029327392578e-01
7.543752342462539673e-02
0.000000000000000000e+00
2.638177759945392609e-02
1.686845123767852783e-01
3.060872554779052734e-01
2.484734803438186646e-01
1.155630424618721008e-01
2.289848215878009796e-02
0.000000000000000000e+00
5.995592847466468811e-02
2.280327753396704793e-04
1.986725032329559326e-01
2.377030372619628906e+00
1.487577706575393677e-01
6.529316306114196777e-02
5.940833315253257751e-02
3.235181421041488647e-02
3.522531092166900635e-01
4.809330776333808899e-02
6.955271959304809570e-01
5.884054303169250488e-02
4.981099162250757217e-03
0.000000000000000000e+00
4.931777343153953552e-02
0.000000000000000000e+00
0.000000000000000000e+00
8.819095790386199951e-02
4.231603443622589111e-01
0.000000000000000000e+00
1.871738791465759277e+00
1.231276169419288635e-01
2.141795009374618530e-01
7.460358738899230957e-02
7.124553322792053223e-01
9.323040023446083069e-03
8.321226239204406738e-01
4.930905699729919434e-01
2.553623020648956299e-01
1.310680508613586426e-01
7.824373245239257812e-02
5.147657990455627441e-01
4.701113328337669373e-02
3.640888258814811707e-02
1.487999223172664642e-02
7.518163329223170877e-05
0.000000000000000000e+00
2.053281292319297791e-02
4.603704214096069336e-01
2.984266914427280426e-02
6.909071002155542374e-03
2.634569406509399414e-01
5.916118025779724121e-01
2.298533171415328979e-01
2.306202240288257599e-02
0.000000000000000000e+00
6.595482230186462402e-01
4.721169173717498779e-02
2.084588527679443359e+00
6.756994407624006271e-03
2.650698879733681679e-03
0.000000000000000000e+00
4.139128625392913818e-01
0.000000000000000000e+00
2.815707325935363770e-01
3.160334825515747070e-01
6.386438757181167603e-02
2.790038585662841797e-01
2.154375165700912476e-01
5.261838808655738831e-02
1.042716111987829208e-02
8.891723155975341797e-01
1.491453647613525391e-01
3.349925577640533447e-01
0.000000000000000000e+00
3.477638065814971924e-01
4.001177102327346802e-02
1.069364547729492188e+00
2.594840526580810547e-01
8.718808889389038086e-01
1.141534373164176941e-01
7.386724650859832764e-02
3.262723912484943867e-04
2.456821352243423462e-01
8.394003845751285553e-03
1.970811486244201660e+00
2.382643938064575195e+00
1.127080321311950684e+00
1.177844479680061340e-01
9.774831682443618774e-02
3.412772715091705322e-01
1.103273481130599976e-01
2.777798287570476532e-02
9.916913509368896484e-01
8.753967285156250000e-01
2.047369003295898438e+00
1.838513612747192383e+00
1.695504933595657349e-01
0.000000000000000000e+00
2.438738383352756500e-02
0.000000000000000000e+00
1.637549884617328644e-02
7.212844491004943848e-01
1.075494140386581421e-01
1.009535137563943863e-02
1.902107894420623779e-02
0.000000000000000000e+00
2.485330775380134583e-02
1.220573782920837402e-01
0.000000000000000000e+00
1.148273825645446777e+00
5.684519410133361816e-01
3.949807286262512207e-01
6.612166762351989746e-02
2.814486026763916016e-01
2.073321580886840820e+00
3.722901642322540283e-01
0.000000000000000000e+00
0.000000000000000000e+00
5.627157688140869141e-01
9.345268830657005310e-03
8.258590102195739746e-02
7.518597878515720367e-03
7.210268378257751465e-01
4.071505367755889893e-02
1.010793596506118774e-01
0.000000000000000000e+00
1.414298731833696365e-02
3.164328262209892273e-02
6.865216046571731567e-02
9.919357299804687500e-02
7.656447887420654297e-01
1.587096974253654480e-02
1.553879380226135254e-01
5.057071149349212646e-02
6.629540119320154190e-03
8.443203568458557129e-02
1.663456410169601440e-01
8.679108619689941406e-01
0.000000000000000000e+00
6.232153773307800293e-01
5.855317413806915283e-02
1.450015157461166382e-01
0.000000000000000000e+00
7.926853746175765991e-02
2.039114534854888916e-01
1.439524292945861816e-01
1.270809471607208252e-01
8.782262802124023438e-01
1.102534055709838867e+00
0.000000000000000000e+00
2.514876365661621094e+00
0.000000000000000000e+00
3.212835490703582764e-01
5.215719342231750488e-01
0.000000000000000000e+00
4.207818210124969482e-01
9.673082828521728516e-01
7.164791971445083618e-02
8.189960122108459473e-01
0.000000000000000000e+00
2.297611683607101440e-01
9.548733830451965332e-01
3.929472342133522034e-02
4.031396508216857910e-01
2.141210585832595825e-01
2.386058568954467773e-01
1.002421951852738857e-03
0.000000000000000000e+00
4.749514162540435791e-01
4.146961271762847900e-01
1.606125086545944214e-01
2.257747054100036621e-01
5.332129541784524918e-03
5.631957650184631348e-01
6.038162112236022949e-02
3.996918797492980957e-01
0.000000000000000000e+00
0.000000000000000000e+00
3.768309831619262695e+00
3.687696531414985657e-02
1.026449441909790039e+00
5.646179914474487305e-01
9.155599772930145264e-02
3.639579564332962036e-02
2.836240530014038086e-01
5.558719113469123840e-02
3.542361781001091003e-02
8.770639896392822266e-01
2.473718225955963135e-01
8.276239782571792603e-02
5.480737984180450439e-02
0.000000000000000000e+00
9.039060771465301514e-02
0.000000000000000000e+00
1.297775506973266602e-01
6.333136558532714844e-01
0.000000000000000000e+00
1.660986900329589844e+00
0.000000000000000000e+00
2.908600568771362305e-01
2.548909485340118408e-01
4.113045334815979004e-02
2.340764045715332031e+00
2.815612778067588806e-02
3.679504394531250000e-01
1.936711221933364868e-01
8.999619483947753906e-01
4.921799600124359131e-01
3.572183474898338318e-02
2.648493740707635880e-03
0.000000000000000000e+00
8.352401107549667358e-02
3.617401421070098877e-02
3.430005311965942383e-01
1.735028475522994995e-01
1.223859004676342010e-02
2.152202129364013672e-01
3.455343097448348999e-02
1.198153942823410034e-02
3.096451759338378906e+00
1.887725830078125000e+00
0.000000000000000000e+00
0.000000000000000000e+00
0.000000000000000000e+00
0.000000000000000000e+00
0.000000000000000000e+00
0.000000000000000000e+00
2.613324904814362526e-04
0.000000000000000000e+00
1.198026910424232483e-01
4.001798927783966064e-01
5.507779121398925781e-01
6.705886721611022949e-01
2.190315485000610352e+00
1.123581886291503906e+00
3.357444703578948975e-01
3.041504323482513428e-01
1.603127360343933105e+00
5.125436931848526001e-02
7.187903523445129395e-01
3.495099395513534546e-02
6.188917160034179688e-01
7.458163499832153320e-01
0.000000000000000000e+00
2.547668814659118652e-01
1.032199144363403320e+00
0.000000000000000000e+00
0.000000000000000000e+00
0.000000000000000000e+00
2.682143449783325195e+00
8.715840056538581848e-03
0.000000000000000000e+00
2.071543782949447632e-02
9.622076898813247681e-02
0.000000000000000000e+00
3.183990716934204102e-02
5.751861259341239929e-02
6.562937796115875244e-02
0.000000000000000000e+00
1.739499270915985107e-01
3.871342182159423828e+00
5.177801847457885742e-01
6.244526505470275879e-01
5.154964923858642578e-01
1.480450928211212158e-01
0.000000000000000000e+00
1.513068675994873047e+00
1.712303042411804199e+00
5.202453732490539551e-01
8.294731378555297852e-02
1.269855350255966187e-02
1.045269444584846497e-01
2.258459851145744324e-02
7.589008808135986328e-01
0.000000000000000000e+00
0.000000000000000000e+00
3.773285821080207825e-02
5.481553450226783752e-02
0.000000000000000000e+00
6.868306398391723633e-01
8.020934462547302246e-02
8.357698917388916016e-01
6.046621203422546387e-01
1.786979436874389648e-01
1.936079114675521851e-01
0.000000000000000000e+00
1.322149783372879028e-01
5.859400629997253418e-01
7.266907691955566406e-01
1.430243346840143204e-02
2.842479348182678223e-01
1.172805875539779663e-01
0.000000000000000000e+00
3.554437458515167236e-01
6.476598232984542847e-02
2.698082290589809418e-02
6.133474707603454590e-01
1.776792295277118683e-02
1.410231273621320724e-02
2.765149436891078949e-02
0.000000000000000000e+00
0.000000000000000000e+00
2.475753545761108398e+00
2.892547659575939178e-02
2.186273038387298584e-01
4.060955345630645752e-02
1.296686172485351562e+00
4.246911704540252686e-01
3.488471508026123047e-01
0.000000000000000000e+00
2.724730968475341797e-02
4.488430321216583252e-01
2.178772538900375366e-01
1.409527510404586792e-01
4.086667597293853760e-01
0.000000000000000000e+00
2.564556896686553955e-02
1.629293709993362427e-01
1.737902760505676270e-01
3.783578276634216309e-01
2.051986753940582275e-02
2.043236233294010162e-02
9.459213018417358398e-01
3.177665174007415771e-01
0.000000000000000000e+00
7.751384377479553223e-01
3.763215988874435425e-02
1.959087699651718140e-02
2.920730710029602051e-01
1.694662332534790039e+00
8.677473291754722595e-03
1.448577940464019775e-01
8.016550540924072266e-02
0.000000000000000000e+00
5.976208448410034180e-01
0.000000000000000000e+00
1.247713327407836914e+00
2.398522198200225830e-01
1.160556152462959290e-01
1.105630844831466675e-01
0.000000000000000000e+00
3.933960944414138794e-02
0.000000000000000000e+00
0.000000000000000000e+00
0.000000000000000000e+00
1.915705949068069458e-01
7.389473170042037964e-02
0.000000000000000000e+00
1.271949708461761475e-01
7.486832141876220703e-01
3.924558460712432861e-01
3.644158542156219482e-01
2.166821360588073730e-01
1.482209656387567520e-02
6.378339529037475586e-01
1.675813458859920502e-02
3.641247749328613281e-01
1.862780191004276276e-02
0.000000000000000000e+00
5.649283528327941895e-01
8.541559218429028988e-04
5.108239594846963882e-03
0.000000000000000000e+00
1.068276818841695786e-02
7.097303271293640137e-01
7.468010783195495605e-01
6.784351542592048645e-03
1.849547401070594788e-02
5.932918190956115723e-01
6.612115353345870972e-02
0.000000000000000000e+00
6.967301368713378906e-01
1.340144127607345581e-01
0.000000000000000000e+00
2.990293549373745918e-03
2.961804391816258430e-03
0.000000000000000000e+00
0.000000000000000000e+00
1.598792672157287598e-01
5.579288583248853683e-03
1.046312570571899414e+00
0.000000000000000000e+00
5.753431841731071472e-02
6.428325176239013672e-02
0.000000000000000000e+00
1.023620134219527245e-03
0.000000000000000000e+00
1.318940054625272751e-02
7.228522002696990967e-02
3.053708374500274658e-02
2.712869085371494293e-02
1.388540506362915039e+00
1.951947063207626343e-02
1.519682351499795914e-02
2.358085662126541138e-01
4.146040380001068115e-01
0.000000000000000000e+00
5.357168242335319519e-02
1.329047232866287231e-01
9.318959899246692657e-03
0.000000000000000000e+00
2.147114463150501251e-02
3.061434030532836914e-01
5.953237041831016541e-02
7.847876101732254028e-02
3.284794688224792480e-01
1.982394814491271973e+00
3.927960693836212158e-01
5.662381649017333984e-01
9.032949805259704590e-02
2.170030355453491211e+00
3.873537480831146240e-01
5.223130807280540466e-03
2.600745856761932373e-01
7.703118771314620972e-02
6.384378671646118164e-01
0.000000000000000000e+00
0.000000000000000000e+00
3.767554759979248047e-01
8.634052425622940063e-02
7.168180346488952637e-01
3.984821960330009460e-03
5.915268659591674805e-01
1.730443727865349501e-05
1.375256329774856567e-01
0.000000000000000000e+00
1.135628938674926758e+00
1.755660653114318848e+00
7.823668718338012695e-01
6.644721627235412598e-01
2.194831222295761108e-01
0.000000000000000000e+00
2.700717210769653320e+00
2.724042832851409912e-01
4.469948261976242065e-02
3.318684920668601990e-02
6.559481620788574219e-01
7.062228396534919739e-03
3.838778972625732422e+00
3.184167146682739258e-01
1.059115082025527954e-01
1.365284621715545654e-01
1.091826558113098145e-01
9.029076993465423584e-02
0.000000000000000000e+00
2.824769020080566406e+00
1.991841243579983711e-03
1.778441548347473145e+00
0.000000000000000000e+00
1.089260935783386230e+00
5.981354787945747375e-02
9.437002241611480713e-03
0.000000000000000000e+00
3.768306970596313477e-02
0.000000000000000000e+00
0.000000000000000000e+00
1.053268551826477051e+00
2.025857865810394287e-01
7.137431949377059937e-02
0.000000000000000000e+00
3.812037110328674316e-01
0.000000000000000000e+00
4.545024871826171875e+00
1.266422271728515625e+00
0.000000000000000000e+00
1.485994756221771240e-01
2.004816532135009766e+00
7.891397476196289062e-01
5.756031349301338196e-02
0.000000000000000000e+00
0.000000000000000000e+00
5.167457833886146545e-02
1.223333120346069336e+00
2.196119874715805054e-01
0.000000000000000000e+00
1.341249108314514160e+00
1.489623785018920898e-01
0.000000000000000000e+00
6.964889913797378540e-02
2.650356590747833252e-01
0.000000000000000000e+00
2.397888749837875366e-01
7.263452410697937012e-01
1.186859160661697388e-01
2.212076820433139801e-02
3.539530187845230103e-02
8.645213395357131958e-02
0.000000000000000000e+00
0.000000000000000000e+00
1.126139312982559204e-01
8.029049634933471680e-01
0.000000000000000000e+00
2.499506622552871704e-01
4.256422631442546844e-03
1.017954200506210327e-01
1.660842634737491608e-02
4.212925434112548828e-01
2.583146691322326660e-01
9.484698623418807983e-02
5.176749825477600098e-02
3.994331061840057373e-01
4.749599695205688477e-01
0.000000000000000000e+00
0.000000000000000000e+00
5.414085984230041504e-01
1.245743036270141602e+00
8.297285437583923340e-02
7.951614260673522949e-01
1.876164041459560394e-02
1.790540665388107300e-01
6.549139507114887238e-04
8.492785505950450897e-03
5.815140157938003540e-02
0.000000000000000000e+00
2.963012754917144775e-01
0.000000000000000000e+00
5.932621955871582031e-01
0.000000000000000000e+00
5.752807110548019409e-02
6.041272357106208801e-02
0.000000000000000000e+00
3.156636282801628113e-02
1.585499942302703857e-01
8.364374637603759766e-01
3.166335821151733398e-01
1.256409883499145508e-01
6.539056450128555298e-02
1.008128151297569275e-01
1.068567298352718353e-02
1.541079640388488770e+00
2.957708358764648438e+00
2.404973030090332031e+00
3.760286420583724976e-02
2.446367025375366211e+00
9.963039308786392212e-02
5.065598487854003906e-01
1.010081246495246887e-01
0.000000000000000000e+00
1.364957690238952637e+00
2.098819473758339882e-03
1.348534133285284042e-02
1.497391462326049805e-01
1.488811731338500977e+00
0.000000000000000000e+00
0.000000000000000000e+00
7.458906173706054688e-01
0.000000000000000000e+00
2.333133853971958160e-02
0.000000000000000000e+00
7.134620547294616699e-01
1.652387082576751709e-01
0.000000000000000000e+00
8.131644874811172485e-02
2.540549933910369873e-01
1.150107011198997498e-01
6.157774850726127625e-02
3.913929939270019531e+00
1.750147938728332520e-01
1.832893490791320801e-01
0.000000000000000000e+00
3.412151098251342773e+00
1.146349906921386719e+00
0.000000000000000000e+00
7.263984531164169312e-02
2.807704448699951172e+00
4.665950685739517212e-02
2.124784886837005615e-02
2.859842300415039062e+00
4.310337454080581665e-02
7.660133391618728638e-02
2.181361913681030273e+00
2.667245268821716309e-01
1.460356265306472778e-02
1.474592834711074829e-01
4.864539206027984619e-01
2.914487421512603760e-01
1.060335561633110046e-01
2.519980072975158691e-01
1.072339341044425964e-01
1.117468532174825668e-02
0.000000000000000000e+00
3.392457067966461182e-01
7.357553839683532715e-01
6.115023791790008545e-02
0.000000000000000000e+00
3.504944145679473877e-01
1.781741499900817871e+00
0.000000000000000000e+00
2.977040037512779236e-02
0.000000000000000000e+00
0.000000000000000000e+00
5.358354374766349792e-02
2.653226375579833984e+00
1.386459767818450928e-01
3.585461080074310303e-01
4.819013550877571106e-02
4.557358920574188232e-01
1.027774333953857422e+00
1.385599821805953979e-01
0.000000000000000000e+00
8.449062705039978027e-01
1.206038799136877060e-02
1.132279410958290100e-01
1.784670539200305939e-02
0.000000000000000000e+00
4.010618850588798523e-02
0.000000000000000000e+00
1.512107968330383301e+00
0.000000000000000000e+00
3.672968149185180664e-01
6.029525026679039001e-02
0.000000000000000000e+00
7.968394160270690918e-01
2.804570198059082031e-01
1.423650234937667847e-01
1.194560408592224121e+00
3.125598654150962830e-02
1.640141569077968597e-02
0.000000000000000000e+00
0.000000000000000000e+00
0.000000000000000000e+00
0.000000000000000000e+00
1.728060841560363770e-01
4.240115642547607422e+00
2.065004259347915649e-01
1.328884720802307129e+00
5.308901667594909668e-01
1.032089591026306152e+00
6.729340553283691406e-01
1.613001823425292969e-01
0.000000000000000000e+00
4.564612731337547302e-02
2.060364698991179466e-03
1.008776873350143433e-01
1.066946685314178467e-01
0.000000000000000000e+00
4.377985894680023193e-01
9.311347007751464844e-01
6.073443591594696045e-02
0.000000000000000000e+00
0.000000000000000000e+00
5.419106036424636841e-02
4.077647209167480469e+00
3.680580258369445801e-01
0.000000000000000000e+00
2.820243313908576965e-02
2.100297361612319946e-01
4.631814546883106232e-03
1.230663210153579712e-01
1.473387610167264938e-02
1.477203011512756348e+00
0.000000000000000000e+00
0.000000000000000000e+00
2.143643796443939209e-02
6.452580690383911133e-01
2.535816133022308350e-01
1.012081559747457504e-02
0.000000000000000000e+00
9.800434857606887817e-02
4.407521486282348633e-01
1.314742956310510635e-02
1.738340035080909729e-02
0.000000000000000000e+00
2.400171309709548950e-01
1.028094366192817688e-01
5.802675615996122360e-03
6.383269280195236206e-02
1.104139208793640137e+00
4.967065900564193726e-02
0.000000000000000000e+00
1.919676959514617920e-01
7.635068297386169434e-01
0.000000000000000000e+00
2.277185440063476562e+00
8.074017167091369629e-01
0.000000000000000000e+00
2.475898526608943939e-02
0.000000000000000000e+00
1.211134314537048340e+00
3.564766943454742432e-01
9.237311035394668579e-02
3.567612171173095703e-01
8.749067783355712891e-02
1.206874012947082520e+00
3.559257090091705322e-01
0.000000000000000000e+00
4.209781065583229065e-02
7.590702772140502930e-01
6.522242426872253418e-01
0.000000000000000000e+00
8.784250617027282715e-01
6.225647330284118652e-01
0.000000000000000000e+00
5.132645964622497559e-01
3.869406580924987793e-01
6.157358288764953613e-01
1.404675096273422241e-01
7.325007021427154541e-02
3.363569974899291992e-01
1.877986788749694824e-01
1.001935359090566635e-02
1.234938725829124451e-01
2.943404018878936768e-01
2.386558502912521362e-01
1.764774769544601440e-01
5.329542756080627441e-01
5.712776910513639450e-03
3.423589468002319336e-01
6.974253058433532715e-02
0.000000000000000000e+00
1.398258805274963379e+00
6.443774104118347168e-01
6.245771888643503189e-03
1.786769509315490723e+00
4.144786357879638672e+00
0.000000000000000000e+00
1.792830377817153931e-01
8.195859193801879883e-01
2.447017580270767212e-01
9.806628338992595673e-03
4.493881016969680786e-03
3.878168821334838867e+00
9.653057204559445381e-04
0.000000000000000000e+00
0.000000000000000000e+00
9.159114360809326172e-01
1.030014753341674805e-01
2.691612541675567627e-01
2.091252505779266357e-01
4.225396215915679932e-01
0.000000000000000000e+00
0.000000000000000000e+00
1.664527535438537598e+00
0.000000000000000000e+00
9.446397423744201660e-03
0.000000000000000000e+00
6.443685293197631836e-02
2.062225528061389923e-02
1.136325955390930176e+00
5.346474051475524902e-02
5.077967643737792969e-01
5.960569977760314941e-01
5.019705891609191895e-01
6.555719375610351562e-01
9.005001932382583618e-02
2.765870094299316406e-01
0.000000000000000000e+00
5.693109333515167236e-02
2.083738565444946289e+00
1.650596410036087036e-01
3.502781689167022705e-02
3.380985260009765625e-01
5.765314698219299316e-01
6.332600712776184082e-01
7.436307519674301147e-02
9.004574775695800781e+00
0.000000000000000000e+00
9.188357591629028320e-01
8.325623273849487305e-01
0.000000000000000000e+00
1.228993982076644897e-01
1.474420189857482910e+00
0.000000000000000000e+00
7.675499916076660156e-01
4.891621768474578857e-01
2.375992760062217712e-02
0.000000000000000000e+00
0.000000000000000000e+00
4.847717285156250000e-02
1.632908701896667480e+00
1.261465430259704590e+00
0.000000000000000000e+00
0.000000000000000000e+00
2.127064578235149384e-02
4.635380208492279053e-01
2.450322061777114868e-01
4.794142246246337891e-01
3.729054927825927734e-01
5.601338148117065430e-01
8.069003932178020477e-03
1.190876588225364685e-01
1.305681020021438599e-01
1.592957139015197754e+00
0.000000000000000000e+00
0.000000000000000000e+00
3.350912809371948242e+00
1.550433039665222168e-01
0.000000000000000000e+00
3.998795151710510254e-02
1.378437727689743042e-01
3.961234688758850098e-01
0.000000000000000000e+00
0.000000000000000000e+00
9.900628030300140381e-02
1.778693869709968567e-02
6.853607892990112305e-01
4.459819793701171875e-01
1.946377754211425781e+00
0.000000000000000000e+00
4.982990324497222900e-01
1.628002077341079712e-01
1.477014422416687012e-01
6.605086326599121094e-01
2.623361587524414062e+00
2.652969360351562500e-01
4.084212779998779297e+00
4.096961021423339844e-01
0.000000000000000000e+00
8.430587127804756165e-03
0.000000000000000000e+00
1.308592677116394043e+00
1.085358023643493652e+00
0.000000000000000000e+00
3.064230317249894142e-03
8.234644532203674316e-01
3.356303870677947998e-01
2.561320304870605469e+00
3.260656297206878662e-01
0.000000000000000000e+00
3.631898760795593262e-02
2.172471582889556885e-02
8.266508579254150391e-02
1.297531127929687500e-01
1.004909574985504150e-01
0.000000000000000000e+00
1.843864917755126953e-01
1.479517966508865356e-01
0.000000000000000000e+00
4.423811435699462891e-01
8.029114454984664917e-03
2.030847221612930298e-02
1.098926901817321777e+00
4.910939186811447144e-02
3.606589436531066895e-01
0.000000000000000000e+00
2.865918278694152832e-01
0.000000000000000000e+00
3.789097443222999573e-02
1.458748243749141693e-02
8.386726379394531250e-01
2.888425588607788086e-01
1.449790894985198975e-01
0.000000000000000000e+00
1.180577516555786133e+00
1.158910468220710754e-01
1.849447786808013916e-01
5.120807886123657227e-02
2.981951832771301270e-01
4.120238870382308960e-02
2.677002251148223877e-01
4.111396148800849915e-02
5.039937049150466919e-02
4.178111255168914795e-02
7.037949562072753906e-01
2.636198401451110840e-01
7.087522745132446289e-02
6.666870117187500000e-01
5.668440833687782288e-03
0.000000000000000000e+00
0.000000000000000000e+00
0.000000000000000000e+00
6.356915235519409180e-01
2.773448944091796875e+00
1.266157180070877075e-01
0.000000000000000000e+00
6.633353978395462036e-02
4.630932211875915527e-01
5.959097295999526978e-02
3.175281360745429993e-02
3.057614564895629883e-01
1.720658689737319946e-01
4.631073176860809326e-01
8.733819723129272461e-01
8.916121907532215118e-03
9.201529622077941895e-02
4.366356730461120605e-01
2.010371088981628418e-01
1.524063348770141602e-01
2.439285628497600555e-02
1.649213790893554688e+00
8.862648904323577881e-02
2.694843709468841553e-01
2.407002002000808716e-01
3.061173669993877411e-02
1.132352352142333984e+00
9.278295636177062988e-01
3.025872707366943359e-01
0.000000000000000000e+00
2.685095071792602539e-01
1.263245493173599243e-01
4.404733479022979736e-01
0.000000000000000000e+00
2.544778212904930115e-02
3.603101940825581551e-03
2.450364232063293457e-01
5.432650446891784668e-01
5.685309879481792450e-03
1.791854947805404663e-01
9.551075696945190430e-01
4.999209195375442505e-03
6.925203800201416016e-01
0.000000000000000000e+00
6.310982704162597656e-01
0.000000000000000000e+00
1.028510570526123047e+00
7.988146543502807617e-01
1.347398478537797928e-02
3.042676951736211777e-03
7.085578441619873047e-01
5.143368244171142578e-01
0.000000000000000000e+00
7.693385332822799683e-02
4.308525919914245605e-01
1.118940830230712891e+00
7.021174430847167969e-01
7.515370845794677734e-01
7.057797163724899292e-02
3.009096384048461914e-01
2.988245725631713867e+00
0.000000000000000000e+00
3.534062504768371582e-01
0.000000000000000000e+00
0.000000000000000000e+00
1.265640854835510254e-01
3.034143336117267609e-02
0.000000000000000000e+00
0.000000000000000000e+00
8.217251896858215332e-01
0.000000000000000000e+00
5.864909291267395020e-01
0.000000000000000000e+00
8.099498152732849121e-01
1.169875785708427429e-01
4.290759190917015076e-02
5.062819109298288822e-04
0.000000000000000000e+00
8.680814504623413086e-02
7.663838863372802734e-01
0.000000000000000000e+00
5.981495976448059082e-01
2.670278549194335938e-01
1.719618439674377441e-01
1.619072407484054565e-01
0.000000000000000000e+00
2.419853925704956055e+00
0.000000000000000000e+00
0.000000000000000000e+00
1.209278497844934464e-02
1.810412108898162842e-02
1.678297668695449829e-01
3.054987192153930664e-01
0.000000000000000000e+00
8.528731763362884521e-02
9.629392623901367188e-02
1.722181737422943115e-01
1.908732056617736816e-01
1.139277219772338867e+00
0.000000000000000000e+00
0.000000000000000000e+00
0.000000000000000000e+00
2.643927745521068573e-02
1.332713640294969082e-03
3.489245474338531494e-01
7.363115996122360229e-02
3.199394792318344116e-02
2.320099472999572754e-01
9.631866812705993652e-01
5.664472579956054688e-01
2.086050748825073242e+00
1.917619705200195312e-01
4.316769540309906006e-01
1.524974256753921509e-01
0.000000000000000000e+00
1.414734005928039551e+00
4.273234680294990540e-02
5.927349925041198730e-01
0.000000000000000000e+00
0.000000000000000000e+00
2.043188512325286865e-01
0.000000000000000000e+00
6.653239130973815918e-01
0.000000000000000000e+00
2.384230941534042358e-01
2.253211336210370064e-03
6.467885971069335938e-01
5.253704264760017395e-02
5.165043100714683533e-02
1.504570245742797852e-01
1.077296957373619080e-01
1.349370479583740234e-01
4.673618376255035400e-01
1.453211456537246704e-01
4.524768143892288208e-02
0.000000000000000000e+00
9.201555699110031128e-02
1.608151593245565891e-03
1.977714300155639648e-01
3.560209572315216064e-01
5.417505502700805664e-01
1.354193836450576782e-01
8.440592288970947266e-01
1.072578411549329758e-02
0.000000000000000000e+00
8.933516591787338257e-02
3.844477236270904541e-02
1.414185464382171631e-01
6.358822584152221680e-01
3.439003229141235352e-01
2.468751335982233286e-04
9.432511329650878906e-01
4.042189121246337891e+00
1.265289485454559326e-01
1.516074687242507935e-01
1.446858286857604980e+00
0.000000000000000000e+00
2.186481356620788574e-01
1.347743719816207886e-02
1.848460733890533447e-01
3.915863037109375000e-01
4.896622896194458008e-01
0.000000000000000000e+00
3.705662786960601807e-01
0.000000000000000000e+00
6.632580608129501343e-02
0.000000000000000000e+00
1.032053232192993164e+00
4.219854772090911865e-01
0.000000000000000000e+00
4.175337404012680054e-02
0.000000000000000000e+00
1.937363505363464355e+00
1.373897790908813477e-01
0.000000000000000000e+00
2.181650161743164062e+00
3.513041019439697266e+00
0.000000000000000000e+00
0.000000000000000000e+00
0.000000000000000000e+00
9.641110152006149292e-02
0.000000000000000000e+00
1.617022790014743805e-02
9.824060201644897461e-01
1.009009405970573425e-01
1.171625182032585144e-01
6.822794675827026367e-02
6.638632714748382568e-02
1.931044273078441620e-02
2.279242686927318573e-02
1.001595377922058105e+00
6.474573016166687012e-01
0.000000000000000000e+00
3.021844029426574707e-01
6.916650533676147461e-01
8.163515925407409668e-01
2.222505658864974976e-01
0.000000000000000000e+00
8.503100872039794922e-01
3.424062430858612061e-01
6.269820965826511383e-03
5.814818739891052246e-01
0.000000000000000000e+00
8.120454102754592896e-02
3.154537677764892578e-01
9.945753030478954315e-03
1.003214041702449322e-03
1.325127005577087402e+00
1.026980400085449219e+00
2.270636320114135742e+00
5.028529167175292969e-01
5.667985081672668457e-01
2.345657199621200562e-01
1.173899397253990173e-01
6.629694104194641113e-01
0.000000000000000000e+00
3.500092923641204834e-01
6.097961068153381348e-01
2.222075223922729492e+00
2.379478961229324341e-01
3.878497779369354248e-01
4.407798126339912415e-02
7.636254280805587769e-02
8.894206285476684570e-01
9.611895084381103516e-01
2.241277694702148438e-01
2.055805027484893799e-01
1.026793662458658218e-02
1.586330235004425049e-01
5.775548890233039856e-02
4.117039218544960022e-02
6.756843999028205872e-03
6.275857686996459961e-01
1.299833953380584717e-01
4.435772895812988281e-01
0.000000000000000000e+00
3.475372791290283203e-01
5.322975635528564453e+00
5.575821176171302795e-02
0.000000000000000000e+00
2.385803759098052979e-01
0.000000000000000000e+00
1.627360939979553223e+00
1.351090222597122192e-01
1.310445368289947510e-01
1.465226709842681885e-01
6.197397112846374512e-01
1.582956761121749878e-01
2.972825467586517334e-01
3.983928859233856201e-01
3.446074575185775757e-02
2.599905431270599365e-01
2.399296998977661133e+00
1.303969919681549072e-01
2.294661521911621094e+00
6.403694152832031250e-01
2.607315964996814728e-02
2.203595824539661407e-03
0.000000000000000000e+00
4.322606325149536133e-02
8.395840525627136230e-01
1.524953365325927734e+00
4.317390322685241699e-01
2.170852184295654297e+00
3.943638801574707031e-01
2.209311008453369141e+00
5.435442328453063965e-01
3.146219253540039062e-01
1.903666704893112183e-01
2.926755696535110474e-02
5.704205036163330078e-01
2.628572285175323486e-01
2.033456265926361084e-01
3.277715146541595459e-01
6.544043868780136108e-02
3.971329689025878906e+00
2.426189184188842773e-01
0.000000000000000000e+00
1.536207646131515503e-01
0.000000000000000000e+00
1.647788405418395996e+00
5.556674599647521973e-01
1.989576816558837891e-01
2.458076924085617065e-01
8.186482191085815430e-01
2.139065861701965332e-01
1.024090051651000977e+00
2.518676817417144775e-01
1.066676974296569824e-01
3.462348580360412598e-01
0.000000000000000000e+00
1.560555538162589073e-03
9.528970718383789062e-01
6.747705936431884766e-01
4.770962595939636230e-01
5.323619768023490906e-02
3.134026890620589256e-03
0.000000000000000000e+00
1.978153288364410400e-01
2.280595302581787109e-01
0.000000000000000000e+00
0.000000000000000000e+00
2.539855241775512695e+00
1.954205334186553955e-01
2.814161591231822968e-02
3.003516234457492828e-02
1.567563414573669434e-01
0.000000000000000000e+00
3.013276495039463043e-02
2.692741341888904572e-02
3.983183298259973526e-03
0.000000000000000000e+00
1.237831893377006054e-03
9.093765169382095337e-02
0.000000000000000000e+00
3.600694239139556885e-01
2.933131158351898193e-01
0.000000000000000000e+00
4.903106689453125000e-01
5.883359536528587341e-02
0.000000000000000000e+00
4.744960367679595947e-02
1.009932458400726318e-01
1.148683547973632812e+00
1.705500483512878418e-01
6.519297957420349121e-01
8.521007746458053589e-02
3.000354468822479248e-01
7.840505987405776978e-02
3.400059044361114502e-01
2.784028053283691406e-01
1.321031093597412109e+00
0.000000000000000000e+00
1.147620901465415955e-01
6.296464055776596069e-02
0.000000000000000000e+00
2.849018387496471405e-02
0.000000000000000000e+00
1.319888420403003693e-02
1.611096598207950592e-02
3.619724884629249573e-02
9.544762372970581055e-01
0.000000000000000000e+00
3.272453323006629944e-02
0.000000000000000000e+00
4.595086276531219482e-01
5.286086350679397583e-02
3.584740161895751953e-01
1.839174330234527588e-02
2.195431292057037354e-01
5.555927380919456482e-02
4.750745594501495361e-01
4.129696786403656006e-01
0.000000000000000000e+00
1.428591907024383545e-01
1.004630327224731445e-01
0.000000000000000000e+00
1.811904907226562500e+00
3.707294911146163940e-02
1.743115186691284180e+00
9.419298171997070312e-01
9.786639362573623657e-03
5.578115209937095642e-02
2.161422967910766602e-01
3.387160301208496094e-01
1.504499316215515137e-01
3.002030253410339355e-01
6.422330737113952637e-01
0.000000000000000000e+00
1.564768105745315552e-01
1.410274863243103027e+00
2.025307528674602509e-02
1.882319629658013582e-04
3.467698693275451660e-01
1.131978631019592285e+00
2.795987725257873535e-01
0.000000000000000000e+00
6.260554492473602295e-02
