1.688416898250579834e-01
5.341634154319763184e-02
0.000000000000000000e+00
1.176061034202575684e+00
3.859436511993408203e-01
7.069509476423263550e-02
1.379986554384231567e-01
5.258015394210815430e-01
1.553994059562683105e+00
1.356548428535461426e+00
5.287771821022033691e-01
3.792071714997291565e-02
4.966858327388763428e-01
1.749363914132118225e-02
3.401800692081451416e-01
3.834015130996704102e-01
2.630888223648071289e-01
2.297556996345520020e-01
1.730928272008895874e-01
7.389833331108093262e-01
6.538125872611999512e-02
4.997176676988601685e-02
4.790707826614379883e-01
6.716818362474441528e-02
2.029452472925186157e-01
1.137182861566543579e-01
4.979037865996360779e-02
4.394030943512916565e-02
6.222999189049005508e-03
3.310956060886383057e-01
1.080273687839508057e-01
1.806497722864151001e-01
3.866447806358337402e-01
3.355723917484283447e-01
1.135468948632478714e-02
5.891962051391601562e-01
3.233714699745178223e-01
2.356223821640014648e+00
3.798907250165939331e-02
1.521810740232467651e-01
1.066412124782800674e-02
1.446520090103149414e+00
1.206523925065994263e-01
2.814501047134399414e+00
3.638473451137542725e-01
0.000000000000000000e+00
6.066619753837585449e-01
3.346679508686065674e-01
7.253786176443099976e-02
5.315655469894409180e-01
1.028451547026634216e-01
4.170815944671630859e-01
5.138433575630187988e-01
8.772548288106918335e-03
5.757832527160644531e-01
4.634417295455932617e-01
0.000000000000000000e+00
2.731494605541229248e-01
2.583310902118682861e-01
1.483518958091735840e+00
4.772316932678222656e+00
4.139084368944168091e-02
4.699491336941719055e-02
2.632309217005968094e-03
1.588212132453918457e+00
6.563334465026855469e-01
7.994178533554077148e-01
1.632683873176574707e-01
8.182980120182037354e-02
1.481800824403762817e-01
2.732124030590057373e-01
2.231029033660888672e+00
1.539880037307739258e-01
1.680789515376091003e-03
1.927562355995178223e+00
7.816337347030639648e-01
8.654702454805374146e-02
1.630750745534896851e-01
3.280694782733917236e-01
3.862696513533592224e-02
1.162562131881713867e+00
3.985256254673004150e-01
0.000000000000000000e+00
5.582258105278015137e-01
3.438834249973297119e-01
1.194992959499359131e-01
4.572733491659164429e-02
0.000000000000000000e+00
2.796940207481384277e-01
2.321946620941162109e-01
9.185838699340820312e-01
9.265213273465633392e-03
5.002970620989799500e-02
2.138585895299911499e-01
3.904821872711181641e-01
0.000000000000000000e+00
1.009864449501037598e+00
8.342893719673156738e-01
2.977798283100128174e-01
1.402215600013732910e+00
1.468209549784660339e-02
4.449757635593414307e-01
1.346114516258239746e+00
1.778387546539306641e+00
0.000000000000000000e+00
7.141118049621582031e-01
0.000000000000000000e+00
3.062868490815162659e-03
1.155763640999794006e-01
2.819377899169921875e+00
7.398043572902679443e-02
6.124116778373718262e-01
5.757140517234802246e-01
1.358851552009582520e+00
2.727924846112728119e-02
3.792740404605865479e-02
8.938415348529815674e-02
4.722099602222442627e-01
2.596303448081016541e-02
3.898105397820472717e-02
7.759831100702285767e-02
3.234050273895263672e-01
5.847858786582946777e-01
8.298031985759735107e-03
2.046895772218704224e-01
3.368437886238098145e-01
2.414650678634643555e+00
5.396698042750358582e-02
2.627844735980033875e-02
2.750992774963378906e-01
3.141789697110652924e-03
2.484664469957351685e-01
1.662181131541728973e-02
4.911355790682137012e-05
7.235969305038452148e-01
2.188034914433956146e-02
6.953123956918716431e-02
3.446739912033081055e-02
1.699765920639038086e+00
1.994277983903884888e-01
1.185159087181091309e+00
1.334251463413238525e-01
5.239813923835754395e-01
6.062561869621276855e-01
8.087477087974548340e-02
3.359684348106384277e-01
3.535143285989761353e-02
0.000000000000000000e+00
5.495622754096984863e-01
1.751657724380493164e-01
0.000000000000000000e+00
1.330521702766418457e-01
3.571744561195373535e-01
0.000000000000000000e+00
6.807723045349121094e-01
1.580802537500858307e-02
9.460116177797317505e-02
4.356561899185180664e-01
1.253398060798645020e-01
8.588730096817016602e-01
2.029628902673721313e-01
2.335535138845443726e-01
6.725645065307617188e-01
5.988789722323417664e-02
1.199373006820678711e-01
4.028151035308837891e-01
2.620992716401815414e-03
1.555169820785522461e-01
2.364049434661865234e+00
8.997492790222167969e-01
1.510130912065505981e-01
1.751082688570022583e-01
1.148709058761596680e+00
2.596312901005148888e-03
7.251289486885070801e-02
3.516957759857177734e-01
7.110531441867351532e-03
1.896930672228336334e-02
7.255964912474155426e-03
1.140055656433105469e-01
1.198316290974617004e-01
1.949578285217285156e+00
1.203448921442031860e-01
1.573051959276199341e-01
0.000000000000000000e+00
2.764508962631225586e+00
2.076770782470703125e+00
1.633071750402450562e-01
5.032915994524955750e-02
1.059532523155212402e+00
6.282623410224914551e-01
3.770462423563003540e-02
5.005796998739242554e-02
4.566091895103454590e-01
0.000000000000000000e+00
3.226646184921264648e-01
9.777826815843582153e-02
1.073402047157287598e+00
8.886362910270690918e-01
6.783774495124816895e-01
8.016853928565979004e-01
6.219872236251831055e-01
4.748618230223655701e-02
6.343145668506622314e-02
1.431725770235061646e-01
5.423920154571533203e-01
0.000000000000000000e+00
2.596699595451354980e-01
2.276123315095901489e-02
7.324757426977157593e-02
2.405792325735092163e-01
5.362823233008384705e-02
5.900343507528305054e-02
0.000000000000000000e+00
0.000000000000000000e+00
1.042904019355773926e+00
3.316968679428100586e-01
1.136777997016906738e+00
4.612127691507339478e-02
1.798704639077186584e-02
0.000000000000000000e+00
5.423200875520706177e-02
1.503267884254455566e+00
1.242221239954233170e-02
6.128384731709957123e-03
3.938579857349395752e-01
5.338476896286010742e-01
2.804898321628570557e-01
5.939227715134620667e-02
7.982226461172103882e-02
0.000000000000000000e+00
7.825790047645568848e-01
2.655366659164428711e-01
0.000000000000000000e+00
2.602148354053497314e-01
3.791542053222656250e-01
5.278442986309528351e-03
1.057517170906066895e+00
2.167028374969959259e-02
1.656953617930412292e-02
3.282556682825088501e-02
4.838479682803153992e-02
3.297216892242431641e-01
4.912199497222900391e+00
3.112697787582874298e-02
4.272633790969848633e-01
4.322779476642608643e-01
9.916082769632339478e-02
1.024088170379400253e-02
0.000000000000000000e+00
9.178702533245086670e-02
7.408367991447448730e-01
1.322338503086939454e-04
2.033518254756927490e-01
4.285654723644256592e-01
0.000000000000000000e+00
5.521010756492614746e-01
1.560033112764358521e-01
2.406593859195709229e-01
3.801652416586875916e-02
3.166224956512451172e-01
8.039765357971191406e-01
6.157598495483398438e-01
5.569098591804504395e-01
1.305913209915161133e+00
1.068524923175573349e-02
4.557825252413749695e-02
1.212373971939086914e+00
1.720300465822219849e-01
9.160449504852294922e-01
0.000000000000000000e+00
1.952404379844665527e+00
1.630307734012603760e-01
1.087145507335662842e-01
3.814225494861602783e-01
2.778789997100830078e-01
2.245349138975143433e-01
3.539700806140899658e-02
2.106188058853149414e+00
1.060577332973480225e-01
0.000000000000000000e+00
1.954831369221210480e-02
0.000000000000000000e+00
2.852647304534912109e-01
1.009740903973579407e-01
1.075910568237304688e+00
9.174665063619613647e-02
8.504427671432495117e-01
1.707212477922439575e-01
1.092311024665832520e+00
2.155165970325469971e-01
3.047127008438110352e+00
1.722797632217407227e+00
3.773552179336547852e-01
3.257770091295242310e-02
1.517001986503601074e-01
1.027294993400573730e-01
6.457186304032802582e-03
2.095629572868347168e-01
4.120648801326751709e-01
2.437500841915607452e-02
3.398520126938819885e-02
1.403876841068267822e-01
4.015776216983795166e-01
4.543038550764322281e-03
1.335337106138467789e-02
1.983733028173446655e-01
0.000000000000000000e+00
5.177370309829711914e-01
1.595858037471771240e-01
2.445126324892044067e-02
9.751334190368652344e-01
0.000000000000000000e+00
1.049916967749595642e-01
9.263315200805664062e-01
6.173240020871162415e-02
1.990800976753234863e+00
4.267375767230987549e-01
4.705340415239334106e-02
1.396403431892395020e+00
4.407990723848342896e-02
5.197140574455261230e-02
3.511069416999816895e-01
4.083907604217529297e-01
7.852963805198669434e-01
2.558428645133972168e-01
1.782337278127670288e-01
4.276572912931442261e-02
1.672760248184204102e-01
5.523584485054016113e-01
1.330260783433914185e-01
1.903607606887817383e+00
3.299187719821929932e-01
6.524643898010253906e-01
1.512358546257019043e+00
0.000000000000000000e+00
3.175783529877662659e-02
0.000000000000000000e+00
2.606105757877230644e-03
1.565586209297180176e+00
5.056232213973999023e-01
1.339475624263286591e-02
4.568389803171157837e-02
5.062673687934875488e-01
1.944360695779323578e-02
1.556363254785537720e-01
6.832313537597656250e-02
5.687596201896667480e-01
1.649027466773986816e-01
1.177732497453689575e-01
2.339125871658325195e-01
0.000000000000000000e+00
3.717245459556579590e-01
2.087793312966823578e-02
4.021545648574829102e-01
0.000000000000000000e+00
2.050411403179168701e-01
4.565413668751716614e-02
3.242909312248229980e-01
2.315126359462738037e-01
4.908462762832641602e-01
5.639925003051757812e-01
9.121389687061309814e-02
0.000000000000000000e+00
3.186902701854705811e-01
1.160801500082015991e-01
1.406172752380371094e+00
1.337596476078033447e-01
7.263338565826416016e-02
1.446556299924850464e-01
1.808169037103652954e-01
8.744919300079345703e-01
0.000000000000000000e+00
1.173813566565513611e-01
1.874896883964538574e-02
6.562796831130981445e-01
3.501091301441192627e-01
4.500695690512657166e-02
3.158025264739990234e+00
5.914423242211341858e-02
1.567222476005554199e+00
2.598788142204284668e-01
6.931717395782470703e-01
4.670310020446777344e-01
3.115684986114501953e-01
4.222826957702636719e-01
9.665197692811489105e-03
1.038611009716987610e-01
3.036095201969146729e-01
1.155269980430603027e+00
2.493140459060668945e+00
8.784386329352855682e-03
1.618187688291072845e-02
0.000000000000000000e+00
4.451894164085388184e-01
1.547894954681396484e+00
1.916086196899414062e+00
8.260993361473083496e-01
3.030761480331420898e-01
2.565625682473182678e-02
7.402949333190917969e-01
0.000000000000000000e+00
5.840322002768516541e-02
2.030010223388671875e+00
3.399752378463745117e-01
4.040119424462318420e-02
9.139420837163925171e-02
1.558305859565734863e+00
2.622862577438354492e+00
0.000000000000000000e+00
1.111060500144958496e+00
1.402343958616256714e-01
5.917429924011230469e-01
0.000000000000000000e+00
1.067510724067687988e+00
2.201349437236785889e-01
6.112671457231044769e-03
2.920515276491641998e-02
1.743455082178115845e-01
1.566610485315322876e-01
7.648030295968055725e-03
1.208544299006462097e-01
7.527519762516021729e-02
3.806503415107727051e-01
4.489012062549591064e-01
7.085334658622741699e-01
7.719980478286743164e-01
3.580468297004699707e-01
9.910099953413009644e-02
4.993127286434173584e-01
2.369827747344970703e+00
1.030418425798416138e-01
3.241191208362579346e-01
2.432586066424846649e-02
1.145920343697071075e-02
1.091797426342964172e-01
2.332286089658737183e-01
2.166088670492172241e-03
3.456948697566986084e-01
1.995418071746826172e-01
1.845756322145462036e-01
6.741238385438919067e-02
1.647613942623138428e-02
3.938121497631072998e-01
3.292581140995025635e-01
1.409907460212707520e+00
1.565057188272476196e-01
4.690477252006530762e-02
0.000000000000000000e+00
1.073281541466712952e-01
3.196310698986053467e-01
2.483821958303451538e-01
1.004464149475097656e+00
8.742322325706481934e-01
2.266684323549270630e-01
1.786338686943054199e-01
6.780427694320678711e-02
1.139413490891456604e-01
1.729877352714538574e+00
1.347998064011335373e-02
0.000000000000000000e+00
7.624913454055786133e-01
7.302892394363880157e-03
1.530794706195592880e-02
1.873848080635070801e+00
2.490451633930206299e-01
9.779209643602371216e-02
1.838785968720912933e-02
4.126781970262527466e-02
4.341710805892944336e-01
0.000000000000000000e+00
3.965891361236572266e+00
1.161046400666236877e-01
1.235957264900207520e+00
7.885673046112060547e-01
4.943181946873664856e-02
6.973940879106521606e-02
2.410454988479614258e+00
3.342011570930480957e-01
7.459776103496551514e-02
1.874458231031894684e-02
1.898330599069595337e-01
6.052310466766357422e-01
1.116308569908142090e+00
2.440252780914306641e+00
7.288557011634111404e-03
1.625917851924896240e-01
2.956798076629638672e-01
3.947472870349884033e-01
3.741681948304176331e-02
1.233601104468107224e-02
2.480917796492576599e-02
1.090480834245681763e-01
1.392100565135478973e-02
3.102436363697052002e-01
6.198225542902946472e-02
1.416094422340393066e+00
1.319855690002441406e+00
1.534538716077804565e-01
2.129249125719070435e-01
9.259909857064485550e-04
1.906836032867431641e-01
2.476102113723754883e-01
0.000000000000000000e+00
6.295174360275268555e-01
1.056613206863403320e+00
4.151434302330017090e-01
9.495954215526580811e-02
6.274986863136291504e-01
1.484572142362594604e-01
4.631255269050598145e-01
1.130746454000473022e-01
4.466596841812133789e-01
3.218550682067871094e-01
1.867540001869201660e+00
2.160527277737855911e-03
1.107917428016662598e+00
1.399603247642517090e+00
0.000000000000000000e+00
1.666852980852127075e-01
1.418073624372482300e-01
3.783584758639335632e-02
1.903655380010604858e-01
2.097105741500854492e+00
0.000000000000000000e+00
4.556295394897460938e+00
3.919949531555175781e-01
1.346002668142318726e-01
1.226992607116699219e+00
1.332711130380630493e-01
4.673672020435333252e-01
9.694709181785583496e-01
1.000299215316772461e+00
1.130621284246444702e-01
2.503277301788330078e+00
2.426823377609252930e-01
2.048149555921554565e-01
1.665783673524856567e-01
6.435889285057783127e-03
2.571861743927001953e+00
0.000000000000000000e+00
1.523306071758270264e-01
8.887957781553268433e-02
4.849210008978843689e-02
0.000000000000000000e+00
5.853065252304077148e-01
4.613040924072265625e+00
2.961904704570770264e-01
8.981572091579437256e-02
9.173453450202941895e-01
1.280973851680755615e-01
7.982240617275238037e-02
4.045365378260612488e-03
1.023651286959648132e-02
5.306355655193328857e-02
1.810963451862335205e-02
1.385918259620666504e-01
5.861061159521341324e-03
6.723617762327194214e-02
9.053906798362731934e-02
1.870412826538085938e-01
1.356590725481510162e-02
1.789326071739196777e+00
9.835418462753295898e-01
3.358955681324005127e-02
2.169400751590728760e-01
4.035984873771667480e-01
0.000000000000000000e+00
0.000000000000000000e+00
4.059125185012817383e-01
0.000000000000000000e+00
8.441662043333053589e-02
6.328195333480834961e-01
9.040682911872863770e-01
8.971797227859497070e-01
1.033132672309875488e-01
0.000000000000000000e+00
2.786381170153617859e-03
4.963823556900024414e-01
1.146344169974327087e-01
5.987567305564880371e-01
4.730614721775054932e-01
0.000000000000000000e+00
5.173099040985107422e-01
1.772744953632354736e-02
2.764275670051574707e-02
1.020699501037597656e+00
4.113636538386344910e-02
1.284189701080322266e+00
1.607279419898986816e+00
2.908235788345336914e-01
1.212812364101409912e-01
2.667919732630252838e-02
2.006031125783920288e-01
1.109042838215827942e-01
6.292134523391723633e-02
1.230692863464355469e-01
2.381551504135131836e+00
2.450446039438247681e-01
5.278773903846740723e-01
3.114332444965839386e-02
2.723762691020965576e-01
4.032876342535018921e-03
1.501932144165039062e+00
1.243093371391296387e+00
5.657197162508964539e-02
6.166094541549682617e-02
8.685944080352783203e-01
3.726439177989959717e-01
3.208404779434204102e-01
3.282245993614196777e-01
8.964194655418395996e-01
1.310807019472122192e-01
1.338400095701217651e-01
6.151749491691589355e-01
1.654322147369384766e+00
2.573234140872955322e-01
4.252590239048004150e-01
7.455785274505615234e-01
1.830311864614486694e-01
1.534339338541030884e-01
5.101718753576278687e-02
0.000000000000000000e+00
4.008818566799163818e-01
7.885652035474777222e-02
0.000000000000000000e+00
8.339695930480957031e-01
2.082550287246704102e+00
3.260945901274681091e-02
0.000000000000000000e+00
5.824666023254394531e-01
1.467393159866333008e+00
3.200495481491088867e+00
1.059035118669271469e-02
2.118654400110244751e-01
9.088992327451705933e-02
2.682053148746490479e-01
4.038752019405364990e-01
1.250294685363769531e+00
0.000000000000000000e+00
6.310892105102539062e-02
9.705270528793334961e-01
3.696426630020141602e+00
4.639315009117126465e-01
8.101432919502258301e-01
5.994277596473693848e-01
6.093304976820945740e-02
0.000000000000000000e+00
5.516628921031951904e-02
7.871573567390441895e-01
5.539450645446777344e-01
1.031469106674194336e-01
8.755768835544586182e-02
2.932285308837890625e+00
0.000000000000000000e+00
5.783224701881408691e-01
1.802288174629211426e+00
8.288038079626858234e-04
6.215913966298103333e-02
2.774334251880645752e-01
1.500085353851318359e+00
2.529280781745910645e-01
6.754995584487915039e-01
1.700554043054580688e-01
2.323952503502368927e-02
1.554040759801864624e-01
6.839645095169544220e-03
4.001536071300506592e-01
2.728857517242431641e+00
7.218360304832458496e-01
2.852168381214141846e-01
5.405228137969970703e-01
3.274522423744201660e-01
9.788759350776672363e-01
3.308329284191131592e-01
4.049295186996459961e-02
2.922407388687133789e+00
3.738098591566085815e-02
7.567878812551498413e-02
9.915063530206680298e-02
0.000000000000000000e+00
1.115637421607971191e-01
3.038364052772521973e-01
1.280467510223388672e-01
2.923831045627593994e-01
0.000000000000000000e+00
1.518923878669738770e+00
9.288732893764972687e-03
2.117571048438549042e-02
0.000000000000000000e+00
1.395735263824462891e+00
9.931372478604316711e-03
8.836746960878372192e-02
8.072758316993713379e-01
4.393934831023216248e-02
6.126886699348688126e-03
6.917689461261034012e-04
1.287077367305755615e-01
3.146906942129135132e-02
6.029508709907531738e-01
3.904390096664428711e+00
3.559750616550445557e-01
1.411511898040771484e-01
7.194312661886215210e-02
5.566788315773010254e-01
6.560198217630386353e-02
0.000000000000000000e+00
1.830724626779556274e-02
2.673369646072387695e-01
2.520500421524047852e-01
1.021454762667417526e-02
1.143038153648376465e+00
4.680885672569274902e-01
3.836005032062530518e-01
2.833483219146728516e-01
9.819785356521606445e-01
4.460066258907318115e-01
7.981619983911514282e-02
2.679928205907344818e-02
1.214126273989677429e-01
5.153502803295850754e-03
2.647219002246856689e-01
0.000000000000000000e+00
2.031725645065307617e-01
1.836448192596435547e+00
1.170284599065780640e-01
1.892122030258178711e-01
6.195807829499244690e-02
1.135822653770446777e+00
3.520661592483520508e-02
2.389910165220499039e-03
3.070460446178913116e-02
5.614361763000488281e-01
7.496002912521362305e-01
3.288876637816429138e-02
3.370759189128875732e-01
9.779412150382995605e-01
4.411863088607788086e-01
5.987215042114257812e-01
0.000000000000000000e+00
3.293040275573730469e+00
6.460176408290863037e-02
2.652987465262413025e-02
8.902115374803543091e-02
2.746216654777526855e-01
9.320638328790664673e-02
1.465896129608154297e+00
6.110231876373291016e-01
0.000000000000000000e+00
9.952911734580993652e-01
1.428571492433547974e-01
2.419684082269668579e-01
2.346995770931243896e-01
8.937824964523315430e-01
2.676426172256469727e-01
1.004969179630279541e-01
0.000000000000000000e+00
5.752660706639289856e-02
9.750798344612121582e-01
2.839516162872314453e+00
1.585901342332363129e-02
1.436993598937988281e+00
0.000000000000000000e+00
1.856449097394943237e-01
2.276900529861450195e+00
1.548498030751943588e-02
3.306617494672536850e-03
2.511563897132873535e-01
3.781363740563392639e-02
3.602384924888610840e-01
0.000000000000000000e+00
1.599099278450012207e+00
7.991989850997924805e-01
1.421171188354492188e+00
2.444014787673950195e+00
6.049596071243286133e-01
2.479752153158187866e-01
3.873096704483032227e-01
1.444329023361206055e-01
1.801029592752456665e-02
5.395802855491638184e-02
1.326858997344970703e+00
1.246925666928291321e-01
4.074582457542419434e-02
8.871312141418457031e-01
6.608814746141433716e-02
5.198056995868682861e-02
1.267591714859008789e-01
3.040501773357391357e-01
8.195787668228149414e-02
1.878844499588012695e-01
2.799019962549209595e-02
4.299852848052978516e-01
2.509261667728424072e-01
0.000000000000000000e+00
1.376443654298782349e-01
1.893907040357589722e-01
3.792502284049987793e-01
3.392210602760314941e-01
4.664810299873352051e-01
8.271123170852661133e-01
6.938033103942871094e-01
2.188516855239868164e+00
2.990443110466003418e-01
1.528036832809448242e+00
4.761825203895568848e-01
1.596575975418090820e-01
2.368283569812774658e-01
2.124918460845947266e+00
1.235309317708015442e-01
3.605888187885284424e-01
8.995589613914489746e-01
2.704180590808391571e-02
6.589187383651733398e-01
1.146489232778549194e-01
1.633291095495223999e-01
1.173611730337142944e-01
6.956581473350524902e-01
2.207953017204999924e-03
4.078355059027671814e-02
1.992880403995513916e-01
1.230694130063056946e-01
3.659078776836395264e-01
7.213189452886581421e-02
0.000000000000000000e+00
1.123763918876647949e+00
4.971636831760406494e-01
1.540844738483428955e-01
1.528518553823232651e-02
1.290959000587463379e+00
5.649266391992568970e-02
0.000000000000000000e+00
9.878140091896057129e-01
3.543365597724914551e-01
1.044175308197736740e-02
1.216774210333824158e-01
9.979857802391052246e-01
0.000000000000000000e+00
0.000000000000000000e+00
2.175629734992980957e-01
2.586294651031494141e+00
2.240111351013183594e+00
2.342462688684463501e-01
1.049765348434448242e-01
1.272045969963073730e-01
6.401698589324951172e-01
1.366613209247589111e-01
7.483679056167602539e-01
1.066653490066528320e+00
9.061040729284286499e-02
1.093906015157699585e-01
5.847427248954772949e-02
8.443109691143035889e-02
2.602248787879943848e-01
1.114760991185903549e-02
2.555093541741371155e-02
3.544028103351593018e-01
2.021824568510055542e-01
1.742638051509857178e-01
0.000000000000000000e+00
1.059713065624237061e-01
9.651518613100051880e-02
8.623163700103759766e-01
1.703012883663177490e-01
8.846975564956665039e-01
1.087317824363708496e+00
1.474550366401672363e-01
2.154688909649848938e-02
2.690798602998256683e-02
2.005880594253540039e+00
2.268239408731460571e-01
2.197601795196533203e-01
1.112115383148193359e+00
2.230533361434936523e-01
1.306491345167160034e-01
4.885700717568397522e-02
2.503262460231781006e-01
1.902782022953033447e-01
9.305589832365512848e-03
1.297923207283020020e+00
5.974332690238952637e-01
6.121065467596054077e-03
2.506442964076995850e-01
1.366790533065795898e-01
5.842061340808868408e-02
0.000000000000000000e+00
5.052363872528076172e-01
2.577627599239349365e-01
2.150161862373352051e-01
4.597928747534751892e-02
2.773898363113403320e+00
7.927215844392776489e-02
8.469687700271606445e-01
1.454716175794601440e-01
6.650000810623168945e-01
2.370003610849380493e-01
7.714527845382690430e-01
5.476137995719909668e-02
2.853955030441284180e-01
7.471503317356109619e-02
5.959181189537048340e-01
5.560940504074096680e-01
9.714011102914810181e-02
3.245160281658172607e-01
5.360637307167053223e-01
2.173577070236206055e+00
2.457647800445556641e+00
9.573249220848083496e-01
1.809169054031372070e-01
1.461246013641357422e-01
7.329014688730239868e-02
4.277027547359466553e-01
3.357425332069396973e-01
3.526322543621063232e-02
1.303530931472778320e+00
1.208447068929672241e-01
1.271671354770660400e-01
3.292501270771026611e-01
0.000000000000000000e+00
7.014452219009399414e-01
1.149522811174392700e-01
1.210562512278556824e-02
1.407811697572469711e-02
1.452021598815917969e+00
2.442330271005630493e-01
2.926557302474975586e+00
5.701632022857666016e+00
2.972859144210815430e-01
6.950983405113220215e-02
1.201596297323703766e-02
1.170139610767364502e-01
2.534236945211887360e-02
4.025151208043098450e-02
1.035695791244506836e+00
1.266693234443664551e+00
6.845270991325378418e-01
0.000000000000000000e+00
9.780228137969970703e-02
3.618156611919403076e-01
1.813849210739135742e-01
1.273642033338546753e-01
7.469355463981628418e-01
5.918486416339874268e-02
0.000000000000000000e+00
3.249590992927551270e-01
1.695112884044647217e-01
2.257281392812728882e-01
2.445021271705627441e-01
2.673215866088867188e-01
0.000000000000000000e+00
7.413119077682495117e-02
0.000000000000000000e+00
1.226991415023803711e-02
6.046774983406066895e-01
4.314685761928558350e-01
9.980964064598083496e-01
3.309930264949798584e-01
7.403246313333511353e-02
1.948591768741607666e-01
5.661987662315368652e-01
9.729515910148620605e-01
5.912518501281738281e-01
2.283223271369934082e-01
1.092259027063846588e-02
1.789704710245132446e-02
3.914510458707809448e-02
1.251932680606842041e-01
8.548317551612854004e-01
3.267725706100463867e+00
2.773681282997131348e-01
1.220499634742736816e+00
5.197809934616088867e-01
3.357082307338714600e-01
4.430424869060516357e-01
4.372601583600044250e-02
3.428864479064941406e-01
1.808636337518692017e-01
1.537424325942993164e+00
1.576938852667808533e-02
3.147669881582260132e-02
2.106802612543106079e-01
0.000000000000000000e+00
3.563854098320007324e-02
0.000000000000000000e+00
2.469448298215866089e-01
4.496971964836120605e-01
5.007302016019821167e-02
7.163856625556945801e-01
1.229165941476821899e-01
0.000000000000000000e+00
7.036458253860473633e-01
2.920737862586975098e-01
1.856018751859664917e-01
1.434236317873001099e-01
4.228197336196899414e-01
0.000000000000000000e+00
2.554063320159912109e+00
2.214589416980743408e-01
2.211339473724365234e-01
2.062687873840332031e+00
1.578455045819282532e-02
2.524446882307529449e-02
9.322340786457061768e-02
3.602857887744903564e-02
3.942966461181640625e-01
1.310988515615463257e-01
5.409396439790725708e-02
3.755326271057128906e-01
1.401637122035026550e-02
1.901695609092712402e+00
5.644701123237609863e-01
0.000000000000000000e+00
1.051395535469055176e-01
1.130964308977127075e-01
4.551341056823730469e+00
3.734520971775054932e-01
1.168869614601135254e+00
1.052165552973747253e-01
1.034708261489868164e+00
1.080100163817405701e-01
0.000000000000000000e+00
9.035872668027877808e-02
0.000000000000000000e+00
9.919341802597045898e-01
1.379631459712982178e-01
9.336733072996139526e-02
1.738657504320144653e-01
1.922932337038218975e-03
1.719850450754165649e-01
8.705871105194091797e-01
1.663587093353271484e-01
2.455361783504486084e-01
4.485179856419563293e-02
2.479599416255950928e-01
2.536656260490417480e-01
3.105055093765258789e-01
1.341681003570556641e+00
1.357533037662506104e-01
2.012874186038970947e-01
2.912390232086181641e-01
8.974738419055938721e-03
5.682319402694702148e-02
3.698483854532241821e-02
5.494390726089477539e-01
5.444129705429077148e-01
2.082451581954956055e+00
7.250504493713378906e-01
7.799603343009948730e-01
1.492031663656234741e-01
1.630233228206634521e-01
1.764080487191677094e-02
9.799753427505493164e-01
2.302614897489547729e-01
1.655689775943756104e-01
1.686979174613952637e+00
0.000000000000000000e+00
4.566413164138793945e-02
6.878322362899780273e-02
8.159927092492580414e-03
0.000000000000000000e+00
3.182910084724426270e-01
1.547406762838363647e-01
1.027428656816482544e-01
3.638620972633361816e-01
7.537513375282287598e-01
1.475258171558380127e-02
1.725285872817039490e-02
1.424709111452102661e-01
0.000000000000000000e+00
1.838258504867553711e-01
5.059585571289062500e-01
0.000000000000000000e+00
3.040156364440917969e+00
1.616832852363586426e+00
2.052588701248168945e+00
7.822054624557495117e-02
8.834756612777709961e-01
1.120282709598541260e-02
2.411263227462768555e+00
6.171069741249084473e-01
3.497516214847564697e-01
0.000000000000000000e+00
1.101687550544738770e-01
1.414624750614166260e-01
1.019690632820129395e-01
7.581621408462524414e-02
1.657588034868240356e-02
2.004007622599601746e-02
1.611062288284301758e-01
1.306997984647750854e-01
8.108747601509094238e-01
4.785164296627044678e-01
1.494310498237609863e-01
3.430954217910766602e-01
7.737670838832855225e-02
0.000000000000000000e+00
1.038989901542663574e+00
1.043917655944824219e+00
1.341050386428833008e+00
1.945250272750854492e+00
6.531424075365066528e-02
3.826119750738143921e-02
1.889771074056625366e-01
1.360507756471633911e-01
4.454504698514938354e-02
0.000000000000000000e+00
3.035075496882200241e-03
3.278241157531738281e-01
5.581148266792297363e-01
9.855132550001144409e-02
1.178147420287132263e-01
2.766970098018646240e-01
0.000000000000000000e+00
1.308955103158950806e-01
3.317327797412872314e-01
1.243608146905899048e-01
1.364368557929992676e+00
8.132299184799194336e-01
8.316975831985473633e-01
1.179345250129699707e-01
1.435796916484832764e-01
2.671342194080352783e-01
6.956995278596878052e-02
2.122404575347900391e-01
1.390982151031494141e+00
8.862571120262145996e-01
1.612761497497558594e+00
4.032252132892608643e-01
2.881523594260215759e-02
2.543925680220127106e-02
9.855316877365112305e-01
1.260551344603300095e-02
4.607129096984863281e-01
0.000000000000000000e+00
1.535720467567443848e+00
9.168978780508041382e-02
3.292395174503326416e-01
4.625715613365173340e-01
4.633952081203460693e-01
5.630715489387512207e-01
3.125439211726188660e-02
2.709564924240112305e+00
1.589950770139694214e-01
6.152112483978271484e-01
9.445796906948089600e-02
1.475243866443634033e-01
3.303986489772796631e-01
4.359832406044006348e-01
3.791536808013916016e+00
1.550580024719238281e+00
4.937982857227325439e-01
1.046029105782508850e-01
5.619622394442558289e-02
2.637166082859039307e-01
8.438192307949066162e-03
2.314382493495941162e-01
2.035589814186096191e-01
1.065171718597412109e+00
7.598179578781127930e-01
0.000000000000000000e+00
1.989751696586608887e+00
7.225961685180664062e-01
1.528760433197021484e+00
2.771134078502655029e-01
8.572255373001098633e-01
2.776938080787658691e-01
1.235968351364135742e+00
0.000000000000000000e+00
1.732034087181091309e-01
2.984231337904930115e-02
1.065545827150344849e-01
4.736638069152832031e-01
2.615366876125335693e-01
4.298839718103408813e-02
0.000000000000000000e+00
1.517854537814855576e-02
7.848632335662841797e-02
1.455006480216979980e+00
1.370439082384109497e-01
2.481422200798988342e-02
1.115301132202148438e+00
5.228213667869567871e-01
1.890065073966979980e-01
1.537205457687377930e+00
3.013043403625488281e+00
2.285548113286495209e-02
3.398430943489074707e-01
0.000000000000000000e+00
6.947046518325805664e-01
0.000000000000000000e+00
8.745164424180984497e-02
9.673728048801422119e-02
7.480455189943313599e-02
0.000000000000000000e+00
1.755789518356323242e+00
2.402884960174560547e-01
7.927112281322479248e-03
1.797230839729309082e-01
3.788750246167182922e-02
2.176412753760814667e-02
0.000000000000000000e+00
6.597766280174255371e-02
3.904540836811065674e-01
7.631441950798034668e-02
0.000000000000000000e+00
6.146376132965087891e-01
6.249661445617675781e-01
5.727557092905044556e-02
3.914047479629516602e-01
6.294912099838256836e-02
6.268495321273803711e-02
4.311961233615875244e-01
0.000000000000000000e+00
2.949791550636291504e-01
2.465175151824951172e+00
3.711214661598205566e-01
1.078144311904907227e-01
2.152086943387985229e-01
3.470992669463157654e-02
9.168983101844787598e-01
0.000000000000000000e+00
1.384486436843872070e+00
8.377978205680847168e-01
2.761229574680328369e-01
4.138707648962736130e-03
4.260627627372741699e-01
0.000000000000000000e+00
1.133991777896881104e-02
5.270634293556213379e-01
3.613652661442756653e-02
1.009621262550354004e+00
7.408634573221206665e-02
2.427785158157348633e+00
3.389203175902366638e-02
1.350420236587524414e+00
1.533073067665100098e+00
1.598432511091232300e-01
5.904475450515747070e-01
6.382422447204589844e-01
1.034628868103027344e+00
1.531217545270919800e-01
3.960391581058502197e-01
0.000000000000000000e+00
2.895962633192539215e-02
1.879172682762145996e+00
5.829373747110366821e-02
4.079779088497161865e-01
2.597851753234863281e-01
5.622871518135070801e-01
4.180188179016113281e-01
5.870901346206665039e-01
2.211470156908035278e-01
3.136933743953704834e-01
9.809806942939758301e-01
1.139986276626586914e+00
0.000000000000000000e+00
1.566953212022781372e-01
5.863023281097412109e+00
1.774856150150299072e-01
1.392024040222167969e+00
2.075129747390747070e-01
3.779052793979644775e-01
1.793140918016433716e-02
1.119801923632621765e-01
0.000000000000000000e+00
1.931470930576324463e-01
1.289593428373336792e-02
6.354933977127075195e-02
3.838005065917968750e-01
3.982457891106605530e-02
2.853578031063079834e-01
6.508508697152137756e-03
5.923361331224441528e-02
6.394671201705932617e-01
1.169073730707168579e-01
1.735471248626708984e+00
0.000000000000000000e+00
7.202565073966979980e-01
5.801606178283691406e-01
6.548895835876464844e-01
4.040556252002716064e-01
0.000000000000000000e+00
2.411264479160308838e-01
1.504584789276123047e+00
4.346303641796112061e-02
3.302056491374969482e-01
0.000000000000000000e+00
6.179659962654113770e-01
9.807251691818237305e-01
6.207571551203727722e-02
1.159150153398513794e-01
5.781411528587341309e-01
1.144520118832588196e-01
2.384985685348510742e-01
1.982520937919616699e+00
2.044381052255630493e-01
1.436857581138610840e-01
7.948247194290161133e-01
2.611545622348785400e-01
2.143277525901794434e-01
1.837143748998641968e-01
2.225425839424133301e-01
2.674954891204833984e+00
1.592434197664260864e-02
1.859471648931503296e-01
1.938116103410720825e-01
0.000000000000000000e+00
5.826074481010437012e-01
8.073815107345581055e-01
0.000000000000000000e+00
0.000000000000000000e+00
3.028636611998081207e-02
1.368498653173446655e-01
1.462205499410629272e-01
0.000000000000000000e+00
1.381879746913909912e-01
1.777386426925659180e+00
8.327571153640747070e-01
3.892454504966735840e-02
6.149036884307861328e-01
1.982421427965164185e-02
5.606858134269714355e-01
9.216448664665222168e-01
0.000000000000000000e+00
7.774517536163330078e-01
5.086945295333862305e-01
5.231120109558105469e+00
2.408872842788696289e-01
2.981840372085571289e-01
1.606108546257019043e-01
1.493288129568099976e-01
1.395244449377059937e-01
2.467554211616516113e-01
4.064237177371978760e-01
7.959398441016674042e-03
5.983234047889709473e-01
0.000000000000000000e+00
5.718359947204589844e-01
6.953410506248474121e-01
1.275042295455932617e-01
2.338117063045501709e-01
1.467920064926147461e+00
6.679829955101013184e-01
1.566651582717895508e+00
6.709183752536773682e-02
8.626104593276977539e-01
2.593319714069366455e-01
6.288635730743408203e-01
3.443435430526733398e-01
7.751372177153825760e-03
1.012507200241088867e+00
6.553891301155090332e-01
9.291203618049621582e-01
4.898189306259155273e-01
1.461521863937377930e+00
9.720644354820251465e-02
1.848451644182205200e-01
1.881982564926147461e+00
1.382520049810409546e-02
7.245675921440124512e-01
7.365266978740692139e-02
3.162378072738647461e-02
2.280563414096832275e-01
6.407654844224452972e-03
1.660377025604248047e+00
7.459490001201629639e-02
1.200780794024467468e-01
1.373913645744323730e+00
2.586395263671875000e+00
1.092874765396118164e+00
3.776670694351196289e-01
1.873498782515525818e-03
8.220745921134948730e-01
3.433979272842407227e+00
5.897451564669609070e-02
2.823598086833953857e-01
5.651164054870605469e-01
7.427053898572921753e-02
1.963368892669677734e+00
5.733891725540161133e-01
1.586594730615615845e-01
9.726797579787671566e-04
4.844156652688980103e-02
1.636996418237686157e-01
1.182764619588851929e-01
6.389242410659790039e-02
3.771796822547912598e-02
6.371014118194580078e-01
8.074724674224853516e-01
3.274086117744445801e-02
3.661269247531890869e-01
3.638236224651336670e-02
0.000000000000000000e+00
1.542982608079910278e-01
1.686895132064819336e+00
2.836310118436813354e-02
7.232668250799179077e-02
9.397303313016891479e-02
5.443016290664672852e-01
4.507312476634979248e-01
1.377915292978286743e-01
6.188176199793815613e-02
9.355906844139099121e-01
2.949132323265075684e-01
2.731600046157836914e+00
4.405288696289062500e-01
2.348861694335937500e-01
0.000000000000000000e+00
6.401498615741729736e-02
6.961296200752258301e-01
1.398073136806488037e-01
0.000000000000000000e+00
2.560773849487304688e+00
1.674451977014541626e-01
0.000000000000000000e+00
1.043765470385551453e-01
3.319964511319994926e-03
3.711245357990264893e-01
3.266091644763946533e-02
2.999478206038475037e-02
1.716448962688446045e-01
0.000000000000000000e+00
7.246812433004379272e-02
0.000000000000000000e+00
1.517398476600646973e+00
2.983165681362152100e-01
0.000000000000000000e+00
1.186009421944618225e-01
0.000000000000000000e+00
3.585443133488297462e-03
0.000000000000000000e+00
1.216920651495456696e-02
1.950993180274963379e+00
9.277265518903732300e-03
5.097859501838684082e-01
1.706954956054687500e+00
0.000000000000000000e+00
1.685984611511230469e+00
3.070962429046630859e+00
2.077278494834899902e-02
2.208942174911499023e-01
1.099085211753845215e-01
3.322008298709988594e-03
2.510847449302673340e-01
5.854215621948242188e-01
2.913641743361949921e-02
3.508737981319427490e-01
1.357021480798721313e-01
1.643164083361625671e-02
9.592618793249130249e-02
4.894908070564270020e-01
2.438235133886337280e-01
2.784247994422912598e-01
6.577888131141662598e-01
2.585253678262233734e-02
3.347691148519515991e-03
8.219983428716659546e-02
1.082955673336982727e-01
3.727167606353759766e+00
0.000000000000000000e+00
1.768351197242736816e+00
3.549702763557434082e-01
5.910537838935852051e-01
2.723262310028076172e-01
0.000000000000000000e+00
0.000000000000000000e+00
6.239501237869262695e-01
3.020947054028511047e-02
1.692307591438293457e-01
1.785178184509277344e+00
6.325157880783081055e-01
1.404450416564941406e+00
6.876561790704727173e-02
5.071156620979309082e-01
1.920689940452575684e-01
3.534823656082153320e+00
2.333511859178543091e-01
4.652329906821250916e-02
1.638577729463577271e-01
9.856681823730468750e-01
1.678133942186832428e-02
1.592842578887939453e+00
7.535991072654724121e-02
4.178067296743392944e-02
6.189280748367309570e-01
3.293380498886108398e+00
4.501454532146453857e-03
1.592231541872024536e-01
1.074810773134231567e-01
2.397712022066116333e-01
1.994879543781280518e-02
3.508391231298446655e-02
6.925897598266601562e-01
1.615914463996887207e+00
0.000000000000000000e+00
1.124591588973999023e+00
2.906338572502136230e-01
1.678038835525512695e-01
0.000000000000000000e+00
2.556960582733154297e-01
3.002220869064331055e+00
1.134390950202941895e+00
3.213755041360855103e-02
2.050806999206542969e+00
6.329183280467987061e-02
4.062991738319396973e-01
6.245269179344177246e-01
4.160313606262207031e-01
5.360931158065795898e-01
7.474151253700256348e-02
2.391819506883621216e-01
3.868294134736061096e-02
1.176997423171997070e-01
1.031071320176124573e-01
3.680653572082519531e-01
3.157163262367248535e-01
8.073481172323226929e-02
8.279380202293395996e-01
4.877689480781555176e-01
1.910244107246398926e+00
8.995782583951950073e-03
6.298580765724182129e-01
4.678990244865417480e-01
0.000000000000000000e+00
2.213547974824905396e-01
2.010232210159301758e+00
1.415766477584838867e+00
4.087266623973846436e-01
4.953054338693618774e-02
3.777076303958892822e-01
5.575214028358459473e-01
4.397872090339660645e-02
3.034579753875732422e-01
2.605324029922485352e+00
4.887821674346923828e-01
2.471322298049926758e+00
2.104634195566177368e-01
2.342823445796966553e-01
7.285427451133728027e-01
8.273544907569885254e-02
1.407230943441390991e-01
5.072585865855216980e-02
2.469355426728725433e-02
9.513621777296066284e-02
1.038408041000366211e+00
1.088499948382377625e-01
5.499219894409179688e-01
0.000000000000000000e+00
0.000000000000000000e+00
7.490672916173934937e-02
2.520985603332519531e-01
0.000000000000000000e+00
8.409477472305297852e-01
1.343116760253906250e-01
1.724720001220703125e-01
1.056726694107055664e+00
9.640023857355117798e-02
3.534527719020843506e-01
2.239649184048175812e-02
5.101613998413085938e-01
5.469360947608947754e-02
1.531141251325607300e-01
1.438600301742553711e+00
2.394355297088623047e+00
4.362295567989349365e-02
4.314516782760620117e-01
8.848462700843811035e-01
5.270711421966552734e+00
9.409316629171371460e-02
1.113189384341239929e-01
2.012733936309814453e+00
9.801206178963184357e-03
5.744161009788513184e-01
4.430844783782958984e-01
3.376438617706298828e-01
1.356816738843917847e-01
0.000000000000000000e+00
5.934860110282897949e-01
5.542400851845741272e-02
7.105623185634613037e-02
2.235291481018066406e+00
6.941321372985839844e+00
7.476974725723266602e-01
8.877355456352233887e-01
2.416798919439315796e-01
8.322703838348388672e-01
6.819716095924377441e-02
4.304560273885726929e-02
3.146198093891143799e-01
1.451015830039978027e+00
6.840950846672058105e-01
4.810718297958374023e-01
1.703049242496490479e-02
1.522526144981384277e+00
2.141496092081069946e-01
7.585451751947402954e-02
0.000000000000000000e+00
4.162949621677398682e-01
1.120281815528869629e-01
3.621935248374938965e-01
5.714645385742187500e-01
1.680973917245864868e-01
4.383850991725921631e-01
5.985867381095886230e-01
0.000000000000000000e+00
0.000000000000000000e+00
6.682867556810379028e-02
7.505086064338684082e-01
2.738400995731353760e-01
6.618276238441467285e-01
7.952301204204559326e-02
3.572512045502662659e-02
3.787555033341050148e-03
7.409876585006713867e-01
6.092397868633270264e-02
1.247146844863891602e+00
1.808743774890899658e-01
2.694821357727050781e-01
1.171053946018218994e-01
1.908644586801528931e-01
3.465858101844787598e-01
2.263329178094863892e-01
1.188749074935913086e+00
7.245782613754272461e-01
3.044433295726776123e-01
2.652056049555540085e-03
3.555997610092163086e-01
8.110429644584655762e-01
4.557259559631347656e+00
0.000000000000000000e+00
3.481812775135040283e-02
2.781501710414886475e-01
2.779074907302856445e-01
6.272966861724853516e-01
3.394329786300659180e+00
9.826304018497467041e-02
5.926347151398658752e-02
0.000000000000000000e+00
0.000000000000000000e+00
4.530538022518157959e-01
2.665124535560607910e-01
8.473238348960876465e-01
1.779883913695812225e-02
1.632834553718566895e+00
2.648147821426391602e+00
9.916714578866958618e-02
2.290589064359664917e-01
2.966096103191375732e-01
4.442370310425758362e-02
6.113031879067420959e-02
1.121161356568336487e-01
7.164037823677062988e-01
9.616854786872863770e-02
2.247333973646163940e-01
0.000000000000000000e+00
3.505773246288299561e-01
0.000000000000000000e+00
6.186672672629356384e-02
1.098662018775939941e-01
8.636913895606994629e-01
2.756762504577636719e-01
4.285195767879486084e-01
5.943092107772827148e-01
2.494601346552371979e-02
1.558050066232681274e-01
1.567842721939086914e+00
8.280074596405029297e-01
1.023216024041175842e-01
6.561709940433502197e-02
4.661149084568023682e-01
1.096322163939476013e-01
0.000000000000000000e+00
6.744967103004455566e-01
0.000000000000000000e+00
1.141285374760627747e-01
4.368863403797149658e-01
0.000000000000000000e+00
9.739050269126892090e-02
7.131356000900268555e-01
1.971478313207626343e-01
6.323449015617370605e-01
1.140608116984367371e-01
6.636665463447570801e-01
1.421894282102584839e-01
9.267047047615051270e-02
2.375413030385971069e-01
0.000000000000000000e+00
0.000000000000000000e+00
2.130605280399322510e-01
4.431485235691070557e-01
1.833458095788955688e-01
5.280040502548217773e-01
3.501711785793304443e-01
8.255613036453723907e-03
6.247257590293884277e-01
7.905400358140468597e-03
2.129115313291549683e-01
2.535795569419860840e-01
1.899001449346542358e-01
5.102360155433416367e-03
1.402627468109130859e+00
3.041762113571166992e-01
1.455184459686279297e+00
1.334009617567062378e-01
4.588185995817184448e-02
0.000000000000000000e+00
5.809841677546501160e-02
3.255692720413208008e-01
2.749325931072235107e-01
1.287604123353958130e-01
3.265514373779296875e-01
4.693664610385894775e-01
8.699508309364318848e-01
0.000000000000000000e+00
5.998419523239135742e-01
1.013914942741394043e-01
2.204009771347045898e+00
2.807718813419342041e-01
7.769795060157775879e-01
2.004036456346511841e-01
0.000000000000000000e+00
4.415292739868164062e+00
0.000000000000000000e+00
2.710068784654140472e-02
5.951341986656188965e-01
1.673323392868041992e+00
1.112751066684722900e-01
5.647678971290588379e-01
1.506991535425186157e-01
2.682186961174011230e-01
2.672242522239685059e-01
0.000000000000000000e+00
3.280577361583709717e-01
6.777007132768630981e-02
3.003951907157897949e-01
1.532545834779739380e-01
1.185301780700683594e+00
4.599100723862648010e-02
7.150818705558776855e-01
0.000000000000000000e+00
9.280689060688018799e-02
1.106005683541297913e-01
1.198905706405639648e-01
0.000000000000000000e+00
8.088957071304321289e-01
7.684735655784606934e-01
5.585552658885717392e-03
1.176931709051132202e-02
1.734021306037902832e-02
1.511751890182495117e+00
1.256012469530105591e-01
2.424649745225906372e-01
9.164918214082717896e-02
0.000000000000000000e+00
6.141949445009231567e-03
1.575442850589752197e-01
8.565853118896484375e+00
0.000000000000000000e+00
2.230317704379558563e-02
5.169720649719238281e-01
1.221013441681861877e-02
3.197095394134521484e-01
8.101400136947631836e-01
8.528231829404830933e-02
5.990766286849975586e-01
8.028138428926467896e-03
5.833621621131896973e-01
3.502357006072998047e-02
6.894272565841674805e-01
2.597486227750778198e-02
8.892606496810913086e-01
2.486598789691925049e-01
3.020257055759429932e-01
1.221956536173820496e-01
5.195999518036842346e-02
1.532446861267089844e+00
4.212968051433563232e-02
1.514490693807601929e-01
7.917672991752624512e-01
1.921833753585815430e-01
2.037812471389770508e-01
1.492382586002349854e-01
6.587324142456054688e-01
6.474536657333374023e-02
3.106534481048583984e-02
1.164034128189086914e+00
1.144922852516174316e+00
2.550976276397705078e+00
0.000000000000000000e+00
6.982721090316772461e-01
3.113474231213331223e-03
4.225206971168518066e-01
3.422853946685791016e-01
7.601156830787658691e-02
2.940976321697235107e-01
8.184234797954559326e-02
3.928456902503967285e-01
8.090131282806396484e-01
7.771726697683334351e-02
1.434868931770324707e+00
2.783567411825060844e-03
2.660830616950988770e-01
1.024099349975585938e+00
1.316694140434265137e+00
4.613585025072097778e-02
0.000000000000000000e+00
4.459205865859985352e-01
6.844989955425262451e-02
1.493834853172302246e-01
1.211594700813293457e+00
4.019694924354553223e-01
9.682124108076095581e-02
4.344752430915832520e-02
0.000000000000000000e+00
0.000000000000000000e+00
1.504413634538650513e-01
4.102210998535156250e-01
4.413628205657005310e-02
1.474802494049072266e+00
4.645074307918548584e-01
4.837667644023895264e-01
2.464396804571151733e-01
1.506721854209899902e+00
8.908022642135620117e-01
7.922828942537307739e-02
5.779302716255187988e-01
2.329825758934020996e-01
1.634056679904460907e-02
7.911257147789001465e-01
4.783690720796585083e-02
3.435544073581695557e-01
5.155228078365325928e-02
7.545958505943417549e-04
2.237309962511062622e-01
0.000000000000000000e+00
3.305058479309082031e-01
1.997115015983581543e-01
5.625443905591964722e-02
1.112546622753143311e-01
3.146000951528549194e-02
5.749803781509399414e-01
2.899357676506042480e-01
1.133765697479248047e+00
1.270945668220520020e+00
8.555319160223007202e-02
3.597427532076835632e-02
1.959829330444335938e+00
1.969422213733196259e-02
6.883703917264938354e-02
9.359611570835113525e-02
1.532035917043685913e-01
0.000000000000000000e+00
4.924887418746948242e-01
6.458134651184082031e-01
5.329193472862243652e-01
4.549920260906219482e-01
0.000000000000000000e+00
2.737391591072082520e-01
2.705178558826446533e-01
0.000000000000000000e+00
1.328530550003051758e+00
1.934536695480346680e+00
1.442578388378024101e-03
9.620329737663269043e-02
4.407268166542053223e-01
2.497601509094238281e+00
1.522138118743896484e-01
2.735780319198966026e-03
1.700521409511566162e-01
9.763862490653991699e-01
9.524754434823989868e-02
5.663761496543884277e-02
4.160385131835937500e-01
8.612141013145446777e-01
1.315888762474060059e-01
1.842429041862487793e-01
1.311915665864944458e-01
2.871465682983398438e+00
6.558365821838378906e-01
8.648341298103332520e-01
1.204266324639320374e-01
3.879176825284957886e-02
3.963440656661987305e-02
4.847906529903411865e-02
1.226360678672790527e+00
1.988318860530853271e-01
4.705950617790222168e-02
6.196538805961608887e-01
8.890035748481750488e-01
7.548797130584716797e-01
7.371769752353429794e-03
2.185663133859634399e-01
7.094487547874450684e-02
8.460864424705505371e-01
1.012254431843757629e-01
2.574407495558261871e-02
1.130908951163291931e-01
3.121177665889263153e-03
1.188941299915313721e-01
9.170407801866531372e-02
0.000000000000000000e+00
4.978478848934173584e-01
6.943644881248474121e-01
4.142953548580408096e-03
6.729983538389205933e-02
1.383991837501525879e+00
1.029032945632934570e+00
1.828006505966186523e+00
9.876073151826858521e-02
8.958336710929870605e-01
7.680296152830123901e-02
1.904570460319519043e-01
1.193665154278278351e-02
6.415733695030212402e-01
1.605522632598876953e-01
2.635994181036949158e-02
2.908453345298767090e-01
2.727927863597869873e-01
4.969019293785095215e-01
1.626419663429260254e+00
0.000000000000000000e+00
6.177800148725509644e-02
2.402473688125610352e-01
0.000000000000000000e+00
5.074429139494895935e-02
2.782611548900604248e-01
1.266810297966003418e-01
2.088327519595623016e-02
2.782762348651885986e-01
2.686772495508193970e-02
1.000255495309829712e-01
3.780387401580810547e+00
1.922216415405273438e-01
6.325567364692687988e-01
1.387423425912857056e-01
1.273158788681030273e+00
1.429232507944107056e-01
9.666214883327484131e-02
1.120072007179260254e-01
6.620201468467712402e-01
8.702944964170455933e-03
2.816153466701507568e-01
1.554659128189086914e+00
9.448979794979095459e-02
9.019706249237060547e-01
1.735883802175521851e-01
1.630997806787490845e-01
3.183128833770751953e-01
3.243984580039978027e-01
2.804884612560272217e-01
2.288867384195327759e-01
6.131236441433429718e-03
0.000000000000000000e+00
9.071242809295654297e-01
2.367456629872322083e-02
3.993991017341613770e-01
6.209068298339843750e-01
9.434213861823081970e-03
3.414655104279518127e-03
3.442101716995239258e+00
4.902342855930328369e-01
2.593286037445068359e-01
5.547328591346740723e-01
1.648350208997726440e-01
8.517569303512573242e-02
4.409210383892059326e-01
1.946749985218048096e-01
9.030250906944274902e-01
7.597650289535522461e-01
8.426878601312637329e-02
4.730476140975952148e-01
1.160724610090255737e-01
5.694767832756042480e-02
0.000000000000000000e+00
5.192359164357185364e-02
2.009598910808563232e-01
5.240111425518989563e-02
4.383137226104736328e-01
2.645149943418800831e-04
3.266824185848236084e-01
1.229261830449104309e-01
4.273578226566314697e-01
5.916726216673851013e-02
1.727205067873001099e-01
2.184062264859676361e-02
9.978608787059783936e-02
1.153874173760414124e-01
0.000000000000000000e+00
1.854917705059051514e-01
0.000000000000000000e+00
2.235850542783737183e-01
3.942748531699180603e-02
7.447006702423095703e-01
2.257253170013427734e+00
1.885547488927841187e-01
8.679596707224845886e-03
0.000000000000000000e+00
2.451036125421524048e-02
0.000000000000000000e+00
9.658237546682357788e-02
1.428479671478271484e+00
9.478127211332321167e-02
0.000000000000000000e+00
0.000000000000000000e+00
0.000000000000000000e+00
8.610187470912933350e-02
0.000000000000000000e+00
1.402048021554946899e-01
2.830445170402526855e-01
1.705687306821346283e-02
1.171587705612182617e-01
4.671927988529205322e-01
4.163379371166229248e-01
5.095097422599792480e-01
1.681993007659912109e-01
1.032887175679206848e-01
9.899968653917312622e-02
2.641790807247161865e-01
1.665613204240798950e-01
1.718071401119232178e-01
7.199378013610839844e-01
2.140990691259503365e-03
2.122127451002597809e-02
1.088567972183227539e-01
2.258832901716232300e-01
8.197274208068847656e-01
5.187855362892150879e-01
1.268178522586822510e-01
0.000000000000000000e+00
3.715544641017913818e-01
3.385455906391143799e-01
1.953042671084403992e-02
4.235927164554595947e-01
5.612676963210105896e-02
7.164986431598663330e-02
9.890791773796081543e-02
1.589631438255310059e-01
9.765325784683227539e-01
2.769432961940765381e-01
5.364260673522949219e-01
5.224388241767883301e-01
0.000000000000000000e+00
4.916918873786926270e-01
7.524310052394866943e-02
1.274014830589294434e+00
7.580285519361495972e-02
4.279906302690505981e-02
1.590258628129959106e-01
