1.188925132155418396e-01
1.573916673660278320e-01
6.311064362525939941e-01
3.502660095691680908e-01
2.049615420401096344e-02
4.582344368100166321e-02
2.041385620832443237e-01
7.675701379776000977e-02
1.780916690826416016e+00
5.981543064117431641e+00
3.406638279557228088e-02
1.225513145327568054e-01
1.139316484332084656e-01
5.367908626794815063e-03
1.089014172554016113e+00
2.510185241699218750e-01
5.610761642456054688e-01
2.523492835462093353e-02
3.301785513758659363e-02
1.766409724950790405e-01
1.982463240623474121e+00
1.967036575078964233e-01
3.369866637513041496e-03
6.477200426161289215e-03
0.000000000000000000e+00
1.218830198049545288e-01
3.833245515823364258e+00
1.102042123675346375e-01
1.459583081305027008e-02
8.829423040151596069e-02
1.290459275245666504e+00
3.907335456460714340e-03
3.220523521304130554e-02
6.205755472183227539e-01
1.222900021821260452e-02
2.627419233322143555e-01
0.000000000000000000e+00
5.045105814933776855e-01
1.554877012968063354e-01
2.764769792556762695e-01
1.803595125675201416e-01
7.906870841979980469e-01
5.559822320938110352e-01
4.223303198814392090e-01
0.000000000000000000e+00
1.757892034947872162e-02
1.524244099855422974e-01
7.849926352500915527e-01
1.431492716073989868e-01
9.508838057518005371e-01
1.164351999759674072e-01
2.877761423587799072e-01
0.000000000000000000e+00
1.699623167514801025e-01
0.000000000000000000e+00
4.478643834590911865e-01
1.034081339836120605e+00
3.513270318508148193e-01
1.223632216453552246e+00
0.000000000000000000e+00
2.060428142547607422e+00
7.560360431671142578e-01
7.522704601287841797e-01
9.533670544624328613e-01
6.056354846805334091e-03
2.983671724796295166e-01
3.532291352748870850e-01
1.671171069145202637e+00
2.382659763097763062e-01
6.309182047843933105e-01
4.079679012298583984e+00
1.101093649864196777e+00
5.751740187406539917e-03
3.108067624270915985e-02
7.477775216102600098e-02
1.207681894302368164e+00
1.312523484230041504e+00
1.445438414812088013e-01
6.942175030708312988e-01
5.616685375571250916e-03
4.639183878898620605e-01
2.038315124809741974e-02
1.238983031362295151e-02
0.000000000000000000e+00
6.518793851137161255e-02
1.054100513458251953e+00
1.896703839302062988e-01
3.436390252318233252e-04
6.485898494720458984e-01
3.207259997725486755e-02
1.842987418174743652e+00
8.400894999504089355e-01
5.229273438453674316e-01
0.000000000000000000e+00
1.184987947344779968e-01
5.584541358985006809e-04
1.612137258052825928e-01
5.210498720407485962e-02
9.771529436111450195e-01
4.443880915641784668e-01
7.486088275909423828e-01
5.331860780715942383e-01
2.401647418737411499e-01
2.468863725662231445e+00
0.000000000000000000e+00
2.102649211883544922e-01
0.000000000000000000e+00
3.301026881672441959e-04
0.000000000000000000e+00
9.133332252502441406e+00
0.000000000000000000e+00
8.315035104751586914e-01
1.684159487485885620e-01
1.891678810119628906e+00
4.591283574700355530e-02
2.473516203463077545e-02
0.000000000000000000e+00
2.860314846038818359e-01
7.304570674896240234e-01
2.223264932632446289e+00
3.146733343601226807e-01
4.073141887784004211e-02
0.000000000000000000e+00
9.003594517707824707e-03
7.179029285907745361e-03
0.000000000000000000e+00
3.710853457450866699e-01
3.392415046691894531e-01
1.756506115198135376e-01
2.265832945704460144e-02
4.438808917999267578e+00
5.817186236381530762e-01
1.983887851238250732e-01
2.273846864700317383e-01
1.254875540733337402e+00
0.000000000000000000e+00
3.784973621368408203e-01
1.743350923061370850e-01
2.774614095687866211e+00
0.000000000000000000e+00
0.000000000000000000e+00
4.887235350906848907e-03
8.912572264671325684e-02
3.884282335638999939e-02
9.498701244592666626e-02
1.463299393653869629e-01
1.616103053092956543e+00
0.000000000000000000e+00
2.364446073770523071e-01
3.203634172677993774e-02
8.219263553619384766e-01
1.117986664175987244e-01
0.000000000000000000e+00
0.000000000000000000e+00
1.056286215782165527e+00
1.828307956457138062e-01
3.347336314618587494e-03
0.000000000000000000e+00
0.000000000000000000e+00
1.385492533445358276e-01
1.792871952056884766e-01
7.520692050457000732e-02
3.570987284183502197e-01
6.307107210159301758e-02
8.862956613302230835e-02
1.486274242401123047e+00
0.000000000000000000e+00
7.871611714363098145e-01
2.893734872341156006e-01
1.075143933296203613e+00
2.408922612667083740e-01
4.434749111533164978e-02
2.009523153305053711e+00
0.000000000000000000e+00
1.177962943911552429e-01
3.756394609808921814e-02
2.661931812763214111e-01
1.014975011348724365e-01
3.870669007301330566e-01
1.698672175407409668e-01
2.086381912231445312e-01
3.650877252221107483e-02
9.626466035842895508e-02
2.931266836822032928e-02
0.000000000000000000e+00
1.252192378044128418e+00
6.561114192008972168e-01
0.000000000000000000e+00
0.000000000000000000e+00
7.271899580955505371e-01
1.062790513038635254e+00
1.368869543075561523e-01
7.532384246587753296e-02
8.907171487808227539e-01
4.071005061268806458e-02
3.535058498382568359e-01
1.734093278646469116e-01
1.031035780906677246e-01
1.514271944761276245e-01
4.317246377468109131e-01
4.804605990648269653e-02
3.896719217300415039e-02
4.074235260486602783e-01
3.106499314308166504e-01
1.464378181844949722e-02
3.611648082733154297e-01
1.232271790504455566e-01
4.501759529113769531e+00
0.000000000000000000e+00
1.562806069850921631e-01
2.822155058383941650e-01
3.773581981658935547e-01
4.459206014871597290e-03
1.635669916868209839e-02
1.149306632578372955e-02
3.654240071773529053e-01
2.210729569196701050e-01
6.863309741020202637e-01
5.510300025343894958e-02
6.007394194602966309e-01
4.900431036949157715e-01
4.248088598251342773e-02
2.454740762710571289e+00
3.191463947296142578e-01
7.652846574783325195e-01
3.273538351058959961e-01
0.000000000000000000e+00
5.424113869667053223e-01
9.527894109487533569e-02
1.223622918128967285e+00
4.212155472487211227e-03
5.424340441823005676e-02
3.525558710098266602e-01
0.000000000000000000e+00
1.351697921752929688e+00
8.136257529258728027e-01
2.269095741212368011e-02
1.892512589693069458e-01
1.595382951200008392e-02
2.075539678335189819e-01
1.480763703584671021e-01
1.891166210174560547e+00
0.000000000000000000e+00
1.337695121765136719e-02
0.000000000000000000e+00
1.514241218566894531e+00
3.413395881652832031e-01
2.376169860363006592e-01
4.512830972671508789e-01
7.494308352470397949e-01
5.132514238357543945e-02
1.866315722465515137e+00
1.116886176168918610e-02
1.807265132665634155e-01
2.689541280269622803e-01
4.145656712353229523e-03
3.194260597229003906e-01
7.853406667709350586e-01
2.428392916917800903e-01
0.000000000000000000e+00
5.370931625366210938e-01
5.872537493705749512e-01
3.388543844223022461e+00
3.795983735471963882e-03
2.024871483445167542e-02
0.000000000000000000e+00
2.621882781386375427e-02
1.686034947633743286e-01
1.225886344909667969e+00
1.782671064138412476e-01
1.981405735015869141e+00
9.696672558784484863e-01
2.145903185009956360e-02
1.444761082530021667e-02
1.159211874008178711e+00
2.174214273691177368e-01
1.397833824157714844e-01
4.050390049815177917e-02
1.088874340057373047e+00
1.109940093010663986e-02
1.302045285701751709e-01
5.797229334712028503e-02
5.901243165135383606e-02
4.496284574270248413e-02
2.655126094818115234e+00
2.590895593166351318e-01
1.781119257211685181e-01
6.197174787521362305e-01
3.001083374023437500e+00
7.779639363288879395e-01
1.087013363838195801e+00
3.841208666563034058e-02
0.000000000000000000e+00
1.234776020050048828e+00
0.000000000000000000e+00
1.714265346527099609e-01
6.372803449630737305e-02
3.041564226150512695e-01
2.759768068790435791e-01
5.082691088318824768e-02
1.013087928295135498e-01
0.000000000000000000e+00
4.471257925033569336e-01
3.307753056287765503e-02
8.958960324525833130e-02
0.000000000000000000e+00
2.800296759232878685e-03
4.787234067916870117e-01
1.483555585145950317e-01
3.354936838150024414e-01
2.261068969964981079e-01
2.747745811939239502e-01
1.672687977552413940e-01
3.312694653868675232e-02
0.000000000000000000e+00
5.531521439552307129e-01
2.024207264184951782e-01
0.000000000000000000e+00
3.013095259666442871e-01
6.998690962791442871e-01
1.654374599456787109e-01
2.693822979927062988e-01
0.000000000000000000e+00
0.000000000000000000e+00
0.000000000000000000e+00
0.000000000000000000e+00
2.630091272294521332e-02
7.370797544717788696e-02
5.079876258969306946e-02
5.094022750854492188e-01
9.909741282463073730e-01
4.714093804359436035e-01
7.273137569427490234e-01
6.364601105451583862e-02
8.258106559514999390e-02
6.058834027498960495e-03
5.569070577621459961e-01
1.249960288405418396e-01
4.702214598655700684e-01
1.227781549096107483e-01
0.000000000000000000e+00
8.725243061780929565e-02
6.367940306663513184e-01
0.000000000000000000e+00
0.000000000000000000e+00
0.000000000000000000e+00
3.730708267539739609e-03
9.940446913242340088e-02
2.878365665674209595e-02
3.494488447904586792e-02
2.840476751327514648e+00
2.146007725968956947e-03
4.866743683815002441e-01
1.906191110610961914e-01
9.403470903635025024e-02
3.686727881431579590e-01
1.886819899082183838e-01
3.990447044372558594e+00
1.912269555032253265e-02
1.878698356449604034e-02
1.726966649293899536e-01
3.744263887405395508e+00
0.000000000000000000e+00
1.605002209544181824e-02
4.851627647876739502e-01
6.002729758620262146e-02
1.352657437324523926e+00
7.450163960456848145e-01
1.047301515936851501e-01
1.843296587467193604e-01
6.018518805503845215e-01
1.382482703775167465e-03
7.237478494644165039e-01
6.157571673393249512e-01
3.089403267949819565e-03
0.000000000000000000e+00
3.469989597797393799e-01
0.000000000000000000e+00
1.203353166580200195e+00
7.080728560686111450e-02
2.073962211608886719e+00
3.447975873947143555e+00
6.923166513442993164e-01
0.000000000000000000e+00
7.480583190917968750e-01
1.098980829119682312e-01
2.968174032866954803e-02
2.438950091600418091e-01
1.174520254135131836e-01
2.975715883076190948e-02
1.322721362113952637e+00
5.987433791160583496e-01
4.045973122119903564e-01
1.233784481883049011e-02
3.323239386081695557e-01
9.138056755065917969e+00
2.746093086898326874e-03
2.829648256301879883e-01
2.118836157023906708e-02
0.000000000000000000e+00
6.022202968597412109e-01
5.476175621151924133e-02
1.584795594215393066e+00
3.595901653170585632e-02
2.964978339150547981e-03
7.495979219675064087e-02
6.284651160240173340e-02
5.519999265670776367e-01
8.174800314009189606e-03
1.694155782461166382e-01
5.041910409927368164e-01
3.820550814270973206e-02
1.397805102169513702e-02
4.949979186058044434e-01
2.837060689926147461e+00
4.915159568190574646e-02
1.722825318574905396e-01
4.623611643910408020e-02
0.000000000000000000e+00
1.063686966896057129e+00
3.347977995872497559e-03
1.295511960983276367e+00
1.168493032455444336e+00
6.826162338256835938e-01
1.308139506727457047e-02
1.630904197692871094e+00
1.940573096275329590e+00
2.092064023017883301e-01
1.010127291083335876e-01
1.835045665502548218e-01
1.919088363647460938e+00
4.636658728122711182e-01
1.875555396080017090e+00
1.188957810401916504e+00
1.485885530710220337e-01
2.229484319686889648e+00
1.208482265472412109e+00
7.404106855392456055e-02
4.416089057922363281e-01
0.000000000000000000e+00
6.422130763530731201e-02
0.000000000000000000e+00
7.287909090518951416e-02
9.052629768848419189e-02
6.454178947024047375e-04
6.147818565368652344e-01
1.242140755057334900e-01
5.484598278999328613e-01
0.000000000000000000e+00
3.358052968978881836e-01
4.313241317868232727e-02
9.279808960855007172e-03
6.439480185508728027e-02
8.434690237045288086e-01
7.989075183868408203e-01
3.146756649017333984e+00
3.991843163967132568e-01
0.000000000000000000e+00
1.640619188547134399e-01
6.131474971771240234e-01
7.255140691995620728e-02
5.485877394676208496e-02
2.085402235388755798e-02
1.209772676229476929e-01
0.000000000000000000e+00
1.519639939069747925e-01
3.374364674091339111e-01
2.186652570962905884e-01
2.167065292596817017e-01
9.291816502809524536e-02
3.583535179495811462e-02
2.869300603866577148e+00
5.013781189918518066e-01
8.536068722605705261e-03
0.000000000000000000e+00
3.215248346328735352e+00
2.462339401245117188e-01
0.000000000000000000e+00
9.441418051719665527e-01
2.883493006229400635e-01
3.655308485031127930e-02
1.869143098592758179e-01
3.895185422152280807e-03
1.361901402473449707e+00
4.095226764678955078e+00
0.000000000000000000e+00
9.857062250375747681e-02
0.000000000000000000e+00
1.066108822822570801e+00
6.721436232328414917e-02
8.115864396095275879e-01
9.231161326169967651e-02
4.616843536496162415e-02
9.602960199117660522e-02
6.399171948432922363e-01
4.180041849613189697e-01
7.517403364181518555e-02
4.856299400329589844e+00
6.032955646514892578e-01
7.284927964210510254e-01
1.822759509086608887e-01
0.000000000000000000e+00
1.535918712615966797e-01
0.000000000000000000e+00
4.977207183837890625e+00
1.188760716468095779e-02
1.732703000307083130e-01
2.556881010532379150e-01
0.000000000000000000e+00
0.000000000000000000e+00
1.055683493614196777e+00
2.065184116363525391e-01
3.343023061752319336e-01
4.247016012668609619e-01
7.600860595703125000e-01
7.292531430721282959e-02
1.250353574752807617e+00
5.184029340744018555e-01
0.000000000000000000e+00
5.100641846656799316e-01
5.798274517059326172e+00
1.468543857336044312e-01
0.000000000000000000e+00
1.236019432544708252e-01
7.525898814201354980e-01
7.692875862121582031e-01
1.301035732030868530e-01
4.497441649436950684e-01
0.000000000000000000e+00
4.755449593067169189e-01
0.000000000000000000e+00
0.000000000000000000e+00
9.425833821296691895e-02
5.938185378909111023e-02
3.565469086170196533e-01
3.629258871078491211e-01
8.746724575757980347e-02
5.780945345759391785e-02
1.696569472551345825e-01
4.212311804294586182e-01
2.467024326324462891e-01
0.000000000000000000e+00
5.285694599151611328e-01
0.000000000000000000e+00
1.611245423555374146e-02
9.183771908283233643e-03
7.160910218954086304e-02
3.568388819694519043e-01
1.178275048732757568e-02
9.497608542442321777e-01
5.167012289166450500e-02
1.305009424686431885e-01
2.660729289054870605e-01
9.649825841188430786e-02
3.517189919948577881e-01
2.288925796747207642e-01
1.218401789665222168e+00
4.027459397912025452e-02
6.865990161895751953e-02
3.606915124692022800e-04
6.550177931785583496e-01
0.000000000000000000e+00
3.239972889423370361e-01
1.431043982505798340e+00
0.000000000000000000e+00
1.867716014385223389e-02
8.540976047515869141e-02
3.230920433998107910e-01
2.631066925823688507e-02
0.000000000000000000e+00
1.256353706121444702e-01
2.406335175037384033e-01
0.000000000000000000e+00
1.757412776350975037e-02
9.528607130050659180e-01
4.918562714010477066e-03
3.656992316246032715e-01
1.433300971984863281e+00
1.644636690616607666e-01
3.920642435550689697e-01
2.406013906002044678e-01
3.579495847225189209e-01
8.796610236167907715e-01
2.513180673122406006e-01
0.000000000000000000e+00
3.980399295687675476e-02
4.963870942592620850e-01
2.097852230072021484e-01
6.404268741607666016e-01
1.259126663208007812e-01
1.174101606011390686e-01
3.880925178527832031e-01
2.389104664325714111e-02
4.945587739348411560e-02
0.000000000000000000e+00
4.376402795314788818e-01
9.946147203445434570e-01
5.752779245376586914e-01
2.407135255634784698e-02
1.204511642456054688e+00
3.669149577617645264e-01
3.830159083008766174e-02
1.703001856803894043e-01
2.202010869979858398e+00
3.882050812244415283e-01
6.182387471199035645e-02
3.431321084499359131e-01
9.517462551593780518e-02
3.778190314769744873e-01
6.886029243469238281e-01
7.145489454269409180e-01
3.916264697909355164e-02
6.544280052185058594e-01
7.870748043060302734e-01
1.723286211490631104e-01
1.466570645570755005e-01
2.786595821380615234e-01
1.047566439956426620e-02
2.017582021653652191e-02
1.095548152923583984e+00
4.153638482093811035e-01
1.499602943658828735e-02
0.000000000000000000e+00
0.000000000000000000e+00
6.669313311576843262e-01
0.000000000000000000e+00
1.646359860897064209e-01
7.844573259353637695e-01
1.544777750968933105e+00
5.611883476376533508e-02
5.139662027359008789e-01
1.396135836839675903e-01
1.051198005676269531e+00
1.554000657051801682e-02
1.097989454865455627e-01
3.118893504142761230e-01
8.346039103344082832e-04
2.441387176513671875e+00
5.089907646179199219e-01
1.593703590333461761e-02
4.872977733612060547e-01
1.702707074582576752e-02
8.026896119117736816e-01
1.099782064557075500e-02
3.626902699470520020e-01
5.331621319055557251e-02
5.928475856781005859e-01
4.089892208576202393e-01
6.894503235816955566e-01
7.454015016555786133e-01
1.833753138780593872e-01
0.000000000000000000e+00
0.000000000000000000e+00
1.484134435653686523e+00
3.932037651538848877e-01
1.661944538354873657e-01
1.411146372556686401e-01
0.000000000000000000e+00
5.825182199478149414e-01
6.364847421646118164e-01
7.673649787902832031e-01
4.777348786592483521e-02
2.611813843250274658e-01
1.600846997462213039e-03
8.351416140794754028e-02
4.842111170291900635e-01
0.000000000000000000e+00
1.129319295287132263e-01
1.752639412879943848e+00
7.004480361938476562e-01
0.000000000000000000e+00
1.301738739013671875e+00
9.650811553001403809e-02
9.889373779296875000e-01
6.108378246426582336e-02
1.073260232806205750e-01
2.322763442993164062e+00
7.272959351539611816e-01
2.380684614181518555e-01
8.290041983127593994e-02
1.001284644007682800e-01
8.209228515625000000e-01
4.093042016029357910e-02
3.924182057380676270e-01
0.000000000000000000e+00
0.000000000000000000e+00
1.364698648452758789e+00
1.516814231872558594e-01
7.219152897596359253e-02
1.783679425716400146e-01
1.537932515144348145e+00
0.000000000000000000e+00
3.090766258537769318e-02
0.000000000000000000e+00
0.000000000000000000e+00
2.000454813241958618e-01
8.438387885689735413e-03
2.178236097097396851e-01
3.969681859016418457e-01
4.950739145278930664e-01
2.626833438873291016e+00
8.195380121469497681e-02
3.982820734381675720e-02
1.247001528739929199e+00
3.383416533470153809e-01
5.161486268043518066e-01
1.913894861936569214e-01
1.810483485460281372e-01
3.144036233425140381e-01
0.000000000000000000e+00
7.606437206268310547e-01
8.561571240425109863e-01
0.000000000000000000e+00
1.098743081092834473e-01
2.249270528554916382e-01
8.527669906616210938e-01
1.186129823327064514e-01
1.817823038436472416e-03
1.217999339103698730e+00
0.000000000000000000e+00
1.621044985949993134e-02
4.224228262901306152e-01
3.631436033174395561e-03
3.414383158087730408e-02
0.000000000000000000e+00
6.058749556541442871e-01
0.000000000000000000e+00
5.269601941108703613e-01
8.471982479095458984e-01
5.087590813636779785e-01
1.100114434957504272e-01
9.036181569099426270e-01
9.584417194128036499e-02
1.791046142578125000e+00
0.000000000000000000e+00
2.195640234276652336e-03
4.239559650421142578e+00
5.480193719267845154e-02
0.000000000000000000e+00
0.000000000000000000e+00
9.485169313848018646e-03
1.553523987531661987e-01
7.470401033060625196e-05
4.844216257333755493e-02
2.638417780399322510e-01
4.923482425510883331e-03
1.595283858478069305e-02
6.202780604362487793e-01
7.014515250921249390e-02
1.345071792602539062e-01
0.000000000000000000e+00
1.477313321083784103e-02
1.420023292303085327e-02
0.000000000000000000e+00
5.862004160881042480e-01
9.435982257127761841e-02
2.359925061464309692e-01
1.435553431510925293e-01
9.486700594425201416e-02
4.073967933654785156e+00
1.097292900085449219e+00
3.792650401592254639e-01
1.693577691912651062e-02
1.163907125592231750e-01
8.702530860900878906e-01
1.120901480317115784e-02
5.556853413581848145e-01
8.956236839294433594e-01
4.027571380138397217e-01
2.187104701995849609e+00
1.701432764530181885e-01
2.942887134850025177e-03
1.405600905418395996e+00
2.981954514980316162e-01
1.809817850589752197e-01
1.397150158882141113e-01
1.800889611244201660e+00
9.367619454860687256e-02
1.957186818122863770e+00
2.222065068781375885e-02
8.148355484008789062e-01
5.656830035150051117e-03
1.006601080298423767e-01
6.830266714096069336e-01
5.219933390617370605e-01
4.376617819070816040e-02
2.428595304489135742e+00
9.085116982460021973e-01
0.000000000000000000e+00
4.424606561660766602e-01
1.617619246244430542e-01
9.842936694622039795e-02
5.783597826957702637e-01
0.000000000000000000e+00
8.276759088039398193e-02
4.200281500816345215e-01
4.825797975063323975e-01
6.533626466989517212e-02
2.695163246244192123e-03
7.723892331123352051e-01
1.080012440681457520e+00
4.305495023727416992e-01
5.255989432334899902e-01
3.343198597431182861e-01
2.013203203678131104e-01
1.309052109718322754e+00
7.739029526710510254e-01
7.786853790283203125e+00
3.822359442710876465e-01
1.726429350674152374e-02
9.135899133980274200e-03
1.425042897462844849e-01
1.929808706045150757e-01
3.299486264586448669e-02
3.718224354088306427e-03
5.219902470707893372e-02
2.371768653392791748e-02
3.115885257720947266e-01
4.094710573554039001e-02
4.198205843567848206e-02
0.000000000000000000e+00
0.000000000000000000e+00
1.726783961057662964e-01
1.091744065284729004e+00
2.950967252254486084e-01
9.817046672105789185e-02
2.178906351327896118e-01
8.363350033760070801e-01
2.655887603759765625e-02
2.636933326721191406e+00
0.000000000000000000e+00
1.638181060552597046e-01
0.000000000000000000e+00
5.430167317390441895e-01
0.000000000000000000e+00
3.013938292860984802e-02
2.222707308828830719e-02
7.098313421010971069e-02
5.189737677574157715e-01
1.051523685455322266e+00
6.260216832160949707e-01
3.312829434871673584e-01
1.898288965225219727e+00
1.852895691990852356e-02
7.849222421646118164e-02
4.603527545928955078e+00
2.010848224163055420e-01
3.444382548332214355e-01
1.028420686721801758e+00
1.203944254666566849e-02
1.491502225399017334e-01
1.674103178083896637e-02
2.879493534564971924e-01
5.507423281669616699e-01
1.999829523265361786e-02
9.609297662973403931e-02
1.833223998546600342e-01
4.507205262780189514e-02
3.226347863674163818e-01
3.881926238536834717e-01
0.000000000000000000e+00
3.767297789454460144e-02
1.325576424598693848e+00
2.288123369216918945e+00
1.673719882965087891e-01
4.420219659805297852e-01
6.289348006248474121e-01
7.647390365600585938e-01
0.000000000000000000e+00
4.272012233734130859e+00
4.159975051879882812e-02
7.271095514297485352e-01
1.458250880241394043e-01
7.392329722642898560e-02
0.000000000000000000e+00
2.353075444698333740e-01
1.876770285889506340e-03
5.264126062393188477e-01
2.985224127769470215e-01
4.942310042679309845e-03
1.422597885131835938e+00
4.569098353385925293e-02
1.497912406921386719e+00
0.000000000000000000e+00
1.167177796363830566e+00
6.066402196884155273e-01
0.000000000000000000e+00
0.000000000000000000e+00
2.385900169610977173e-02
3.094850666821002960e-02
1.191830992698669434e+00
4.128846526145935059e-02
4.984872817993164062e+00
3.207538723945617676e-01
7.615469098091125488e-01
3.016523644328117371e-02
1.037475839257240295e-01
1.320863723754882812e+00
2.512896299362182617e+00
6.177627295255661011e-02
1.482007205486297607e-01
3.797354921698570251e-02
3.527202308177947998e-01
2.650344744324684143e-03
2.632749974727630615e-01
9.623422473669052124e-02
5.210156440734863281e-01
3.159099340438842773e+00
3.278363347053527832e-01
1.160726882517337799e-02
1.619943827390670776e-01
9.206597208976745605e-01
3.993989527225494385e-01
8.098179101943969727e-02
3.735445737838745117e-01
6.947816610336303711e-01
6.603641808032989502e-02
5.796182751655578613e-01
2.341743558645248413e-01
4.291375577449798584e-01
2.749154530465602875e-02
1.285999119281768799e-01
0.000000000000000000e+00
4.936335608363151550e-02
2.589474245905876160e-02
7.721865773200988770e-01
3.926998078823089600e-01
1.442967176437377930e+00
4.907388612627983093e-02
0.000000000000000000e+00
1.662814021110534668e-01
1.541465967893600464e-01
6.104868277907371521e-02
0.000000000000000000e+00
6.373539566993713379e-01
3.374070823192596436e-01
0.000000000000000000e+00
3.629063814878463745e-02
5.190152525901794434e-01
3.917610645294189453e-01
1.075189188122749329e-01
6.723935604095458984e-01
9.824491143226623535e-01
2.598436772823333740e-01
0.000000000000000000e+00
2.237211912870407104e-01
0.000000000000000000e+00
2.443309277296066284e-01
6.394200772047042847e-02
0.000000000000000000e+00
1.737730801105499268e-01
1.191926002502441406e+00
3.821401000022888184e-01
2.481352090835571289e-01
5.771679282188415527e-01
1.590397596359252930e+00
1.359652161598205566e+00
1.930819749832153320e-01
1.317133665084838867e+00
5.009886249899864197e-02
7.021130919456481934e-01
1.378358751535415649e-01
2.566391527652740479e-01
7.948577404022216797e-01
7.382636517286300659e-02
1.495787739753723145e+00
3.960565924644470215e-01
1.124422430992126465e+00
2.181429564952850342e-01
1.053177472203969955e-02
7.878139019012451172e-01
9.047258496284484863e-01
1.113920565694570541e-02
2.004545927047729492e-01
0.000000000000000000e+00
1.836387515068054199e-01
2.280384302139282227e+00
1.647392213344573975e-01
1.775067090988159180e+00
0.000000000000000000e+00
5.952916741371154785e-01
5.088610053062438965e-01
9.032822400331497192e-02
0.000000000000000000e+00
0.000000000000000000e+00
8.303568512201309204e-02
5.123521089553833008e-01
1.178104132413864136e-01
8.106483221054077148e-01
1.257024407386779785e-01
4.987299740314483643e-01
1.177393496036529541e-01
4.355694353580474854e-02
2.271933248266577721e-03
0.000000000000000000e+00
4.216368496417999268e-01
0.000000000000000000e+00
1.552140712738037109e-01
2.143856883049011230e-02
7.597755789756774902e-01
8.937668204307556152e-01
6.661024689674377441e-02
1.641811132431030273e-01
0.000000000000000000e+00
4.602464288473129272e-02
4.293779730796813965e-01
8.586949110031127930e-02
2.234938859939575195e+00
4.699232056736946106e-02
0.000000000000000000e+00
9.142986685037612915e-02
6.884513497352600098e-01
1.890468955039978027e+00
1.771257817745208740e-01
5.770560741424560547e+00
3.054114878177642822e-01
2.898406237363815308e-02
0.000000000000000000e+00
1.847116835415363312e-02
0.000000000000000000e+00
3.748105093836784363e-02
4.106208682060241699e-02
1.644921153783798218e-01
5.427695512771606445e-01
0.000000000000000000e+00
3.700132668018341064e-02
5.101059675216674805e-01
1.237612813711166382e-01
1.965504527091979980e+00
0.000000000000000000e+00
3.258527489379048347e-03
1.707893908023834229e-01
1.776091575622558594e+00
0.000000000000000000e+00
6.773910671472549438e-02
1.588924646377563477e+00
1.359949260950088501e-02
2.031695097684860229e-02
0.000000000000000000e+00
7.904669642448425293e-02
0.000000000000000000e+00
1.681971073150634766e+00
1.875443607568740845e-01
7.334667444229125977e-02
0.000000000000000000e+00
1.990431174635887146e-02
1.776355385780334473e+00
6.248582601547241211e-01
1.384006619453430176e+00
2.248496375977993011e-02
1.566476672887802124e-01
7.124567031860351562e-01
1.197464019060134888e-02
1.075595021247863770e+00
0.000000000000000000e+00
4.982075467705726624e-02
0.000000000000000000e+00
3.999115824699401855e-01
4.097178950905799866e-02
0.000000000000000000e+00
2.294681221246719360e-02
2.036411046981811523e+00
4.354525730013847351e-02
1.305104643106460571e-01
2.995846793055534363e-02
0.000000000000000000e+00
1.229587290436029434e-02
3.230393305420875549e-02
7.802419364452362061e-02
5.732758045196533203e-01
5.497503280639648438e-02
7.832310199737548828e-01
1.696455359458923340e+00
0.000000000000000000e+00
2.819888591766357422e+00
0.000000000000000000e+00
1.732116490602493286e-01
0.000000000000000000e+00
1.622791402041912079e-02
8.603638410568237305e-01
3.976232185959815979e-02
1.937270462512969971e-01
9.610385298728942871e-01
0.000000000000000000e+00
0.000000000000000000e+00
4.146180748939514160e-01
0.000000000000000000e+00
0.000000000000000000e+00
2.012738958001136780e-02
1.860287738963961601e-03
3.778394311666488647e-02
1.145271897315979004e+00
1.138844251632690430e+00
5.388116836547851562e-02
1.376992315053939819e-01
5.155469775199890137e-01
0.000000000000000000e+00
0.000000000000000000e+00
3.882762491703033447e-01
9.291915893554687500e-01
1.130306601524353027e+00
2.858026884496212006e-03
1.540025472640991211e+00
1.689023897051811218e-02
1.118033472448587418e-02
3.101445967331528664e-03
4.689995199441909790e-03
3.229705989360809326e-02
1.346659660339355469e-02
0.000000000000000000e+00
0.000000000000000000e+00
6.857777014374732971e-03
8.694151788949966431e-02
0.000000000000000000e+00
2.053491353988647461e+00
1.070735305547714233e-01
0.000000000000000000e+00
9.103701710700988770e-01
2.192997634410858154e-01
1.751048922538757324e+00
5.438174586743116379e-03
2.813090197741985321e-02
2.063490916043519974e-03
6.518699526786804199e-01
3.818860650062561035e-01
4.777189791202545166e-01
4.456052184104919434e-01
2.983619272708892822e-02
6.975922267884016037e-03
1.379395484924316406e+00
1.236847043037414551e+00
0.000000000000000000e+00
0.000000000000000000e+00
2.255748771131038666e-02
3.442174196243286133e-01
3.442260622978210449e-01
1.573623903095722198e-02
8.828740119934082031e-01
0.000000000000000000e+00
3.404952213168144226e-02
1.635040789842605591e-01
3.871875703334808350e-01
1.549547072499990463e-02
1.233088493347167969e+00
0.000000000000000000e+00
1.173373609781265259e-01
2.972132563591003418e-01
8.755718171596527100e-02
3.277559876441955566e-01
8.712919354438781738e-01
1.260462403297424316e+00
2.050552815198898315e-01
1.735293120145797729e-02
0.000000000000000000e+00
3.297976255416870117e-01
1.760409586131572723e-02
5.847039222717285156e-01
5.749233961105346680e-01
2.138237953186035156e+00
9.775018692016601562e-02
0.000000000000000000e+00
1.287990689277648926e+00
2.466198682785034180e+00
0.000000000000000000e+00
4.779456853866577148e-01
6.888628005981445312e-01
4.290409013628959656e-02
3.268502280116081238e-02
4.496327638626098633e-01
1.323890537023544312e-01
7.563272714614868164e-01
2.925355136394500732e-01
5.740318298339843750e-01
1.030530452728271484e+00
4.444567561149597168e-01
2.340893298387527466e-01
0.000000000000000000e+00
1.173256635665893555e+00
6.735780835151672363e-01
2.123444974422454834e-01
1.191975921392440796e-01
0.000000000000000000e+00
1.273859024047851562e+00
0.000000000000000000e+00
1.172593012452125549e-01
2.501473203301429749e-02
2.458713762462139130e-02
1.813144236803054810e-01
2.079752385616302490e-01
0.000000000000000000e+00
1.218634024262428284e-01
0.000000000000000000e+00
4.505340754985809326e-01
1.250056922435760498e-01
1.225217729806900024e-01
0.000000000000000000e+00
2.621546983718872070e-01
8.108498156070709229e-02
1.618387922644615173e-02
7.072386145591735840e-02
0.000000000000000000e+00
4.999566450715065002e-02
9.425809979438781738e-01
3.692005276679992676e-01
6.141253747045993805e-03
1.234323382377624512e-01
5.566661357879638672e-01
1.251444313675165176e-02
3.569498658180236816e-01
0.000000000000000000e+00
6.905403733253479004e-01
2.442206293344497681e-01
2.635712623596191406e-01
9.762105345726013184e-01
7.337788939476013184e-01
2.367024660110473633e+00
0.000000000000000000e+00
1.204961445182561874e-02
3.581184446811676025e-01
4.519363492727279663e-02
9.364071488380432129e-02
2.355752229690551758e+00
9.965133070945739746e-01
2.555606365203857422e-01
0.000000000000000000e+00
6.036852020770311356e-03
1.688030809164047241e-01
1.096879243850708008e+00
1.219014406204223633e+00
3.037877082824707031e-01
7.307863831520080566e-01
3.414941951632499695e-02
9.215190410614013672e-01
4.391137883067131042e-02
5.487279891967773438e-01
1.799595832824707031e+00
8.674000948667526245e-02
0.000000000000000000e+00
1.450219392776489258e+00
8.938947319984436035e-01
5.709125399589538574e-01
0.000000000000000000e+00
9.744536131620407104e-03
1.393037941306829453e-02
1.107659339904785156e+00
0.000000000000000000e+00
3.032609447836875916e-02
5.762517452239990234e-01
1.466086655855178833e-01
2.456716075539588928e-02
7.786417752504348755e-02
3.326731324195861816e-01
1.780258119106292725e-01
2.502724528312683105e-01
1.537640243768692017e-01
4.104960337281227112e-02
2.849877811968326569e-02
1.652707338333129883e+00
0.000000000000000000e+00
7.083162069320678711e-01
2.531063556671142578e-01
1.299303650856018066e+00
7.620104402303695679e-02
1.481612086296081543e+00
4.285408183932304382e-02
7.299883663654327393e-02
2.890686132013797760e-02
0.000000000000000000e+00
2.068521082401275635e-02
8.975860662758350372e-03
2.415474504232406616e-02
3.399142920970916748e-01
2.490569092333316803e-02
9.213684201240539551e-01
7.563701272010803223e-02
3.028067350387573242e-01
8.877297659637406468e-05
0.000000000000000000e+00
1.197661161422729492e+00
1.290289033204317093e-02
3.266441226005554199e-01
0.000000000000000000e+00
0.000000000000000000e+00
9.972065687179565430e-01
7.455556392669677734e-01
1.546786278486251831e-01
5.936272814869880676e-02
1.423347741365432739e-01
5.311930775642395020e-01
3.791595697402954102e-01
2.564527094364166260e-01
2.996258437633514404e-01
1.006856858730316162e-01
1.408020406961441040e-02
5.636090040206909180e-01
3.785312473773956299e-01
1.398277759552001953e+00
1.699335277080535889e-01
1.051136970520019531e+00
2.948192358016967773e-01
4.203651249408721924e-01
0.000000000000000000e+00
5.215945243835449219e-01
4.565432071685791016e-01
5.601826310157775879e-01
1.963835395872592926e-02
5.732598900794982910e-01
5.381802469491958618e-02
1.300757676362991333e-01
4.826924204826354980e-01
1.932782083749771118e-01
2.413929849863052368e-01
1.201912045478820801e+00
1.158866643905639648e+00
4.699424654245376587e-02
1.425015926361083984e+00
7.800117731094360352e-01
8.061285018920898438e-01
4.559012949466705322e-01
7.935762405395507812e-02
1.032435148954391479e-01
8.974760174751281738e-01
2.596310973167419434e-01
0.000000000000000000e+00
2.236370183527469635e-02
0.000000000000000000e+00
1.703608632087707520e-01
0.000000000000000000e+00
1.997431218624114990e-01
7.061688601970672607e-02
5.214905366301536560e-02
3.409221172332763672e-01
2.385754436254501343e-01
2.006612718105316162e-01
7.618751376867294312e-02
8.857415616512298584e-02
5.586345195770263672e-01
3.994299173355102539e-01
2.316063968464732170e-03
3.899385035037994385e-01
5.531734824180603027e-01
1.457073450088500977e+00
1.106383442878723145e+00
2.753345012664794922e+00
3.542397916316986084e-01
1.280599925667047501e-02
7.379264235496520996e-01
1.505498290061950684e-01
3.006871342658996582e-01
0.000000000000000000e+00
1.356638193130493164e+00
1.527830064296722412e-01
0.000000000000000000e+00
3.585466742515563965e-01
6.510117053985595703e-01
1.794393509626388550e-01
6.259920448064804077e-02
1.512933254241943359e+00
0.000000000000000000e+00
5.798215866088867188e+00
2.683034241199493408e-01
6.251083612442016602e-01
4.484056234359741211e-01
1.037411168217658997e-01
2.492137402296066284e-01
0.000000000000000000e+00
7.742215394973754883e-01
1.002939194440841675e-01
1.736031323671340942e-01
1.266925875097513199e-02
4.480758309364318848e-01
1.665394902229309082e-01
3.844057321548461914e+00
7.002237439155578613e-01
2.857175841927528381e-02
1.221640333533287048e-01
1.669244915246963501e-01
5.520649254322052002e-02
1.941214442253112793e+00
0.000000000000000000e+00
7.796951383352279663e-02
5.439284443855285645e-02
0.000000000000000000e+00
1.682858347892761230e+00
0.000000000000000000e+00
0.000000000000000000e+00
9.909743070602416992e-02
2.603018879890441895e-01
5.150968581438064575e-02
1.408348828554153442e-01
2.258730493485927582e-02
2.082789503037929535e-02
3.525181114673614502e-02
1.449435949325561523e+00
1.507836461067199707e+00
3.391657769680023193e-01
2.840936183929443359e-03
1.235316753387451172e+00
0.000000000000000000e+00
1.214372664690017700e-01
0.000000000000000000e+00
0.000000000000000000e+00
7.854013442993164062e-01
0.000000000000000000e+00
2.373657941818237305e+00
5.718716382980346680e-01
1.629234194755554199e+00
2.768314070999622345e-02
5.825613159686326981e-03
2.117584705352783203e+00
0.000000000000000000e+00
0.000000000000000000e+00
1.008300185203552246e+00
4.466696083545684814e-01
1.607162058353424072e-01
1.207124963402748108e-01
1.091667450964450836e-02
4.752432182431221008e-02
0.000000000000000000e+00
3.815958499908447266e+00
3.913228213787078857e-02
8.955978602170944214e-02
3.276607692241668701e-01
2.075047940015792847e-01
1.382603287696838379e+00
2.177298069000244141e-01
9.359354525804519653e-02
1.221985295414924622e-01
1.303294450044631958e-01
5.456381291151046753e-02
3.550777733325958252e-01
5.490651130676269531e-01
8.689606189727783203e-02
9.519894719123840332e-01
3.602971434593200684e-01
5.927971839904785156e+00
0.000000000000000000e+00
0.000000000000000000e+00
1.612560033798217773e+00
3.243055045604705811e-01
0.000000000000000000e+00
1.301029086112976074e+00
1.038009524345397949e+00
8.227764815092086792e-02
0.000000000000000000e+00
8.532232046127319336e-02
9.019573032855987549e-02
9.214629232883453369e-02
5.212826728820800781e-01
1.163325667381286621e+00
8.214041590690612793e-02
0.000000000000000000e+00
5.497080087661743164e-01
1.806087344884872437e-01
1.977423429489135742e+00
3.808190822601318359e-01
1.045614760369062424e-02
1.719042360782623291e-01
0.000000000000000000e+00
2.323818802833557129e-01
3.751346468925476074e-02
2.078290939331054688e+00
2.819778919219970703e-01
0.000000000000000000e+00
0.000000000000000000e+00
7.168733477592468262e-01
2.787680365145206451e-02
1.972589045763015747e-01
0.000000000000000000e+00
2.101361989974975586e+00
7.864307612180709839e-02
1.363838016986846924e-01
0.000000000000000000e+00
0.000000000000000000e+00
4.675284028053283691e-01
6.495691537857055664e-01
8.840695023536682129e-02
0.000000000000000000e+00
0.000000000000000000e+00
6.121301651000976562e-01
1.127347573637962341e-01
7.235884666442871094e-01
1.562839001417160034e-01
6.530020833015441895e-01
0.000000000000000000e+00
2.113429069519042969e+00
8.089266419410705566e-01
0.000000000000000000e+00
1.539875119924545288e-01
1.789057374000549316e+00
0.000000000000000000e+00
1.712381541728973389e-01
2.163195610046386719e-02
4.261464476585388184e-01
6.470559537410736084e-02
1.863830909132957458e-02
0.000000000000000000e+00
2.863540947437286377e-01
5.397787094116210938e-01
9.451126456260681152e-01
5.542619824409484863e-01
1.797117143869400024e-01
2.514653280377388000e-02
4.570728242397308350e-01
9.322473406791687012e-01
9.317407011985778809e-02
1.695154905319213867e+00
3.328359842300415039e+00
4.359802603721618652e-02
1.224796753376722336e-02
8.754152059555053711e-02
3.143848896026611328e+00
1.879882812500000000e+00
8.346615433692932129e-01
2.809455245733261108e-02
1.563954204320907593e-01
1.173978209495544434e+00
4.551388025283813477e-01
0.000000000000000000e+00
2.634780645370483398e+00
6.158930659294128418e-01
1.987670212984085083e-01
1.579798161983489990e-01
2.629535496234893799e-01
5.792549848556518555e-01
2.827024161815643311e-01
3.061303310096263885e-02
1.097449362277984619e-01
1.061116009950637817e-01
2.575811445713043213e-01
9.487274289131164551e-01
3.379635885357856750e-02
0.000000000000000000e+00
2.502263784408569336e+00
0.000000000000000000e+00
1.110236123204231262e-01
2.109183557331562042e-02
9.153520464897155762e-01
3.356986045837402344e-01
3.270553946495056152e-01
8.732624351978302002e-02
0.000000000000000000e+00
3.227455914020538330e-02
6.359742581844329834e-02
7.215192317962646484e-01
1.452148258686065674e-01
1.596011519432067871e-01
9.269006550312042236e-02
4.452545046806335449e-01
1.128406897187232971e-01
4.087814688682556152e-01
0.000000000000000000e+00
1.092646867036819458e-01
2.142565138638019562e-02
1.821785420179367065e-01
5.723716616630554199e-01
3.623633086681365967e-02
8.213385939598083496e-01
0.000000000000000000e+00
4.925706982612609863e-02
1.500744462013244629e+00
2.844069898128509521e-01
0.000000000000000000e+00
9.327775239944458008e-02
2.790077686309814453e+00
1.456574082374572754e+00
2.893743991851806641e+00
9.664393067359924316e-01
0.000000000000000000e+00
1.731237411499023438e+00
6.219317913055419922e-01
2.851158194243907928e-02
2.712044119834899902e-02
1.178305745124816895e+00
5.081641077995300293e-01
8.539649657905101776e-03
4.060163795948028564e-01
2.343202084302902222e-01
1.969539821147918701e-01
0.000000000000000000e+00
0.000000000000000000e+00
4.637373387813568115e-01
7.628358155488967896e-02
2.372547090053558350e-01
0.000000000000000000e+00
2.259372472763061523e-01
9.024200029671192169e-03
3.964501917362213135e-01
1.399680972099304199e+00
1.625865101814270020e-01
3.379710018634796143e-02
1.067902445793151855e+00
1.654726117849349976e-01
7.224675267934799194e-02
4.914381504058837891e+00
1.591182313859462738e-02
0.000000000000000000e+00
3.699510991573333740e-01
2.853340804576873779e-01
5.036714673042297363e-01
9.440553188323974609e-02
5.942829325795173645e-02
7.460418939590454102e-01
1.293222457170486450e-01
0.000000000000000000e+00
0.000000000000000000e+00
0.000000000000000000e+00
0.000000000000000000e+00
3.991806507110595703e-01
4.074159264564514160e-01
1.188389137387275696e-01
3.687878549098968506e-01
0.000000000000000000e+00
4.117834195494651794e-02
5.383830145001411438e-02
5.235315322875976562e+00
3.575674295425415039e+00
2.547175645828247070e+00
4.298541545867919922e-01
1.957971453666687012e-01
7.620831131935119629e-01
2.615412771701812744e-01
1.221317410469055176e+00
7.778473496437072754e-01
6.287385225296020508e-01
2.206220626831054688e-01
8.676344901323318481e-02
9.096404314041137695e-01
9.827208518981933594e-01
3.684376776218414307e-01
1.967444896697998047e+00
0.000000000000000000e+00
3.398500978946685791e-01
5.915721505880355835e-02
3.500688374042510986e-01
2.427166849374771118e-01
1.578623615205287933e-02
1.340637326240539551e+00
1.193071305751800537e-01
2.648946046829223633e-01
1.716187000274658203e-01
8.058377355337142944e-02
0.000000000000000000e+00
2.094573020935058594e+00
1.795682162046432495e-01
1.596681177616119385e-01
5.047292634844779968e-02
3.230982720851898193e-01
0.000000000000000000e+00
1.147659718990325928e-01
4.965202417224645615e-03
1.188443541526794434e+00
3.078711777925491333e-02
4.672705009579658508e-02
7.227676361799240112e-02
4.513306915760040283e-01
1.871599443256855011e-02
0.000000000000000000e+00
9.075686335563659668e-02
1.205043196678161621e+00
0.000000000000000000e+00
4.875240623950958252e-01
3.870332241058349609e-01
8.103178814053535461e-03
0.000000000000000000e+00
1.473307371139526367e+00
9.880070686340332031e-01
1.711373217403888702e-02
4.330974221229553223e-01
0.000000000000000000e+00
7.441844344139099121e-01
0.000000000000000000e+00
1.182307898998260498e-01
1.554179936647415161e-02
2.816312611103057861e-01
2.923520803451538086e-01
0.000000000000000000e+00
6.252380609512329102e-01
3.486907109618186951e-02
1.232049316167831421e-01
9.647009521722793579e-02
5.381606221199035645e-01
9.906867146492004395e-01
3.785401955246925354e-02
1.015675440430641174e-01
7.263526320457458496e-01
4.344010949134826660e-01
2.841890752315521240e-01
1.449005007743835449e-01
2.265946753323078156e-02
1.020745262503623962e-01
1.286237686872482300e-01
6.238794326782226562e-01
6.292320787906646729e-02
1.356016695499420166e-01
2.387547343969345093e-01
0.000000000000000000e+00
9.799757599830627441e-02
1.320460531860589981e-02
1.947590410709381104e-01
2.341603487730026245e-01
1.442106366157531738e-01
1.391910910606384277e+00
1.303749158978462219e-02
0.000000000000000000e+00
9.434235095977783203e-01
3.909724950790405273e-02
1.341286540031433105e+00
6.681351065635681152e-01
9.190616011619567871e-02
8.890592455863952637e-01
1.509258151054382324e-01
8.008947372436523438e-01
0.000000000000000000e+00
7.762756198644638062e-02
3.638503551483154297e-01
8.136958479881286621e-01
2.226367712020874023e+00
2.987620532512664795e-01
4.157552421092987061e-01
1.566147446632385254e+00
1.208206534385681152e+00
0.000000000000000000e+00
2.470179200172424316e-01
6.812991499900817871e-01
2.938141822814941406e-01
3.830876648426055908e-01
6.420483589172363281e-01
2.613466978073120117e-01
7.879575714468955994e-03
1.967117667198181152e+00
0.000000000000000000e+00
2.964652776718139648e-01
0.000000000000000000e+00
1.172801628708839417e-01
2.234209030866622925e-01
1.207031369209289551e+00
5.207460522651672363e-01
0.000000000000000000e+00
0.000000000000000000e+00
1.231122645549476147e-03
9.097423404455184937e-02
5.194618105888366699e-01
9.829907417297363281e-01
9.301102161407470703e-01
2.133089900016784668e-01
6.798643618822097778e-02
4.247425496578216553e-01
8.796764165163040161e-02
2.228074371814727783e-01
5.378548428416252136e-02
4.933382272720336914e-01
8.617932200431823730e-01
8.033820427954196930e-03
1.489339629188179970e-03
7.455940358340740204e-03
1.430510401725769043e+00
5.218960577622056007e-04
0.000000000000000000e+00
1.547954045236110687e-02
4.423175007104873657e-02
5.020458698272705078e-01
1.952027201652526855e+00
2.702071964740753174e-01
2.058069407939910889e-01
1.827804446220397949e-01
5.063924789428710938e-01
5.060685873031616211e-01
1.960009038448333740e-01
0.000000000000000000e+00
4.283458292484283447e-01
6.192011833190917969e-01
0.000000000000000000e+00
4.579606652259826660e-01
5.898227095603942871e-01
5.192106962203979492e-02
0.000000000000000000e+00
1.652868650853633881e-02
1.365378737449645996e+00
8.141956292092800140e-03
2.035798788070678711e+00
1.875168681144714355e-01
2.000397294759750366e-01
1.753777861595153809e-01
0.000000000000000000e+00
4.506719484925270081e-02
3.264776617288589478e-02
1.309774875640869141e+00
1.020132154226303101e-01
4.418366551399230957e-01
5.712544173002243042e-02
3.472266346216201782e-02
7.683013081550598145e-01
5.081940293312072754e-01
3.384964466094970703e-01
4.738974571228027344e-02
5.960208829492330551e-03
1.112308382987976074e+00
0.000000000000000000e+00
2.176910161972045898e+00
4.515886008739471436e-01
5.397253036499023438e-01
1.114455938339233398e+00
1.001265883445739746e+00
4.690013825893402100e-01
2.590733468532562256e-01
9.973996877670288086e-02
0.000000000000000000e+00
6.451534479856491089e-02
5.500946193933486938e-02
0.000000000000000000e+00
4.292927086353302002e-01
1.055260933935642242e-02
7.819929122924804688e-01
1.900139600038528442e-01
7.287423014640808105e-01
0.000000000000000000e+00
2.758899331092834473e-01
5.484340246766805649e-03
0.000000000000000000e+00
1.147605419158935547e+00
7.709897756576538086e-01
1.146591305732727051e+00
0.000000000000000000e+00
2.218744903802871704e-02
9.342362284660339355e-01
1.734212040901184082e-01
0.000000000000000000e+00
9.830234199762344360e-02
2.660284936428070068e-01
4.113831743597984314e-02
4.737034440040588379e-02
2.767963521182537079e-02
1.687911152839660645e-01
5.890778079628944397e-02
1.761153340339660645e-02
3.803529441356658936e-01
8.220203220844268799e-02
1.571401581168174744e-02
3.651827573776245117e-01
2.818707525730133057e-01
1.834198646247386932e-02
6.961668133735656738e-01
5.553236007690429688e-01
7.039255579002201557e-04
8.934199810028076172e-01
4.883663654327392578e-01
8.087521791458129883e-02
6.357061117887496948e-02
4.593342244625091553e-01
0.000000000000000000e+00
4.950223956257104874e-03
2.124051094055175781e+00
0.000000000000000000e+00
0.000000000000000000e+00
9.658849798142910004e-03
4.974303841590881348e-01
2.498737812042236328e+00
6.730075110681355000e-04
3.992097377777099609e-01
0.000000000000000000e+00
4.378680288791656494e-01
1.672827452421188354e-01
1.681635081768035889e-01
1.354849219322204590e+00
6.403220295906066895e-01
1.093150734901428223e+00
1.518589705228805542e-01
7.632450580596923828e+00
4.436897277832031250e+00
3.631421327590942383e-01
2.292363205924630165e-03
1.815214008092880249e-02
2.191765069961547852e+00
1.527196764945983887e-01
5.121086835861206055e-01
4.044092595577239990e-01
0.000000000000000000e+00
1.392548441886901855e+00
5.370851606130599976e-02
5.480028986930847168e-01
7.009786367416381836e-01
3.813614249229431152e-01
1.882110536098480225e-01
6.688933074474334717e-02
8.139664679765701294e-02
1.454914957284927368e-01
7.603003978729248047e-01
1.260950207710266113e+00
8.299060463905334473e-01
2.338689118623733521e-01
1.832963377237319946e-01
1.117526441812515259e-01
2.022464573383331299e-02
5.350300669670104980e-01
6.130129098892211914e-02
1.657910227775573730e+00
0.000000000000000000e+00
4.408655762672424316e-01
1.043232917785644531e+00
9.929192066192626953e-01
1.225431323051452637e+00
1.700128465890884399e-01
0.000000000000000000e+00
2.520264983177185059e-01
1.208435773849487305e+00
2.394995186477899551e-03
2.701744437217712402e-01
0.000000000000000000e+00
6.961605697870254517e-02
6.169196367263793945e-01
0.000000000000000000e+00
7.181810140609741211e-01
5.086235404014587402e-01
0.000000000000000000e+00
0.000000000000000000e+00
1.354578137397766113e-01
5.011565983295440674e-02
4.036227706819772720e-03
1.271146982908248901e-01
2.099872529506683350e-01
7.154281735420227051e-01
7.056787014007568359e+00
4.385881125926971436e-01
1.432383358478546143e-01
1.257122785318642855e-04
3.632304072380065918e-01
3.362594405189156532e-03
4.113234207034111023e-02
4.768362268805503845e-03
1.300913572311401367e+00
2.461375951766967773e+00
2.808425948023796082e-02
4.034956455230712891e+00
2.193721532821655273e-01
5.446243286132812500e-01
7.484381087124347687e-03
1.818895936012268066e-01
1.137809380888938904e-01
1.130090728402137756e-01
1.099513769149780273e-01
1.578626632690429688e+00
1.563389778137207031e+00
3.444719687104225159e-02
2.771207392215728760e-01
6.211749911308288574e-01
3.511665761470794678e-02
1.601173281669616699e-01
8.169051259756088257e-02
2.825068533420562744e-01
3.359414339065551758e-01
3.226218223571777344e-01
2.363055050373077393e-01
3.189950883388519287e-01
1.623497128486633301e+00
5.219211578369140625e-01
2.233802318572998047e+00
4.783160686492919922e-01
0.000000000000000000e+00
5.551131367683410645e-01
2.858164310455322266e+00
8.896370232105255127e-02
4.664640724658966064e-01
3.741891622543334961e+00
2.595705687999725342e-01
5.207245349884033203e-01
1.573761701583862305e-01
7.797012478113174438e-02
9.066314250230789185e-02
1.860661387443542480e+00
8.500931411981582642e-02
1.002125218510627747e-01
6.179813742637634277e-01
1.499574303627014160e+00
2.577890641987323761e-02
1.538320183753967285e-01
7.879614830017089844e-03
1.895170062780380249e-01
3.534860014915466309e-01
1.667913864366710186e-03
1.640487462282180786e-01
0.000000000000000000e+00
2.867382526397705078e+00
1.990328550338745117e+00
2.708354890346527100e-01
6.345278024673461914e-01
3.204917907714843750e-01
0.000000000000000000e+00
1.462174504995346069e-01
1.264652013778686523e-01
2.101249694824218750e-01
2.071752548217773438e-01
4.116749167442321777e-01
0.000000000000000000e+00
1.239849403500556946e-01
8.232577443122863770e-01
0.000000000000000000e+00
1.981859058141708374e-01
1.269766539335250854e-01
1.069563627243041992e-01
2.475730657577514648e+00
1.501930654048919678e-01
2.315983921289443970e-02
2.077228724956512451e-01
2.462758272886276245e-01
1.081712767481803894e-01
1.215643167495727539e+00
0.000000000000000000e+00
0.000000000000000000e+00
1.923893690109252930e-01
0.000000000000000000e+00
3.266025185585021973e-01
0.000000000000000000e+00
4.307351410388946533e-01
5.603421330451965332e-01
1.296513825654983521e-01
1.078512519598007202e-01
1.205585718154907227e+00
5.079231858253479004e-01
6.112414002418518066e-01
8.707431703805923462e-02
2.547243237495422363e-01
5.708670988678932190e-02
0.000000000000000000e+00
3.371364772319793701e-01
3.683629631996154785e-02
0.000000000000000000e+00
5.808881949633359909e-03
2.154206633567810059e-01
5.563588142395019531e-01
1.289770364761352539e+00
2.668281551450490952e-03
0.000000000000000000e+00
1.366349160671234131e-01
3.027724623680114746e-01
2.236510068178176880e-01
1.417937222868204117e-02
1.258199930191040039e+00
1.060148179531097412e-01
5.304083600640296936e-02
2.764799892902374268e-01
0.000000000000000000e+00
1.196072809398174286e-02
6.131709218025207520e-01
1.588056981563568115e-01
1.259028632193803787e-02
3.262495622038841248e-03
1.722296178340911865e-01
