1.097145155072212219e-01
1.414818912744522095e-01
1.358254849910736084e-01
1.224999070167541504e+00
1.853217370808124542e-02
3.722530007362365723e-01
2.766167521476745605e-01
0.000000000000000000e+00
1.498110771179199219e+00
4.525787830352783203e+00
3.774081543087959290e-02
4.932909458875656128e-02
2.603164911270141602e-01
0.000000000000000000e+00
1.279155850410461426e+00
7.735599875450134277e-01
3.018422722816467285e-01
1.051544398069381714e-02
0.000000000000000000e+00
1.375628262758255005e-01
5.721578001976013184e-02
1.623586118221282959e-01
1.678120493888854980e-01
3.540366142988204956e-02
1.632466554641723633e+00
3.033813647925853729e-02
0.000000000000000000e+00
2.492764145135879517e-01
0.000000000000000000e+00
0.000000000000000000e+00
0.000000000000000000e+00
0.000000000000000000e+00
0.000000000000000000e+00
3.782005310058593750e-01
0.000000000000000000e+00
2.145202755928039551e-01
1.254304498434066772e-01
5.234982967376708984e-01
3.282098174095153809e-01
4.068693816661834717e-01
0.000000000000000000e+00
4.232034832239151001e-02
2.762000635266304016e-02
1.325609087944030762e-01
4.274926148355007172e-03
1.073414161801338196e-01
2.213637828826904297e-01
1.666625961661338806e-02
4.510152041912078857e-01
3.700458109378814697e-01
0.000000000000000000e+00
1.085436344146728516e+00
1.007784307003021240e-01
4.025674164295196533e-01
2.267749421298503876e-02
2.394660860300064087e-01
0.000000000000000000e+00
0.000000000000000000e+00
2.950602956116199493e-02
2.585268812254071236e-03
3.133788347244262695e+00
1.707388274371623993e-02
1.577500551939010620e-01
9.011901915073394775e-03
3.703872561454772949e-01
1.384460926055908203e+00
6.156053766608238220e-02
4.038301110267639160e-02
2.495981985703110695e-03
2.530520223081111908e-02
1.781876981258392334e-01
3.505513429641723633e+00
1.995028257369995117e-01
2.370869927108287811e-02
1.640211208723485470e-03
4.584856629371643066e-01
1.669568568468093872e-01
1.372689753770828247e-01
0.000000000000000000e+00
1.395117640495300293e-01
1.570833444595336914e+00
7.969331741333007812e-02
0.000000000000000000e+00
3.929791226983070374e-02
7.758407294750213623e-02
1.776778511703014374e-02
4.039797186851501465e-02
2.925797700881958008e-01
0.000000000000000000e+00
2.344600260257720947e-01
1.891576051712036133e-01
5.616293549537658691e-01
1.729955524206161499e-02
0.000000000000000000e+00
0.000000000000000000e+00
0.000000000000000000e+00
8.526004105806350708e-02
1.798382520675659180e+00
2.009197175502777100e-01
1.179381489753723145e+00
0.000000000000000000e+00
9.998372197151184082e-01
1.530241727828979492e+00
1.562390625476837158e-01
6.528298556804656982e-02
1.746295392513275146e-01
0.000000000000000000e+00
0.000000000000000000e+00
0.000000000000000000e+00
3.099816441535949707e-01
2.692167758941650391e-01
8.667736649513244629e-01
1.350950747728347778e-01
1.385010957717895508e+00
8.007159456610679626e-03
1.128518208861351013e-01
4.760095477104187012e-02
2.700695395469665527e-02
8.186326920986175537e-02
6.835377216339111328e-02
1.160531267523765564e-01
8.547612428665161133e-01
2.576022446155548096e-01
2.032876759767532349e-02
1.501138925552368164e+00
0.000000000000000000e+00
5.295792222023010254e-01
3.290284797549247742e-02
0.000000000000000000e+00
1.168665364384651184e-01
1.731366634368896484e+00
5.379687547683715820e-01
4.422620534896850586e-01
2.532229423522949219e-01
5.970048904418945312e-02
6.598182371817529202e-04
1.884357817471027374e-02
1.935284771025180817e-02
1.622930407524108887e+00
2.688402123749256134e-02
1.010272622108459473e+00
0.000000000000000000e+00
2.677606046199798584e-01
1.401931047439575195e-01
9.228667616844177246e-02
6.013226229697465897e-03
1.624585390090942383e+00
0.000000000000000000e+00
3.424465656280517578e-01
9.105583280324935913e-02
8.697335422039031982e-02
1.421697586774826050e-01
1.035617315210402012e-03
1.106665953993797302e-01
1.619780212640762329e-01
1.428920659236609936e-04
3.763212636113166809e-02
1.702366590499877930e+00
3.234755620360374451e-02
3.542126119136810303e-01
0.000000000000000000e+00
3.321828246116638184e-01
1.122104376554489136e-01
4.319503903388977051e-02
7.137384265661239624e-02
2.580299079418182373e-01
8.176863193511962891e-03
6.101676449179649353e-02
9.465751647949218750e-01
6.442844867706298828e-02
2.479665279388427734e-01
1.872445084154605865e-02
1.762522220611572266e+00
3.117951005697250366e-02
5.417082086205482483e-02
1.535449177026748657e-01
0.000000000000000000e+00
7.736019045114517212e-02
0.000000000000000000e+00
2.106626927852630615e-01
1.152561157941818237e-01
6.748877465724945068e-03
1.484061330556869507e-01
1.935331374406814575e-01
0.000000000000000000e+00
7.308712601661682129e-01
9.626875072717666626e-02
4.031214714050292969e-01
3.292540609836578369e-01
1.343856006860733032e-01
1.255756150931119919e-02
1.430696696043014526e-01
1.342960074543952942e-02
2.417448461055755615e-01
0.000000000000000000e+00
4.110146462917327881e-01
1.762482374906539917e-01
2.767027914524078369e-01
5.496290978044271469e-03
4.680626392364501953e-01
1.273598670959472656e+00
9.068339318037033081e-02
1.460533291101455688e-01
0.000000000000000000e+00
7.053700089454650879e-02
6.138081550598144531e-01
2.101235650479793549e-02
1.050315499305725098e+00
0.000000000000000000e+00
1.719486713409423828e-01
0.000000000000000000e+00
8.110450953245162964e-02
1.437797844409942627e-01
7.486115396022796631e-02
8.952451869845390320e-03
0.000000000000000000e+00
1.776688396930694580e-01
6.682579517364501953e-01
7.688789069652557373e-02
6.868124008178710938e-02
4.830487370491027832e-01
1.296272315084934235e-02
1.237347602844238281e+00
1.792769879102706909e-01
0.000000000000000000e+00
3.076529204845428467e-01
4.494319111108779907e-02
5.907307267189025879e-01
2.007307261228561401e-01
9.768050163984298706e-02
0.000000000000000000e+00
2.169007211923599243e-01
2.644620418548583984e+00
4.696112591773271561e-03
9.626505896449089050e-03
5.146906897425651550e-02
0.000000000000000000e+00
6.028003618121147156e-02
6.560428440570831299e-02
4.217268433421850204e-03
1.246553263626992702e-03
0.000000000000000000e+00
3.840779885649681091e-03
2.579311847686767578e+00
7.781199365854263306e-02
5.406032875180244446e-02
8.624134957790374756e-02
1.588004827499389648e-01
6.141572073101997375e-02
3.850555419921875000e-01
7.163769751787185669e-02
4.363541901111602783e-01
3.206394147127866745e-03
1.140771284699440002e-01
1.319326311349868774e-01
1.062838658690452576e-01
2.793641947209835052e-02
0.000000000000000000e+00
1.034083291888237000e-01
9.914493560791015625e-02
1.041119918227195740e-02
2.865050733089447021e-01
4.823691248893737793e-01
1.179622635245323181e-01
4.995152354240417480e-01
1.227875724434852600e-01
7.214150428771972656e-01
2.213670015335083008e-01
2.373393774032592773e-01
3.502996683120727539e+00
1.780330836772918701e-01
6.352439522743225098e-02
7.648623548448085785e-03
4.803714528679847717e-02
4.168423116207122803e-01
2.913195610046386719e+00
4.905812144279479980e-01
1.150888875126838684e-01
4.364927709102630615e-01
0.000000000000000000e+00
9.461054205894470215e-02
1.918665021657943726e-01
4.876872524619102478e-02
1.958167739212512970e-02
2.741962969303131104e-01
1.064203381538391113e+00
1.764110103249549866e-02
3.435902297496795654e-02
1.337704360485076904e-01
2.183644771575927734e-01
1.082798242568969727e-01
1.401027798652648926e+00
8.140441179275512695e-01
1.717567592859268188e-01
6.099218875169754028e-02
3.497303128242492676e-01
1.032006889581680298e-01
1.135293692350387573e-01
6.591516733169555664e-02
6.715849041938781738e-02
1.204275786876678467e-01
3.493283987045288086e-01
1.113100945949554443e-01
1.197952702641487122e-01
1.155048385262489319e-01
2.653543055057525635e-01
6.674075722694396973e-01
2.157312393188476562e+00
6.626139581203460693e-02
4.891317188739776611e-01
3.103968501091003418e-01
9.745877981185913086e-02
1.051281318068504333e-01
4.179667681455612183e-03
3.176897764205932617e-01
3.065192513167858124e-02
2.182457208633422852e+00
1.026671286672353745e-02
4.678041636943817139e-01
8.984567523002624512e-01
1.358484178781509399e-01
0.000000000000000000e+00
5.903208851814270020e-01
1.125456765294075012e-01
2.398900873959064484e-02
3.101595863699913025e-02
0.000000000000000000e+00
7.374634500592947006e-03
5.441610142588615417e-02
2.999127507209777832e-01
1.892937719821929932e-02
1.004204273223876953e+00
8.513625711202621460e-02
4.515692293643951416e-01
1.869980812072753906e+00
3.283578529953956604e-02
1.508196741342544556e-01
5.025312677025794983e-02
1.759497821331024170e-01
3.703929781913757324e-01
5.751543641090393066e-01
1.037980020046234131e-01
1.735654100775718689e-02
1.041493341326713562e-01
6.881035119295120239e-02
4.074522107839584351e-02
0.000000000000000000e+00
3.219965994358062744e-01
2.052603363990783691e-01
0.000000000000000000e+00
0.000000000000000000e+00
2.101400680840015411e-02
2.337790578603744507e-01
3.998419642448425293e-01
1.701933592557907104e-01
0.000000000000000000e+00
2.286139875650405884e-02
2.199013158679008484e-02
0.000000000000000000e+00
5.581231117248535156e-01
0.000000000000000000e+00
1.416243463754653931e-01
0.000000000000000000e+00
1.234324723482131958e-01
0.000000000000000000e+00
3.988784179091453552e-02
2.739118635654449463e-01
2.785771526396274567e-02
7.290258258581161499e-02
1.350433528423309326e-01
1.097607851028442383e+00
1.377227902412414551e-01
8.428374305367469788e-03
5.492400527000427246e-01
6.644248217344284058e-02
3.186317682266235352e-01
0.000000000000000000e+00
0.000000000000000000e+00
7.036607861518859863e-01
7.318273419514298439e-04
1.072401165962219238e+00
3.467179834842681885e-01
8.553454279899597168e-02
8.921260386705398560e-02
3.359646201133728027e-01
6.044415012001991272e-02
1.443451642990112305e-01
0.000000000000000000e+00
6.227862834930419922e-01
1.709613800048828125e-01
9.913448691368103027e-01
3.265411853790283203e-01
9.072435088455677032e-03
0.000000000000000000e+00
2.735628485679626465e-01
1.234842300415039062e+00
5.518588423728942871e-01
8.430674076080322266e-01
5.912300944328308105e-02
8.234298229217529297e-02
1.152903512120246887e-01
4.687876254320144653e-02
1.763063520193099976e-01
2.069590806961059570e+00
0.000000000000000000e+00
1.659128963947296143e-01
1.227665878832340240e-02
1.354422926902770996e+00
1.301674246788024902e+00
0.000000000000000000e+00
4.735857248306274414e-01
4.856899008154869080e-02
3.219540715217590332e-01
5.361130461096763611e-02
7.537204027175903320e-01
2.260186672210693359e-01
1.878720074892044067e-01
2.903535962104797363e-02
3.139015138149261475e-01
7.086263298988342285e-01
0.000000000000000000e+00
2.065528035163879395e-01
1.525149494409561157e-01
2.470525503158569336e-01
5.862801671028137207e-01
1.250037312507629395e+00
3.955389022827148438e+00
1.259878575801849365e-01
1.179067611694335938e+00
1.671397209167480469e+00
1.997921347618103027e+00
7.970724254846572876e-02
0.000000000000000000e+00
8.644919395446777344e-01
0.000000000000000000e+00
7.677844911813735962e-02
1.602816209197044373e-02
2.371267229318618774e-01
7.755871862173080444e-02
4.581870883703231812e-02
3.858663737773895264e-01
0.000000000000000000e+00
6.327719241380691528e-02
1.770560592412948608e-01
2.767909765243530273e-01
1.908527314662933350e-01
2.840290591120719910e-02
0.000000000000000000e+00
4.378180503845214844e-01
0.000000000000000000e+00
2.685747146606445312e-01
1.339331418275833130e-01
1.481720507144927979e-01
1.145790338516235352e+00
1.047407463192939758e-01
5.500312447547912598e-01
5.550277605652809143e-02
2.710981369018554688e-01
5.069704651832580566e-01
5.031285285949707031e-01
0.000000000000000000e+00
1.411433368921279907e-01
9.286997914314270020e-01
1.089223325252532959e-01
1.447401285171508789e+00
3.973567485809326172e-01
7.722699642181396484e-02
1.542621850967407227e-01
1.910994946956634521e-02
9.612316489219665527e-01
8.256879448890686035e-02
3.934597969055175781e+00
3.815964162349700928e-01
3.069915771484375000e-01
1.201962232589721680e-01
2.720568478107452393e-01
2.915818430483341217e-02
8.661737293004989624e-02
2.946894168853759766e+00
2.025927752256393433e-01
0.000000000000000000e+00
0.000000000000000000e+00
3.914618492126464844e-01
4.216804504394531250e-01
3.965713262557983398e+00
1.362357586622238159e-01
2.473054639995098114e-02
9.496881365776062012e-01
1.726673692464828491e-01
0.000000000000000000e+00
0.000000000000000000e+00
1.370427012443542480e-01
2.260127663612365723e-02
1.010228693485260010e-02
2.726992666721343994e-01
4.566094577312469482e-01
9.041149914264678955e-02
1.331364512443542480e+00
8.256534487009048462e-02
2.955034732818603516e+00
1.702159643173217773e-01
0.000000000000000000e+00
0.000000000000000000e+00
1.087809503078460693e-01
1.643865466117858887e+00
5.745034292340278625e-02
4.801847040653228760e-01
0.000000000000000000e+00
4.676513671875000000e-01
2.619446069002151489e-02
1.595333367586135864e-01
5.776238441467285156e-01
8.965606987476348877e-02
2.725617289543151855e-01
3.893703818321228027e-01
1.413044147193431854e-02
1.638142824172973633e+00
4.126689732074737549e-01
1.356049031019210815e-01
0.000000000000000000e+00
0.000000000000000000e+00
5.048358440399169922e-01
3.978098556399345398e-02
5.058848857879638672e+00
3.056684217881411314e-04
2.550375699996948242e+00
3.787271911278367043e-03
3.805158436298370361e-01
1.933726817369461060e-01
2.411823421716690063e-01
9.719667583703994751e-02
4.317849874496459961e-01
2.071649730205535889e-01
8.476817607879638672e-02
1.514899730682373047e+00
2.324055880308151245e-01
7.451300323009490967e-02
5.538737028837203979e-02
0.000000000000000000e+00
1.824033737182617188e+00
0.000000000000000000e+00
3.978278115391731262e-02
0.000000000000000000e+00
0.000000000000000000e+00
0.000000000000000000e+00
2.505958080291748047e-01
2.818895339965820312e+00
2.731342613697052002e-01
5.800739675760269165e-02
0.000000000000000000e+00
0.000000000000000000e+00
4.376453906297683716e-02
2.870577014982700348e-02
2.235628813505172729e-01
1.214756369590759277e-01
1.949091255664825439e-02
2.127788029611110687e-02
0.000000000000000000e+00
1.325556915253400803e-02
0.000000000000000000e+00
3.996443375945091248e-02
7.164698094129562378e-02
8.246170729398727417e-02
9.764304757118225098e-02
5.256689619272947311e-04
3.532149195671081543e-01
1.685723848640918732e-02
9.651237726211547852e-02
0.000000000000000000e+00
2.143651843070983887e-01
1.738454997539520264e-01
3.363049775362014771e-02
1.079662203788757324e+00
6.490892171859741211e-01
6.024425029754638672e-01
4.902593791484832764e-01
3.803628385066986084e-01
1.451610475778579712e-01
1.182589009404182434e-01
2.288491427898406982e-01
2.483360841870307922e-02
0.000000000000000000e+00
2.492375485599040985e-02
2.610788308084011078e-02
2.018918283283710480e-02
2.024163722991943359e+00
2.686920203268527985e-02
4.413011968135833740e-01
1.122226476669311523e+00
6.471894215792417526e-03
1.148925781250000000e+00
1.971537470817565918e-01
8.096525818109512329e-02
0.000000000000000000e+00
1.024193242192268372e-01
7.620728015899658203e-01
1.078971177339553833e-01
7.418759465217590332e-01
9.514024853706359863e-01
2.691977620124816895e-01
3.739565312862396240e-01
9.637597203254699707e-02
1.218119170516729355e-03
3.949789285659790039e+00
1.549808681011199951e-02
0.000000000000000000e+00
9.421528875827789307e-02
9.319017641246318817e-03
1.127283051609992981e-01
6.418218463659286499e-02
1.354382932186126709e-01
1.978515684604644775e-01
5.987815931439399719e-02
6.810993701219558716e-02
1.685404926538467407e-01
1.732389926910400391e-01
5.951318740844726562e-01
1.215212717652320862e-01
2.519364356994628906e+00
2.109606981277465820e+00
2.282096892595291138e-01
1.827446743845939636e-02
0.000000000000000000e+00
0.000000000000000000e+00
4.947006702423095703e-01
5.916015803813934326e-02
3.352302312850952148e-01
1.281736791133880615e-02
6.364228203892707825e-03
4.699128568172454834e-01
1.544313192367553711e+00
3.062522038817405701e-03
6.169935464859008789e-01
0.000000000000000000e+00
6.725993752479553223e-02
5.291957780718803406e-02
1.502175629138946533e-01
2.588741248473525047e-03
1.047328263521194458e-01
6.784391123801469803e-03
2.832261659204959869e-02
1.136780261993408203e+00
4.162177085876464844e+00
2.164020389318466187e-02
4.049151420593261719e+00
6.377170234918594360e-02
2.665368840098381042e-02
8.570522069931030273e-02
3.183598220348358154e-01
2.576712369918823242e-01
3.095724582672119141e-01
0.000000000000000000e+00
1.401192784309387207e+00
8.288686275482177734e-01
0.000000000000000000e+00
1.221465393900871277e-01
3.262151479721069336e-01
2.876219749450683594e-01
1.803459674119949341e-01
1.930509805679321289e+00
3.395420551300048828e+00
1.413369029760360718e-01
1.626062512397766113e+00
9.836763143539428711e-02
4.747702479362487793e-01
1.204766184091567993e-01
2.369318902492523193e-02
7.211492955684661865e-02
1.389429271221160889e-01
1.990337669849395752e-02
1.871188580989837646e-01
3.895753026008605957e-01
0.000000000000000000e+00
9.289846420288085938e-01
4.974947273731231689e-01
9.864855557680130005e-03
2.217177867889404297e+00
1.138126570731401443e-02
1.554875727742910385e-02
0.000000000000000000e+00
2.631101310253143311e-01
3.099205438047647476e-03
2.276387661695480347e-01
4.427827298641204834e-01
1.411980241537094116e-01
4.086790233850479126e-02
9.218224287033081055e-01
2.703623846173286438e-02
9.132074192166328430e-03
1.438017338514328003e-01
9.987093806266784668e-01
6.242120638489723206e-03
0.000000000000000000e+00
7.179544568061828613e-01
0.000000000000000000e+00
0.000000000000000000e+00
1.032117307186126709e-01
0.000000000000000000e+00
1.721535772085189819e-01
3.441181182861328125e-01
2.745748758316040039e+00
2.188598215579986572e-01
3.358178734779357910e-01
4.897716268897056580e-02
2.536095976829528809e-01
4.480014368891716003e-02
1.635608077049255371e-02
8.509082254022359848e-04
2.395001202821731567e-01
2.136813700199127197e-01
0.000000000000000000e+00
2.642202079296112061e-01
3.849686309695243835e-02
2.849285304546356201e-01
3.220645710825920105e-02
1.896375045180320740e-02
6.508702784776687622e-02
2.600581943988800049e-01
2.997937500476837158e-01
2.998129464685916901e-02
0.000000000000000000e+00
1.711564809083938599e-01
0.000000000000000000e+00
6.640138477087020874e-02
2.376375913619995117e+00
2.872378565371036530e-02
4.469210505485534668e-01
1.739684194326400757e-01
8.037821203470230103e-02
7.717883586883544922e-02
6.994339823722839355e-02
2.317886799573898315e-01
8.560091257095336914e-01
2.797136902809143066e-01
7.851445078849792480e-01
5.660871043801307678e-02
0.000000000000000000e+00
1.352134943008422852e-01
3.650042116641998291e-01
8.612535893917083740e-03
2.702490329742431641e+00
6.857303529977798462e-02
4.025032743811607361e-02
1.610739231109619141e-01
2.568387389183044434e-01
0.000000000000000000e+00
2.142289653420448303e-02
1.692852258682250977e+00
1.370875909924507141e-02
1.460283279418945312e+00
2.559379935264587402e-01
5.315631031990051270e-01
1.401207149028778076e-01
2.376410923898220062e-02
3.592242952436208725e-03
7.430155277252197266e-01
1.415071189403533936e-01
2.089937031269073486e-01
2.892682552337646484e+00
1.099146485328674316e+00
0.000000000000000000e+00
1.255728363990783691e+00
1.243958994746208191e-01
1.427071094512939453e-01
4.012939929962158203e-01
3.137519210577011108e-02
0.000000000000000000e+00
1.883221119642257690e-01
8.340665102005004883e-01
7.123156785964965820e-01
5.625003576278686523e-02
9.594000875949859619e-03
9.777789115905761719e-01
1.057192921638488770e+00
1.225862279534339905e-01
4.541970416903495789e-02
1.662641018629074097e-01
0.000000000000000000e+00
6.916983723640441895e-01
1.672810502350330353e-02
7.922194898128509521e-02
1.381038069725036621e+00
9.058864414691925049e-02
3.570452630519866943e-01
4.323136508464813232e-01
3.685593232512474060e-02
2.601418793201446533e-01
6.954809427261352539e-01
4.518206417560577393e-02
2.616663694381713867e+00
6.836270689964294434e-01
1.331770271062850952e-01
1.014904975891113281e+00
2.981350570917129517e-02
0.000000000000000000e+00
1.236752033233642578e+00
2.179581969976425171e-01
4.785715788602828979e-02
1.461683213710784912e-01
2.682093977928161621e-01
3.329220116138458252e-01
4.427254199981689453e-01
1.929173827171325684e+00
0.000000000000000000e+00
1.176213547587394714e-01
2.697825431823730469e-01
0.000000000000000000e+00
2.938791513442993164e-01
6.545981019735336304e-02
4.229430854320526123e-02
6.976732015609741211e-01
2.951405476778745651e-03
5.830840673297643661e-03
3.135895729064941406e-02
1.564632519148290157e-03
0.000000000000000000e+00
1.140247732400894165e-01
1.089028716087341309e-01
1.820382475852966309e-01
0.000000000000000000e+00
2.306565642356872559e-02
2.194579318165779114e-02
3.092892281711101532e-02
1.077599748969078064e-01
1.959233777597546577e-03
4.856983199715614319e-03
0.000000000000000000e+00
1.091131474822759628e-02
8.854800462722778320e-02
7.873622179031372070e-01
0.000000000000000000e+00
6.281295418739318848e-02
7.373533397912979126e-02
1.398559361696243286e-01
1.012773752212524414e+00
1.353232413530349731e-01
2.223735749721527100e-01
3.016148507595062256e-01
4.841810837388038635e-02
2.601906061172485352e-01
3.949068859219551086e-02
1.258380413055419922e+00
1.045874953269958496e-01
0.000000000000000000e+00
2.386364387348294258e-03
2.037827074527740479e-01
3.000902831554412842e-01
1.751586198806762695e-01
6.168648600578308105e-01
6.949890404939651489e-03
6.369846314191818237e-02
0.000000000000000000e+00
3.049198389053344727e-01
5.420096516609191895e-01
0.000000000000000000e+00
4.099439382553100586e-01
4.299678504467010498e-01
0.000000000000000000e+00
2.785982489585876465e-01
0.000000000000000000e+00
1.292774733155965805e-02
0.000000000000000000e+00
1.594534993171691895e+00
6.572552323341369629e-01
0.000000000000000000e+00
2.178033292293548584e-01
1.124360505491495132e-02
0.000000000000000000e+00
3.149873316287994385e-01
5.752565860748291016e-01
1.335655748844146729e-01
1.425836980342864990e-01
1.100876450538635254e+00
7.733935713768005371e-01
8.778282254934310913e-02
1.030422896146774292e-01
5.441895872354507446e-02
2.059040777385234833e-02
1.558852940797805786e-01
2.712968289852142334e-01
1.344812065362930298e-01
1.271453797817230225e-01
1.340604573488235474e-01
6.082881242036819458e-02
1.033069968223571777e+00
4.111290872097015381e-01
1.894058734178543091e-01
4.504995048046112061e-01
2.760106086730957031e+00
5.523357987403869629e-01
5.961751937866210938e-01
1.389632970094680786e-01
9.656736254692077637e-01
1.595719903707504272e-02
3.404109776020050049e-01
3.848825022578239441e-02
8.183379173278808594e-01
1.002484679222106934e+00
3.508858680725097656e-01
2.226291000843048096e-01
4.666746854782104492e-01
1.326320916414260864e-01
3.797489777207374573e-02
4.770154505968093872e-02
2.346085160970687866e-01
9.181942939758300781e-01
7.718229293823242188e-01
1.448565125465393066e+00
5.713650584220886230e-02
2.186609664931893349e-03
2.289933152496814728e-02
0.000000000000000000e+00
4.505223631858825684e-01
0.000000000000000000e+00
2.198395505547523499e-02
6.279397010803222656e-02
0.000000000000000000e+00
2.449196763336658478e-02
2.723098397254943848e-01
5.905241966247558594e-01
0.000000000000000000e+00
3.450163900852203369e-01
5.366617441177368164e-02
1.624933183193206787e-01
1.691188365221023560e-01
4.129923880100250244e-01
2.331645965576171875e+00
7.417111843824386597e-02
3.740384578704833984e-01
1.177352014929056168e-02
2.294968962669372559e-01
0.000000000000000000e+00
1.360069364309310913e-01
0.000000000000000000e+00
3.774149417877197266e+00
2.525285817682743073e-02
4.097014199942350388e-03
1.273759603500366211e-01
4.426582530140876770e-02
1.880246959626674652e-02
1.878059208393096924e-01
1.781433582305908203e+00
0.000000000000000000e+00
4.697121679782867432e-03
3.777494281530380249e-02
2.309124022722244263e-01
4.784941673278808594e-02
1.904370784759521484e-01
3.336476981639862061e-01
3.303652107715606689e-01
1.897493451833724976e-01
1.529595851898193359e+00
0.000000000000000000e+00
3.496703132987022400e-02
1.615476161241531372e-01
1.419731378555297852e-01
7.147649675607681274e-02
1.238657832145690918e-01
0.000000000000000000e+00
4.933395385742187500e-01
5.925718545913696289e-01
2.654087543487548828e-01
8.277234435081481934e-02
0.000000000000000000e+00
5.223287269473075867e-02
5.830067396163940430e-01
0.000000000000000000e+00
2.435535490512847900e-01
2.543756008148193359e+00
8.704936504364013672e-02
8.922749161720275879e-01
1.277888715267181396e-01
0.000000000000000000e+00
2.572109103202819824e-01
3.205928578972816467e-02
0.000000000000000000e+00
6.358877420425415039e-01
2.562045753002166748e-01
0.000000000000000000e+00
3.075895272195339203e-02
1.970330476760864258e-01
4.133929252624511719e+00
0.000000000000000000e+00
1.137530282139778137e-01
1.005226448178291321e-01
0.000000000000000000e+00
2.039459645748138428e-01
2.687991596758365631e-02
1.017609015107154846e-01
3.174779191613197327e-02
1.800519347190856934e+00
2.025864124298095703e-01
1.751316785812377930e-01
1.081437319517135620e-01
8.293066024780273438e-01
2.102943882346153259e-02
3.145352602005004883e-01
1.129836738109588623e-01
0.000000000000000000e+00
2.592384219169616699e-01
5.575938150286674500e-02
4.978127032518386841e-02
0.000000000000000000e+00
0.000000000000000000e+00
3.287514150142669678e-01
5.317279696464538574e-02
7.827687263488769531e-02
4.431998729705810547e-01
0.000000000000000000e+00
1.340640187263488770e+00
5.981985479593276978e-02
3.665378391742706299e-01
0.000000000000000000e+00
3.617646545171737671e-02
1.993072152137756348e+00
8.567960932850837708e-03
6.926307082176208496e-01
1.186079978942871094e-01
4.949733912944793701e-01
8.651030808687210083e-02
4.958284087479114532e-03
7.554158568382263184e-01
5.070584826171398163e-03
5.840154737234115601e-02
1.963323056697845459e-01
1.614269614219665527e-01
1.826354674994945526e-02
7.748723775148391724e-02
2.579510688781738281e+00
1.307694673538208008e+00
3.423791229724884033e-01
0.000000000000000000e+00
2.236115783452987671e-01
1.734262891113758087e-02
6.084101740270853043e-03
1.580027118325233459e-02
1.261579152196645737e-02
1.514418143779039383e-02
6.578532978892326355e-03
4.523622617125511169e-02
0.000000000000000000e+00
1.843629926443099976e-01
1.165324002504348755e-01
1.276600956916809082e-01
0.000000000000000000e+00
0.000000000000000000e+00
1.065835207700729370e-01
4.233742058277130127e-01
1.482938528060913086e-01
1.581355452537536621e+00
2.968272194266319275e-02
4.293614998459815979e-02
1.189352273941040039e+00
0.000000000000000000e+00
3.726969063282012939e-01
0.000000000000000000e+00
2.000671625137329102e-01
3.373242318630218506e-01
8.415731601417064667e-03
1.225998392328619957e-03
2.248043715953826904e-01
2.534438669681549072e-02
7.942836731672286987e-02
3.265142142772674561e-01
1.945735812187194824e-01
1.397855579853057861e-01
1.624872386455535889e-01
0.000000000000000000e+00
1.189656183123588562e-02
2.728774785995483398e+00
2.066081762313842773e-01
5.777150392532348633e-01
1.509080648422241211e+00
4.110413491725921631e-01
8.446647524833679199e-01
5.293141007423400879e-01
3.824871182441711426e-01
6.883795559406280518e-02
2.887597799301147461e+00
1.173948198556900024e-01
0.000000000000000000e+00
9.952075779438018799e-03
0.000000000000000000e+00
6.523206084966659546e-02
9.113720734603703022e-04
8.876568675041198730e-01
0.000000000000000000e+00
7.804746180772781372e-02
2.708686888217926025e-01
2.470523305237293243e-02
3.768175542354583740e-01
0.000000000000000000e+00
0.000000000000000000e+00
3.823072612285614014e-01
1.336737126111984253e-01
1.281631588935852051e-01
1.184448823332786560e-01
2.461049854755401611e-01
4.900238215923309326e-01
8.392243385314941406e-01
2.286100864410400391e+00
7.818523049354553223e-02
2.267923355102539062e-01
1.283833980560302734e-01
7.564282417297363281e-02
4.040625691413879395e-01
1.064749807119369507e-01
2.234097868204116821e-01
8.295901864767074585e-02
1.939352154731750488e-01
3.559462130069732666e-01
2.086872048676013947e-02
0.000000000000000000e+00
2.149337530136108398e-01
1.566057920455932617e+00
1.562784910202026367e-01
2.444183379411697388e-01
1.489409953355789185e-01
1.445311009883880615e-01
0.000000000000000000e+00
3.212526142597198486e-01
4.008115455508232117e-02
2.116307765245437622e-01
2.368443608283996582e-01
1.615717649459838867e+00
2.774755656719207764e-01
2.173239886760711670e-01
4.342481028288602829e-03
0.000000000000000000e+00
4.049323499202728271e-02
2.490908145904541016e+00
4.299418330192565918e-01
2.072195559740066528e-01
1.522603183984756470e-01
1.941976070404052734e+00
2.526782155036926270e-01
6.058456897735595703e-01
2.595579385757446289e+00
7.720646858215332031e-01
0.000000000000000000e+00
7.686192989349365234e-01
3.104610919952392578e+00
2.653951048851013184e-01
2.135981768369674683e-01
1.778077125549316406e+00
8.813165128231048584e-02
8.935571908950805664e-01
2.562151849269866943e-01
2.524729669094085693e-01
3.489267528057098389e-01
2.316853404045104980e-01
2.185745686292648315e-01
7.942673750221729279e-03
3.609029948711395264e-02
1.452890485525131226e-01
0.000000000000000000e+00
2.201389372348785400e-01
4.016765952110290527e-02
2.573582172393798828e+00
0.000000000000000000e+00
3.277573585510253906e+00
3.538817465305328369e-01
3.991646170616149902e-01
3.865059018135070801e-01
2.846647500991821289e-01
8.606966137886047363e-01
2.653172314167022705e-01
1.067371606826782227e+00
2.106011509895324707e-01
8.870019763708114624e-02
1.876792125403881073e-02
4.864956736564636230e-01
6.555630266666412354e-02
5.808626413345336914e-01
1.120625883340835571e-01
9.377820533700287342e-04
2.510205507278442383e-01
2.977403402328491211e-01
0.000000000000000000e+00
1.951875090599060059e-01
3.833516240119934082e-01
6.033137440681457520e-02
8.640589714050292969e-01
2.715460062026977539e-01
1.123204901814460754e-01
0.000000000000000000e+00
0.000000000000000000e+00
1.071873009204864502e-01
1.576790660619735718e-01
1.018445380032062531e-02
4.670301079750061035e-01
7.357046753168106079e-02
3.311658278107643127e-02
6.893363595008850098e-02
6.772089749574661255e-02
1.199520006775856018e-01
3.240654943510890007e-03
6.024260446429252625e-02
1.197397802025079727e-02
1.523164510726928711e-01
8.290960639715194702e-02
1.244304142892360687e-02
0.000000000000000000e+00
5.909060239791870117e-01
7.612204551696777344e-01
1.733804494142532349e-01
3.914961218833923340e-02
2.865509986877441406e-01
3.621932119131088257e-03
1.065086573362350464e-01
1.818523257970809937e-01
0.000000000000000000e+00
0.000000000000000000e+00
3.200313746929168701e-01
7.425859570503234863e-02
1.023953082039952278e-03
4.681606590747833252e-01
1.315953396260738373e-02
8.221015334129333496e-01
3.331849575042724609e-01
5.550974011421203613e-01
3.038197755813598633e-01
1.177703514695167542e-01
2.426103502511978149e-02
0.000000000000000000e+00
5.013995245099067688e-02
0.000000000000000000e+00
6.589959561824798584e-02
2.126922160387039185e-01
1.308227926492691040e-01
1.148592978715896606e-01
6.514207273721694946e-02
1.168425321578979492e+00
6.158859003335237503e-03
1.780054092407226562e+00
5.605959892272949219e-02
1.526928544044494629e+00
4.650473222136497498e-02
2.740888357162475586e+00
1.781006455421447754e+00
6.076517701148986816e-02
3.649013340473175049e-01
0.000000000000000000e+00
9.065954945981502533e-03
1.584291644394397736e-02
0.000000000000000000e+00
8.204613626003265381e-02
3.427269682288169861e-02
1.967443674802780151e-01
8.735005855560302734e-01
2.498893976211547852e+00
2.755667865276336670e-01
2.082927674055099487e-01
9.335941821336746216e-02
1.029969826340675354e-01
4.568660259246826172e-01
3.053242899477481842e-02
3.437254190444946289e+00
0.000000000000000000e+00
5.618794560432434082e-01
0.000000000000000000e+00
7.819761037826538086e-01
4.482251405715942383e-02
4.622052423655986786e-03
1.493315305560827255e-02
1.573127210140228271e-01
1.152290590107440948e-02
0.000000000000000000e+00
9.501823037862777710e-02
0.000000000000000000e+00
2.495162338018417358e-01
7.847904413938522339e-02
0.000000000000000000e+00
4.618936777114868164e-02
8.582306504249572754e-01
2.212545156478881836e+00
2.587671279907226562e-01
3.070886805653572083e-02
2.896543741226196289e-01
0.000000000000000000e+00
0.000000000000000000e+00
1.493154317140579224e-01
8.920326828956604004e-03
5.417302846908569336e-01
8.427342772483825684e-02
2.372718155384063721e-01
0.000000000000000000e+00
5.166103839874267578e-01
7.565462589263916016e-01
1.338521540164947510e-01
2.658213078975677490e-01
8.409223705530166626e-02
2.534529566764831543e-01
1.512574311345815659e-02
1.009193360805511475e-01
3.235242366790771484e-01
5.356931090354919434e-01
1.765815913677215576e-01
6.152590274810791016e+00
1.879309820651542395e-05
2.258701622486114502e-02
6.964340806007385254e-02
3.029739856719970703e-01
1.576018482446670532e-01
1.420634146779775620e-02
0.000000000000000000e+00
3.414673805236816406e-01
1.265894472599029541e-01
1.020801782608032227e+00
1.031284630298614502e-01
1.155394911766052246e-01
1.355088353157043457e-01
2.947197556495666504e-01
3.566635251045227051e-01
0.000000000000000000e+00
7.036280818283557892e-03
1.480376869440078735e-01
2.557612419128417969e+00
2.012825757265090942e-02
3.306526243686676025e-01
2.395003661513328552e-02
6.032116413116455078e-01
2.942166030406951904e-01
9.847409278154373169e-02
1.428841799497604370e-01
1.189151108264923096e-01
1.702331662178039551e+00
0.000000000000000000e+00
6.321979314088821411e-02
0.000000000000000000e+00
2.073270827531814575e-01
5.610750988125801086e-02
0.000000000000000000e+00
4.966060444712638855e-02
0.000000000000000000e+00
8.040349483489990234e-01
4.669069778174161911e-03
1.508653908967971802e-01
8.240631967782974243e-02
2.918179333209991455e-02
0.000000000000000000e+00
4.157160222530364990e-01
1.018917188048362732e-03
4.637822210788726807e-01
3.251852840185165405e-02
1.352736592292785645e+00
1.627364195883274078e-02
3.452112972736358643e-01
3.981220424175262451e-01
0.000000000000000000e+00
3.367038965225219727e-01
0.000000000000000000e+00
7.853864878416061401e-02
6.986664142459630966e-03
6.918992847204208374e-02
0.000000000000000000e+00
2.302752733230590820e-01
8.481717109680175781e-01
8.961327373981475830e-02
4.491870105266571045e-02
1.774358563125133514e-02
6.737040281295776367e-01
6.850914359092712402e-01
1.945564174093306065e-03
3.903977632522583008e+00
2.291033789515495300e-02
3.666201531887054443e-01
1.902238875627517700e-01
1.661219954490661621e+00
1.471589505672454834e-01
6.703056278638541698e-04
9.978993982076644897e-02
2.116917610168457031e+00
2.897536993026733398e+00
0.000000000000000000e+00
1.350463600829243660e-03
8.857089281082153320e-01
1.580730676651000977e-01
3.391019254922866821e-02
1.079703588038682938e-02
1.812164671719074249e-02
1.614313125610351562e-01
1.558474183082580566e+00
5.355549454689025879e-01
1.477481052279472351e-02
8.429222106933593750e-01
4.696949198842048645e-02
1.756568402051925659e-01
6.784662604331970215e-02
1.541410665959119797e-02
2.866277396678924561e-01
0.000000000000000000e+00
3.800947666168212891e-01
2.452121526002883911e-01
7.077074646949768066e-01
2.890984416007995605e-01
0.000000000000000000e+00
2.688854001462459564e-02
6.207839250564575195e-01
0.000000000000000000e+00
4.742701351642608643e-02
0.000000000000000000e+00
4.923839122056961060e-02
2.734220772981643677e-02
7.407424449920654297e-01
2.278639525175094604e-01
2.505055189132690430e+00
6.749165244400501251e-03
5.888931080698966980e-02
5.146040394902229309e-02
2.460936903953552246e-01
6.986161321401596069e-02
1.704732179641723633e+00
6.176266074180603027e-01
1.039319038391113281e+00
3.672296106815338135e-01
0.000000000000000000e+00
0.000000000000000000e+00
2.029156312346458435e-03
9.123312234878540039e-01
7.270545512437820435e-02
2.312044799327850342e-01
5.567332506179809570e-01
0.000000000000000000e+00
9.370575547218322754e-01
8.704438805580139160e-02
0.000000000000000000e+00
1.920820027589797974e-01
8.474060893058776855e-02
6.206741090863943100e-04
1.177541073411703110e-02
3.621033160015940666e-03
9.510169625282287598e-01
0.000000000000000000e+00
3.096665143966674805e-01
1.304702281951904297e+00
1.798016205430030823e-02
1.846610903739929199e+00
1.302049875259399414e+00
1.268201414495706558e-02
1.504689455032348633e-01
2.637682855129241943e-01
6.402923911809921265e-02
1.678064107894897461e+00
1.175873056054115295e-01
1.420748233795166016e-02
0.000000000000000000e+00
7.062559127807617188e-01
0.000000000000000000e+00
2.708269655704498291e-01
6.999266147613525391e-02
2.740314044058322906e-02
0.000000000000000000e+00
4.473053663969039917e-02
2.008551508188247681e-01
1.022850573062896729e-01
1.108710393309593201e-01
1.104454472661018372e-01
1.137505650520324707e+00
2.460783571004867554e-01
3.316464275121688843e-02
0.000000000000000000e+00
2.771015465259552002e-02
1.086262091994285583e-01
5.657663103193044662e-03
2.330052703619003296e-01
1.214136928319931030e-02
5.683499574661254883e-02
1.814998872578144073e-02
1.246088370680809021e-01
1.377446353435516357e-01
3.648499846458435059e-01
2.456337399780750275e-02
6.738270819187164307e-02
0.000000000000000000e+00
1.289748191833496094e+00
1.895119994878768921e-02
0.000000000000000000e+00
2.917735278606414795e-02
1.526566296815872192e-01
1.352798100560903549e-02
2.004861086606979370e-02
2.933858633041381836e-01
9.014856815338134766e-01
0.000000000000000000e+00
2.285161018371582031e+00
3.186685740947723389e-01
0.000000000000000000e+00
1.316888332366943359e-01
0.000000000000000000e+00
9.961441904306411743e-02
2.108779400587081909e-01
5.160985514521598816e-02
1.466079702368006110e-04
2.194650769233703613e-01
1.714967191219329834e-01
0.000000000000000000e+00
2.498576045036315918e-01
1.372778266668319702e-01
3.315174579620361328e+00
2.141669988632202148e+00
3.567044734954833984e-01
1.162840574979782104e-01
1.254449225962162018e-02
0.000000000000000000e+00
3.818861544132232666e-01
1.052791848778724670e-01
3.491300344467163086e-01
3.990003839135169983e-02
4.683933407068252563e-02
2.981579455081373453e-04
1.667731285095214844e+00
1.624270826578140259e-01
2.040833085775375366e-01
1.336610019207000732e-01
1.554688662290573120e-01
1.181628108024597168e+00
2.621532976627349854e-01
0.000000000000000000e+00
1.667994499206542969e+00
2.177162617444992065e-01
3.726520836353302002e-01
6.961120963096618652e-01
1.152668967843055725e-01
2.904930338263511658e-02
1.784995436668395996e+00
1.772953271865844727e+00
4.389926493167877197e-01
1.212125867605209351e-01
4.210916757583618164e-01
2.168067544698715210e-02
4.908678308129310608e-02
1.270206570625305176e-01
6.079008102416992188e+00
2.560919225215911865e-01
0.000000000000000000e+00
3.859382867813110352e-01
7.506667971611022949e-01
3.630535602569580078e-01
5.549415946006774902e-01
1.418115384876728058e-02
9.527403116226196289e-02
0.000000000000000000e+00
2.601460553705692291e-02
2.558445371687412262e-02
1.903616636991500854e-01
1.047916710376739502e-01
0.000000000000000000e+00
5.042302422225475311e-03
1.777798533439636230e-01
1.867657713592052460e-02
4.499848932027816772e-02
1.684055849909782410e-02
1.819341033697128296e-01
6.443648338317871094e-01
4.711945056915283203e-01
0.000000000000000000e+00
5.552515387535095215e-01
0.000000000000000000e+00
9.894587993621826172e-01
4.661567211151123047e-01
8.761734366416931152e-01
2.877097725868225098e-01
8.996538817882537842e-03
7.433062791824340820e-01
7.173575758934020996e-01
1.137101873755455017e-01
8.278378486633300781e+00
0.000000000000000000e+00
4.834939241409301758e-01
3.579319119453430176e-01
0.000000000000000000e+00
6.625510007143020630e-02
8.916583061218261719e-01
1.089731827378273010e-01
8.102862834930419922e-01
2.399192005395889282e-01
0.000000000000000000e+00
0.000000000000000000e+00
4.476743340492248535e-01
0.000000000000000000e+00
2.763581514358520508e+00
9.863577783107757568e-02
6.591673195362091064e-02
3.786249086260795593e-02
1.484327577054500580e-02
6.494471430778503418e-02
4.335306584835052490e-01
1.182427480816841125e-01
1.147867441177368164e+00
4.759860634803771973e-01
1.748735010623931885e-01
2.742798924446105957e-01
5.115346908569335938e-01
2.094516038894653320e+00
8.281765505671501160e-03
0.000000000000000000e+00
4.015021920204162598e-01
3.950399905443191528e-02
5.190218091011047363e-01
0.000000000000000000e+00
2.523638308048248291e-01
4.827142059803009033e-01
5.814178381115198135e-03
7.605363614857196808e-03
1.402816325426101685e-01
6.880010366439819336e-01
1.019401431083679199e+00
5.363456532359123230e-02
1.992571949958801270e+00
0.000000000000000000e+00
2.251252159476280212e-02
0.000000000000000000e+00
7.896923460066318512e-03
2.462273463606834412e-02
3.889847695827484131e-01
7.610566169023513794e-02
8.420084714889526367e-01
3.272381424903869629e-02
8.535767346620559692e-02
0.000000000000000000e+00
2.120068967342376709e-01
4.488644599914550781e-01
1.976536959409713745e-02
2.529531717300415039e-01
2.126596495509147644e-02
4.840330779552459717e-01
7.529134750366210938e-01
2.957176446914672852e+00
4.806100577116012573e-02
3.468455374240875244e-02
5.727521777153015137e-01
3.582901954650878906e-01
2.831934094429016113e-01
1.367441892623901367e+00
1.152559816837310791e-01
7.539127022027969360e-03
8.975443840026855469e-01
8.216585032641887665e-03
3.488785400986671448e-02
9.473127126693725586e-02
4.098394215106964111e-01
2.867692112922668457e-01
9.799920022487640381e-02
3.093856811523437500e+00
3.376561775803565979e-02
5.148237571120262146e-02
2.754712291061878204e-02
1.007110849022865295e-01
3.941015601158142090e-01
4.068723693490028381e-02
2.480967521667480469e+00
0.000000000000000000e+00
1.566268056631088257e-01
5.639945268630981445e-01
6.105365697294473648e-03
0.000000000000000000e+00
4.190382733941078186e-02
2.456122934818267822e-01
3.766787052154541016e-01
0.000000000000000000e+00
2.111849635839462280e-01
1.298803240060806274e-01
0.000000000000000000e+00
5.233683064579963684e-02
1.067262664437294006e-01
9.113983064889907837e-02
1.091079786419868469e-02
7.012708578258752823e-03
2.419297456741333008e+00
6.453049182891845703e-01
4.542192909866571426e-04
0.000000000000000000e+00
2.777079120278358459e-02
4.638206362724304199e-01
6.478638201951980591e-02
3.024057298898696899e-02
1.500506326556205750e-02
7.660899311304092407e-02
6.994678974151611328e-01
1.183112966828048229e-03
1.355185657739639282e-01
1.508171439170837402e+00
2.662423253059387207e-01
3.744521141052246094e-01
1.348384916782379150e-01
1.139318011701107025e-02
1.276849806308746338e-01
1.099982764571905136e-02
1.248257234692573547e-01
3.473651595413684845e-03
5.340906381607055664e-01
0.000000000000000000e+00
0.000000000000000000e+00
4.137700796127319336e-02
3.365022316575050354e-02
2.676061987876892090e-01
1.749523729085922241e-01
3.592569828033447266e-01
0.000000000000000000e+00
4.497016221284866333e-02
1.165084168314933777e-02
2.344799041748046875e-01
0.000000000000000000e+00
5.562729239463806152e-01
0.000000000000000000e+00
1.381618669256567955e-03
4.127479195594787598e-01
9.850049763917922974e-02
2.165252864360809326e-01
1.023436188697814941e-01
3.332447111606597900e-01
2.438304126262664795e-01
1.156190559267997742e-01
2.832759320735931396e-01
3.458608388900756836e-01
6.748667955398559570e-01
4.190426170825958252e-01
5.079852342605590820e-01
4.888654127717018127e-02
3.980130702257156372e-02
4.019816517829895020e-01
0.000000000000000000e+00
0.000000000000000000e+00
4.981478750705718994e-01
7.328349351882934570e-01
1.453973818570375443e-03
8.331672847270965576e-02
2.405914813280105591e-01
1.883669048547744751e-01
2.314969152212142944e-02
1.489597931504249573e-02
2.514565885066986084e-01
7.878650724887847900e-02
1.637624651193618774e-01
2.969741821289062500e-02
6.329862475395202637e-01
4.190360009670257568e-01
1.263376045972108841e-02
7.299171295017004013e-03
2.347421050071716309e-01
4.046268463134765625e-01
1.213034056127071381e-02
3.082813620567321777e-01
8.322922140359878540e-02
0.000000000000000000e+00
7.188870757818222046e-02
0.000000000000000000e+00
5.214253440499305725e-03
1.032415270805358887e+00
0.000000000000000000e+00
6.653935313224792480e-01
3.281480073928833008e-01
4.426334500312805176e-01
0.000000000000000000e+00
0.000000000000000000e+00
1.060188531875610352e+00
8.452419191598892212e-02
0.000000000000000000e+00
1.969026774168014526e-01
7.791936397552490234e-02
2.094306498765945435e-01
8.320090174674987793e-02
3.984428942203521729e-02
3.132827520370483398e+00
0.000000000000000000e+00
5.212032794952392578e-01
4.310231208801269531e-01
1.169201612472534180e+00
4.627031739801168442e-03
6.566086411476135254e-01
1.146285086870193481e-01
4.536612033843994141e-01
3.058082051575183868e-02
1.218073725700378418e+00
4.075821936130523682e-01
0.000000000000000000e+00
3.385674357414245605e-01
5.466578528285026550e-02
3.611218333244323730e-01
1.740507125854492188e+00
5.266311168670654297e-01
1.799883544445037842e-01
1.078248489648103714e-02
3.324241260997951031e-04
4.775569438934326172e-01
5.295165255665779114e-02
1.286806166172027588e-01
2.476406097412109375e-01
2.770315408706665039e-01
8.934897929430007935e-02
7.054395973682403564e-02
1.773139834403991699e+00
1.802027225494384766e-01
5.722481608390808105e-01
3.560904040932655334e-02
9.379901736974716187e-02
7.578930854797363281e-01
5.575208067893981934e-01
4.490890204906463623e-01
1.441760957241058350e-01
1.963939704000949860e-02
3.952051997184753418e-01
2.185541242361068726e-01
0.000000000000000000e+00
2.444821596145629883e-01
3.095033764839172363e-02
4.593221098184585571e-02
1.740624606609344482e-01
2.768709361553192139e-01
1.713216900825500488e-01
0.000000000000000000e+00
9.661857783794403076e-02
0.000000000000000000e+00
1.728139631450176239e-02
2.051336504518985748e-02
0.000000000000000000e+00
4.271642118692398071e-02
1.316895484924316406e-01
1.251710578799247742e-02
1.326648145914077759e-01
3.902390599250793457e-01
1.502788364887237549e-01
8.845214545726776123e-02
1.876245066523551941e-02
2.298837661743164062e+00
0.000000000000000000e+00
1.673852354288101196e-01
3.402014076709747314e-02
2.219235897064208984e-01
8.086198568344116211e-01
2.990021556615829468e-02
0.000000000000000000e+00
1.668650627136230469e+00
9.218190610408782959e-02
3.733671829104423523e-02
8.323206007480621338e-02
2.229586392641067505e-01
3.059832155704498291e-01
3.962606191635131836e-03
7.885886430740356445e-01
0.000000000000000000e+00
1.344443678855895996e+00
4.717245399951934814e-01
3.626266419887542725e-01
4.587730765342712402e-01
7.114156723022460938e+00
2.323796749114990234e-01
2.712365612387657166e-02
6.671324372291564941e-02
2.136701643466949463e-01
0.000000000000000000e+00
1.766770005226135254e+00
2.453981526196002960e-02
4.108764231204986572e-02
3.683454692363739014e-01
0.000000000000000000e+00
1.676654368638992310e-01
0.000000000000000000e+00
3.585246950387954712e-02
4.362123832106590271e-02
4.118328392505645752e-01
4.487994685769081116e-02
1.402045339345932007e-01
2.572041153907775879e-01
8.535604923963546753e-02
0.000000000000000000e+00
8.196908980607986450e-03
3.879807591438293457e-01
2.132492780685424805e+00
1.785982549190521240e-01
8.566744327545166016e-01
3.733857274055480957e-01
1.785691529512405396e-01
3.804448544979095459e-01
1.730629429221153259e-02
4.870927706360816956e-02
1.295735836029052734e+00
1.036460757255554199e+00
1.753379940986633301e+00
2.002736330032348633e-01
1.990983128547668457e+00
2.034589350223541260e-01
3.053271174430847168e-01
3.467041254043579102e-02
1.089358091354370117e+00
1.398433923721313477e+00
8.126231431961059570e-01
2.471814453601837158e-01
2.943716347217559814e-01
4.084277898073196411e-03
5.554518699645996094e-01
1.055983826518058777e-01
1.778673827648162842e-01
5.481302365660667419e-02
0.000000000000000000e+00
2.706632390618324280e-02
2.881590463221073151e-02
9.390591979026794434e-01
1.383343189954757690e-01
1.055920583894476295e-04
2.470665723085403442e-01
0.000000000000000000e+00
1.117184641771018505e-03
2.800209680572152138e-03
2.270880490541458130e-01
3.810857608914375305e-02
1.334952473640441895e+00
3.010705709457397461e-01
2.053365558385848999e-01
0.000000000000000000e+00
6.628879345953464508e-03
1.073409557342529297e+00
1.313972830772399902e+00
7.841579616069793701e-02
0.000000000000000000e+00
6.604647636413574219e-02
3.895801901817321777e-01
2.198329754173755646e-02
1.609075628221035004e-02
0.000000000000000000e+00
1.036955937743186951e-01
0.000000000000000000e+00
2.311215922236442566e-02
1.131922006607055664e-02
1.456903479993343353e-02
0.000000000000000000e+00
1.554330252110958099e-02
2.169045656919479370e-01
0.000000000000000000e+00
0.000000000000000000e+00
8.363085389137268066e-01
2.839309871196746826e-01
1.088173910975456238e-01
2.768906950950622559e-01
3.826307952404022217e-01
4.380170255899429321e-02
3.872862458229064941e-01
4.904767870903015137e-02
1.412029005587100983e-02
1.291040927171707153e-01
0.000000000000000000e+00
9.034436941146850586e-01
6.426022052764892578e-01
3.525166213512420654e-02
1.517598479986190796e-01
6.224068403244018555e-01
5.155036970973014832e-02
6.197245419025421143e-02
0.000000000000000000e+00
3.687056005001068115e-01
8.160580694675445557e-02
8.846195042133331299e-02
2.280577123165130615e-01
0.000000000000000000e+00
5.669697187840938568e-03
3.804055154323577881e-01
0.000000000000000000e+00
1.202259794808924198e-03
1.900136917829513550e-01
1.604068279266357422e-01
1.895587146282196045e-01
7.693147659301757812e-01
8.741270750761032104e-02
4.568786174058914185e-02
2.601219415664672852e-01
2.422494292259216309e-01
9.651698470115661621e-01
1.689746603369712830e-02
2.329370677471160889e-01
6.526124663650989532e-03
2.344253007322549820e-03
1.951595067977905273e+00
5.736253783106803894e-02
3.619376122951507568e-01
2.504772543907165527e-01
3.190146982669830322e-01
4.407059550285339355e-01
0.000000000000000000e+00
1.975745894014835358e-02
2.105482481420040131e-02
2.095672534778714180e-03
1.567042708396911621e+00
0.000000000000000000e+00
1.897650957107543945e-01
1.419601403176784515e-02
1.136441707611083984e+00
4.897191002964973450e-02
3.333660066127777100e-01
0.000000000000000000e+00
1.562955677509307861e-01
7.205262780189514160e-02
5.940646529197692871e-01
1.906451940536499023e+00
7.363247219473123550e-03
4.294712096452713013e-02
1.408744603395462036e-01
2.826557308435440063e-02
7.294084876775741577e-02
0.000000000000000000e+00
1.482215374708175659e-01
1.411638855934143066e+00
4.213520791381597519e-03
0.000000000000000000e+00
7.403121795505285263e-03
8.876450359821319580e-02
2.603915631771087646e-01
1.058459561318159103e-02
1.018521070480346680e+00
0.000000000000000000e+00
0.000000000000000000e+00
8.342429064214229584e-03
1.100701093673706055e-02
2.252861559391021729e-01
9.402289986610412598e-03
3.365894407033920288e-02
8.205071091651916504e-02
8.102864027023315430e-02
3.466999158263206482e-03
3.074324429035186768e-01
1.485740840435028076e-01
4.239728674292564392e-02
1.798934340476989746e+00
0.000000000000000000e+00
0.000000000000000000e+00
9.118777513504028320e-02
1.162098765373229980e+00
1.469098180532455444e-01
1.144228950142860413e-01
2.894673123955726624e-02
1.869717836380004883e-01
1.176624651998281479e-02
9.283231943845748901e-02
2.688550055027008057e-01
9.883955866098403931e-02
1.351671665906906128e-01
0.000000000000000000e+00
2.637459039688110352e-01
7.134730219841003418e-01
1.121288537979125977e+00
2.208297014236450195e+00
3.278238326311111450e-02
0.000000000000000000e+00
0.000000000000000000e+00
1.198102235794067383e+00
1.381076276302337646e-01
1.142498105764389038e-01
3.479498252272605896e-02
