2.467578742653131485e-03
6.976954936981201172e-01
0.000000000000000000e+00
1.961324572563171387e+00
2.884535193443298340e-01
2.300745807588100433e-02
2.584062218666076660e-01
4.227349460124969482e-01
1.529985666275024414e+00
2.961168527603149414e+00
5.186787247657775879e-01
3.617887794971466064e-01
6.055985093116760254e-01
3.844628517981618643e-04
1.510833203792572021e-01
1.619320869445800781e+00
4.587902873754501343e-02
1.054186224937438965e-01
2.596537396311759949e-02
1.063860058784484863e+00
2.353093475103378296e-01
0.000000000000000000e+00
6.498397886753082275e-02
3.954382836818695068e-01
1.408057939261198044e-02
6.506662815809249878e-02
7.073473185300827026e-02
3.280762583017349243e-02
4.083788022398948669e-02
5.601442232728004456e-02
0.000000000000000000e+00
7.883679866790771484e-02
4.358478188514709473e-01
4.449098408222198486e-01
0.000000000000000000e+00
3.875282406806945801e-01
0.000000000000000000e+00
4.692881584167480469e+00
0.000000000000000000e+00
3.685952723026275635e-01
5.503191947937011719e-01
1.176233664155006409e-01
1.949619501829147339e-02
4.839604794979095459e-01
0.000000000000000000e+00
1.047067716717720032e-02
2.654478847980499268e-01
1.755505800247192383e-01
2.349115908145904541e-01
7.780944705009460449e-01
8.637706935405731201e-02
3.132202029228210449e-01
1.468868404626846313e-01
2.056342214345932007e-01
3.315234184265136719e-01
8.580926656723022461e-01
7.472943514585494995e-02
2.395578920841217041e-01
3.380965292453765869e-01
1.824741810560226440e-01
1.608217000961303711e+00
0.000000000000000000e+00
2.477052155882120132e-03
4.415481686592102051e-01
2.253739595413208008e+00
4.352985322475433350e-01
2.286374568939208984e-01
2.983822487294673920e-03
1.198428794741630554e-01
6.056352052837610245e-03
6.383984535932540894e-02
2.733644723892211914e+00
0.000000000000000000e+00
3.049303293228149414e-01
0.000000000000000000e+00
2.574807703495025635e-01
1.426244020462036133e+00
6.982003152370452881e-02
2.513845562934875488e-01
0.000000000000000000e+00
2.208230495452880859e+00
1.595695316791534424e-02
4.946023225784301758e-02
4.149587824940681458e-03
1.538260579109191895e+00
3.875253489241003990e-03
1.110812574625015259e-01
9.417722467333078384e-04
1.878610700368881226e-01
4.400103092193603516e-01
5.327202677726745605e-01
3.969321399927139282e-02
1.783840544521808624e-02
0.000000000000000000e+00
2.672134041786193848e-01
1.495642811059951782e-01
7.514014840126037598e-02
1.277460902929306030e-01
3.986698389053344727e-01
1.259723544120788574e+00
4.197553098201751709e-01
6.945231556892395020e-01
1.535062551498413086e+00
1.810086965560913086e+00
6.536493897438049316e-01
9.472379833459854126e-02
2.327655255794525146e-02
4.862486720085144043e-01
1.125396043062210083e-01
1.336766958236694336e+00
0.000000000000000000e+00
1.509007453918457031e+00
2.276962846517562866e-01
2.008661270141601562e+00
0.000000000000000000e+00
0.000000000000000000e+00
1.832379549741744995e-01
3.155816793441772461e-01
1.988195329904556274e-01
5.291619300842285156e-01
1.602705866098403931e-01
1.515244692564010620e-01
3.093806803226470947e-01
8.879394829273223877e-02
2.602214813232421875e-01
6.277186423540115356e-02
1.773236274719238281e+00
5.728152394294738770e-02
1.016692519187927246e-01
4.923686683177947998e-01
1.206032410264015198e-01
8.799249529838562012e-01
2.413006685674190521e-02
1.049281239509582520e+00
3.375017344951629639e-01
5.827369540929794312e-02
7.297395914793014526e-02
3.536196351051330566e-01
2.391370058059692383e+00
1.527783870697021484e+00
6.516444087028503418e-01
3.631049692630767822e-01
2.593527138233184814e-01
7.672968506813049316e-02
4.693937599658966064e-01
1.318867504596710205e-01
1.806687712669372559e-01
3.463526070117950439e-01
2.184414565563201904e-01
4.405972957611083984e-01
3.716889396309852600e-02
3.145842254161834717e-01
2.224021703004837036e-01
2.489698864519596100e-02
9.867732226848602295e-02
1.164160519838333130e-01
2.326833754777908325e-01
1.320615559816360474e-01
4.898200556635856628e-02
1.658201962709426880e-01
3.018538653850555420e-01
1.338224887847900391e+00
0.000000000000000000e+00
0.000000000000000000e+00
1.160583615303039551e+00
1.379392445087432861e-01
1.642014145851135254e+00
1.582514941692352295e-01
1.510451912879943848e+00
3.868788778781890869e-01
1.286319941282272339e-01
1.206616014242172241e-01
2.682461261749267578e+00
1.111382916569709778e-01
2.407200634479522705e-01
8.084680885076522827e-02
2.010818421840667725e-01
2.481281943619251251e-02
2.178707718849182129e-02
1.392491221427917480e+00
4.963202029466629028e-02
5.484620481729507446e-02
1.879100054502487183e-01
8.303485810756683350e-02
2.108497917652130127e-02
1.991933822631835938e+00
6.506633162498474121e-01
2.305379062891006470e-01
8.446467518806457520e-01
2.389856874942779541e-01
1.207378953695297241e-01
2.334479093551635742e-01
1.755629628896713257e-01
1.877038240432739258e+00
2.003219164907932281e-02
7.875663042068481445e-01
1.008776351809501648e-01
3.815881013870239258e-01
8.682734966278076172e-01
5.237094163894653320e-01
6.084561347961425781e-01
1.779055744409561157e-01
0.000000000000000000e+00
5.964200198650360107e-02
1.093166973441839218e-02
9.813550114631652832e-01
9.183931350708007812e-02
0.000000000000000000e+00
2.029776759445667267e-02
7.267230190336704254e-03
3.069854527711868286e-02
4.179538786411285400e-01
8.113642781972885132e-02
1.411871016025543213e-01
2.150438260287046432e-03
7.528865337371826172e-01
7.605658471584320068e-02
4.308196604251861572e-01
7.794701959937810898e-03
1.473507761955261230e+00
0.000000000000000000e+00
0.000000000000000000e+00
1.225149393081665039e+00
4.321428835391998291e-01
1.932133547961711884e-02
7.324036359786987305e-01
4.096210300922393799e-01
1.492051184177398682e-01
2.012183666229248047e-01
8.219782114028930664e-01
0.000000000000000000e+00
6.311545521020889282e-02
1.030334830284118652e+00
0.000000000000000000e+00
6.686917543411254883e-01
1.015938147902488708e-01
2.519222497940063477e-01
1.296997189521789551e+00
0.000000000000000000e+00
0.000000000000000000e+00
4.763554632663726807e-01
0.000000000000000000e+00
1.991066485643386841e-01
5.967947244644165039e-01
2.200119644403457642e-01
2.011419087648391724e-02
1.145246848464012146e-01
5.922026038169860840e-01
6.671292334794998169e-02
2.506074262782931328e-03
3.591921925544738770e-01
3.719651997089385986e-01
2.814634144306182861e-02
1.028724074363708496e+00
7.988363504409790039e-02
2.382010817527770996e-01
5.850028395652770996e-01
2.316677384078502655e-02
3.577117621898651123e-01
3.783113658428192139e-01
6.790097951889038086e-01
4.365517199039459229e-02
4.282745718955993652e-01
5.780375599861145020e-01
5.254241228103637695e-01
1.558107137680053711e-01
1.435331255197525024e-01
1.820480346679687500e+00
2.620231509208679199e-01
7.724562883377075195e-01
6.235465873032808304e-03
1.911520361900329590e+00
1.893429607152938843e-01
6.171495318412780762e-01
9.034022688865661621e-01
1.197091341018676758e+00
1.282660603523254395e+00
1.282579302787780762e-01
1.418471693992614746e+00
2.587294764816761017e-02
1.190259605646133423e-01
1.882872730493545532e-01
3.289043158292770386e-02
6.589080691337585449e-01
2.415209310129284859e-03
4.248137474060058594e-01
0.000000000000000000e+00
0.000000000000000000e+00
2.686458826065063477e-01
1.944583952426910400e-01
4.487749338150024414e-01
5.906254649162292480e-01
3.404078483581542969e-01
0.000000000000000000e+00
1.916242390871047974e-01
2.983268499374389648e-01
2.134317457675933838e-01
0.000000000000000000e+00
1.600398570299148560e-01
7.850202918052673340e-02
1.038683578372001648e-02
0.000000000000000000e+00
4.449802041053771973e-01
3.433451056480407715e-01
4.787067323923110962e-02
3.520314097404479980e-01
1.409979909658432007e-01
7.232319712638854980e-01
7.385250926017761230e-01
3.165970146656036377e-01
7.223622798919677734e-01
8.662950992584228516e-01
0.000000000000000000e+00
0.000000000000000000e+00
3.206169307231903076e-01
7.061537820845842361e-03
1.720887422561645508e+00
1.152472198009490967e-01
0.000000000000000000e+00
2.545915246009826660e-01
1.613562554121017456e-01
1.968880742788314819e-02
2.208538651466369629e-01
1.415867544710636139e-02
1.830455958843231201e-01
4.723449647426605225e-01
3.047794699668884277e-01
9.262917935848236084e-02
2.404922246932983398e-01
4.835433661937713623e-01
0.000000000000000000e+00
1.594586730003356934e+00
4.056362211704254150e-01
2.156034231185913086e+00
1.665711402893066406e+00
2.145833373069763184e-01
3.778969869017601013e-03
6.089219823479652405e-02
5.754815936088562012e-01
1.487953662872314453e-01
6.262767314910888672e-01
2.739146351814270020e-02
8.927251696586608887e-01
1.240730762481689453e+00
0.000000000000000000e+00
1.297649592161178589e-01
6.641037464141845703e-01
1.910512328147888184e+00
4.672646149992942810e-02
0.000000000000000000e+00
0.000000000000000000e+00
9.584299921989440918e-01
0.000000000000000000e+00
2.896909043192863464e-02
2.584441006183624268e-01
2.123124338686466217e-02
1.398046314716339111e-01
1.441770698875188828e-03
8.852526545524597168e-02
6.168387532234191895e-01
1.932832645252346992e-03
4.666819572448730469e-01
2.899782955646514893e-01
8.865822851657867432e-02
2.802744507789611816e-02
2.223825268447399139e-02
3.994424045085906982e-01
3.140218555927276611e-01
0.000000000000000000e+00
5.484501644968986511e-02
3.111679293215274811e-02
8.597698807716369629e-01
9.918879866600036621e-01
1.048641324043273926e+00
1.272009372711181641e+00
8.239166438579559326e-02
9.425781965255737305e-01
3.289255872368812561e-02
6.413909792900085449e-02
1.167358830571174622e-01
2.424549579620361328e+00
1.644046418368816376e-02
2.843968868255615234e-01
3.340024352073669434e-01
1.024569720029830933e-01
2.371846465393900871e-03
0.000000000000000000e+00
0.000000000000000000e+00
8.024493604898452759e-02
1.937704533338546753e-01
3.764190673828125000e-01
1.600858867168426514e-01
9.746842831373214722e-02
1.029394865036010742e-01
2.422411441802978516e-01
1.036880135536193848e+00
1.516134887933731079e-01
6.418889760971069336e-02
1.982383057475090027e-02
0.000000000000000000e+00
1.608474612236022949e+00
2.028631977736949921e-03
1.960959136486053467e-01
8.950038552284240723e-01
1.030342429876327515e-01
9.083160012960433960e-02
1.431159824132919312e-01
1.552752405405044556e-01
1.021202683448791504e+00
6.617059931159019470e-03
8.737912178039550781e-01
0.000000000000000000e+00
0.000000000000000000e+00
1.143229231238365173e-01
5.824784636497497559e-01
5.328511819243431091e-02
3.430659323930740356e-02
1.018510013818740845e-02
6.424909830093383789e-01
2.710508406162261963e-01
0.000000000000000000e+00
1.548575878143310547e+00
7.918781787157058716e-02
6.139376759529113770e-02
2.007627487182617188e-01
4.548796713352203369e-01
7.321702837944030762e-01
3.839461803436279297e-01
0.000000000000000000e+00
0.000000000000000000e+00
2.301724195480346680e+00
4.646412283182144165e-02
5.313394665718078613e-01
0.000000000000000000e+00
3.671977901831269264e-04
2.337992005050182343e-02
4.226913452148437500e-01
4.858073294162750244e-01
4.509103596210479736e-01
4.080586601048707962e-03
1.192297972738742828e-02
9.454491734504699707e-02
1.089566498994827271e-01
0.000000000000000000e+00
8.760665357112884521e-02
3.348379433155059814e-01
0.000000000000000000e+00
1.482975333929061890e-01
8.287827484309673309e-03
2.277140738442540169e-04
1.978459000587463379e+00
1.300271004438400269e-01
4.773547649383544922e-01
6.263304948806762695e-01
2.132597118616104126e-01
5.246920585632324219e-01
1.752373278141021729e-01
0.000000000000000000e+00
7.195629477500915527e-01
2.762826681137084961e-01
5.629341006278991699e-01
1.037585616111755371e+00
5.988930538296699524e-02
1.192908883094787598e-01
7.664796710014343262e-01
4.585688710212707520e-01
1.637985557317733765e-02
1.160016953945159912e-01
1.034918799996376038e-01
1.421591918915510178e-02
7.155735045671463013e-02
5.497766494750976562e+00
3.912998437881469727e-01
1.246119141578674316e+00
1.938535869121551514e-01
6.604496389627456665e-02
9.544305801391601562e-01
1.427780985832214355e+00
2.465305805206298828e+00
7.916849851608276367e-02
4.231930673122406006e-01
1.573495268821716309e-01
4.200379550457000732e-01
4.006763100624084473e-01
2.050822019577026367e+00
1.350921839475631714e-01
0.000000000000000000e+00
1.691289186477661133e+00
6.114655137062072754e-01
3.182061389088630676e-02
2.712681293487548828e-01
1.275581359863281250e+00
0.000000000000000000e+00
1.004743456840515137e+00
1.224945709109306335e-01
9.500570297241210938e-01
4.102590978145599365e-01
2.592569112777709961e+00
9.486057758331298828e-01
4.360026121139526367e-01
2.099601626396179199e-01
0.000000000000000000e+00
1.410981297492980957e+00
2.858075201511383057e-01
3.230471909046173096e-01
2.836298942565917969e-01
5.928374528884887695e-01
0.000000000000000000e+00
1.210326552391052246e-01
8.270458132028579712e-02
1.232219457626342773e+00
1.677950322628021240e-01
8.461017906665802002e-02
1.937135010957717896e-01
3.908239603042602539e-01
5.760544165968894958e-02
1.281112074851989746e+00
1.371131062507629395e+00
4.514881223440170288e-02
0.000000000000000000e+00
9.014190435409545898e-01
1.603587530553340912e-02
1.715368330478668213e-01
2.945954084396362305e+00
1.493498384952545166e-01
1.778322935104370117e+00
2.045120112597942352e-02
3.078933432698249817e-02
3.554013371467590332e-02
2.375840991735458374e-01
2.667325973510742188e+00
7.931691408157348633e-01
1.234704494476318359e+00
2.040568143129348755e-01
9.597746133804321289e-01
6.704378724098205566e-01
1.543950173072516918e-03
2.445882797241210938e+00
9.802628308534622192e-02
1.509426832199096680e+00
2.433307766914367676e-01
2.624567151069641113e-01
3.125240281224250793e-02
7.665847986936569214e-02
5.388616323471069336e-01
6.189035996794700623e-02
5.545932292938232422e+00
5.418315529823303223e-01
8.591840416193008423e-02
2.802267670631408691e-01
9.260271675884723663e-03
0.000000000000000000e+00
5.527602434158325195e-01
0.000000000000000000e+00
3.332814434543251991e-03
7.792666554450988770e-01
2.519452273845672607e-01
3.226609900593757629e-02
6.453270316123962402e-01
3.129181265830993652e-02
3.368703424930572510e-01
0.000000000000000000e+00
4.747765958309173584e-01
2.064073085784912109e-01
2.026309445500373840e-02
4.163185507059097290e-02
2.524465024471282959e-01
8.176592737436294556e-02
0.000000000000000000e+00
3.286904990673065186e-01
6.746503114700317383e-01
1.051938012242317200e-01
3.919209539890289307e-01
9.939986467361450195e-01
1.655512452125549316e+00
9.566789865493774414e-01
0.000000000000000000e+00
4.638477265834808350e-01
1.235779151320457458e-01
4.449705127626657486e-03
1.998336613178253174e-01
1.212586089968681335e-01
0.000000000000000000e+00
0.000000000000000000e+00
0.000000000000000000e+00
1.414021104574203491e-01
9.810584783554077148e-02
4.785715788602828979e-02
3.606061339378356934e-01
0.000000000000000000e+00
1.058819219470024109e-01
2.278330624103546143e-01
0.000000000000000000e+00
4.197331964969635010e-01
1.826802790164947510e-01
1.547073364257812500e+00
6.386278867721557617e-01
3.033387899398803711e+00
2.253394871950149536e-01
8.520838618278503418e-01
1.909257054328918457e+00
2.182288281619548798e-02
1.158253401517868042e-01
4.280623435974121094e+00
2.312426418066024780e-01
1.478697522543370724e-03
2.102224528789520264e-01
4.386783242225646973e-01
1.329926848411560059e-01
2.188197374343872070e-01
1.715088337659835815e-01
7.398915290832519531e-02
4.143590331077575684e-01
1.087302207946777344e+00
4.487004280090332031e-01
9.908595085144042969e-01
6.807284057140350342e-02
2.645511925220489502e-01
5.292561054229736328e-01
1.528642885386943817e-02
1.219820454716682434e-01
2.257596552371978760e-01
5.206310003995895386e-02
4.028400406241416931e-02
6.769656538963317871e-01
6.708157062530517578e-02
2.124794870615005493e-01
7.158737182617187500e-01
5.566835869103670120e-03
2.441977858543395996e-01
3.625790476799011230e-01
6.901547908782958984e-01
3.249586343765258789e+00
0.000000000000000000e+00
5.317477881908416748e-02
0.000000000000000000e+00
5.052548833191394806e-03
1.006086915731430054e-01
7.401493936777114868e-02
1.997609250247478485e-02
9.721168130636215210e-02
4.278540313243865967e-01
4.270985603332519531e+00
3.314339518547058105e-01
2.309114933013916016e+00
3.905566930770874023e-01
9.397802352905273438e-01
0.000000000000000000e+00
5.145315825939178467e-02
1.076094269752502441e+00
2.311693280935287476e-01
4.093047603964805603e-02
1.410750389099121094e+00
3.371509075164794922e+00
1.968893557786941528e-01
1.047529458999633789e+00
3.655851781368255615e-01
3.715097904205322266e-01
2.488666474819183350e-01
7.557788491249084473e-01
1.228433847427368164e+00
8.477736264467239380e-02
1.753267765045166016e+00
9.391082450747489929e-03
3.483416512608528137e-03
3.613586723804473877e-02
1.218566671013832092e-01
6.235511302947998047e-01
1.111308097839355469e+00
7.324423789978027344e-01
1.560484431684017181e-02
1.096281170845031738e+00
5.055686458945274353e-02
3.667592704296112061e-01
3.893702030181884766e-01
2.092318832874298096e-01
3.942373514175415039e+00
3.720118403434753418e-01
6.097171921283006668e-03
3.291330486536026001e-02
8.552147191949188709e-04
5.169080104678869247e-03
1.249167369678616524e-03
1.720673561096191406e+00
5.276286602020263672e-01
0.000000000000000000e+00
9.986734390258789062e-02
1.641883701086044312e-01
5.170963332056999207e-02
6.273284554481506348e-02
2.199976921081542969e+00
3.059129230678081512e-03
0.000000000000000000e+00
7.491188049316406250e-01
4.379759356379508972e-02
1.583586335182189941e-01
1.390333846211433411e-02
1.620301976799964905e-02
4.400897026062011719e-01
2.992463827133178711e+00
2.277633666992187500e+00
7.704365998506546021e-02
5.027898550033569336e-01
7.447038888931274414e-01
2.985358983278274536e-02
9.057147800922393799e-02
5.248304456472396851e-02
3.733578324317932129e-02
6.077492833137512207e-01
4.323553666472434998e-02
1.186623945832252502e-01
2.267934381961822510e-01
2.077305912971496582e-01
8.530051708221435547e-01
4.629398584365844727e-01
0.000000000000000000e+00
2.561794780194759369e-02
0.000000000000000000e+00
9.291599504649639130e-03
7.333596795797348022e-02
0.000000000000000000e+00
6.735244393348693848e-02
6.293032318353652954e-02
1.672630459070205688e-01
1.867812156677246094e+00
4.525679051876068115e-01
2.137005478143692017e-01
6.491778492927551270e-01
3.334607481956481934e-01
0.000000000000000000e+00
3.832555934786796570e-02
4.839452356100082397e-02
1.343088388442993164e+00
1.098309993743896484e+00
1.519652456045150757e-01
7.884354144334793091e-02
9.703492373228073120e-02
1.079205200076103210e-01
6.964186578989028931e-02
3.638136684894561768e-01
9.069687724113464355e-01
2.318646609783172607e-01
3.644708991050720215e-01
0.000000000000000000e+00
2.404105477035045624e-02
1.401619166135787964e-01
1.600127965211868286e-01
2.316983461380004883e+00
0.000000000000000000e+00
1.028189733624458313e-01
9.723758101463317871e-01
1.063229292631149292e-01
5.543017759919166565e-02
1.757038533687591553e-01
4.595009982585906982e-02
4.903182983398437500e-01
1.204024702310562134e-01
2.551232576370239258e-01
1.030740737915039062e+00
1.538104891777038574e+00
0.000000000000000000e+00
1.112830162048339844e+00
2.419559843838214874e-02
5.720718204975128174e-02
1.938726902008056641e+00
9.005554951727390289e-03
2.791512906551361084e-01
2.692525684833526611e-01
2.195984423160552979e-01
1.828700780868530273e+00
6.212908029556274414e-02
3.724489733576774597e-02
1.284171128645539284e-03
5.696851611137390137e-01
1.153150320053100586e+00
2.224960327148437500e+00
1.938353896141052246e+00
1.394259929656982422e-01
2.286169290542602539e+00
0.000000000000000000e+00
1.255131214857101440e-01
5.296109914779663086e-01
1.139373898506164551e+00
1.326708309352397919e-02
1.640916168689727783e-01
3.257048316299915314e-03
7.953717559576034546e-02
2.696385681629180908e-01
1.235282272100448608e-01
1.396381258964538574e+00
1.498691737651824951e-01
0.000000000000000000e+00
0.000000000000000000e+00
3.978731632232666016e-01
2.442761659622192383e-01
3.790893778204917908e-02
5.567975044250488281e-01
6.637693941593170166e-02
7.329701185226440430e-01
9.989901632070541382e-02
7.797342538833618164e-01
1.384962439537048340e+00
8.210694193840026855e-01
2.835820615291595459e-02
1.632525026798248291e-01
1.860889494419097900e-01
3.432983458042144775e-01
1.621383190155029297e+00
8.343856334686279297e-01
1.705369353294372559e-01
2.850062847137451172e-01
5.978811979293823242e-01
2.180736325681209564e-02
2.320088632404804230e-02
1.270232945680618286e-01
9.802747368812561035e-01
2.972049117088317871e-01
2.391599677503108978e-02
8.275216817855834961e-02
3.110164999961853027e-01
1.842376142740249634e-01
9.298292547464370728e-02
4.509947299957275391e-01
5.640742182731628418e-02
6.773251295089721680e-02
0.000000000000000000e+00
4.632365107536315918e-01
2.495513111352920532e-01
2.333933301270008087e-02
7.871699333190917969e-01
0.000000000000000000e+00
3.031913042068481445e-01
4.449581205844879150e-01
1.116619586944580078e+00
2.498765736818313599e-01
0.000000000000000000e+00
2.562376558780670166e-01
6.489161849021911621e-01
3.019914776086807251e-02
1.929874569177627563e-01
1.718542575836181641e+00
9.620666503906250000e-01
4.788984060287475586e-01
0.000000000000000000e+00
7.192435115575790405e-02
1.297278106212615967e-01
2.032450884580612183e-01
7.688488960266113281e-01
1.892774343490600586e+00
6.415926814079284668e-01
4.253689050674438477e-01
3.728685155510902405e-02
2.279110699892044067e-01
3.596554994583129883e-01
6.065891589969396591e-03
3.663951754570007324e-01
0.000000000000000000e+00
4.489081352949142456e-02
1.872871816158294678e-01
1.117188576608896255e-02
8.815917186439037323e-03
1.987635856494307518e-03
9.724006056785583496e-01
8.610509037971496582e-01
8.795387148857116699e-01
8.468497395515441895e-01
2.061420977115631104e-01
8.983780443668365479e-02
0.000000000000000000e+00
3.282644271850585938e+00
6.839322447776794434e-01
2.290916442871093750e-01
1.198399305343627930e+00
0.000000000000000000e+00
0.000000000000000000e+00
1.056000739336013794e-01
8.616825193166732788e-02
2.522835135459899902e-02
1.825328618288040161e-01
1.266973733901977539e+00
2.832170724868774414e-01
0.000000000000000000e+00
8.706881403923034668e-01
1.687981933355331421e-01
4.258399903774261475e-01
1.959140598773956299e-02
6.343101710081100464e-02
1.509551331400871277e-02
4.618826806545257568e-01
4.323177039623260498e-01
2.268202543258666992e+00
0.000000000000000000e+00
9.555377364158630371e-01
0.000000000000000000e+00
8.656479418277740479e-03
0.000000000000000000e+00
9.924827814102172852e-01
2.592839896678924561e-01
2.947954833507537842e-01
1.656837314367294312e-01
3.170488178730010986e-01
4.794356822967529297e-01
2.848342992365360260e-02
2.950226664543151855e-01
2.801177501678466797e-01
2.248990297317504883e+00
8.647750616073608398e-01
1.536610841751098633e+00
1.680561713874340057e-02
1.540804654359817505e-02
6.579388976097106934e-01
1.181621029973030090e-01
1.478027701377868652e+00
3.138141334056854248e-02
3.279410004615783691e-01
1.505299359560012817e-01
0.000000000000000000e+00
2.141254395246505737e-01
1.230581849813461304e-01
4.057026207447052002e-01
6.195130348205566406e-01
2.146153338253498077e-02
1.737073995172977448e-03
1.780488491058349609e-01
3.303614556789398193e-01
1.366174221038818359e+00
2.952694416046142578e+00
2.840705588459968567e-02
7.263509929180145264e-02
0.000000000000000000e+00
8.544053882360458374e-02
0.000000000000000000e+00
4.171725809574127197e-01
3.063864074647426605e-02
1.187430381774902344e+00
3.458930850028991699e-01
0.000000000000000000e+00
3.008906915783882141e-02
0.000000000000000000e+00
3.207652270793914795e-02
5.558966472744941711e-02
1.572268605232238770e+00
7.075475901365280151e-02
3.166628479957580566e-01
1.572903245687484741e-01
1.087058186531066895e+00
0.000000000000000000e+00
1.187147721648216248e-01
7.271511852741241455e-02
1.832754760980606079e-01
1.001948937773704529e-01
5.748189687728881836e-01
4.229159653186798096e-02
4.462318122386932373e-01
4.669103026390075684e-02
4.262276589870452881e-01
0.000000000000000000e+00
4.359665513038635254e-02
4.848822057247161865e-01
8.569744974374771118e-02
3.560453057289123535e-01
2.505734860897064209e-01
2.805004417896270752e-01
5.186756849288940430e-01
1.294030696153640747e-01
1.861086368560791016e+00
3.107199817895889282e-02
3.963577374815940857e-02
1.474693179130554199e+00
3.058505058288574219e-02
1.869514584541320801e-01
3.360141813755035400e-01
6.589662432670593262e-01
8.866494894027709961e-01
1.048253756016492844e-02
2.254108525812625885e-02
6.112352013587951660e-02
1.683311723172664642e-02
0.000000000000000000e+00
1.399703416973352432e-02
4.574829339981079102e-02
3.583647776395082474e-03
6.688473820686340332e-01
2.100521139800548553e-02
1.718940287828445435e-01
0.000000000000000000e+00
8.272606134414672852e-02
5.903333425521850586e-01
9.223541244864463806e-03
0.000000000000000000e+00
4.587339878082275391e+00
1.661807596683502197e-01
1.250594556331634521e-01
0.000000000000000000e+00
4.219088554382324219e-01
1.737511716783046722e-02
2.760749101638793945e+00
1.691850572824478149e-01
2.293690294027328491e-01
7.583257555961608887e-01
5.034369975328445435e-02
8.529476076364517212e-02
0.000000000000000000e+00
0.000000000000000000e+00
2.594891488552093506e-01
4.995144158601760864e-02
3.053872883319854736e-01
2.128286510705947876e-01
0.000000000000000000e+00
1.070819139480590820e+00
7.116495370864868164e-01
2.420895993709564209e-01
5.749863386154174805e-01
5.959337949752807617e-01
1.179817080497741699e+00
6.933148503303527832e-01
3.620067238807678223e-01
4.779609739780426025e-01
1.176008462905883789e+00
1.827895343303680420e-01
0.000000000000000000e+00
4.551306664943695068e-01
2.879941649734973907e-02
5.055292844772338867e-01
2.416105121374130249e-01
1.459156125783920288e-01
8.226419240236282349e-02
3.129054307937622070e-01
3.758313953876495361e-01
1.607374906539916992e+00
1.359512805938720703e-01
9.010184407234191895e-01
9.853359311819076538e-02
4.080473780632019043e-01
3.543195426464080811e-01
0.000000000000000000e+00
1.348762959241867065e-01
1.577797830104827881e-01
4.017723202705383301e-01
8.517520129680633545e-02
2.648920752108097076e-02
2.308801747858524323e-02
0.000000000000000000e+00
6.035135388374328613e-01
1.023500412702560425e-01
1.528305262327194214e-01
1.076385825872421265e-01
9.840244799852371216e-02
4.175874292850494385e-01
2.566292285919189453e+00
8.039693348109722137e-03
1.394869327545166016e+00
4.848342016339302063e-02
1.230214163661003113e-01
9.965441189706325531e-03
0.000000000000000000e+00
4.645519256591796875e-01
3.265297412872314453e-01
2.796128392219543457e-02
7.817268967628479004e-01
3.460986912250518799e-02
1.610001027584075928e-01
0.000000000000000000e+00
1.830455899238586426e+00
4.119693115353584290e-02
0.000000000000000000e+00
1.558361798524856567e-01
2.653163969516754150e-01
1.108772773295640945e-02
2.198325634002685547e+00
3.371841460466384888e-02
2.877235412597656250e-01
4.437210083007812500e+00
2.303436279296875000e+00
1.446284413337707520e+00
1.214901208877563477e+00
2.751461267471313477e-01
0.000000000000000000e+00
2.389966487884521484e+00
1.209069132804870605e+00
2.126736938953399658e-01
1.383530348539352417e-02
6.225593760609626770e-02
0.000000000000000000e+00
2.445222809910774231e-02
1.669410169124603271e-01
0.000000000000000000e+00
5.345040559768676758e-01
1.232331156730651855e+00
1.760774850845336914e-01
1.435920130461454391e-02
2.876148000359535217e-02
1.275166422128677368e-01
3.338184356689453125e-01
1.477016508579254150e-01
2.249439060688018799e-01
2.023694515228271484e-01
1.270964384078979492e+00
9.642242640256881714e-02
5.663643479347229004e-01
1.645363420248031616e-01
2.452951371669769287e-01
1.241658776998519897e-01
2.818363532423973083e-02
2.164047062397003174e-01
6.466907262802124023e-01
0.000000000000000000e+00
4.341751337051391602e-02
1.226108551025390625e+00
1.743284761905670166e-01
4.629006385803222656e-01
6.436511874198913574e-02
1.410526931285858154e-01
2.304434329271316528e-01
3.883281946182250977e-01
1.269508451223373413e-01
9.421132206916809082e-01
8.870573341846466064e-02
2.717727124691009521e-01
1.653875261545181274e-01
2.147664576768875122e-01
2.799280881881713867e-01
3.636311590671539307e-01
4.914723932743072510e-01
5.485627055168151855e-01
1.107562065124511719e+00
7.204277515411376953e-01
3.207627832889556885e-01
4.793705418705940247e-02
0.000000000000000000e+00
1.864247955381870270e-02
1.858831346035003662e-01
3.641008213162422180e-02
2.353194504976272583e-01
9.478545188903808594e-01
2.047225087881088257e-01
4.331583380699157715e-01
9.480710029602050781e-01
5.573836714029312134e-02
2.129340320825576782e-01
6.637442857027053833e-02
1.985105395317077637e+00
3.394996225833892822e-01
1.171662658452987671e-01
2.713342607021331787e-01
0.000000000000000000e+00
1.101438045501708984e+00
1.111579060554504395e+00
1.821114122867584229e-01
8.770261406898498535e-01
6.828314065933227539e-02
6.388345956802368164e-01
3.184601962566375732e-01
4.760000407695770264e-01
0.000000000000000000e+00
2.006208002567291260e-01
0.000000000000000000e+00
7.525169849395751953e-01
1.240155175328254700e-01
0.000000000000000000e+00
1.932204008102416992e+00
9.475314617156982422e-02
1.314007163047790527e+00
1.469077467918395996e+00
1.033579483628273010e-01
9.258639812469482422e-01
4.602009654045104980e-01
0.000000000000000000e+00
1.319722384214401245e-01
4.406990017741918564e-03
4.174743294715881348e-01
0.000000000000000000e+00
1.885026395320892334e-01
6.768058985471725464e-02
2.410565763711929321e-01
0.000000000000000000e+00
5.317890271544456482e-02
1.623591661453247070e+00
4.730312526226043701e-01
6.310488283634185791e-02
6.159606575965881348e-01
1.434562802314758301e-01
3.750519752502441406e-01
1.078592658042907715e+00
1.997442245483398438e+00
0.000000000000000000e+00
0.000000000000000000e+00
0.000000000000000000e+00
6.845507025718688965e-02
0.000000000000000000e+00
8.925567865371704102e-01
3.296158015727996826e-01
6.085138320922851562e-01
8.452533930540084839e-02
2.861347794532775879e-01
2.803835570812225342e-01
1.067404821515083313e-01
2.804120182991027832e-01
9.999282658100128174e-02
4.890495445579290390e-03
2.396099716424942017e-01
3.407264947891235352e-01
7.242944091558456421e-02
3.217192888259887695e-01
9.537770152091979980e-01
5.264998078346252441e-01
2.682379186153411865e-01
0.000000000000000000e+00
1.838620305061340332e-01
2.082284092903137207e-01
1.182360529899597168e+00
4.493744969367980957e-01
2.181371860206127167e-02
5.836961269378662109e-01
0.000000000000000000e+00
2.342424988746643066e-01
0.000000000000000000e+00
8.235929161310195923e-02
1.121581122279167175e-01
5.804457664489746094e-01
1.339035481214523315e-01
8.624157309532165527e-01
2.399912923574447632e-01
4.654966667294502258e-02
1.360337585210800171e-01
2.973351478576660156e-01
7.442534714937210083e-02
0.000000000000000000e+00
3.842481970787048340e-02
9.524674154818058014e-03
5.968880280852317810e-02
4.786398112773895264e-01
2.192301511764526367e+00
2.743600495159626007e-02
1.029949307441711426e+00
2.345163524150848389e-01
3.722109198570251465e-01
0.000000000000000000e+00
2.960679233074188232e-01
7.275475263595581055e-01
1.674655973911285400e-01
1.211608666926622391e-02
0.000000000000000000e+00
0.000000000000000000e+00
1.967222243547439575e-01
2.968655712902545929e-02
7.567402720451354980e-01
4.478238895535469055e-02
1.774797588586807251e-01
0.000000000000000000e+00
2.714796781539916992e+00
3.508542180061340332e-01
1.306902617216110229e-01
3.758212924003601074e-01
2.824904203414916992e+00
7.137562148272991180e-03
0.000000000000000000e+00
2.501436471939086914e+00
0.000000000000000000e+00
1.137515664100646973e+00
8.046968281269073486e-02
3.109244406223297119e-01
3.587273657321929932e-01
5.192788317799568176e-02
0.000000000000000000e+00
3.042662143707275391e-01
2.548471838235855103e-02
1.134211122989654541e-01
3.413485288619995117e-01
2.878930866718292236e-01
2.423674054443836212e-02
0.000000000000000000e+00
0.000000000000000000e+00
9.827498793601989746e-01
1.257054567337036133e+00
2.482344865798950195e+00
1.673454940319061279e-01
1.049683690071105957e+00
8.454916626214981079e-02
7.433596849441528320e-01
4.976491332054138184e-01
3.600903600454330444e-02
1.524283457547426224e-02
1.197506785392761230e+00
3.354028612375259399e-02
1.670390218496322632e-01
3.378649055957794189e-02
4.387100636959075928e-01
1.293720722198486328e+00
8.334023356437683105e-01
0.000000000000000000e+00
8.037308454513549805e-01
1.217368897050619125e-02
2.067076265811920166e-01
8.845949769020080566e-01
2.420656204223632812e+00
8.300962299108505249e-02
4.494477808475494385e-01
1.443643718957901001e-01
0.000000000000000000e+00
1.339039206504821777e-01
1.593975573778152466e-01
1.773090600967407227e+00
3.259416520595550537e-01
6.461542844772338867e-01
2.137631922960281372e-01
1.261099427938461304e-01
1.373409479856491089e-01
8.875145912170410156e-01
1.336416155099868774e-01
3.299023807048797607e-01
1.475989539176225662e-02
2.770928665995597839e-02
9.047500491142272949e-01
1.422444125637412071e-03
3.810019046068191528e-02
9.580948352813720703e-01
6.731729507446289062e-01
4.202092289924621582e-01
4.551587104797363281e-01
8.782023191452026367e-01
1.371753096580505371e+00
4.597098827362060547e-01
1.088539790362119675e-02
3.311283588409423828e-01
1.145941093564033508e-01
5.304822325706481934e-01
3.336162120103836060e-02
4.733773469924926758e-01
4.769979044795036316e-02
6.041947007179260254e-01
1.023724861443042755e-02
6.700031459331512451e-03
0.000000000000000000e+00
0.000000000000000000e+00
1.431936472654342651e-01
1.780035048723220825e-01
2.332158386707305908e-02
2.555458843708038330e-01
1.277188658714294434e-01
8.910595774650573730e-01
1.139556050300598145e+00
2.827972173690795898e-01
1.408072590827941895e+00
2.005359828472137451e-01
5.989327430725097656e-01
4.586179926991462708e-02
1.642078161239624023e-01
6.280183792114257812e-03
0.000000000000000000e+00
3.226561248302459717e-01
0.000000000000000000e+00
3.901106119155883789e-01
2.727260347455739975e-03
5.901054739952087402e-01
1.537671126425266266e-02
1.014670610427856445e+00
7.679127454757690430e-01
6.175740808248519897e-02
1.001521795988082886e-01
1.429131388664245605e+00
4.074113667011260986e-01
8.643934875726699829e-02
1.938773319125175476e-02
1.180142045021057129e+00
1.822148561477661133e-01
1.820866018533706665e-02
1.089449048042297363e+00
2.187707871198654175e-01
9.434406459331512451e-02
4.703612923622131348e-01
2.158541381359100342e-01
1.543897986412048340e+00
1.938500523567199707e+00
6.241996884346008301e-01
2.430210709571838379e-01
2.630278766155242920e-01
6.801768541336059570e-01
1.367436289787292480e+00
6.646961718797683716e-02
6.879844665527343750e-01
1.099628359079360962e-01
9.541132450103759766e-01
7.694175839424133301e-01
3.202316537499427795e-02
1.065206825733184814e-01
3.941725790500640869e-01
1.259116649627685547e+00
4.793856758624315262e-03
4.179880321025848389e-01
4.127467796206474304e-02
4.426572620868682861e-01
8.170034736394882202e-02
0.000000000000000000e+00
9.435167908668518066e-01
2.421065792441368103e-02
1.267988830804824829e-01
2.364157885313034058e-01
3.147732019424438477e-01
8.348921313881874084e-03
1.928302198648452759e-01
0.000000000000000000e+00
2.127410322427749634e-01
1.693143136799335480e-02
2.044844865798950195e+00
1.393740028142929077e-01
1.718332290649414062e+00
7.311232388019561768e-02
1.587495058774948120e-01
1.155908703804016113e-01
3.682516887784004211e-02
0.000000000000000000e+00
1.570621728897094727e-01
1.299219578504562378e-01
4.349446892738342285e-01
5.179631337523460388e-02
0.000000000000000000e+00
4.425732493400573730e-01
1.291502863168716431e-01
1.557735204696655273e-01
1.011718437075614929e-01
0.000000000000000000e+00
5.248279497027397156e-02
6.640549004077911377e-02
1.635453462600708008e+00
9.554799199104309082e-01
1.088636275380849838e-02
4.355608224868774414e-01
2.633509635925292969e-01
1.633231937885284424e-01
0.000000000000000000e+00
2.904387656599283218e-04
1.278508067131042480e+00
0.000000000000000000e+00
1.067841947078704834e-01
1.138565540313720703e+00
4.686729982495307922e-03
4.346817493438720703e+00
1.205542802810668945e+00
8.262544870376586914e-02
6.681370735168457031e-02
1.771295189857482910e+00
5.143838003277778625e-02
5.626696348190307617e-01
2.669442892074584961e-01
9.158734232187271118e-03
1.756234169006347656e+00
1.395907253026962280e-01
5.681284517049789429e-02
1.145227402448654175e-01
3.608554601669311523e-01
2.196263335645198822e-02
0.000000000000000000e+00
1.676823794841766357e-01
1.655880063772201538e-01
1.024366635829210281e-02
1.311243921518325806e-01
8.415606021881103516e-01
8.720217943191528320e-01
0.000000000000000000e+00
1.427017524838447571e-02
2.945297025144100189e-02
1.161503195762634277e+00
3.046039342880249023e-01
5.524228811264038086e-01
2.078740447759628296e-01
1.363285481929779053e-01
7.086181640625000000e-01
5.841834098100662231e-02
4.442696571350097656e-01
8.964297920465469360e-02
3.998267054557800293e-01
2.611963450908660889e-02
1.210358645766973495e-02
1.398882150650024414e+00
1.298593997955322266e+00
9.137587547302246094e-01
0.000000000000000000e+00
6.706883758306503296e-02
7.103799581527709961e-01
6.544208526611328125e-02
6.187115311622619629e-01
1.652305014431476593e-02
4.235453158617019653e-02
5.193848907947540283e-02
6.504624485969543457e-01
1.551058590412139893e-01
5.524277687072753906e-02
3.505561873316764832e-02
8.889595977962017059e-03
5.909276604652404785e-01
2.887794971466064453e-01
1.796887665987014771e-01
1.382978260517120361e-01
6.165470927953720093e-02
9.863982796669006348e-01
1.536903977394104004e-01
3.187251091003417969e-01
2.810220606625080109e-02
0.000000000000000000e+00
7.833318114280700684e-01
5.553225874900817871e-01
5.976306200027465820e-01
1.097597241401672363e+00
2.999420976266264915e-03
2.588722705841064453e-01
0.000000000000000000e+00
1.113274216651916504e+00
2.771679162979125977e-01
1.043795794248580933e-02
5.338480472564697266e-01
7.567954659461975098e-01
1.080465078353881836e+00
3.800156712532043457e-01
4.171769320964813232e-02
3.027516305446624756e-01
2.005459070205688477e-01
5.110959410667419434e-01
1.334359943866729736e-01
5.696665644645690918e-01
2.038644254207611084e-01
1.885247528553009033e-01
0.000000000000000000e+00
4.599235653877258301e-01
0.000000000000000000e+00
2.172991752624511719e+00
4.561988711357116699e-01
5.384565591812133789e-01
8.437802642583847046e-02
1.105665206909179688e+00
2.204396128654479980e-01
4.891065135598182678e-02
0.000000000000000000e+00
5.163688659667968750e+00
1.795373409986495972e-01
3.249854743480682373e-01
3.793397545814514160e-01
6.275234818458557129e-01
1.296635866165161133e-01
7.976060360670089722e-02
1.289341598749160767e-02
0.000000000000000000e+00
1.323111802339553833e-01
2.520862817764282227e-01
7.792381644248962402e-01
1.403846889734268188e-01
1.997404694557189941e-01
3.638611733913421631e-01
1.089182123541831970e-01
9.271092414855957031e-01
2.971587181091308594e-01
3.452318906784057617e-01
1.793205142021179199e-01
1.321440935134887695e-02
1.953521817922592163e-01
2.400464564561843872e-01
3.261522054672241211e-01
6.257448792457580566e-01
0.000000000000000000e+00
1.291316747665405273e+00
2.831842601299285889e-01
8.187687993049621582e-01
4.268647134304046631e-01
3.240115940570831299e-01
7.435101270675659180e-01
3.462995216250419617e-02
1.731957912445068359e+00
7.124486923217773438e+00
0.000000000000000000e+00
1.002090811729431152e+00
1.708728671073913574e-01
0.000000000000000000e+00
0.000000000000000000e+00
2.022332429885864258e+00
4.029969274997711182e-01
1.745563745498657227e-01
2.640996575355529785e-01
1.391260176897048950e-01
6.812512278556823730e-01
1.564302295446395874e-01
3.566052317619323730e-01
2.299525976181030273e+00
1.939616560935974121e+00
2.364789247512817383e-01
0.000000000000000000e+00
2.783535048365592957e-02
0.000000000000000000e+00
2.280193753540515900e-02
2.684505581855773926e-01
1.094734668731689453e+00
4.619120657444000244e-01
4.962939303368330002e-03
5.314517021179199219e-01
8.066174387931823730e-01
1.819294691085815430e-01
1.401693820953369141e-01
2.736809551715850830e-01
1.943144649267196655e-01
0.000000000000000000e+00
0.000000000000000000e+00
6.250880956649780273e-01
1.478652842342853546e-02
1.241081207990646362e-01
8.673160076141357422e-01
4.800932109355926514e-02
1.735367625951766968e-01
1.683897823095321655e-01
8.500452041625976562e-01
5.235688015818595886e-02
8.327100872993469238e-01
3.245973289012908936e-01
1.140914671123027802e-02
1.749677509069442749e-01
3.970014303922653198e-02
4.745188355445861816e-02
1.745853662490844727e+00
1.541556119918823242e-01
3.747768700122833252e-01
2.603790760040283203e-01
2.101119980216026306e-02
8.813456632196903229e-03
9.908507764339447021e-02
1.805784702301025391e-01
5.489052534103393555e-01
1.290887296199798584e-01
1.051721069961786270e-02
3.695041239261627197e-01
3.064595460891723633e-01
2.898687601089477539e+00
6.736070383340120316e-03
1.101791024208068848e+00
1.583104431629180908e-01
7.398160174489021301e-03
7.371630072593688965e-01
2.171949625015258789e+00
1.930904835462570190e-01
2.280630618333816528e-01
1.798051409423351288e-02
1.068150177597999573e-01
5.589410662651062012e-01
2.694127336144447327e-02
1.667121529579162598e+00
3.789758086204528809e-01
1.137247681617736816e+00
1.682067990303039551e+00
1.883349776268005371e+00
0.000000000000000000e+00
1.820381581783294678e-01
0.000000000000000000e+00
5.554125308990478516e-01
6.294139474630355835e-02
1.929186284542083740e-01
0.000000000000000000e+00
8.310269564390182495e-02
0.000000000000000000e+00
2.420881390571594238e-01
0.000000000000000000e+00
4.367454722523689270e-02
1.242576241493225098e-01
1.664844274520874023e+00
1.060230612754821777e+00
6.939420700073242188e-01
1.630902737379074097e-01
5.052615404129028320e-01
0.000000000000000000e+00
7.015612125396728516e-01
5.202972888946533203e-01
9.343280643224716187e-02
4.103000462055206299e-01
5.618153139948844910e-02
4.372721165418624878e-02
0.000000000000000000e+00
0.000000000000000000e+00
4.192436859011650085e-02
7.041384577751159668e-01
2.424649447202682495e-01
3.439273685216903687e-02
3.269091621041297913e-02
1.754588633775711060e-01
1.873983889818191528e-01
1.410172730684280396e-01
7.877393066883087158e-02
1.216341257095336914e+00
9.528800249099731445e-01
1.180188171565532684e-02
4.143022000789642334e-01
2.517389319837093353e-02
0.000000000000000000e+00
1.248693987727165222e-01
7.579763233661651611e-02
6.753191817551851273e-03
6.777415275573730469e-01
1.862852871417999268e-01
4.208297431468963623e-01
4.930837154388427734e-01
1.899108290672302246e-02
7.687193155288696289e-01
1.097553223371505737e-01
0.000000000000000000e+00
0.000000000000000000e+00
9.914453625679016113e-01
3.508746251463890076e-02
9.132837057113647461e-01
0.000000000000000000e+00
1.217375397682189941e-01
1.004646778106689453e+00
1.728170551359653473e-02
3.859909474849700928e-01
2.671482861042022705e-01
1.668115000938996673e-04
0.000000000000000000e+00
1.993381977081298828e-01
6.839281320571899414e-01
8.550824224948883057e-02
3.964377343654632568e-01
5.988303944468498230e-02
2.650126814842224121e-01
1.568908095359802246e+00
2.206820398569107056e-01
1.329396963119506836e-01
6.779507547616958618e-02
2.676934719085693359e+00
0.000000000000000000e+00
3.160730600357055664e-01
1.279808878898620605e+00
1.341482043266296387e+00
3.143600225448608398e-01
1.328990459442138672e-01
3.113716840744018555e-01
1.070867627859115601e-01
2.134390473365783691e-01
0.000000000000000000e+00
1.428461194038391113e+00
0.000000000000000000e+00
1.077233314514160156e+00
6.194878742098808289e-02
1.147994637489318848e+00
1.339727938175201416e-01
3.152204677462577820e-02
8.363974094390869141e-02
1.211561784148216248e-01
4.921185318380594254e-03
3.795331809669733047e-03
1.352389931678771973e+00
2.731585875153541565e-03
1.278338134288787842e-01
0.000000000000000000e+00
0.000000000000000000e+00
7.213567942380905151e-02
5.959376692771911621e-01
1.692058324813842773e+00
9.199638850986957550e-03
4.904531240463256836e-01
1.098156198859214783e-01
2.054966092109680176e-01
0.000000000000000000e+00
1.238898754119873047e+00
0.000000000000000000e+00
4.038606211543083191e-02
4.640284180641174316e-01
0.000000000000000000e+00
2.347143143415451050e-01
3.177803456783294678e-01
7.422782946377992630e-03
6.443750262260437012e-01
0.000000000000000000e+00
4.931279718875885010e-01
4.204866886138916016e-01
2.470357418060302734e-01
1.449220255017280579e-02
2.363794110715389252e-02
2.034479230642318726e-01
3.900829255580902100e-01
3.700568154454231262e-02
7.395846303552389145e-03
8.718554973602294922e-01
3.006094135344028473e-02
5.341460704803466797e-01
1.163371920585632324e+00
1.888744980096817017e-01
4.113241434097290039e-01
2.322512716054916382e-01
6.447682380676269531e-01
1.196552962064743042e-01
0.000000000000000000e+00
7.852438092231750488e-01
1.197710037231445312e+00
1.600148081779479980e+00
4.230852425098419189e-02
5.512286350131034851e-02
8.453368209302425385e-04
5.900154113769531250e-01
7.222350835800170898e-01
2.716823816299438477e-01
1.055341005325317383e+00
2.521093606948852539e+00
4.097967445850372314e-01
4.272936582565307617e-01
6.674896478652954102e-01
4.154385924339294434e-01
1.044694185256958008e+00
1.190227195620536804e-01
5.103858113288879395e-01
4.360096156597137451e-01
1.499167643487453461e-02
2.345983982086181641e-01
3.183323144912719727e-02
2.173194289207458496e-02
1.812470853328704834e-01
1.016289949417114258e+00
4.075793027877807617e-01
3.946863487362861633e-02
0.000000000000000000e+00
3.000581264495849609e-01
9.588261693716049194e-02
5.459332466125488281e-02
0.000000000000000000e+00
1.808562427759170532e-01
0.000000000000000000e+00
2.056987881660461426e-01
3.918187022209167480e-01
1.274998784065246582e-01
1.786790788173675537e-01
8.355511724948883057e-02
2.511395327746868134e-02
4.382299900054931641e+00
7.799771428108215332e-02
4.252450764179229736e-01
4.384182393550872803e-01
1.374547481536865234e-01
9.823672473430633545e-02
2.350550442934036255e-01
1.728374324738979340e-02
1.767237663269042969e+00
1.764190383255481720e-02
9.006412327289581299e-02
2.775346040725708008e-01
1.292840987443923950e-01
7.282524108886718750e-01
8.223766833543777466e-02
3.643940901383757591e-03
5.466990917921066284e-02
1.196523189544677734e+00
4.549291133880615234e-01
1.292695943266153336e-02
8.641491830348968506e-02
5.597423911094665527e-01
1.221995472908020020e+00
4.416757076978683472e-02
0.000000000000000000e+00
3.846969082951545715e-02
7.851836830377578735e-02
1.235100150108337402e+00
1.084002777934074402e-01
1.398505806922912598e+00
4.376986026763916016e-01
3.754154592752456665e-02
1.499373167753219604e-01
2.114161103963851929e-01
4.771569669246673584e-01
3.387643992900848389e-01
1.617734789848327637e+00
0.000000000000000000e+00
5.171834677457809448e-02
1.855258494615554810e-01
6.891744732856750488e-01
1.036856248974800110e-01
0.000000000000000000e+00
6.787702441215515137e-01
1.620864748954772949e+00
8.669512867927551270e-01
1.399097889661788940e-01
8.608102798461914062e-02
1.106570363044738770e+00
1.954105496406555176e-01
2.832231223583221436e-01
0.000000000000000000e+00
1.205606937408447266e+00
5.111537501215934753e-02
8.925096988677978516e-01
1.575539112091064453e-01
1.034412011504173279e-01
4.873924255371093750e-01
1.626218557357788086e-01
1.033081531524658203e+00
2.566433250904083252e-01
3.029293119907379150e-01
1.931259321281686425e-04
6.143762264400720596e-03
2.259528487920761108e-01
6.031155958771705627e-02
3.145236372947692871e-01
2.967524807900190353e-03
3.998374193906784058e-02
3.149201273918151855e-01
1.583255231380462646e-01
6.625363826751708984e-01
2.087098173797130585e-02
0.000000000000000000e+00
0.000000000000000000e+00
5.167741179466247559e-01
2.620655894279479980e-01
2.682704925537109375e-01
1.643779338337481022e-03
1.604672707617282867e-02
1.641747206449508667e-01
2.369080930948257446e-01
6.155491471290588379e-01
2.904770895838737488e-02
6.559266895055770874e-02
3.003041073679924011e-02
2.276343554258346558e-01
5.594341754913330078e-01
5.299125313758850098e-01
3.095189929008483887e-01
1.041726544499397278e-01
1.080700635910034180e+00
4.061858654022216797e-01
6.194651126861572266e-01
1.341597318649291992e+00
2.148857116699218750e-01
3.455323576927185059e-01
7.943570017814636230e-01
9.810599684715270996e-02
1.023056283593177795e-01
1.007340908050537109e+00
7.304952479898929596e-03
0.000000000000000000e+00
1.156877279281616211e-01
2.075183242559432983e-01
1.549573987722396851e-01
1.170003414154052734e+00
3.053642809391021729e-01
2.785280644893646240e-01
2.849450707435607910e-01
2.192810177803039551e-01
4.346568882465362549e-01
3.566946983337402344e-01
7.793952226638793945e-01
0.000000000000000000e+00
8.402250707149505615e-03
2.551524899899959564e-02
3.955786228179931641e+00
0.000000000000000000e+00
3.605452477931976318e-01
5.382542014122009277e-01
1.449480295181274414e+00
4.794872701168060303e-01
2.766040861606597900e-01
1.473759263753890991e-01
2.171840518712997437e-02
0.000000000000000000e+00
2.266318164765834808e-02
8.757697939872741699e-01
0.000000000000000000e+00
9.947208315134048462e-02
1.445777297019958496e+00
0.000000000000000000e+00
7.131847739219665527e-02
1.766964673995971680e+00
1.522464901208877563e-01
3.885986283421516418e-02
4.121813774108886719e-01
5.081599950790405273e-01
8.436637371778488159e-02
1.029702425003051758e+00
6.184314191341400146e-02
6.111460179090499878e-02
3.060171604156494141e-01
2.567722797393798828e-01
1.030305922031402588e-01
3.729300573468208313e-02
1.792555898427963257e-01
1.890735626220703125e-01
0.000000000000000000e+00
4.595041275024414062e-02
2.733087241649627686e-01
8.743054270744323730e-01
1.697061508893966675e-01
4.928802549839019775e-01
1.013410557061433792e-02
0.000000000000000000e+00
3.614838123321533203e-01
7.366040721535682678e-03
7.160916924476623535e-01
1.459655016660690308e-01
1.233232021331787109e+00
0.000000000000000000e+00
6.243970394134521484e-01
2.158841043710708618e-01
9.052421897649765015e-02
1.807780414819717407e-01
3.808937370777130127e-01
3.989383876323699951e-01
8.557653427124023438e-02
0.000000000000000000e+00
9.231129884719848633e-01
5.044409036636352539e-01
0.000000000000000000e+00
6.441751122474670410e-01
7.031847238540649414e-01
4.078504741191864014e-01
1.680179033428430557e-03
5.232372134923934937e-02
1.095409616827964783e-01
2.969749271869659424e-01
1.596358656883239746e+00
3.499933751299977303e-03
1.921577900648117065e-01
1.208922490477561951e-01
8.040950447320938110e-02
6.756990551948547363e-01
5.439991354942321777e-01
6.314303725957870483e-02
0.000000000000000000e+00
2.916342578828334808e-02
5.615317076444625854e-02
4.735762476921081543e-01
3.714938163757324219e-01
2.010744996368885040e-02
9.405113011598587036e-02
9.456480853259563446e-03
4.504600763320922852e-01
7.355086803436279297e-01
1.542975008487701416e-01
1.616593480110168457e+00
7.282968759536743164e-01
7.078172564506530762e-01
1.980033069849014282e-01
1.095627546310424805e-01
3.954557776451110840e-01
1.643715053796768188e-01
0.000000000000000000e+00
4.050187170505523682e-01
0.000000000000000000e+00
1.252401992678642273e-02
2.389568835496902466e-01
9.950212240219116211e-01
1.886695176362991333e-01
1.666992604732513428e-01
7.700779289007186890e-02
4.749523475766181946e-03
1.970397830009460449e-01
1.859136372804641724e-01
8.573058843612670898e-01
5.598371624946594238e-01
8.227922320365905762e-01
6.645995378494262695e-01
