7.980039343237876892e-03
3.475943207740783691e-01
2.414711117744445801e-01
5.567164421081542969e-01
1.993091776967048645e-03
1.663898527622222900e-01
5.300574898719787598e-01
1.349109113216400146e-01
8.407595157623291016e-01
1.433634996414184570e+00
4.049123823642730713e-02
3.642180934548377991e-02
2.046285122632980347e-01
1.892134249210357666e-01
1.093771401792764664e-02
2.111490219831466675e-01
1.097976088523864746e+00
2.534167170524597168e-01
4.452190697193145752e-01
5.996441245079040527e-01
3.277375996112823486e-01
5.471593141555786133e-01
5.327557325363159180e-01
4.639139771461486816e-02
5.089084617793560028e-03
7.713485956192016602e-01
1.627968698740005493e-01
0.000000000000000000e+00
5.175318103283643723e-03
2.512528896331787109e-01
4.639688491821289062e+00
6.763620674610137939e-02
9.246353060007095337e-02
6.863489747047424316e-02
3.992591425776481628e-02
1.437033116817474365e-01
3.683006390929222107e-02
6.402581930160522461e-01
1.157204881310462952e-01
4.217429161071777344e-01
3.318400084972381592e-01
1.185260534286499023e+00
1.495742350816726685e-01
2.484308958053588867e+00
1.958745419979095459e-01
0.000000000000000000e+00
1.957188826054334641e-03
0.000000000000000000e+00
5.716994777321815491e-02
2.944315373897552490e-01
0.000000000000000000e+00
1.921268105506896973e+00
6.106657907366752625e-02
2.063733488321304321e-01
4.009281992912292480e-01
7.209318131208419800e-02
3.023774325847625732e-01
1.966408640146255493e-02
9.058710932731628418e-01
8.604351431131362915e-02
1.728535741567611694e-01
7.196407914161682129e-01
1.213915109634399414e+00
1.889886260032653809e-01
1.442142874002456665e-01
1.779724494554102421e-03
0.000000000000000000e+00
7.383576869964599609e+00
7.957568392157554626e-03
3.304001688957214355e-01
3.720144927501678467e-02
6.096411347389221191e-01
0.000000000000000000e+00
8.004170656204223633e-01
9.684337675571441650e-02
8.580058068037033081e-02
3.670793771743774414e-01
7.132837921380996704e-02
1.260144859552383423e-01
6.910814344882965088e-02
2.380268573760986328e+00
3.204368650913238525e-01
7.608277257531881332e-03
4.063969850540161133e-01
5.149561166763305664e-01
1.568813920021057129e+00
3.803843259811401367e-01
0.000000000000000000e+00
1.797897219657897949e+00
5.590875744819641113e-01
1.451167464256286621e+00
7.247719168663024902e-02
3.294262290000915527e-01
1.439176313579082489e-02
2.333254786208271980e-03
5.224890261888504028e-02
2.452639341354370117e-01
5.109313130378723145e-01
2.358873128890991211e+00
1.529031842947006226e-01
1.184266805648803711e-01
2.553228735923767090e-01
0.000000000000000000e+00
9.076049327850341797e-01
0.000000000000000000e+00
1.057346463203430176e-01
9.360382705926895142e-02
1.295433193445205688e-02
4.277722164988517761e-02
5.753135204315185547e+00
2.352578565478324890e-02
1.418907940387725830e-01
1.697105169296264648e-01
2.049148082733154297e-01
1.290025748312473297e-02
0.000000000000000000e+00
3.674603700637817383e-01
4.343038052320480347e-02
4.115075170993804932e-01
1.973848789930343628e-03
3.598353266716003418e-01
7.477673888206481934e-02
3.169360756874084473e-01
0.000000000000000000e+00
1.273586392402648926e+00
2.871639728546142578e-01
4.177731573581695557e-01
4.211037606000900269e-02
5.203900113701820374e-02
7.353698015213012695e-01
0.000000000000000000e+00
1.326127350330352783e-01
5.862158536911010742e-02
0.000000000000000000e+00
5.614953041076660156e-01
8.935728110373020172e-03
8.271894603967666626e-02
1.130070090293884277e-01
2.268592357635498047e+00
8.601763248443603516e-01
8.031506836414337158e-02
7.376647591590881348e-01
6.480061411857604980e-01
5.654867291450500488e-01
2.669202089309692383e-01
4.864550232887268066e-01
1.578586995601654053e-01
6.428796052932739258e-02
6.704547405242919922e-01
1.919580064713954926e-02
1.175353005528450012e-01
0.000000000000000000e+00
1.864735782146453857e-01
0.000000000000000000e+00
1.214669924229383469e-02
0.000000000000000000e+00
7.073971629142761230e-01
2.301771789789199829e-01
6.650494784116744995e-02
2.924476563930511475e-01
1.084457039833068848e-01
6.031156703829765320e-02
5.306096076965332031e-01
2.894318103790283203e-01
5.275862713460810483e-05
4.372833728790283203e+00
4.305282980203628540e-02
6.207655072212219238e-01
1.621702313423156738e-01
1.658180803060531616e-01
1.440381258726119995e-02
5.051778629422187805e-02
0.000000000000000000e+00
1.604755818843841553e-01
7.102615199983119965e-03
1.373231709003448486e-01
0.000000000000000000e+00
0.000000000000000000e+00
1.658549159765243530e-01
2.333073467016220093e-01
2.351873368024826050e-01
1.367202281951904297e+00
7.238827943801879883e-01
1.116522431373596191e+00
3.452585265040397644e-02
2.822248078882694244e-02
2.843298316001892090e-01
4.755080118775367737e-02
2.101491987705230713e-01
1.308675706386566162e-01
2.126845121383666992e-01
3.069109097123146057e-02
0.000000000000000000e+00
5.024811029434204102e-01
6.438476033508777618e-03
2.228187629953026772e-03
1.508416682481765747e-01
1.360031962394714355e-01
0.000000000000000000e+00
2.476282715797424316e-01
5.655263364315032959e-02
6.760391592979431152e-01
4.313670694828033447e-01
0.000000000000000000e+00
1.823619604110717773e-01
2.040163986384868622e-02
8.655668795108795166e-02
1.248523235321044922e+00
3.127619251608848572e-02
1.269301325082778931e-01
2.504331804811954498e-02
2.478663064539432526e-02
2.040313370525836945e-02
1.391886919736862183e-02
1.284878328442573547e-02
6.330025196075439453e-02
3.844197690486907959e-01
2.339102506637573242e+00
2.627884745597839355e-01
1.676684468984603882e-01
1.130898892879486084e-01
0.000000000000000000e+00
1.662492603063583374e-01
4.997766762971878052e-02
1.092097014188766479e-01
3.952759206295013428e-01
1.193630974739789963e-02
9.572405368089675903e-02
7.025067210197448730e-01
1.368130892515182495e-01
6.607064045965671539e-03
2.573413848876953125e-01
1.999431103467941284e-01
2.598556131124496460e-02
1.872950911521911621e+00
9.494628906250000000e-01
2.583429776132106781e-02
1.375627983361482620e-02
0.000000000000000000e+00
7.323025166988372803e-02
1.789270192384719849e-01
5.924545601010322571e-02
3.282984495162963867e-01
1.646842360496520996e-01
0.000000000000000000e+00
9.782474040985107422e-01
0.000000000000000000e+00
1.467092931270599365e-01
1.293799281120300293e-01
8.410740643739700317e-02
9.524389505386352539e-01
3.287918269634246826e-01
0.000000000000000000e+00
0.000000000000000000e+00
4.285292029380798340e-01
3.649765998125076294e-02
6.197157129645347595e-02
1.060475930571556091e-01
0.000000000000000000e+00
1.068962663412094116e-01
7.460402846336364746e-01
4.994931444525718689e-02
2.728262543678283691e-01
2.649904787540435791e-01
4.935240745544433594e-01
1.311584748327732086e-02
4.194279015064239502e-02
1.642984867095947266e+00
2.935589790344238281e+00
1.615216493606567383e+00
1.230691909790039062e+00
1.436224341392517090e+00
3.226214349269866943e-01
6.177100911736488342e-02
1.575744710862636566e-02
8.210712075233459473e-01
2.607399821281433105e-01
2.617146372795104980e-01
2.419301509857177734e+00
5.099431797862052917e-02
9.155979380011558533e-03
0.000000000000000000e+00
1.473259478807449341e-01
5.639467388391494751e-02
2.336312830448150635e-01
1.630398750305175781e+00
6.571316160261631012e-03
1.019892320036888123e-01
5.617064952850341797e+00
8.023383617401123047e-01
4.868043661117553711e-01
3.170761168003082275e-01
8.273633569478988647e-02
4.413528144359588623e-01
1.277794409543275833e-02
1.074902266263961792e-01
4.935843050479888916e-01
5.320186913013458252e-02
5.184743087738752365e-03
1.553391758352518082e-02
3.624050021171569824e-01
6.513146162033081055e-01
1.270691752433776855e-01
0.000000000000000000e+00
3.773908689618110657e-02
2.627974152565002441e-01
1.121412962675094604e-01
0.000000000000000000e+00
3.615263402462005615e-01
2.886597067117691040e-02
1.499337609857320786e-02
6.410500407218933105e-02
2.660914324223995209e-02
1.665747351944446564e-02
7.875665426254272461e-01
1.442802883684635162e-02
1.982660219073295593e-02
5.055451765656471252e-02
6.928564310073852539e-01
1.236789450049400330e-01
1.057715155184268951e-02
9.516641497611999512e-03
8.668577671051025391e-02
2.705089449882507324e-01
6.585742235183715820e-01
4.700744152069091797e-01
8.989924192428588867e-02
3.757180571556091309e-01
0.000000000000000000e+00
8.656693100929260254e-01
2.530952692031860352e-01
7.049275040626525879e-01
1.520687937736511230e-01
0.000000000000000000e+00
3.738473653793334961e-01
0.000000000000000000e+00
1.233931854367256165e-01
3.059628978371620178e-02
1.852393150329589844e-03
1.605679988861083984e-01
2.371174991130828857e-01
1.259584794752299786e-03
0.000000000000000000e+00
1.839545965194702148e-01
5.056355893611907959e-02
1.710596028715372086e-03
0.000000000000000000e+00
3.430871665477752686e-01
1.136691793799400330e-01
8.180577307939529419e-02
1.484839320182800293e+00
0.000000000000000000e+00
1.293125301599502563e-01
0.000000000000000000e+00
5.015070736408233643e-02
1.964560508728027344e+00
5.051679611206054688e-01
4.588724970817565918e-01
1.304163575172424316e+00
1.112399175763130188e-01
1.292100399732589722e-01
2.510355710983276367e-01
2.055132687091827393e-01
1.561995893716812134e-01
2.472718944773077965e-03
3.475707769393920898e-01
1.024307832121849060e-01
5.026915669441223145e-01
7.293481379747390747e-02
1.520819403231143951e-02
3.838560879230499268e-01
8.396622538566589355e-01
3.378630802035331726e-02
4.488187432289123535e-01
0.000000000000000000e+00
0.000000000000000000e+00
1.853299289941787720e-01
0.000000000000000000e+00
1.876890659332275391e+00
4.952428340911865234e-01
8.043728470802307129e-01
8.068688392639160156e+00
3.068362772464752197e-01
4.360000416636466980e-02
1.431629359722137451e-01
4.544484317302703857e-01
1.193987391889095306e-02
0.000000000000000000e+00
1.252806901931762695e+00
3.201527893543243408e-01
1.740974783897399902e+00
1.676772236824035645e-01
2.438035309314727783e-01
0.000000000000000000e+00
1.410650730133056641e+00
5.002198815345764160e-01
6.524258852005004883e-01
1.861671209335327148e-01
3.723053038120269775e-01
1.262704934924840927e-02
2.812301516532897949e-01
3.480467498302459717e-01
6.125894933938980103e-02
1.441612124443054199e+00
3.005383014678955078e-01
1.872936189174652100e-01
5.990394204854965210e-02
9.119225144386291504e-01
5.643427371978759766e-01
4.523053765296936035e-01
9.137269854545593262e-01
0.000000000000000000e+00
1.235789299011230469e+00
3.009938299655914307e-01
1.883252859115600586e+00
0.000000000000000000e+00
1.869322732090950012e-02
2.513375878334045410e-01
6.680995225906372070e-01
2.785660699009895325e-02
0.000000000000000000e+00
1.287960857152938843e-01
2.116065919399261475e-01
1.276662293821573257e-02
2.464912384748458862e-01
1.195081949234008789e+00
7.650211334228515625e+00
0.000000000000000000e+00
1.398228555917739868e-01
8.740555495023727417e-02
4.454837322235107422e+00
3.367820009589195251e-02
1.208971261978149414e+00
7.011415362358093262e-01
8.415987715125083923e-03
1.760850667953491211e+00
5.871191024780273438e-01
4.307488910853862762e-03
2.581681311130523682e-01
2.326268106698989868e-01
6.638896465301513672e-02
3.728596866130828857e-01
5.634082108736038208e-02
5.173420310020446777e-01
2.075827717781066895e-01
1.830429911613464355e+00
3.361226245760917664e-02
1.797092519700527191e-02
2.322435379028320312e-02
6.750106066465377808e-02
4.828857779502868652e-01
3.044027984142303467e-01
4.187508020550012589e-03
2.191168665885925293e-01
1.787853688001632690e-01
1.276581764221191406e+00
1.048145666718482971e-01
0.000000000000000000e+00
9.874961972236633301e-01
1.436567902565002441e-01
0.000000000000000000e+00
6.495644450187683105e-01
1.606256701052188873e-02
6.420176625251770020e-01
2.023845463991165161e-01
8.021510243415832520e-01
3.506916575133800507e-03
3.085525706410408020e-02
1.153032528236508369e-03
1.020757436752319336e+00
6.130212545394897461e-01
1.711450338363647461e+00
1.898327618837356567e-01
4.231919646263122559e-01
9.779068231582641602e-01
1.722853064537048340e+00
7.719542831182479858e-02
2.492201805114746094e+00
1.899331510066986084e-01
3.366505727171897888e-02
7.991699874401092529e-02
8.695253729820251465e-02
5.402124524116516113e-01
1.200244277715682983e-01
6.763873100280761719e-01
2.519267611205577850e-02
0.000000000000000000e+00
5.806046128273010254e-01
3.431772068142890930e-02
2.445812076330184937e-01
4.496264085173606873e-02
6.419041752815246582e-01
5.835707783699035645e-01
5.007468461990356445e-01
5.149046331644058228e-02
2.564653987064957619e-04
7.155790328979492188e-01
5.178268551826477051e-01
2.275416627526283264e-02
3.742295801639556885e-01
0.000000000000000000e+00
8.446410298347473145e-01
0.000000000000000000e+00
1.064444556832313538e-01
9.955350160598754883e-01
1.713469773530960083e-01
1.510828584432601929e-01
1.789962314069271088e-02
0.000000000000000000e+00
5.265155062079429626e-02
9.814375042915344238e-01
1.124466769397258759e-02
1.337430477142333984e+00
9.360870718955993652e-02
2.991813048720359802e-02
0.000000000000000000e+00
6.059802174568176270e-01
3.501722514629364014e-01
0.000000000000000000e+00
2.561160549521446228e-02
9.957432150840759277e-01
3.733835816383361816e-01
1.533628404140472412e-01
0.000000000000000000e+00
3.141942992806434631e-02
2.326217412948608398e+00
0.000000000000000000e+00
4.085833206772804260e-02
1.008286550641059875e-01
6.739149242639541626e-02
3.721797466278076172e-01
0.000000000000000000e+00
5.673958659172058105e-01
2.698402106761932373e-01
2.019937992095947266e+00
0.000000000000000000e+00
6.528398022055625916e-03
1.954255998134613037e-01
5.084316730499267578e-01
2.248268127441406250e-01
1.526246499270200729e-02
2.418292760848999023e-01
1.095896482467651367e+00
1.002396643161773682e-02
1.473433077335357666e-01
2.942703664302825928e-01
1.807723999023437500e+00
9.611308574676513672e-01
1.477123796939849854e-01
1.070013046264648438e+00
8.048825897276401520e-03
9.566652774810791016e-02
1.172351837158203125e-01
2.228035358712077141e-03
3.946979343891143799e-01
0.000000000000000000e+00
3.305549547076225281e-02
1.450451090931892395e-03
0.000000000000000000e+00
1.557922661304473877e-01
1.165418624877929688e-01
2.817769534885883331e-03
1.181566435843706131e-02
6.756262779235839844e-01
6.157105416059494019e-02
0.000000000000000000e+00
2.664458155632019043e-01
0.000000000000000000e+00
2.349556088447570801e-01
8.675646781921386719e-01
3.867101073265075684e-01
2.497111707925796509e-01
2.039424031972885132e-01
8.409747481346130371e-01
2.749689519405364990e-01
4.283213019371032715e-01
2.675679624080657959e-01
0.000000000000000000e+00
6.335539370775222778e-02
1.388006061315536499e-01
4.920246601104736328e-01
1.053027629852294922e+00
2.079376727342605591e-01
5.125270485877990723e-01
4.688363149762153625e-02
5.610855817794799805e-01
1.940066926181316376e-02
1.484290417283773422e-02
2.392196893692016602e+00
8.849670886993408203e-01
2.403354793787002563e-01
1.807988882064819336e-01
1.384315341711044312e-01
9.143023937940597534e-02
8.724500983953475952e-02
5.392077565193176270e-02
0.000000000000000000e+00
9.520058035850524902e-01
1.140120774507522583e-01
3.462693095207214355e-02
4.214240908622741699e-01
7.234541177749633789e-01
3.187456354498863220e-02
1.613286972045898438e+00
9.056954383850097656e-01
0.000000000000000000e+00
1.965930126607418060e-02
1.488040387630462646e-01
1.337735503911972046e-01
4.842752963304519653e-02
4.611456021666526794e-02
4.001591727137565613e-02
1.324985474348068237e-01
1.259564310312271118e-01
3.528461456298828125e-01
1.581039309501647949e+00
1.100923120975494385e-01
2.219996228814125061e-02
7.151708602905273438e-01
5.622477736324071884e-03
3.978022336959838867e-01
1.281452327966690063e-01
4.890421330928802490e-01
3.405778408050537109e-01
7.983280718326568604e-02
1.829499483108520508e+00
5.335006862878799438e-02
3.825180232524871826e-01
6.670035421848297119e-02
0.000000000000000000e+00
5.261121988296508789e-01
4.747041165828704834e-01
3.740341961383819580e-02
6.596234440803527832e-01
1.313895825296640396e-02
0.000000000000000000e+00
1.428324818611145020e+00
2.110422849655151367e+00
2.882858514785766602e+00
4.340200126171112061e-01
1.204798966646194458e-01
4.389367401599884033e-01
2.131481617689132690e-01
0.000000000000000000e+00
2.062271684408187866e-01
1.483696937561035156e+00
1.936842501163482666e-02
3.828863799571990967e-01
2.486729919910430908e-01
1.294768691062927246e+00
0.000000000000000000e+00
0.000000000000000000e+00
7.094597220420837402e-01
1.731938004493713379e+00
5.689363479614257812e-01
1.265552878379821777e+00
9.795223921537399292e-02
6.381844282150268555e-01
1.679223589599132538e-02
9.050216078758239746e-01
9.446281194686889648e-02
1.850957721471786499e-01
3.582302927970886230e-01
4.812110215425491333e-02
3.201961517333984375e-04
1.913089513778686523e+00
3.629170656204223633e+00
9.429807960987091064e-02
5.462053418159484863e-01
1.944639086723327637e-01
3.992101922631263733e-02
1.039107441902160645e+00
0.000000000000000000e+00
6.331107765436172485e-02
1.567878760397434235e-02
2.147360891103744507e-01
1.574200034141540527e+00
1.332363765686750412e-02
1.404281556606292725e-01
6.139723062515258789e-01
0.000000000000000000e+00
0.000000000000000000e+00
0.000000000000000000e+00
8.079902082681655884e-02
2.717001438140869141e-01
1.053530722856521606e-01
1.590721011161804199e+00
1.596961170434951782e-01
2.945698201656341553e-01
8.348891511559486389e-03
9.916511774063110352e-01
2.418839745223522186e-02
5.584415197372436523e-01
7.017096877098083496e-02
4.759540408849716187e-02
1.993690282106399536e-01
8.780019357800483704e-03
9.054324775934219360e-02
4.861023649573326111e-02
1.400744199752807617e+00
1.254438161849975586e+00
1.299323588609695435e-01
1.567502468824386597e-01
7.852357625961303711e-02
2.163948535919189453e+00
2.465191483497619629e-02
6.588958203792572021e-02
1.218692213296890259e-01
2.206214964389801025e-01
7.374381422996520996e-01
2.741027623414993286e-02
6.023493409156799316e-02
1.836129575967788696e-01
9.943319559097290039e-01
2.923641502857208252e-01
2.259751036763191223e-02
4.973489046096801758e-02
2.346492260694503784e-01
2.047410726547241211e+00
5.561417341232299805e-01
1.895762085914611816e-01
6.182629615068435669e-02
4.524490609765052795e-02
0.000000000000000000e+00
3.036918342113494873e-01
0.000000000000000000e+00
5.405098199844360352e-02
1.456437865272164345e-03
7.564290426671504974e-03
0.000000000000000000e+00
0.000000000000000000e+00
0.000000000000000000e+00
1.452641338109970093e-01
1.308743357658386230e+00
1.933453977108001709e-02
1.965735852718353271e-02
1.450131088495254517e-01
8.851341605186462402e-01
0.000000000000000000e+00
0.000000000000000000e+00
1.568961143493652344e+00
4.915823414921760559e-02
1.401210296899080276e-02
2.714564278721809387e-02
1.711106160655617714e-03
2.850929498672485352e-01
9.731981903314590454e-02
9.223430156707763672e-01
9.526164829730987549e-02
2.398622989654541016e+00
4.447400271892547607e-01
1.732719391584396362e-01
9.891418367624282837e-02
1.641133546829223633e+00
3.354752659797668457e-01
1.901594996452331543e-01
0.000000000000000000e+00
4.560579657554626465e-01
1.055647969245910645e+00
2.086798906326293945e+00
2.074471907690167427e-03
7.611091732978820801e-01
0.000000000000000000e+00
3.411820158362388611e-02
1.256324648857116699e+00
1.660728901624679565e-01
0.000000000000000000e+00
0.000000000000000000e+00
5.908506922423839569e-03
2.903644181787967682e-02
9.737858176231384277e-02
2.630314826965332031e-01
9.123581647872924805e-01
4.805654883384704590e-01
6.067072600126266479e-02
4.093601405620574951e-01
3.674392998218536377e-01
1.230018496513366699e+00
8.665254712104797363e-01
3.978327214717864990e-01
1.176709234714508057e-01
5.637947916984558105e-01
1.038962125778198242e+00
1.185717955231666565e-01
2.284159421920776367e+00
8.671422488987445831e-03
1.382070630788803101e-01
3.487683832645416260e-02
8.714611828327178955e-02
5.095236897468566895e-01
1.615980081260204315e-02
2.836070954799652100e-02
2.949892997741699219e+00
3.683629631996154785e-01
1.194077283143997192e-01
3.680441975593566895e-01
1.572570065036416054e-03
1.669698022305965424e-02
1.161902844905853271e-01
8.844660520553588867e-01
1.261189818382263184e+00
0.000000000000000000e+00
1.185220241546630859e+00
1.028245016932487488e-01
3.541409373283386230e-01
1.138337373733520508e+00
1.000236719846725464e-01
4.308061301708221436e-02
3.900653123855590820e-02
1.353086084127426147e-01
2.836277484893798828e+00
1.048990786075592041e-01
0.000000000000000000e+00
6.898602247238159180e-01
5.962830781936645508e-02
5.290728807449340820e-01
6.281079351902008057e-02
4.640657603740692139e-01
2.369747906923294067e-01
2.644880674779415131e-02
3.518674671649932861e-01
5.354916676878929138e-02
6.451474037021398544e-03
4.901017248630523682e-01
1.781128525733947754e+00
5.702489614486694336e-02
2.369652241468429565e-01
2.951814234256744385e-01
9.408518671989440918e-01
3.774759769439697266e-01
1.710743755102157593e-01
1.367347985506057739e-01
0.000000000000000000e+00
1.502904295921325684e-01
0.000000000000000000e+00
1.303881499916315079e-02
0.000000000000000000e+00
4.640805721282958984e-01
0.000000000000000000e+00
7.940478324890136719e-01
0.000000000000000000e+00
1.322803348302841187e-01
1.516731381416320801e+00
0.000000000000000000e+00
0.000000000000000000e+00
2.544968128204345703e-01
2.546672523021697998e-01
9.774505160748958588e-03
6.994778513908386230e-01
6.081046909093856812e-02
0.000000000000000000e+00
2.849292755126953125e-02
6.009004544466733932e-03
1.299966275691986084e-01
3.393068909645080566e-01
4.766816645860671997e-02
3.237848877906799316e-01
0.000000000000000000e+00
3.374952673912048340e-01
5.688514094799757004e-03
7.040610164403915405e-02
1.372834891080856323e-01
2.744651138782501221e-01
2.219808995723724365e-01
2.453474283218383789e+00
4.898015409708023071e-03
4.692230373620986938e-02
0.000000000000000000e+00
0.000000000000000000e+00
1.380777265876531601e-02
2.147176489233970642e-02
1.756736040115356445e-01
6.907876729965209961e-01
9.479222893714904785e-01
1.767511814832687378e-01
1.080534979701042175e-01
2.880078852176666260e-01
3.060700893402099609e-01
0.000000000000000000e+00
4.656752645969390869e-01
8.789032581262290478e-04
3.594683110713958740e-02
3.220396637916564941e-01
2.957811579108238220e-02
2.604216039180755615e-01
7.491220533847808838e-02
0.000000000000000000e+00
4.332958161830902100e-01
2.188763767480850220e-02
0.000000000000000000e+00
8.337885141372680664e-01
5.323244724422693253e-03
1.436710715293884277e+00
8.063053339719772339e-02
2.470698118209838867e+00
4.596960246562957764e-01
1.248797774314880371e+00
3.050176799297332764e-01
9.536188244819641113e-01
0.000000000000000000e+00
1.005023717880249023e+00
1.952287256717681885e-01
0.000000000000000000e+00
2.251290529966354370e-01
0.000000000000000000e+00
7.016431093215942383e-01
7.730548381805419922e-01
1.275698095560073853e-01
0.000000000000000000e+00
1.770362108945846558e-01
9.764321148395538330e-03
0.000000000000000000e+00
1.885184645652770996e-02
2.587088048458099365e-01
1.088728785514831543e+00
1.123290181159973145e+00
5.450345277786254883e-01
8.578107506036758423e-02
1.403111368417739868e-01
1.290125697851181030e-01
1.197235733270645142e-01
7.473551630973815918e-01
8.296359330415725708e-02
5.088920593261718750e-01
8.946288824081420898e-01
4.805778264999389648e-01
1.664059638977050781e+00
2.076063677668571472e-02
5.797462910413742065e-02
5.857268348336219788e-03
2.276222035288810730e-02
1.952526122331619263e-01
5.756911635398864746e-01
5.474901199340820312e-01
1.792942881584167480e+00
1.137196421623229980e+00
4.538990557193756104e-02
2.531648278236389160e-01
9.836909174919128418e-02
3.236796706914901733e-02
1.535791996866464615e-02
3.078173696994781494e-01
3.405499830842018127e-02
0.000000000000000000e+00
7.330513000488281250e-01
0.000000000000000000e+00
7.384290099143981934e-01
3.601354360580444336e-01
2.278071045875549316e-01
1.647970825433731079e-01
0.000000000000000000e+00
0.000000000000000000e+00
4.309193789958953857e-02
2.881683111190795898e-01
9.482144564390182495e-02
2.795318603515625000e+00
1.134382486343383789e-01
6.547951698303222656e-02
8.582875132560729980e-01
2.823942527174949646e-02
3.716935873031616211e+00
1.365298330783843994e-01
2.903434447944164276e-03
3.001500964164733887e-01
4.619890358299016953e-03
6.498944759368896484e-01
2.855289280414581299e-01
1.474996805191040039e-01
1.712215989828109741e-01
6.109852194786071777e-01
7.286730408668518066e-01
9.486412405967712402e-01
7.630764693021774292e-02
8.787514567375183105e-01
0.000000000000000000e+00
1.572171002626419067e-01
2.460230588912963867e+00
3.364817053079605103e-02
1.278810761868953705e-02
3.601898439228534698e-03
0.000000000000000000e+00
2.170648574829101562e-01
0.000000000000000000e+00
4.145503416657447815e-02
1.243412867188453674e-01
1.015497744083404541e-01
3.048003315925598145e-01
9.668943285942077637e-01
4.949444904923439026e-03
1.086561828851699829e-01
5.585558414459228516e-01
2.452380061149597168e-01
6.217569708824157715e-01
5.960245728492736816e-01
8.786435127258300781e-01
2.981334924697875977e-01
0.000000000000000000e+00
2.787794768810272217e-01
3.132062256336212158e-01
7.839012742042541504e-01
1.185803767293691635e-02
4.508024454116821289e-02
0.000000000000000000e+00
9.708208963274955750e-03
1.159745305776596069e-01
4.654123783111572266e-01
2.895615994930267334e-01
4.482306540012359619e-01
2.284643799066543579e-01
7.860898971557617188e-01
3.792747259140014648e-01
1.600526720285415649e-01
2.171125560998916626e-01
0.000000000000000000e+00
5.326118469238281250e+00
3.045344026759266853e-03
0.000000000000000000e+00
2.289609909057617188e-01
5.324917435646057129e-01
2.911767065525054932e-01
1.711228787899017334e-01
8.416204452514648438e-01
0.000000000000000000e+00
7.684292793273925781e-01
5.093632340431213379e-01
2.267241179943084717e-01
1.698769778013229370e-01
3.599277883768081665e-02
1.737136244773864746e-01
0.000000000000000000e+00
0.000000000000000000e+00
1.203739270567893982e-01
2.769269049167633057e-01
1.240145415067672729e-02
9.487891569733619690e-03
1.150243520736694336e+00
9.379383176565170288e-02
7.924878038465976715e-03
0.000000000000000000e+00
9.343980252742767334e-02
7.665882352739572525e-03
2.786152958869934082e-01
2.502217292785644531e-01
3.884282410144805908e-01
1.011799871921539307e-01
2.910220921039581299e-01
0.000000000000000000e+00
6.862409114837646484e-01
4.630509763956069946e-03
7.664084434509277344e-02
1.369588673114776611e-01
1.035002171993255615e-01
7.950045168399810791e-03
7.473101615905761719e-01
3.979690745472908020e-02
1.830048412084579468e-01
1.827313005924224854e-02
2.544174194335937500e-01
3.242011740803718567e-02
2.112099379301071167e-01
0.000000000000000000e+00
2.626880645751953125e+00
9.647521376609802246e-02
1.793399900197982788e-01
3.765430152416229248e-01
4.374178126454353333e-02
2.720226161181926727e-02
4.824456274509429932e-01
1.928073316812515259e-01
1.498120184987783432e-02
2.157847881317138672e-01
1.795052923262119293e-02
8.995602130889892578e-01
1.696954965591430664e-01
6.069232225418090820e-01
0.000000000000000000e+00
2.438914775848388672e-01
9.794152975082397461e-01
2.040608406066894531e+00
1.875726282596588135e-01
4.452876150608062744e-01
0.000000000000000000e+00
1.075964570045471191e-01
4.478570073843002319e-02
2.159244380891323090e-02
3.642872348427772522e-02
1.165707707405090332e-01
5.482410779222846031e-04
1.480639278888702393e-01
5.481743216514587402e-01
1.883510798215866089e-01
3.614653348922729492e-01
5.642339214682579041e-02
0.000000000000000000e+00
2.556999400258064270e-02
0.000000000000000000e+00
2.701460719108581543e-01
2.148508727550506592e-01
3.803763985633850098e-01
3.467160165309906006e-01
2.876330912113189697e-01
0.000000000000000000e+00
2.758564054965972900e-01
1.024713516235351562e-01
1.631013900041580200e-01
7.707515358924865723e-01
2.021468877792358398e-01
2.022675052285194397e-02
9.233244061470031738e-01
1.411400288343429565e-01
6.353848576545715332e-01
8.174246549606323242e-02
5.444791913032531738e-01
1.391394734382629395e-01
3.743985593318939209e-01
0.000000000000000000e+00
0.000000000000000000e+00
1.497645020484924316e+00
3.209394589066505432e-02
1.009480841457843781e-02
7.044321894645690918e-01
5.399740301072597504e-03
1.845509856939315796e-01
2.007908374071121216e-01
1.240375399589538574e+00
2.134600877761840820e+00
2.622476816177368164e-01
2.475379407405853271e-01
4.388405755162239075e-02
1.682216823101043701e-01
2.160471864044666290e-02
1.423010081052780151e-01
6.523309648036956787e-02
1.292596012353897095e-01
1.314634978771209717e-01
2.298107929527759552e-02
8.737059682607650757e-02
4.230630099773406982e-01
1.802832446992397308e-02
2.923472821712493896e-01
0.000000000000000000e+00
5.169857144355773926e-01
2.525824494659900665e-02
1.202698588371276855e+00
5.347934365272521973e-01
0.000000000000000000e+00
1.569540351629257202e-01
2.114582210779190063e-01
2.193530350923538208e-01
1.430737853050231934e+00
3.687917232513427734e+00
6.461642682552337646e-02
1.276014089584350586e+00
1.922342181205749512e-01
4.354478325694799423e-03
1.248666830360889435e-02
1.243533343076705933e-01
8.093171566724777222e-02
2.834262326359748840e-02
0.000000000000000000e+00
4.047554433345794678e-01
1.105672121047973633e+00
9.560638666152954102e-01
1.976497657597064972e-02
7.305890321731567383e-02
0.000000000000000000e+00
3.315401971340179443e-01
5.398491770029067993e-02
8.871740102767944336e-02
2.631720155477523804e-02
3.075006790459156036e-02
2.078518569469451904e-01
1.912159562110900879e+00
5.457115769386291504e-01
6.499636918306350708e-02
8.735646307468414307e-02
2.155637264251708984e+00
2.481370232999324799e-02
3.719130456447601318e-01
0.000000000000000000e+00
1.669317334890365601e-01
3.210948109626770020e-01
5.668720975518226624e-02
4.045823216438293457e-02
1.360259801149368286e-01
0.000000000000000000e+00
1.309791356325149536e-01
1.506667677313089371e-02
2.720804214477539062e+00
2.247066646814346313e-01
4.864010214805603027e-01
4.902149364352226257e-02
1.236952066421508789e+00
2.941053807735443115e-01
8.405824899673461914e-01
8.847036957740783691e-02
1.035685464739799500e-02
5.001450181007385254e-01
1.062371879816055298e-01
3.206667602062225342e-01
1.107885465025901794e-01
9.059669822454452515e-02
3.003716468811035156e-01
9.510778635740280151e-02
2.525704726576805115e-02
2.071917802095413208e-02
8.444002866744995117e-01
9.225599169731140137e-01
1.193562522530555725e-01
3.436391800642013550e-02
1.911496967077255249e-01
4.912429954856634140e-03
5.128099117428064346e-03
2.887881398200988770e-01
1.857633352279663086e+00
1.795222997665405273e+00
4.048224538564682007e-02
1.842325367033481598e-02
1.391897797584533691e-01
4.174551963806152344e-01
3.476028516888618469e-02
7.138407230377197266e-02
2.497920513153076172e+00
2.175683528184890747e-01
1.348050683736801147e-02
3.714858368039131165e-02
0.000000000000000000e+00
0.000000000000000000e+00
9.388107657432556152e-01
1.525573432445526123e-01
1.531877070665359497e-01
0.000000000000000000e+00
9.283072501420974731e-02
9.257638454437255859e-02
9.350426197052001953e-01
7.460719347000122070e-02
6.585597991943359375e-02
3.421397209167480469e-01
3.842988610267639160e-01
1.770833134651184082e-01
4.334162771701812744e-01
6.800020933151245117e-01
9.377835690975189209e-02
3.800826668739318848e-01
5.661188960075378418e-01
5.973587185144424438e-02
1.353850364685058594e-01
0.000000000000000000e+00
1.298162434250116348e-02
1.442792415618896484e-01
2.435727510601282120e-03
2.776672132313251495e-02
2.061073929071426392e-01
1.985630244016647339e-01
2.785080969333648682e-01
2.796812951564788818e-01
2.029888033866882324e-01
5.011743903160095215e-01
4.254480823874473572e-02
1.568234324455261230e+00
3.647558018565177917e-02
9.996626526117324829e-02
1.451599132269620895e-02
2.820034325122833252e-01
9.043350815773010254e-02
0.000000000000000000e+00
1.088789701461791992e-01
0.000000000000000000e+00
2.408481091260910034e-01
2.453498542308807373e-02
2.218366414308547974e-02
2.405918436124920845e-03
2.929929494857788086e-01
6.804575920104980469e-01
8.429844677448272705e-02
9.531712532043457031e-01
2.481647729873657227e-01
4.253531396389007568e-01
1.263255476951599121e-01
7.072016000747680664e-01
9.682297110557556152e-01
0.000000000000000000e+00
3.532150760293006897e-02
2.666511058807373047e+00
1.326577663421630859e-01
1.497807074338197708e-02
1.014481764286756516e-02
7.447141408920288086e-01
6.339121609926223755e-03
7.794450968503952026e-02
5.506531596183776855e-01
5.137438774108886719e-01
6.565434485673904419e-02
3.431955575942993164e-01
4.944644123315811157e-02
5.160028338432312012e-01
5.329296924173831940e-03
1.721965074539184570e-01
2.026782929897308350e-01
1.181280970573425293e+00
4.515393450856208801e-02
3.576077520847320557e-02
5.870530009269714355e-02
2.240905016660690308e-01
3.885012269020080566e-01
4.979802295565605164e-02
0.000000000000000000e+00
6.695315707474946976e-03
3.049612343311309814e-01
1.948369108140468597e-02
1.502126306295394897e-01
8.090211451053619385e-02
2.770714163780212402e-01
3.950198292732238770e-01
0.000000000000000000e+00
4.398291110992431641e-01
8.343953490257263184e-01
2.538774013519287109e-01
4.956547617912292480e-01
3.371212482452392578e-01
2.072411123663187027e-03
4.867752194404602051e-01
1.166465878486633301e-01
2.189530245959758759e-02
4.920983612537384033e-01
5.775528550148010254e-01
2.251272201538085938e+00
3.942952677607536316e-02
3.711581230163574219e-01
2.688712254166603088e-02
0.000000000000000000e+00
7.861852645874023438e-03
8.559367805719375610e-02
0.000000000000000000e+00
1.238396540284156799e-01
9.020745158195495605e-01
0.000000000000000000e+00
1.919191926717758179e-01
2.126703970134258270e-02
3.170283976942300797e-03
2.814469933509826660e-01
5.714563131332397461e-01
4.387813568115234375e+00
1.356760621070861816e+00
3.613636195659637451e-01
7.916083931922912598e-02
3.969235345721244812e-02
9.148383885622024536e-02
1.982050687074661255e-01
1.020314097404479980e-01
3.331706300377845764e-02
5.921937990933656693e-04
2.239076644182205200e-01
5.802054405212402344e-01
0.000000000000000000e+00
2.262290939688682556e-02
7.118383049964904785e-01
1.742366433143615723e+00
0.000000000000000000e+00
1.586025595664978027e+00
0.000000000000000000e+00
4.313521087169647217e-01
4.016902670264244080e-02
3.457143157720565796e-02
2.521410942077636719e+00
0.000000000000000000e+00
3.706081509590148926e-01
1.588536143302917480e+00
3.362817466259002686e-01
1.987335234880447388e-01
5.665020346641540527e-01
3.986956179141998291e-02
4.172408953309059143e-02
1.133434534072875977e+00
3.352903202176094055e-02
4.708373844623565674e-01
3.471426367759704590e-01
2.673210501670837402e-01
7.365121841430664062e-01
1.265062689781188965e+00
4.446142166852951050e-02
0.000000000000000000e+00
3.851133584976196289e-02
2.555523514747619629e-01
5.677100643515586853e-02
3.829655051231384277e-01
0.000000000000000000e+00
2.259075194597244263e-01
6.609798967838287354e-02
7.152289152145385742e-02
1.959730237722396851e-01
1.160650968551635742e+00
4.217985868453979492e-01
3.538427650928497314e-01
1.751874327659606934e+00
1.582011878490447998e-01
9.115272760391235352e-02
2.415863275527954102e-01
1.968763917684555054e-01
0.000000000000000000e+00
1.984963268041610718e-01
2.890061400830745697e-02
6.994875613600015640e-03
5.143893137574195862e-02
3.984968960285186768e-01
1.509730696678161621e+00
4.257007539272308350e-01
0.000000000000000000e+00
1.139464695006608963e-02
3.728169918060302734e+00
9.890986606478691101e-03
0.000000000000000000e+00
9.580897092819213867e-01
2.454902743920683861e-03
2.060090191662311554e-02
9.919296205043792725e-02
5.754750967025756836e-02
0.000000000000000000e+00
9.295033663511276245e-02
3.563165187835693359e+00
4.783626645803451538e-02
2.130016088485717773e-01
2.738090977072715759e-02
1.378673613071441650e-01
1.016544938087463379e+00
9.194641560316085815e-02
7.753276228904724121e-01
3.117687811027280986e-05
0.000000000000000000e+00
0.000000000000000000e+00
7.511633913964033127e-03
4.407083988189697266e-01
8.998619914054870605e-01
6.574971675872802734e-01
2.184492945671081543e-01
2.804642677307128906e+00
0.000000000000000000e+00
4.750924408435821533e-01
3.309102058410644531e-01
7.572619616985321045e-02
1.329203788191080093e-02
1.421224355697631836e+00
2.632996439933776855e-02
0.000000000000000000e+00
1.732344180345535278e-01
0.000000000000000000e+00
2.054689407348632812e+00
1.325754970312118530e-01
9.539207071065902710e-02
2.541981041431427002e-01
2.875849306583404541e-01
4.549711197614669800e-02
7.619776576757431030e-02
4.574437439441680908e-01
3.424855709075927734e+00
1.007017612457275391e+00
1.404318120330572128e-02
1.522988080978393555e-01
4.113946259021759033e-01
2.881741523742675781e-01
6.509652733802795410e-02
4.902314841747283936e-01
2.876519411802291870e-02
1.389172971248626709e-01
5.699018947780132294e-03
8.878272026777267456e-03
1.880560070276260376e-01
8.962727785110473633e-01
9.665021300315856934e-01
2.370271205902099609e+00
2.026702165603637695e+00
4.873884618282318115e-01
2.742825634777545929e-02
0.000000000000000000e+00
5.694513320922851562e-01
1.382255405187606812e-01
2.625286579132080078e-01
0.000000000000000000e+00
1.834774166345596313e-01
3.199390172958374023e-01
1.085440739989280701e-01
1.004143282771110535e-01
6.078789234161376953e-01
0.000000000000000000e+00
6.431038677692413330e-02
4.210374057292938232e-01
3.303695321083068848e-01
9.865629673004150391e-02
0.000000000000000000e+00
6.559728384017944336e-01
1.987308636307716370e-02
2.151288390159606934e-01
1.170533657073974609e+00
1.341153234243392944e-01
5.059584975242614746e-02
6.928622126579284668e-01
6.397125869989395142e-02
6.600368022918701172e-01
0.000000000000000000e+00
4.161180257797241211e-01
1.214226722717285156e+00
3.959359824657440186e-01
2.188870906829833984e-01
6.571518182754516602e-01
1.621606945991516113e-01
1.450572162866592407e-01
3.853890597820281982e-01
1.346357017755508423e-01
6.385312974452972412e-02
9.494880586862564087e-02
8.881425112485885620e-02
3.836189508438110352e-01
9.845544695854187012e-01
2.244720235466957092e-02
3.627085387706756592e-01
2.865722477436065674e-01
1.889163613319396973e+00
1.347553014755249023e+00
2.934193611145019531e-01
6.039856374263763428e-02
3.112263977527618408e-01
6.912075728178024292e-02
2.483968064188957214e-02
1.599378883838653564e-02
1.229402497410774231e-01
2.598767280578613281e+00
1.216482639312744141e+00
1.116671189665794373e-01
5.495292544364929199e-01
5.057927966117858887e-01
1.451184786856174469e-02
6.454527974128723145e-01
5.710570514202117920e-02
2.397945642471313477e+00
2.949000895023345947e-02
5.028656125068664551e-01
1.516694277524948120e-01
3.667934238910675049e-01
1.618769913911819458e-01
4.956864193081855774e-02
0.000000000000000000e+00
4.320178553462028503e-02
0.000000000000000000e+00
1.176034938544034958e-02
2.923404574394226074e-01
6.065613776445388794e-02
3.602513298392295837e-02
0.000000000000000000e+00
1.368881110101938248e-02
1.078067719936370850e-01
8.566708564758300781e-01
1.812041103839874268e-01
3.187103569507598877e-01
1.940618008375167847e-01
1.656464785337448120e-01
3.973060250282287598e-01
0.000000000000000000e+00
2.520797848701477051e-01
6.064534187316894531e-02
0.000000000000000000e+00
0.000000000000000000e+00
3.440600335597991943e-01
1.818461120128631592e-01
1.623046994209289551e-01
4.198002442717552185e-02
4.858012199401855469e-01
1.086637284606695175e-02
2.660004496574401855e-01
1.683692932128906250e-01
4.358559548854827881e-01
1.554558992385864258e+00
7.420864701271057129e-01
3.760361671447753906e-02
4.266988858580589294e-02
2.293344438076019287e-01
9.185590595006942749e-02
4.020678400993347168e-01
0.000000000000000000e+00
2.031574994325637817e-01
2.822558879852294922e-01
2.813280522823333740e-01
9.422439336776733398e-01
6.307950615882873535e-01
1.231216192245483398e-01
8.342038094997406006e-02
1.540910452604293823e-01
2.540622949600219727e-01
8.487686514854431152e-02
5.247180461883544922e-01
8.141968399286270142e-02
2.705143094062805176e-01
1.385034471750259399e-01
4.638746380805969238e-02
0.000000000000000000e+00
5.978303030133247375e-02
1.180425211787223816e-01
3.732874989509582520e-01
3.905568122863769531e-01
1.542580872774124146e-01
0.000000000000000000e+00
7.019946724176406860e-02
0.000000000000000000e+00
2.010194063186645508e-01
3.174903988838195801e-02
5.266819149255752563e-02
1.658785529434680939e-02
5.498258471488952637e-01
3.519307076930999756e-02
8.562819659709930420e-02
0.000000000000000000e+00
0.000000000000000000e+00
2.761124074459075928e-01
3.138240799307823181e-02
9.574786759912967682e-03
2.157768160104751587e-01
2.914536476135253906e+00
9.978586435317993164e-02
1.787866801023483276e-01
4.267382621765136719e-01
4.235394671559333801e-02
1.206750035285949707e+00
2.150480076670646667e-02
1.475059706717729568e-02
1.036286652088165283e-01
1.362868845462799072e-01
0.000000000000000000e+00
1.134527176618576050e-01
6.332278847694396973e-01
3.897698819637298584e-01
4.451568126678466797e-01
2.126707583665847778e-01
1.699981689453125000e-01
1.030908346176147461e+00
6.139123812317848206e-02
2.616490602493286133e+00
0.000000000000000000e+00
0.000000000000000000e+00
1.433624178171157837e-01
0.000000000000000000e+00
9.254043102264404297e-01
8.680903352797031403e-03
9.800804257392883301e-01
4.561796784400939941e-01
6.146095693111419678e-02
2.024391889572143555e-01
1.924923807382583618e-01
9.179973602294921875e-02
2.213112637400627136e-02
1.636978685855865479e-01
7.256350517272949219e-01
2.588724717497825623e-03
3.818833827972412109e-01
4.152469709515571594e-02
9.767028093338012695e-01
7.137072272598743439e-03
1.225658431649208069e-01
2.342090159654617310e-01
8.768427185714244843e-03
1.122431755065917969e-01
1.818399429321289062e-01
0.000000000000000000e+00
5.443893745541572571e-02
2.693026065826416016e-01
7.272170782089233398e-01
0.000000000000000000e+00
3.248943686485290527e-01
1.003199219703674316e+00
3.078570216894149780e-02
2.788526535034179688e+00
0.000000000000000000e+00
1.027545556426048279e-01
9.986366785597056150e-05
4.246413707733154297e-01
0.000000000000000000e+00
9.718503803014755249e-02
1.555414050817489624e-01
8.313048630952835083e-02
6.767529249191284180e-02
1.461743190884590149e-02
1.347233772277832031e+00
7.778754830360412598e-01
1.964913308620452881e-02
2.254780530929565430e+00
5.557952076196670532e-02
0.000000000000000000e+00
1.397094279527664185e-01
2.467468231916427612e-01
5.621086359024047852e-01
1.911095529794692993e-01
0.000000000000000000e+00
4.196309447288513184e-01
3.580991029739379883e-01
8.315552473068237305e-01
4.797760844230651855e-01
6.033973097801208496e-01
2.414699792861938477e-01
6.472540646791458130e-02
2.461905628442764282e-01
9.349298477172851562e-02
0.000000000000000000e+00
2.397691011428833008e-01
9.622038342058658600e-03
6.256954669952392578e-01
4.762089997529983521e-02
1.248150914907455444e-01
5.225601140409708023e-03
3.630764549598097801e-03
1.323817204684019089e-02
1.390041559934616089e-01
0.000000000000000000e+00
1.011809229850769043e+00
2.656390070915222168e-01
5.861268639564514160e-01
3.928271681070327759e-02
1.613772034645080566e+00
3.700774312019348145e-01
1.070423245429992676e+00
1.629521250724792480e+00
2.208682149648666382e-01
8.515678346157073975e-03
6.107473000884056091e-02
5.993969440460205078e-01
5.384599044919013977e-02
7.763209193944931030e-02
4.882651939988136292e-02
6.003033518791198730e-01
3.757389485836029053e-01
9.140492081642150879e-01
4.854179918766021729e-02
1.777381449937820435e-01
9.156628251075744629e-01
5.822159349918365479e-02
7.805992662906646729e-02
1.957826763391494751e-01
1.224252358078956604e-01
7.242826744914054871e-03
2.199342966079711914e+00
2.245732396841049194e-01
3.190605640411376953e-01
0.000000000000000000e+00
7.931630611419677734e-01
4.224409535527229309e-02
3.676741151139140129e-03
0.000000000000000000e+00
4.072772562503814697e-01
1.596289724111557007e-01
5.411054193973541260e-02
0.000000000000000000e+00
0.000000000000000000e+00
1.436391592025756836e+00
3.227355778217315674e-01
2.181034535169601440e-01
1.166659116744995117e+00
2.721535563468933105e-01
3.549430370330810547e-01
1.039707567542791367e-02
2.308211475610733032e-01
0.000000000000000000e+00
1.644644439220428467e-01
7.384822517633438110e-02
0.000000000000000000e+00
1.032827645540237427e-01
1.929525583982467651e-01
3.029280714690685272e-02
1.347429275512695312e+00
4.943756461143493652e-01
5.367543697357177734e-01
8.666626214981079102e-01
3.827093541622161865e-01
2.414293885231018066e-01
6.890007257461547852e-01
0.000000000000000000e+00
1.131994128227233887e-01
2.804598957300186157e-02
2.894148603081703186e-02
5.894600749015808105e-01
8.163115382194519043e-02
1.828710138797760010e-01
1.263103038072586060e-01
9.073478579521179199e-01
8.962360024452209473e-01
0.000000000000000000e+00
1.176535487174987793e+00
0.000000000000000000e+00
0.000000000000000000e+00
2.910747528076171875e-01
4.343277215957641602e-02
1.188844919204711914e+00
7.584893610328435898e-03
2.697740554809570312e+00
1.075888052582740784e-01
3.657428324222564697e-01
1.164078339934349060e-01
0.000000000000000000e+00
1.130784079432487488e-01
0.000000000000000000e+00
1.335631217807531357e-02
3.204755783081054688e-01
2.732976339757442474e-02
4.572021961212158203e-01
9.565387368202209473e-01
6.040754318237304688e-01
1.061506032943725586e+00
5.171514749526977539e-01
6.809367984533309937e-02
0.000000000000000000e+00
2.855253964662551880e-02
2.629777789115905762e-02
0.000000000000000000e+00
3.352298438549041748e-01
2.110360264778137207e-01
6.033406779170036316e-02
1.010431572794914246e-01
1.890212446451187134e-01
3.115626052021980286e-02
2.740057408809661865e-01
2.719437181949615479e-01
2.729460829868912697e-03
1.213525384664535522e-01
3.393408060073852539e-01
1.349567621946334839e-01
6.645140051841735840e-02
4.909713268280029297e-01
2.460646927356719971e-01
0.000000000000000000e+00
4.259054958820343018e-01
0.000000000000000000e+00
1.109742894768714905e-01
0.000000000000000000e+00
5.346123129129409790e-03
4.581182301044464111e-01
5.232118368148803711e-01
0.000000000000000000e+00
3.071759343147277832e-01
5.492576956748962402e-02
1.236114650964736938e-02
3.127503097057342529e-01
7.764964699745178223e-01
1.078450530767440796e-01
5.560493469238281250e-01
4.983691871166229248e-01
2.866554073989391327e-02
6.303646564483642578e-01
2.722293376922607422e+00
7.359519004821777344e-01
4.944644123315811157e-02
1.561757326126098633e+00
5.928026977926492691e-03
1.579244993627071381e-02
0.000000000000000000e+00
4.752501547336578369e-01
4.556490480899810791e-02
2.863402366638183594e-01
0.000000000000000000e+00
6.454420089721679688e-01
1.858332872390747070e+00
7.933634519577026367e-02
3.810908198356628418e-01
4.718157649040222168e-02
6.954817771911621094e-01
4.624446034431457520e-01
2.542895376682281494e-01
3.004586398601531982e-01
4.683776944875717163e-02
3.828858211636543274e-02
1.106691122055053711e+00
2.041188813745975494e-02
1.015713624656200409e-02
2.546935796737670898e+00
1.278371661901473999e-01
0.000000000000000000e+00
0.000000000000000000e+00
6.943919695913791656e-03
4.819418787956237793e-01
0.000000000000000000e+00
1.100744679570198059e-01
2.575604617595672607e-01
1.093480587005615234e+00
1.876460164785385132e-01
4.835876226425170898e-01
3.469998240470886230e-01
7.378903031349182129e-02
8.928187936544418335e-02
1.067779883742332458e-01
1.965144276618957520e-02
1.322791278362274170e-01
7.513018790632486343e-03
1.777811497449874878e-01
3.026656150817871094e+00
3.248708546161651611e-01
0.000000000000000000e+00
3.117856383323669434e-01
5.071350187063217163e-02
9.688977003097534180e-01
4.714685678482055664e-01
0.000000000000000000e+00
4.856308996677398682e-01
3.998187184333801270e-02
4.275612905621528625e-02
1.782310195267200470e-02
1.197899132966995239e-01
2.924450300633907318e-02
1.699142530560493469e-02
0.000000000000000000e+00
2.151982486248016357e-01
0.000000000000000000e+00
5.134817585349082947e-02
2.193554639816284180e+00
2.307532131671905518e-01
6.166044622659683228e-02
1.248142346739768982e-01
8.199706077575683594e-01
2.540027201175689697e-01
2.717525660991668701e-01
2.991011925041675568e-02
7.458365559577941895e-01
7.357261143624782562e-03
2.458046078681945801e-01
4.695284180343151093e-03
2.531687021255493164e-01
3.838032111525535583e-02
9.885194897651672363e-01
9.096672758460044861e-03
5.909603238105773926e-01
1.715202689170837402e+00
4.221183955669403076e-01
0.000000000000000000e+00
3.226157724857330322e-01
2.249086350202560425e-01
8.669273555278778076e-02
4.431598782539367676e-01
6.210473179817199707e-01
0.000000000000000000e+00
2.344750910997390747e-01
2.847169153392314911e-02
1.084881797432899475e-01
1.120192050933837891e+00
3.245214939117431641e+00
1.149610616266727448e-02
1.584477066993713379e+00
8.914233185350894928e-03
4.332134127616882324e-02
6.961782574653625488e-01
4.133729636669158936e-02
1.056181862950325012e-01
0.000000000000000000e+00
2.922373116016387939e-01
1.770630031824111938e-01
1.007487252354621887e-01
9.987697005271911621e-03
5.081401020288467407e-02
1.431836187839508057e-02
0.000000000000000000e+00
0.000000000000000000e+00
2.313575029373168945e+00
3.453367054462432861e-01
1.306070536375045776e-01
1.528193950653076172e-01
0.000000000000000000e+00
3.268564045429229736e-01
3.497481942176818848e-01
8.651808835566043854e-03
6.375910043716430664e-01
2.002931356430053711e+00
2.338568866252899170e-01
1.751394420862197876e-01
4.278181493282318115e-01
7.148048877716064453e-01
3.526159822940826416e-01
6.226800084114074707e-01
2.363025099039077759e-01
2.048528194427490234e-02
1.579738557338714600e-01
0.000000000000000000e+00
3.073168098926544189e-01
5.853327512741088867e-01
4.236833658069372177e-03
8.966338634490966797e-02
0.000000000000000000e+00
7.085120305418968201e-03
5.025558471679687500e-01
0.000000000000000000e+00
1.500467397272586823e-02
5.635241419076919556e-02
9.822826832532882690e-02
5.726203694939613342e-02
1.358319967985153198e-01
0.000000000000000000e+00
1.186671778559684753e-01
3.390379250049591064e-02
6.421522051095962524e-02
2.585483714938163757e-03
1.018323898315429688e+00
1.558257222175598145e+00
1.565285772085189819e-01
1.918879866600036621e+00
2.291336804628372192e-01
4.196393117308616638e-02
2.870399653911590576e-01
1.191161572933197021e-01
3.754639625549316406e-01
1.401390582323074341e-01
4.456115141510963440e-02
2.572936415672302246e-01
4.935537874698638916e-01
2.547373771667480469e-01
1.451228410005569458e-01
3.293384984135627747e-02
3.890380859375000000e-01
1.701824367046356201e-01
1.052457839250564575e-01
2.237996608018875122e-01
2.183946594595909119e-02
1.193174049258232117e-01
5.148274078965187073e-02
4.064738154411315918e-01
9.554351121187210083e-02
5.873478017747402191e-03
1.231443434953689575e-01
1.043616771697998047e+00
0.000000000000000000e+00
0.000000000000000000e+00
7.964157499372959137e-03
3.102579712867736816e-02
1.965701103210449219e+00
7.877868413925170898e-02
3.788544833660125732e-01
2.922437191009521484e-01
1.101082414388656616e-01
1.729248613119125366e-01
2.772873640060424805e+00
2.627319693565368652e-01
0.000000000000000000e+00
1.537218093872070312e+00
9.914468973875045776e-02
5.021136999130249023e-02
9.082008153200149536e-02
1.879847794771194458e-01
4.087604954838752747e-02
2.245498597621917725e-01
1.909947246313095093e-01
0.000000000000000000e+00
1.306618154048919678e-01
1.896819323301315308e-01
7.370558977127075195e-01
0.000000000000000000e+00
0.000000000000000000e+00
8.839854001998901367e-01
