9.689567610621452332e-03
3.293181583285331726e-02
0.000000000000000000e+00
1.953776597976684570e+00
2.370626479387283325e-01
3.303969502449035645e-01
5.839561820030212402e-01
2.136681973934173584e-02
7.334342598915100098e-01
6.248941421508789062e+00
1.191860903054475784e-02
0.000000000000000000e+00
4.205567296594381332e-03
0.000000000000000000e+00
3.361802920699119568e-02
7.133834362030029297e-01
7.675468921661376953e-02
0.000000000000000000e+00
1.542169153690338135e-01
8.626358509063720703e-01
1.435832232236862183e-01
4.409617278724908829e-03
2.232014387845993042e-02
1.007091924548149109e-01
0.000000000000000000e+00
9.889160394668579102e-01
1.332171559333801270e-01
8.054178208112716675e-03
6.946568489074707031e-01
3.726034462451934814e-01
1.476334929466247559e-01
9.606561809778213501e-02
3.862561583518981934e-01
4.923470318317413330e-03
4.819139093160629272e-02
7.546037435531616211e-01
3.425458669662475586e-01
8.494401350617408752e-03
0.000000000000000000e+00
2.248551324009895325e-02
0.000000000000000000e+00
1.656631529331207275e-01
0.000000000000000000e+00
5.537782311439514160e-01
1.304441539105027914e-04
0.000000000000000000e+00
6.905007362365722656e-01
1.384755223989486694e-01
1.993705183267593384e-01
5.616255998611450195e-01
5.777523620054125786e-05
4.457401037216186523e-01
1.334676891565322876e-01
1.051218986511230469e+00
5.565812811255455017e-02
1.206802800297737122e-01
7.614007592201232910e-02
7.791144400835037231e-02
1.838439404964447021e-01
6.470985412597656250e-01
3.007703781127929688e+00
1.201756298542022705e-02
3.410614430904388428e-01
2.723616175353527069e-02
1.280610561370849609e+00
2.408618852496147156e-02
1.043801307678222656e+00
1.474318951368331909e-01
6.642462313175201416e-02
2.089850008487701416e-01
9.720469266176223755e-02
6.706718206405639648e-01
6.065081432461738586e-02
1.035863831639289856e-01
0.000000000000000000e+00
3.932062685489654541e-01
6.875662803649902344e-01
0.000000000000000000e+00
1.075409173965454102e+00
0.000000000000000000e+00
2.235127449035644531e+00
7.182764820754528046e-03
1.073285471647977829e-02
8.324560523033142090e-02
3.204158782958984375e+00
7.109260559082031250e-01
1.606701128184795380e-02
0.000000000000000000e+00
0.000000000000000000e+00
4.480380713939666748e-01
2.085991203784942627e-02
0.000000000000000000e+00
3.705495968461036682e-03
1.565912365913391113e-02
2.343295142054557800e-03
3.544620005413889885e-03
2.972554974257946014e-02
1.858239412307739258e+00
6.226592138409614563e-02
6.919337511062622070e-01
1.128635779023170471e-01
6.045025587081909180e-01
7.685020565986633301e-01
1.240337342023849487e-01
2.760288417339324951e-01
4.201449081301689148e-02
3.473867848515510559e-02
3.844395512714982033e-03
6.546820700168609619e-02
3.764671564102172852e+00
1.812869496643543243e-02
4.665868282318115234e-01
9.702900797128677368e-02
1.505004405975341797e+00
0.000000000000000000e+00
8.715416491031646729e-02
2.072678953409194946e-01
2.934981696307659149e-02
1.752311736345291138e-01
0.000000000000000000e+00
9.893773198127746582e-01
0.000000000000000000e+00
7.381061911582946777e-01
0.000000000000000000e+00
2.750130891799926758e-01
2.811957895755767822e-01
3.211427330970764160e-01
0.000000000000000000e+00
0.000000000000000000e+00
0.000000000000000000e+00
3.827279806137084961e-02
1.554394233971834183e-02
5.732847750186920166e-02
1.163015142083168030e-01
1.012627705931663513e-01
2.099158614873886108e-01
6.987037062644958496e-01
0.000000000000000000e+00
1.266451478004455566e+00
3.117006421089172363e-01
2.058267116546630859e+00
1.000407218933105469e+00
2.720847129821777344e-01
7.908317446708679199e-01
2.620143592357635498e-01
0.000000000000000000e+00
0.000000000000000000e+00
0.000000000000000000e+00
5.980849266052246094e-01
4.042985383421182632e-03
6.092943716794252396e-03
0.000000000000000000e+00
4.580894857645034790e-02
1.870378404855728149e-01
1.251885294914245605e-01
0.000000000000000000e+00
9.494137018918991089e-02
5.080406665802001953e-01
5.417575687170028687e-02
4.128177165985107422e-01
2.682583332061767578e-01
6.215696334838867188e-01
8.544893860816955566e-01
2.310964837670326233e-02
7.247250080108642578e-01
1.671082377433776855e+00
2.723860144615173340e-01
5.380155518651008606e-02
1.445101380348205566e+00
7.502939701080322266e-01
3.952034190297126770e-02
1.744356937706470490e-02
1.919331431388854980e+00
5.293075926601886749e-03
5.838269740343093872e-02
5.519870668649673462e-02
0.000000000000000000e+00
4.506074264645576477e-02
4.263615235686302185e-02
1.947616338729858398e-01
5.457581952214241028e-03
4.450905025005340576e-01
0.000000000000000000e+00
2.681133747100830078e-01
1.554873492568731308e-02
1.446282386779785156e+00
9.242238998413085938e-01
4.117138087749481201e-01
1.627629995346069336e-02
6.271662116050720215e-01
0.000000000000000000e+00
2.800810337066650391e-01
8.067263960838317871e-01
4.730405509471893311e-01
0.000000000000000000e+00
3.090443015098571777e-01
3.626611456274986267e-02
0.000000000000000000e+00
4.939088225364685059e-02
3.003678321838378906e-01
0.000000000000000000e+00
5.592180490493774414e-01
2.491961419582366943e-02
1.650138944387435913e-01
3.303859755396842957e-02
1.467615842819213867e+00
1.450999975204467773e-01
1.929053068161010742e-01
0.000000000000000000e+00
8.289881050586700439e-02
0.000000000000000000e+00
0.000000000000000000e+00
6.806374341249465942e-02
2.925673127174377441e-01
0.000000000000000000e+00
6.306029856204986572e-02
3.450015187263488770e-01
2.344862520694732666e-01
2.087779194116592407e-01
8.017813414335250854e-02
2.644649147987365723e-01
0.000000000000000000e+00
2.238843679428100586e+00
2.315222471952438354e-01
8.297635358758270741e-04
2.621543407440185547e-01
4.931341856718063354e-02
1.313739567995071411e-01
2.518486678600311279e-01
0.000000000000000000e+00
5.221033468842506409e-03
4.343591332435607910e-01
9.102185368537902832e-01
0.000000000000000000e+00
1.123085711151361465e-02
0.000000000000000000e+00
1.948893070220947266e-01
8.965414017438888550e-03
1.171069592237472534e-02
9.085812605917453766e-03
1.099181473255157471e-01
9.667192585766315460e-03
2.011864483356475830e-01
9.944860637187957764e-02
1.075243055820465088e-01
1.874057948589324951e-01
0.000000000000000000e+00
8.368478156626224518e-03
0.000000000000000000e+00
1.254487968981266022e-02
2.499870359897613525e-01
2.240876853466033936e-02
1.738943606615066528e-01
2.974824979901313782e-02
1.216411218047142029e-01
0.000000000000000000e+00
2.374425232410430908e-01
0.000000000000000000e+00
1.001257374882698059e-01
9.188000857830047607e-02
2.591632008552551270e-01
2.462361752986907959e-01
7.917912006378173828e-01
4.162379205226898193e-01
3.030538260936737061e-01
3.680877014994621277e-02
0.000000000000000000e+00
7.725353837013244629e-01
9.135167598724365234e-01
4.389595389366149902e-01
2.951821386814117432e-01
3.697303533554077148e-01
1.317631006240844727e-01
3.340818881988525391e-01
4.084701836109161377e-01
2.042811870574951172e+00
6.630145013332366943e-02
1.951480060815811157e-01
8.726919293403625488e-01
6.349284201860427856e-02
6.291961669921875000e-02
6.023957952857017517e-02
1.176319345831871033e-01
5.552303045988082886e-02
0.000000000000000000e+00
1.267940640449523926e+00
0.000000000000000000e+00
1.009279564023017883e-01
3.427870988845825195e+00
3.824647367000579834e-01
2.923285216093063354e-02
5.761806964874267578e-01
1.050577387213706970e-01
0.000000000000000000e+00
1.270921230316162109e-01
7.885478436946868896e-02
6.557759642601013184e-02
0.000000000000000000e+00
2.808263897895812988e-02
4.979726970195770264e-01
1.580848693847656250e-01
2.790703065693378448e-02
8.204973936080932617e-01
1.765057444572448730e-01
1.432620584964752197e-01
9.562000632286071777e-02
8.198397159576416016e-01
7.076112180948257446e-02
2.654659934341907501e-02
1.301700025796890259e-01
0.000000000000000000e+00
4.324246346950531006e-01
2.124703228473663330e-01
7.271198183298110962e-02
3.414371237158775330e-02
1.024460271000862122e-01
3.032763481140136719e+00
4.369008168578147888e-02
0.000000000000000000e+00
1.743395477533340454e-01
4.697088897228240967e-02
1.036511138081550598e-01
5.984545350074768066e-01
5.257545039057731628e-02
2.565354406833648682e-01
1.446059495210647583e-01
1.778660565614700317e-01
2.268006205558776855e-01
1.813959330320358276e-02
4.598771631717681885e-01
5.514616891741752625e-02
9.349259138107299805e-01
3.257955014705657959e-01
8.814989030361175537e-02
2.925006389617919922e+00
4.812173545360565186e-02
3.268378227949142456e-02
5.083452910184860229e-02
5.582332015037536621e-01
2.932594716548919678e-01
0.000000000000000000e+00
1.948093473911285400e-01
1.796163618564605713e-02
7.929015159606933594e-01
0.000000000000000000e+00
0.000000000000000000e+00
0.000000000000000000e+00
1.168869256973266602e+00
0.000000000000000000e+00
1.614808291196823120e-02
9.387130737304687500e-01
1.829490438103675842e-02
3.525803983211517334e-01
0.000000000000000000e+00
3.267773985862731934e-01
3.058798015117645264e-01
1.011600196361541748e-01
1.789984554052352905e-01
2.419372051954269409e-01
5.596906542778015137e-01
2.091288566589355469e-02
5.860222578048706055e-01
1.576126180589199066e-02
0.000000000000000000e+00
1.069693826138973236e-02
6.355469226837158203e-01
1.510024666786193848e+00
1.308090209960937500e+00
0.000000000000000000e+00
0.000000000000000000e+00
1.313464939594268799e-01
7.926050424575805664e-01
0.000000000000000000e+00
3.175304532051086426e-01
4.447007477283477783e-01
0.000000000000000000e+00
1.460605710744857788e-01
0.000000000000000000e+00
1.856620907783508301e+00
2.077895551919937134e-01
1.138672530651092529e-01
6.291705369949340820e-01
0.000000000000000000e+00
7.810205221176147461e-02
3.202978372573852539e-01
4.836389124393463135e-01
1.242728345096111298e-02
0.000000000000000000e+00
3.622219562530517578e-01
2.066444158554077148e-01
1.037928342819213867e+00
8.108986169099807739e-02
1.570408046245574951e-02
0.000000000000000000e+00
5.032851919531822205e-02
5.613399982452392578e+00
9.792393445968627930e-02
8.507602033205330372e-04
2.748203277587890625e-01
3.964063897728919983e-02
1.524679064750671387e-01
7.089248895645141602e-01
1.479712575674057007e-01
5.119900107383728027e-01
0.000000000000000000e+00
3.468770086765289307e-01
2.604395747184753418e-01
2.252553224563598633e+00
1.851225256919860840e+00
1.877943426370620728e-02
5.388921499252319336e-01
0.000000000000000000e+00
1.574674397706985474e-01
0.000000000000000000e+00
2.206847518682479858e-01
1.506275776773691177e-02
9.676689654588699341e-02
2.312520984560251236e-03
8.452336788177490234e-01
2.445650249719619751e-01
2.770494483411312103e-02
9.073427915573120117e-01
1.392984390258789062e-02
4.271868243813514709e-02
0.000000000000000000e+00
1.093431472778320312e+00
3.642420530319213867e+00
5.900808423757553101e-02
3.802298605442047119e-01
5.987421870231628418e-01
1.576081514358520508e+00
1.608283966779708862e-01
3.016295671463012695e+00
3.074144124984741211e-01
0.000000000000000000e+00
6.361339092254638672e-01
3.998606204986572266e-01
1.533298473805189133e-02
0.000000000000000000e+00
0.000000000000000000e+00
7.096125930547714233e-02
6.429706811904907227e-01
1.451379433274269104e-02
5.972251892089843750e-01
1.363452225923538208e-01
3.929986655712127686e-01
2.509021200239658356e-02
0.000000000000000000e+00
5.427450407296419144e-03
0.000000000000000000e+00
7.879229187965393066e-01
5.724660754203796387e-01
2.468578368425369263e-01
1.566916823387145996e+00
8.618306368589401245e-02
5.557016730308532715e-01
8.131719194352626801e-03
2.451266199350357056e-01
8.352184891700744629e-01
0.000000000000000000e+00
3.054960072040557861e-01
3.841914832592010498e-01
9.378682076930999756e-02
0.000000000000000000e+00
5.661817789077758789e-01
2.422756329178810120e-02
1.157456114888191223e-01
2.648335136473178864e-02
0.000000000000000000e+00
9.545204043388366699e-01
2.051174789667129517e-01
2.451908886432647705e-01
9.959690272808074951e-03
1.630998611450195312e+00
5.538442730903625488e-01
9.213601052761077881e-02
1.185837294906377792e-02
2.813750207424163818e-01
1.909455537796020508e+00
2.311502993106842041e-01
4.759760200977325439e-02
3.759780526161193848e-01
5.343853235244750977e-01
5.117663741111755371e-01
5.274763330817222595e-02
0.000000000000000000e+00
8.243202418088912964e-02
1.004736497998237610e-01
5.837199687957763672e-01
1.510494649410247803e-01
0.000000000000000000e+00
2.772891521453857422e-01
8.390223979949951172e-02
8.364333957433700562e-02
2.859171330928802490e-01
3.973980247974395752e-01
2.794585376977920532e-02
3.848336458206176758e+00
1.092619180679321289e+00
9.835039079189300537e-02
0.000000000000000000e+00
1.073898971080780029e-01
2.538686096668243408e-01
0.000000000000000000e+00
8.046767711639404297e-01
5.662420019507408142e-02
7.243914604187011719e-01
4.400071222335100174e-03
2.957442998886108398e-01
4.749854269903153181e-04
1.179011940956115723e+00
6.310844793915748596e-03
1.881920546293258667e-01
6.138435006141662598e-01
1.752541214227676392e-01
0.000000000000000000e+00
1.037178516387939453e+00
2.792851924896240234e+00
2.032859176397323608e-01
0.000000000000000000e+00
3.810641542077064514e-02
3.891013860702514648e-01
8.305047750473022461e-01
1.616628050804138184e+00
3.858902724459767342e-03
3.311737298965454102e+00
3.452063724398612976e-02
7.156891375780105591e-02
3.623121082782745361e-01
1.070230081677436829e-01
9.282816946506500244e-02
1.580317020416259766e+00
2.174938201904296875e+00
9.217904508113861084e-02
1.293241262435913086e+00
5.539375543594360352e-02
2.966390252113342285e-01
2.129130214452743530e-01
5.838227458298206329e-03
7.009289860725402832e-01
3.637711703777313232e-02
3.287673890590667725e-01
7.157915830612182617e-02
1.583070904016494751e-01
3.147253990173339844e-01
1.120899454690515995e-03
3.848749160766601562e+00
3.421493172645568848e-01
2.534685842692852020e-02
1.199653968214988708e-01
2.834126353263854980e-01
1.716819852590560913e-01
1.325837969779968262e-01
3.944531828165054321e-02
1.753891706466674805e-01
1.271730512380599976e-01
1.658979952335357666e-01
0.000000000000000000e+00
4.048252105712890625e-02
3.579543828964233398e-01
1.135799884796142578e+00
0.000000000000000000e+00
1.108371973037719727e+00
1.323540210723876953e-01
5.624734796583652496e-03
2.350749969482421875e-01
1.013440862298011780e-01
0.000000000000000000e+00
1.535725314170122147e-02
1.601447016000747681e-01
2.312414348125457764e-01
1.355371028184890747e-01
4.769670777022838593e-03
0.000000000000000000e+00
1.025200486183166504e+00
2.634803354740142822e-01
0.000000000000000000e+00
2.640576101839542389e-03
6.862754374742507935e-02
0.000000000000000000e+00
3.202755153179168701e-01
2.469068318605422974e-01
1.806015819311141968e-01
2.637819051742553711e-01
0.000000000000000000e+00
2.755547128617763519e-02
0.000000000000000000e+00
9.193766117095947266e-02
3.624090552330017090e-01
6.042340993881225586e-01
2.654985487461090088e-01
7.499352097511291504e-01
5.047592520713806152e-02
3.379206061363220215e-01
3.858635202050209045e-02
0.000000000000000000e+00
0.000000000000000000e+00
9.496923089027404785e-01
5.579330325126647949e-01
2.040859311819076538e-01
1.055262982845306396e-02
4.274045675992965698e-02
1.999978423118591309e-01
4.661370277404785156e+00
2.677395381033420563e-02
5.544984713196754456e-03
1.123974770307540894e-01
7.654720544815063477e-02
0.000000000000000000e+00
4.170278310775756836e-01
0.000000000000000000e+00
0.000000000000000000e+00
1.146717369556427002e-01
5.729211568832397461e-01
3.858546912670135498e-01
1.133517384529113770e+00
1.248967722058296204e-01
4.331368803977966309e-01
3.856272399425506592e-01
4.632925987243652344e-01
0.000000000000000000e+00
1.191680580377578735e-01
0.000000000000000000e+00
0.000000000000000000e+00
4.248686730861663818e-01
2.093434482812881470e-01
4.809613525867462158e-02
7.875881791114807129e-01
6.857738830149173737e-03
5.755273997783660889e-02
4.949178993701934814e-01
2.530103325843811035e-01
1.269867062568664551e+00
2.570058405399322510e-01
2.949813939630985260e-02
5.004537291824817657e-03
4.366058390587568283e-03
6.515294909477233887e-01
4.261695444583892822e-01
2.272253669798374176e-02
3.049226701259613037e-01
9.330855607986450195e-01
6.173728108406066895e-01
1.598863005638122559e-01
1.138820648193359375e+00
1.726472824811935425e-01
2.007469683885574341e-01
8.879956603050231934e-02
1.441264510154724121e+00
1.002874255180358887e+00
2.476558238267898560e-01
2.207947708666324615e-02
6.246544420719146729e-02
5.400528311729431152e-01
4.256659746170043945e-02
3.407350182533264160e-01
4.519284889101982117e-02
0.000000000000000000e+00
3.247287124395370483e-02
1.951121330261230469e+00
3.561398983001708984e+00
0.000000000000000000e+00
1.453534126281738281e+00
1.094577461481094360e-02
4.708847776055335999e-02
4.998551607131958008e-01
2.974341213703155518e-01
3.175458312034606934e-02
1.016370505094528198e-01
4.664072394371032715e-01
9.559246897697448730e-02
5.223221778869628906e-01
2.779688220471143723e-03
7.205750048160552979e-02
1.342588756233453751e-02
1.609589457511901855e-01
3.336920440196990967e-01
0.000000000000000000e+00
2.609226703643798828e-01
4.086737632751464844e-01
5.515961721539497375e-02
1.031446084380149841e-02
3.060785681009292603e-02
3.684457242488861084e-01
1.450821906328201294e-01
0.000000000000000000e+00
1.392555236816406250e+00
1.327333450317382812e-01
0.000000000000000000e+00
0.000000000000000000e+00
1.404456257820129395e+00
1.201468408107757568e-01
0.000000000000000000e+00
0.000000000000000000e+00
0.000000000000000000e+00
8.048672229051589966e-03
0.000000000000000000e+00
2.605863511562347412e-01
1.894867420196533203e-02
9.972136467695236206e-02
2.802982807159423828e+00
1.652013808488845825e-01
7.854006835259497166e-04
1.102779954671859741e-01
5.953133478760719299e-02
0.000000000000000000e+00
1.366965845227241516e-02
1.506991125643253326e-02
4.379855692386627197e-01
4.684202000498771667e-02
1.053929445333778858e-03
1.021034643054008484e-01
8.861461654305458069e-03
8.879493474960327148e-01
2.362871915102005005e-01
1.822220683097839355e-01
8.779479190707206726e-03
3.258934710174798965e-03
4.043953120708465576e-01
0.000000000000000000e+00
5.856774747371673584e-02
0.000000000000000000e+00
0.000000000000000000e+00
0.000000000000000000e+00
2.688334226608276367e+00
2.364706546068191528e-01
1.246364712715148926e-01
2.471514791250228882e-01
1.078779250383377075e-01
0.000000000000000000e+00
3.195401281118392944e-02
1.124473959207534790e-01
5.739307403564453125e-01
9.183044433593750000e-01
3.080838024616241455e-01
1.779000647366046906e-02
0.000000000000000000e+00
0.000000000000000000e+00
7.249108701944351196e-02
1.527306973002851009e-03
1.053368926048278809e+00
2.268132120370864868e-01
2.814543247222900391e-02
1.065654009580612183e-01
4.428475797176361084e-01
0.000000000000000000e+00
6.715238094329833984e-01
1.133015275001525879e+00
7.429094612598419189e-02
3.912751674652099609e-01
1.443452477455139160e+00
3.115899562835693359e-01
5.703512430191040039e-01
5.404091998934745789e-02
3.976147621870040894e-02
4.182789921760559082e-01
1.231191232800483704e-01
2.593822479248046875e-01
3.820624113082885742e+00
2.757248163223266602e+00
0.000000000000000000e+00
1.585041403770446777e+00
0.000000000000000000e+00
2.982253134250640869e-01
1.014324307441711426e+00
4.979442656040191650e-01
0.000000000000000000e+00
8.959624171257019043e-02
4.543015658855438232e-01
1.301502108573913574e+00
0.000000000000000000e+00
0.000000000000000000e+00
6.539824604988098145e-02
4.452158510684967041e-02
4.047117829322814941e-01
7.332007884979248047e-01
1.428116679191589355e+00
7.780045270919799805e-02
8.112385272979736328e-01
0.000000000000000000e+00
3.439581692218780518e-01
2.040025889873504639e-01
8.754940330982208252e-02
6.593940197490155697e-04
2.277881056070327759e-01
2.128020673990249634e-01
0.000000000000000000e+00
0.000000000000000000e+00
8.359838277101516724e-02
4.472431913018226624e-02
8.956857770681381226e-02
1.342269927263259888e-01
5.544186234474182129e-01
5.492194294929504395e-01
2.730743587017059326e-01
2.468561567366123199e-02
1.711583286523818970e-01
6.685321033000946045e-02
8.214448690414428711e-01
1.299916267395019531e+00
8.949581533670425415e-02
1.553862333297729492e+00
1.940763711929321289e+00
0.000000000000000000e+00
1.027374342083930969e-01
2.571688592433929443e-02
6.184935942292213440e-02
1.742682576179504395e+00
1.872261166572570801e+00
5.051239859312772751e-04
1.861144304275512695e-01
0.000000000000000000e+00
6.993431597948074341e-02
8.407203853130340576e-02
1.607456244528293610e-02
7.627804875373840332e-01
1.737882033921778202e-03
5.803597625344991684e-03
1.801831126213073730e-01
0.000000000000000000e+00
2.640227787196636200e-03
1.037903204560279846e-01
2.414760589599609375e-01
2.541119977831840515e-02
9.003470093011856079e-02
1.104701310396194458e-01
2.363527752459049225e-02
0.000000000000000000e+00
1.655764691531658173e-02
5.998266339302062988e-01
0.000000000000000000e+00
0.000000000000000000e+00
2.607915699481964111e-01
1.281320750713348389e-01
0.000000000000000000e+00
0.000000000000000000e+00
2.459716349840164185e-01
1.309719830751419067e-01
0.000000000000000000e+00
1.484474688768386841e-01
7.719916105270385742e-02
2.898983478546142578e+00
6.400400400161743164e-02
0.000000000000000000e+00
6.016488075256347656e-01
3.985027372837066650e-01
2.186392992734909058e-01
1.922908276319503784e-01
5.141366124153137207e-01
1.031659170985221863e-01
2.081648111343383789e-01
0.000000000000000000e+00
6.755065172910690308e-02
3.174805045127868652e-01
4.171862732619047165e-03
2.298099994659423828e-01
6.949759274721145630e-02
0.000000000000000000e+00
1.149969473481178284e-01
3.845698665827512741e-03
1.487055867910385132e-01
4.558571055531501770e-02
7.551506161689758301e-01
9.735486656427383423e-02
2.324698716402053833e-01
3.674739003181457520e-01
0.000000000000000000e+00
4.034573584794998169e-02
1.049151737242937088e-02
2.467096090316772461e+00
6.546530127525329590e-02
5.002825707197189331e-02
2.601145533844828606e-03
2.658149972558021545e-02
1.990178972482681274e-01
2.220765687525272369e-02
1.050646454095840454e-01
9.998429566621780396e-03
6.124506145715713501e-02
1.124574899673461914e+00
1.388143282383680344e-02
0.000000000000000000e+00
1.034348364919424057e-02
1.816773712635040283e-01
5.629039183259010315e-02
2.151923626661300659e-01
3.876538574695587158e-02
7.022974491119384766e-01
5.676158070564270020e-01
9.640666246414184570e-01
1.388446450233459473e+00
5.447765812277793884e-02
2.515559792518615723e-01
0.000000000000000000e+00
2.058634310960769653e-01
4.042726755142211914e-01
4.775778576731681824e-02
1.587380170822143555e-01
3.142017722129821777e-01
9.765304625034332275e-03
6.496419664472341537e-03
3.778938651084899902e-01
1.417476776987314224e-02
1.053190510720014572e-02
0.000000000000000000e+00
1.019943356513977051e+00
2.271586656570434570e+00
3.170488834381103516e+00
3.323549032211303711e-02
0.000000000000000000e+00
2.916473522782325745e-02
1.768080890178680420e-01
0.000000000000000000e+00
1.822323352098464966e-01
5.972226858139038086e-01
1.636150851845741272e-02
5.053198933601379395e-01
1.476526539772748947e-02
5.270670726895332336e-02
1.085363104939460754e-01
8.743085265159606934e-01
3.046778440475463867e-01
1.840297132730484009e-02
1.567845642566680908e-01
0.000000000000000000e+00
1.336889147758483887e+00
6.265458106994628906e+00
0.000000000000000000e+00
2.898962795734405518e-01
0.000000000000000000e+00
3.809864073991775513e-02
0.000000000000000000e+00
2.814078517258167267e-02
1.947144865989685059e-01
5.956922769546508789e-01
0.000000000000000000e+00
0.000000000000000000e+00
1.715161342872306705e-04
5.518781486898660660e-03
5.145878195762634277e-01
5.725982785224914551e-02
9.916228652000427246e-01
4.937492683529853821e-02
1.119758486747741699e-01
1.159548282623291016e+00
9.479976445436477661e-02
1.211050432175397873e-03
2.864658087491989136e-02
1.314091086387634277e-01
0.000000000000000000e+00
2.809011191129684448e-02
3.948167711496353149e-02
5.403569899499416351e-03
8.357454091310501099e-02
8.474244922399520874e-02
1.797118544578552246e+00
4.906275272369384766e-01
6.556364824064075947e-04
2.962045371532440186e-02
5.165331065654754639e-02
2.809677422046661377e-01
1.232453823089599609e+00
1.432462502270936966e-02
0.000000000000000000e+00
4.690326005220413208e-02
2.368932813405990601e-01
6.055267527699470520e-02
2.761143445968627930e-01
5.683420896530151367e-01
4.099788367748260498e-01
1.319798678159713745e-01
7.001798152923583984e-01
1.557106137275695801e+00
5.334146618843078613e-01
6.354226265102624893e-03
4.563334584236145020e-02
1.304027736186981201e-01
4.788324832916259766e-01
1.922456622123718262e-01
2.453276365995407104e-01
6.684137582778930664e-01
8.131653070449829102e-02
4.121062755584716797e-01
2.324595674872398376e-02
3.236997174099087715e-03
9.458629414439201355e-03
5.632255598902702332e-02
8.840995430946350098e-01
2.027954440563917160e-03
0.000000000000000000e+00
2.145497798919677734e+00
6.571525335311889648e-02
5.983513221144676208e-02
4.308859631419181824e-02
2.781316936016082764e-01
0.000000000000000000e+00
1.204495310783386230e+00
1.546760648488998413e-01
3.172024786472320557e-01
1.549551725387573242e+00
1.013540327548980713e-01
0.000000000000000000e+00
0.000000000000000000e+00
0.000000000000000000e+00
3.202870488166809082e-01
1.730900257825851440e-01
5.428088456392288208e-02
5.915661454200744629e-01
0.000000000000000000e+00
1.293709754943847656e+00
5.693548917770385742e-02
1.481779813766479492e-01
5.096543580293655396e-02
0.000000000000000000e+00
1.391855835914611816e+00
1.334117054939270020e-01
1.920928210020065308e-01
1.616754382848739624e-01
1.036573290824890137e+00
2.060688734054565430e-01
0.000000000000000000e+00
3.717131018638610840e-01
4.453379195183515549e-03
7.692742347717285156e-01
1.106130704283714294e-01
1.085869595408439636e-02
2.567212581634521484e-01
0.000000000000000000e+00
3.133216127753257751e-02
5.418510735034942627e-02
5.530850589275360107e-02
7.296187877655029297e-01
6.081365346908569336e-01
9.443392157554626465e-01
2.794448519125580788e-03
4.932816326618194580e-02
0.000000000000000000e+00
5.266194939613342285e-01
6.135864555835723877e-02
0.000000000000000000e+00
1.918078511953353882e-01
6.658303141593933105e-01
2.393516749143600464e-01
1.180725216865539551e+00
3.821188509464263916e-01
8.469213247299194336e-01
1.123560786247253418e+00
6.993767619132995605e-01
3.994179069995880127e-01
2.850087881088256836e-01
2.031707763671875000e+00
1.201084733009338379e+00
5.263931155204772949e-01
1.203893348574638367e-01
0.000000000000000000e+00
1.074808686971664429e-01
7.219241261482238770e-01
3.545419275760650635e-01
1.026329249143600464e-01
2.417820096015930176e-01
3.470361977815628052e-02
9.638357162475585938e-01
0.000000000000000000e+00
4.614744707942008972e-02
2.097238600254058838e-01
9.161991626024246216e-02
3.821478923782706261e-03
0.000000000000000000e+00
4.782055914402008057e-01
3.970566987991333008e-01
0.000000000000000000e+00
1.291516572237014771e-01
5.185110092163085938e+00
9.184593558311462402e-01
2.678081274032592773e+00
0.000000000000000000e+00
3.920424357056617737e-02
6.449372041970491409e-03
1.051991939544677734e+00
1.229701280593872070e+00
8.013772964477539062e-02
0.000000000000000000e+00
3.398828580975532532e-02
1.964410766959190369e-02
3.073715567588806152e-01
5.228055715560913086e-01
0.000000000000000000e+00
0.000000000000000000e+00
1.225760579109191895e+00
5.381626635789871216e-02
3.135818541049957275e-01
3.527750372886657715e-01
3.645126149058341980e-02
6.506502628326416016e-02
0.000000000000000000e+00
9.326439350843429565e-02
3.719377145171165466e-02
1.764669865369796753e-01
2.641448676586151123e-01
1.671443581581115723e+00
5.176714062690734863e-01
0.000000000000000000e+00
5.204966664314270020e-02
1.639273911714553833e-01
1.086730837821960449e+00
9.097312092781066895e-01
1.102204993367195129e-02
9.380709379911422729e-03
7.407113164663314819e-02
1.440067738294601440e-01
5.265808701515197754e-01
5.023091286420822144e-02
1.012520194053649902e-01
3.416536748409271240e-01
2.057628154754638672e+00
0.000000000000000000e+00
3.461561799049377441e-01
2.788655087351799011e-02
6.435155123472213745e-02
1.413190603256225586e+00
5.977072939276695251e-02
0.000000000000000000e+00
3.101205080747604370e-02
2.107364535331726074e-01
1.033344864845275879e-01
2.066661715507507324e-01
1.582904309034347534e-01
2.105861902236938477e-01
0.000000000000000000e+00
0.000000000000000000e+00
9.450312703847885132e-02
3.249872848391532898e-02
6.598938256502151489e-02
0.000000000000000000e+00
8.678741455078125000e-01
4.108642227947711945e-03
1.192950233817100525e-01
9.238611161708831787e-02
2.615932822227478027e-01
1.211154460906982422e-02
3.892656415700912476e-02
2.854948043823242188e-01
1.603255164809525013e-03
1.093822419643402100e-01
1.083497643470764160e+00
1.012154147028923035e-01
1.797085553407669067e-01
8.694215863943099976e-02
1.938092589378356934e+00
3.334861993789672852e-01
6.644874215126037598e-01
2.382166534662246704e-01
3.534778952598571777e-02
3.679856359958648682e-01
6.870454549789428711e-02
2.799210548400878906e-01
9.282464534044265747e-02
2.004255503416061401e-01
4.549916088581085205e-02
0.000000000000000000e+00
1.278788447380065918e-01
1.793275028467178345e-01
3.883889615535736084e-01
1.841602444648742676e+00
2.920310199260711670e-02
3.322767019271850586e-01
2.407406568527221680e-01
0.000000000000000000e+00
3.663402497768402100e-01
3.178859353065490723e-01
1.155370101332664490e-01
1.588420718908309937e-01
0.000000000000000000e+00
5.366705730557441711e-02
0.000000000000000000e+00
1.436090748757123947e-02
1.713153272867202759e-01
8.306172490119934082e-01
1.187197566032409668e-01
0.000000000000000000e+00
4.719043672084808350e-01
3.477926179766654968e-02
0.000000000000000000e+00
6.104698777198791504e-01
6.277697682380676270e-01
0.000000000000000000e+00
7.813169360160827637e-01
0.000000000000000000e+00
6.464081406593322754e-01
0.000000000000000000e+00
1.837549149058759212e-03
2.565490901470184326e-01
1.960612088441848755e-01
2.317352890968322754e-01
3.561912849545478821e-02
1.872084885835647583e-01
9.163097478449344635e-03
1.726234406232833862e-01
8.741347119212150574e-03
0.000000000000000000e+00
7.274240851402282715e-01
1.773391216993331909e-01
1.550099849700927734e-01
1.281864941120147705e-01
1.330656707286834717e-01
0.000000000000000000e+00
2.583848536014556885e-01
2.009396851062774658e-01
1.055829599499702454e-02
2.231283485889434814e-02
6.323117613792419434e-01
6.525935232639312744e-02
0.000000000000000000e+00
4.873000085353851318e-01
4.341413676738739014e-01
0.000000000000000000e+00
6.956387311220169067e-02
6.825858950614929199e-01
3.319249153137207031e-01
6.440247297286987305e-01
6.930384039878845215e-02
2.717607915401458740e-01
1.483990073204040527e+00
1.293986886739730835e-01
2.641872502863407135e-03
3.595016598701477051e-01
6.773704886436462402e-01
3.291212767362594604e-02
0.000000000000000000e+00
3.312890231609344482e-01
2.182493060827255249e-01
9.014762938022613525e-03
6.333081126213073730e-01
2.302977442741394043e-02
5.810611248016357422e-01
7.051589488983154297e-01
4.823070764541625977e-02
4.104415327310562134e-02
1.232240647077560425e-01
7.968806028366088867e-01
2.068619243800640106e-03
3.038425743579864502e-02
7.328208070248365402e-03
1.766216568648815155e-02
5.601700022816658020e-02
9.203632175922393799e-02
6.877509877085685730e-03
1.910396292805671692e-02
2.838604152202606201e-01
5.816387478262186050e-03
1.479881644248962402e+00
1.767755746841430664e-01
1.427663713693618774e-01
1.870966106653213501e-01
3.062550127506256104e-01
2.568738127592951059e-04
2.941803075373172760e-02
5.846153259277343750e+00
1.270541399717330933e-01
2.078605592250823975e-01
1.899009197950363159e-01
7.002599835395812988e-01
0.000000000000000000e+00
9.885950712487101555e-04
0.000000000000000000e+00
1.303814351558685303e-01
0.000000000000000000e+00
0.000000000000000000e+00
1.747346669435501099e-01
7.947135716676712036e-02
3.995946049690246582e-01
0.000000000000000000e+00
5.028852224349975586e-01
0.000000000000000000e+00
1.580803990364074707e-01
2.484652042388916016e+00
2.875514887273311615e-02
1.664922200143337250e-02
2.158239185810089111e-01
4.130199551582336426e-01
5.213796347379684448e-02
0.000000000000000000e+00
3.031090833246707916e-03
5.619057416915893555e-01
1.976879984140396118e-01
2.679416211321949959e-03
4.542475193738937378e-02
1.826038956642150879e-01
4.756100177764892578e-01
2.222126908600330353e-02
3.364742174744606018e-02
2.081664800643920898e-01
6.624484434723854065e-03
6.565904617309570312e-02
5.222427472472190857e-02
1.452846676111221313e-01
3.240094333887100220e-02
1.145202279090881348e+00
5.358976721763610840e-01
8.300554938614368439e-03
8.994998782873153687e-02
4.362496733665466309e-02
6.681565046310424805e-01
0.000000000000000000e+00
1.679862290620803833e-01
3.164232149720191956e-02
0.000000000000000000e+00
1.290705706924200058e-02
6.737043261528015137e-01
0.000000000000000000e+00
6.594955455511808395e-03
0.000000000000000000e+00
0.000000000000000000e+00
1.083796471357345581e-01
0.000000000000000000e+00
2.129956781864166260e-01
4.340434968471527100e-01
4.363598227500915527e-01
3.300357237458229065e-02
1.847452819347381592e-01
0.000000000000000000e+00
8.511168956756591797e-01
6.303471326828002930e-01
1.837908923625946045e-01
2.867618203163146973e-01
5.502367019653320312e-01
1.685206055641174316e+00
2.279102616012096405e-02
4.259985387325286865e-01
1.558244973421096802e-01
1.625592112541198730e-01
3.386629000306129456e-02
6.709748506546020508e-02
1.834866940043866634e-03
1.753093004226684570e-01
6.123963594436645508e-01
0.000000000000000000e+00
0.000000000000000000e+00
6.848607677966356277e-03
2.550602257251739502e-01
0.000000000000000000e+00
1.843470811843872070e+00
1.443543076515197754e+00
1.666479945182800293e+00
3.774332404136657715e-01
2.139202356338500977e-01
6.103271245956420898e-02
3.831924498081207275e-01
3.845928981900215149e-02
1.607671147212386131e-04
1.008666872978210449e+00
6.454565376043319702e-02
0.000000000000000000e+00
1.154667809605598450e-01
1.411881744861602783e-01
0.000000000000000000e+00
7.968140244483947754e-01
4.663063049316406250e+00
8.867080323398113251e-03
5.309664011001586914e-01
7.069686651229858398e-01
5.959544703364372253e-02
1.295123994350433350e-02
7.329533249139785767e-02
1.063270092010498047e+00
0.000000000000000000e+00
7.927536033093929291e-03
2.033464908599853516e+00
1.396461844444274902e+00
3.567931428551673889e-02
4.493273422122001648e-02
4.765170067548751831e-02
2.821719169616699219e+00
2.764979839324951172e+00
7.693465948104858398e-01
2.068123668432235718e-01
9.072427749633789062e-01
1.380687654018402100e-01
6.605690717697143555e-01
2.390688098967075348e-02
2.195690274238586426e-01
0.000000000000000000e+00
2.116483449935913086e+00
2.607362344861030579e-02
1.678701490163803101e-01
8.406536579132080078e-01
3.206508457660675049e-01
3.022240102291107178e-01
3.347168490290641785e-02
1.101945992559194565e-02
4.313622415065765381e-01
0.000000000000000000e+00
0.000000000000000000e+00
7.237797379493713379e-01
3.455065488815307617e-01
0.000000000000000000e+00
0.000000000000000000e+00
2.101856842637062073e-02
2.853300273418426514e-01
4.464452154934406281e-03
1.728020310401916504e-01
0.000000000000000000e+00
4.357436299324035645e-02
3.403180092573165894e-02
1.427240610122680664e+00
1.100723817944526672e-02
2.389508008956909180e+00
1.113270502537488937e-02
4.137566983699798584e-01
5.203436613082885742e-01
3.789954632520675659e-02
0.000000000000000000e+00
1.685400247573852539e+00
0.000000000000000000e+00
0.000000000000000000e+00
1.793581545352935791e-01
0.000000000000000000e+00
2.701388597488403320e-01
1.170448958873748779e-01
9.812048077583312988e-01
9.018906950950622559e-02
0.000000000000000000e+00
1.241451781243085861e-02
0.000000000000000000e+00
2.984422445297241211e-01
7.478089332580566406e-01
1.047872155904769897e-01
1.658183932304382324e-01
0.000000000000000000e+00
2.440532445907592773e-01
0.000000000000000000e+00
2.276377752423286438e-02
4.766874611377716064e-01
0.000000000000000000e+00
3.224067687988281250e-01
1.681259036064147949e+00
8.504001307301223278e-04
2.358126640319824219e+00
2.315854072570800781e+00
2.396676540374755859e-01
3.830830752849578857e-02
4.810415953397750854e-02
0.000000000000000000e+00
0.000000000000000000e+00
3.828454017639160156e-01
2.932588197290897369e-02
1.326432108879089355e+00
0.000000000000000000e+00
0.000000000000000000e+00
4.953248500823974609e-01
1.162081062793731689e-01
4.424305260181427002e-02
4.972162097692489624e-02
1.941712647676467896e-01
7.374570965766906738e-01
2.508856952190399170e-01
0.000000000000000000e+00
4.613658487796783447e-01
9.239740371704101562e-01
0.000000000000000000e+00
6.527489423751831055e-02
1.189121529459953308e-01
1.890260279178619385e-01
1.316146850585937500e+00
0.000000000000000000e+00
0.000000000000000000e+00
8.205946087837219238e-01
5.888391137123107910e-01
8.137898892164230347e-02
3.063317835330963135e-01
2.458436787128448486e-02
2.980163320899009705e-02
9.473482146859169006e-03
1.353646069765090942e-01
3.945478424429893494e-02
5.978896617889404297e-01
1.923214495182037354e-01
1.195886880159378052e-01
1.201745644211769104e-01
1.796921730041503906e+00
1.203800737857818604e-02
6.398794054985046387e-02
0.000000000000000000e+00
9.013684839010238647e-02
3.574291989207267761e-02
1.727093577384948730e+00
7.554251234978437424e-03
4.834627732634544373e-02
1.023542135953903198e-01
8.880866169929504395e-01
2.366596311330795288e-01
3.811338916420936584e-02
1.529109925031661987e-01
1.962850801646709442e-02
2.750272490084171295e-02
5.851054787635803223e-01
0.000000000000000000e+00
0.000000000000000000e+00
0.000000000000000000e+00
1.893138885498046875e-01
2.535567283630371094e+00
0.000000000000000000e+00
3.056603297591209412e-02
5.915955901145935059e-01
1.292728483676910400e-01
7.353804707527160645e-01
3.987436741590499878e-02
1.125275492668151855e+00
3.280439078807830811e-01
2.695618569850921631e-01
1.114726960659027100e-01
4.369479417800903320e-02
3.897177428007125854e-02
2.752940356731414795e-01
1.674991548061370850e-01
7.656841725111007690e-02
4.551517665386199951e-01
5.109705328941345215e-01
6.525049358606338501e-02
6.438699960708618164e-01
3.894793102517724037e-03
0.000000000000000000e+00
1.153066530823707581e-01
4.797005057334899902e-01
1.803810745477676392e-01
2.202224016189575195e+00
1.668182730674743652e+00
2.750552892684936523e-01
5.712401866912841797e-01
2.723027467727661133e-01
2.957983911037445068e-01
0.000000000000000000e+00
0.000000000000000000e+00
3.178353786468505859e+00
1.157724764198064804e-02
0.000000000000000000e+00
0.000000000000000000e+00
9.405573606491088867e-01
4.731599390506744385e-01
5.821112990379333496e-01
4.615591838955879211e-02
5.216451883316040039e-01
1.251462381333112717e-03
0.000000000000000000e+00
1.203716278076171875e+00
1.627117097377777100e-01
5.787004716694355011e-03
4.073306918144226074e-01
5.416413769125938416e-02
1.676353812217712402e-02
7.958331704139709473e-01
0.000000000000000000e+00
5.301270261406898499e-02
7.961469143629074097e-02
2.937102317810058594e-02
7.658165693283081055e-01
1.715105958282947540e-02
2.764160931110382080e-01
1.503599062561988831e-02
2.214390337467193604e-01
2.533837854862213135e-01
9.980630874633789062e-01
2.709466218948364258e-01
5.242420434951782227e-01
1.407432835549116135e-02
1.851085871458053589e-01
3.378235995769500732e-01
6.284273624420166016e+00
0.000000000000000000e+00
1.121411323547363281e+00
3.990123510360717773e+00
2.411666512489318848e-02
0.000000000000000000e+00
0.000000000000000000e+00
8.142726868391036987e-02
4.547312259674072266e-01
5.457837134599685669e-02
0.000000000000000000e+00
7.541528940200805664e-01
1.062226772308349609e+00
1.358655393123626709e-01
4.142622947692871094e+00
2.175943255424499512e-01
1.335556153208017349e-03
0.000000000000000000e+00
9.572064131498336792e-02
1.262325942516326904e-01
8.403931744396686554e-03
3.571102619171142578e-01
1.364783287048339844e+00
8.915856480598449707e-02
9.463398158550262451e-02
5.384961888194084167e-02
2.735247015953063965e-01
8.836079239845275879e-01
0.000000000000000000e+00
1.939474605023860931e-02
1.089301466941833496e+00
5.869920924305915833e-02
0.000000000000000000e+00
2.257128804922103882e-01
5.363179445266723633e-01
1.380512416362762451e-01
1.644800156354904175e-01
0.000000000000000000e+00
5.813207011669874191e-03
1.132828816771507263e-01
1.295189261436462402e+00
0.000000000000000000e+00
9.679371714591979980e-01
6.419575214385986328e-01
1.473331451416015625e-01
1.541916131973266602e-01
1.421952694654464722e-01
6.333810091018676758e-02
1.064891338348388672e+00
1.235891878604888916e-01
4.405706226825714111e-01
1.306166797876358032e-01
1.655755341053009033e-01
6.052244082093238831e-02
1.528683155775070190e-01
2.173757106065750122e-01
3.399015963077545166e-01
2.979292869567871094e-01
0.000000000000000000e+00
8.670645207166671753e-02
1.976210437715053558e-02
2.472249984741210938e+00
0.000000000000000000e+00
2.798642814159393311e-01
4.036121666431427002e-01
8.319877088069915771e-02
7.624695450067520142e-02
1.040248274803161621e+00
3.105721771717071533e-01
6.314967176876962185e-04
2.766606584191322327e-02
1.987395733594894409e-01
1.782558411359786987e-01
7.544012367725372314e-02
1.388249635696411133e+00
5.044976994395256042e-02
7.786874771118164062e-01
1.441760659217834473e+00
1.012683987617492676e+00
0.000000000000000000e+00
2.985431551933288574e-01
4.741262272000312805e-02
1.859774291515350342e-01
1.577355265617370605e-01
3.799733147025108337e-02
1.287529710680246353e-03
0.000000000000000000e+00
2.258809469640254974e-02
4.584515094757080078e-01
0.000000000000000000e+00
4.331106841564178467e-01
3.348451852798461914e-01
6.368829607963562012e-01
2.172042727470397949e-01
8.546184003353118896e-02
1.770014502108097076e-02
5.833691954612731934e-01
0.000000000000000000e+00
3.552244901657104492e-01
6.402937173843383789e-01
1.638763248920440674e-01
1.063106134533882141e-01
3.410785496234893799e-01
0.000000000000000000e+00
0.000000000000000000e+00
0.000000000000000000e+00
6.197730451822280884e-02
7.640559077262878418e-01
2.440224401652812958e-02
3.769476711750030518e-02
2.210091613233089447e-02
6.880804300308227539e-01
3.257789462804794312e-02
1.613222211599349976e-01
0.000000000000000000e+00
1.704884767532348633e+00
0.000000000000000000e+00
1.805617064237594604e-01
1.634483337402343750e-01
1.026116013526916504e-01
1.751065403223037720e-01
3.153779730200767517e-02
2.281359583139419556e-02
0.000000000000000000e+00
3.355529531836509705e-02
0.000000000000000000e+00
2.313700504601001740e-02
9.713523387908935547e-01
0.000000000000000000e+00
1.700184494256973267e-01
2.074574083089828491e-01
5.642618611454963684e-02
3.311550989747047424e-02
1.248019456863403320e+00
1.690400242805480957e-01
1.324875950813293457e+00
8.640898391604423523e-03
0.000000000000000000e+00
2.308205217123031616e-01
5.807759240269660950e-02
8.381323888897895813e-03
0.000000000000000000e+00
0.000000000000000000e+00
1.337022185325622559e-01
1.997165232896804810e-01
4.800708889961242676e-01
1.663824170827865601e-01
4.751097559928894043e-01
2.313617803156375885e-02
1.475569844245910645e+00
2.075196355581283569e-01
8.848775923252105713e-02
0.000000000000000000e+00
6.315467506647109985e-02
4.186441421508789062e+00
1.557560451328754425e-02
1.346902400255203247e-01
2.951070964336395264e-01
3.242000639438629150e-01
1.570729352533817291e-02
2.166333347558975220e-01
0.000000000000000000e+00
1.541765034198760986e-01
1.071799039840698242e+00
0.000000000000000000e+00
2.450449466705322266e-01
1.118661556392908096e-02
5.156777426600456238e-02
1.548105478286743164e-01
4.918710887432098389e-01
0.000000000000000000e+00
1.192087382078170776e-01
0.000000000000000000e+00
5.407365411520004272e-02
8.969403058290481567e-02
4.778538364917039871e-03
2.699309401214122772e-02
5.621675029397010803e-02
5.342465639114379883e-01
0.000000000000000000e+00
0.000000000000000000e+00
2.834835946559906006e-01
5.325648188591003418e-01
4.675624668598175049e-01
0.000000000000000000e+00
1.246818453073501587e-01
0.000000000000000000e+00
7.343053817749023438e-02
0.000000000000000000e+00
3.080465793609619141e+00
0.000000000000000000e+00
8.402001112699508667e-02
1.021721139550209045e-01
0.000000000000000000e+00
0.000000000000000000e+00
2.527469873428344727e+00
9.201247990131378174e-02
1.792230755090713501e-01
3.874834626913070679e-02
8.913739770650863647e-02
0.000000000000000000e+00
5.582510232925415039e-01
1.799692809581756592e-01
1.793319880962371826e-01
4.214009940624237061e-01
2.183598279953002930e-01
1.591899991035461426e-01
6.140809506177902222e-02
1.847779750823974609e-02
1.479420997202396393e-02
4.039553403854370117e-01
6.844784133136272430e-03
1.579666733741760254e-01
4.000521302223205566e-01
3.063294887542724609e-01
6.591121852397918701e-02
1.535365544259548187e-02
2.706237137317657471e-02
4.664693176746368408e-01
1.831978708505630493e-01
6.680780649185180664e-01
3.064716607332229614e-02
4.056209921836853027e-01
0.000000000000000000e+00
4.553616046905517578e-01
0.000000000000000000e+00
0.000000000000000000e+00
4.593752697110176086e-02
1.683231592178344727e-01
2.288906127214431763e-01
5.161647200584411621e-01
0.000000000000000000e+00
8.546075820922851562e-01
6.196424737572669983e-02
1.148282364010810852e-01
6.397430896759033203e-01
2.671257257461547852e-01
0.000000000000000000e+00
4.501944780349731445e-02
0.000000000000000000e+00
2.067162841558456421e-01
1.540807355195283890e-02
2.138701915740966797e+00
5.529457330703735352e-02
0.000000000000000000e+00
2.429958581924438477e-01
0.000000000000000000e+00
5.627137608826160431e-03
8.907438516616821289e-01
2.562300488352775574e-02
0.000000000000000000e+00
2.176942676305770874e-01
0.000000000000000000e+00
2.037744782865047455e-02
3.011201918125152588e-01
1.828046202659606934e+00
8.417659997940063477e-02
8.452513068914413452e-02
1.118715405464172363e+00
1.268079727888107300e-01
6.354584693908691406e-01
0.000000000000000000e+00
5.214175581932067871e-02
6.594075355678796768e-03
1.186782121658325195e-01
0.000000000000000000e+00
4.302974641323089600e-01
0.000000000000000000e+00
2.377754300832748413e-01
0.000000000000000000e+00
7.044414430856704712e-02
6.030965447425842285e-01
1.328328847885131836e-01
5.378262400627136230e-01
8.265744149684906006e-02
9.400472640991210938e-01
1.996126770973205566e-01
4.540963564068078995e-03
7.442436367273330688e-02
1.649423241615295410e+00
0.000000000000000000e+00
2.188243670389056206e-03
0.000000000000000000e+00
8.204259872436523438e-01
0.000000000000000000e+00
1.390870690345764160e+00
5.499880313873291016e-01
2.621676623821258545e-01
7.244405746459960938e-01
0.000000000000000000e+00
3.906356915831565857e-02
1.548536214977502823e-02
3.973066434264183044e-02
2.098958939313888550e-01
2.920591592788696289e+00
0.000000000000000000e+00
8.982969820499420166e-02
5.653035640716552734e-01
2.274612486362457275e-01
1.159974113106727600e-01
3.453634306788444519e-02
1.149874687194824219e+00
1.071364164352416992e+00
5.108326207846403122e-03
7.131720334291458130e-02
2.753787636756896973e-01
4.155854135751724243e-02
5.357394218444824219e-01
2.940879166126251221e-01
5.887223407626152039e-02
2.192762374877929688e+00
4.615965187549591064e-01
8.812650442123413086e-01
9.372388594783842564e-04
9.118755161762237549e-02
8.093664795160293579e-02
8.328153491020202637e-01
3.414616733789443970e-02
0.000000000000000000e+00
1.873040497303009033e-01
1.202778816223144531e+00
4.621320068836212158e-01
4.241898953914642334e-01
2.507057487964630127e-01
0.000000000000000000e+00
0.000000000000000000e+00
1.090814024209976196e-01
1.644154191017150879e-01
2.794641554355621338e-01
9.922678768634796143e-02
0.000000000000000000e+00
0.000000000000000000e+00
8.309761062264442444e-03
3.331249579787254333e-02
4.825453832745552063e-02
3.300299495458602905e-02
2.708160318434238434e-02
5.887692421674728394e-02
9.704681485891342163e-02
3.715427219867706299e-02
3.948203563690185547e+00
1.147997975349426270e-01
1.037204638123512268e-01
7.083666324615478516e-02
6.633039712905883789e-01
5.337285995483398438e-01
3.090353906154632568e-01
1.334411799907684326e-01
1.557529419660568237e-01
4.317333698272705078e-01
9.500320255756378174e-02
3.181539773941040039e-01
9.447634220123291016e-01
2.236354909837245941e-02
2.997520864009857178e-01
2.580657899379730225e-01
1.049466207623481750e-01
6.448739767074584961e-02
3.075769543647766113e-01
1.585712842643260956e-02
2.639422416687011719e-01
0.000000000000000000e+00
0.000000000000000000e+00
2.563933134078979492e-01
2.352518558502197266e+00
3.888451680541038513e-02
1.112799763679504395e+00
7.685145363211631775e-03
6.611756086349487305e-01
5.494756996631622314e-02
3.007899224758148193e-01
0.000000000000000000e+00
1.215870026499032974e-02
1.834726482629776001e-01
3.725899755954742432e-01
2.184480130672454834e-01
1.597764045000076294e-01
3.941136971116065979e-02
7.251654863357543945e-01
5.772420391440391541e-02
0.000000000000000000e+00
1.556909978389739990e-01
4.648127406835556030e-02
2.146240025758743286e-01
1.159484013915061951e-01
6.549900770187377930e-02
1.413354128599166870e-01
1.397872865200042725e-01
9.101653844118118286e-02
1.157498136162757874e-01
0.000000000000000000e+00
2.066622376441955566e-01
4.495101571083068848e-01
0.000000000000000000e+00
7.674379646778106689e-02
1.512401103973388672e-01
3.695419430732727051e-02
2.957893610000610352e-01
3.704037666320800781e-01
2.359433472156524658e-02
0.000000000000000000e+00
2.632185220718383789e-01
3.240143656730651855e-01
1.187527105212211609e-01
2.724572783336043358e-03
4.244185984134674072e-01
2.110122144222259521e-02
7.301385514438152313e-03
2.235029935836791992e-01
3.252129256725311279e-01
1.639271974563598633e-01
4.624821841716766357e-01
1.721331179141998291e-01
1.151529606431722641e-02
3.635278716683387756e-02
0.000000000000000000e+00
0.000000000000000000e+00
0.000000000000000000e+00
1.438293904066085815e-01
2.397604137659072876e-01
0.000000000000000000e+00
2.624312341213226318e-01
0.000000000000000000e+00
0.000000000000000000e+00
2.254132367670536041e-02
7.088859677314758301e-01
1.665327429771423340e+00
9.260689467191696167e-02
0.000000000000000000e+00
1.479235142469406128e-01
1.877168565988540649e-01
0.000000000000000000e+00
2.528010606765747070e-01
1.189962148666381836e+00
2.927846014499664307e-01
1.839096285402774811e-02
1.669435501098632812e-01
2.568159066140651703e-02
0.000000000000000000e+00
2.266871929168701172e-02
0.000000000000000000e+00
1.902839690446853638e-01
6.900366861373186111e-03
1.652858257293701172e-01
1.109337061643600464e-02
3.191273935954086483e-05
5.941863637417554855e-03
5.856888741254806519e-02
2.990214824676513672e-01
1.820670217275619507e-01
0.000000000000000000e+00
1.915012598037719727e-01
0.000000000000000000e+00
4.393082857131958008e-02
1.825619675219058990e-02
4.285958036780357361e-02
2.110200934112071991e-02
1.223715487867593765e-02
2.693157792091369629e-01
9.810463339090347290e-02
1.070746593177318573e-02
0.000000000000000000e+00
2.829200960695743561e-02
2.000331401824951172e+00
0.000000000000000000e+00
4.263192386133596301e-05
2.848334014415740967e-01
0.000000000000000000e+00
1.167852804064750671e-01
4.317688941955566406e-02
5.181497335433959961e-01
1.305446121841669083e-02
1.402563694864511490e-02
1.272790879011154175e-01
0.000000000000000000e+00
1.649059727787971497e-02
0.000000000000000000e+00
1.008380413055419922e+00
1.110085174441337585e-01
0.000000000000000000e+00
4.168671965599060059e-01
