4.345299676060676575e-02
2.152393907308578491e-01
6.926730275154113770e-01
0.000000000000000000e+00
9.001907706260681152e-02
1.160348653793334961e-01
0.000000000000000000e+00
7.046203613281250000e-01
6.486284136772155762e-01
2.435629129409790039e+00
3.063314780592918396e-02
1.365898013114929199e+00
3.908707499504089355e-01
4.987970739603042603e-02
0.000000000000000000e+00
3.584771156311035156e-01
3.473373353481292725e-01
2.666656672954559326e-01
1.064970731735229492e+00
8.446463942527770996e-01
3.612177670001983643e-01
3.813895955681800842e-02
1.337349861860275269e-01
0.000000000000000000e+00
4.001142922788858414e-03
1.410160660743713379e-01
0.000000000000000000e+00
3.491938114166259766e-01
0.000000000000000000e+00
9.506826400756835938e-01
1.377953767776489258e+00
8.470771908760070801e-01
8.534824848175048828e-01
3.222432434558868408e-01
4.618063271045684814e-01
2.652271091938018799e-01
1.240051016211509705e-01
1.041366815567016602e+00
9.111547470092773438e-01
1.677847504615783691e-01
1.834172487258911133e+00
9.517880529165267944e-02
1.349416822195053101e-01
1.225982546806335449e+00
8.889682590961456299e-02
8.335568942129611969e-03
9.885798692703247070e-01
1.060278654098510742e+00
2.097153902053833008e+00
6.727135181427001953e-01
1.672821044921875000e-01
4.588957130908966064e-01
7.452896833419799805e-01
1.087254524230957031e+00
1.161895021796226501e-01
1.293767690658569336e+00
4.676571190357208252e-01
2.923935353755950928e-01
8.272873610258102417e-02
3.968432545661926270e-01
1.708590626716613770e+00
3.380031585693359375e-01
1.186527848243713379e+00
1.337776541709899902e+00
9.363810718059539795e-02
5.910062789916992188e-02
4.418506920337677002e-01
1.583089351654052734e+00
5.194441415369510651e-03
3.482405245304107666e-01
1.863877773284912109e-01
1.651338785886764526e-01
4.643268585205078125e-01
5.173894762992858887e-01
1.947463154792785645e+00
1.763905167579650879e+00
2.061417251825332642e-01
0.000000000000000000e+00
1.221032857894897461e+00
1.022507697343826294e-01
1.856123507022857666e-01
2.831584811210632324e-01
5.656618475914001465e-01
1.102558374404907227e+00
1.077717423439025879e+00
2.438961714506149292e-01
2.528078556060791016e-01
2.098744269460439682e-03
8.414186537265777588e-02
4.654555320739746094e-01
2.377938479185104370e-02
4.551812708377838135e-01
1.168517470359802246e+00
4.876656085252761841e-02
4.695972800254821777e-01
0.000000000000000000e+00
9.260913133621215820e-01
1.752225756645202637e+00
5.336551070213317871e-01
7.096877098083496094e-01
1.698038876056671143e-01
9.280248880386352539e-01
3.436543345451354980e-01
4.622834622859954834e-01
4.236829578876495361e-01
1.035612344741821289e+00
0.000000000000000000e+00
0.000000000000000000e+00
2.499919384717941284e-01
7.821110486984252930e-01
1.310282293707132339e-02
1.445300132036209106e-01
2.010802984237670898e+00
6.987816095352172852e-01
4.866965115070343018e-01
0.000000000000000000e+00
1.885871738195419312e-01
5.046378448605537415e-02
1.642190098762512207e+00
1.054998278617858887e+00
3.351161777973175049e-01
7.637067437171936035e-01
2.894504547119140625e+00
1.054057180881500244e-01
6.504312753677368164e-01
4.111824333667755127e-01
3.213966608047485352e+00
5.577199161052703857e-03
2.575058341026306152e-01
2.221420854330062866e-01
7.093536853790283203e-02
6.242742016911506653e-02
3.408718109130859375e-01
4.314659237861633301e-01
1.061839818954467773e+00
0.000000000000000000e+00
1.826723515987396240e-01
1.608928799629211426e+00
6.914858341217041016e+00
1.153971672058105469e+00
2.462750971317291260e-01
7.212626338005065918e-01
2.074163675308227539e+00
1.575741171836853027e+00
7.571318000555038452e-02
2.194550074636936188e-02
8.565840721130371094e-01
5.761061981320381165e-02
6.957671046257019043e-02
1.181828498840332031e+00
1.489172223955392838e-03
8.041453957557678223e-01
2.240011692047119141e-01
4.973537027835845947e-01
1.961902260780334473e+00
0.000000000000000000e+00
1.320914626121520996e+00
7.431334257125854492e-02
4.574802517890930176e-02
1.573084950447082520e+00
1.038672402501106262e-02
4.659959077835083008e-01
9.451988339424133301e-01
5.462164878845214844e-01
1.321602702140808105e+00
1.608354210853576660e+00
9.315574169158935547e-02
8.885714411735534668e-01
1.256519705057144165e-01
1.116275563836097717e-01
2.793127894401550293e-01
9.935999512672424316e-01
7.032599449157714844e-01
3.514863923192024231e-02
3.552223443984985352e-01
1.972500085830688477e+00
1.018560156226158142e-01
4.111288487911224365e-01
2.727875709533691406e-01
0.000000000000000000e+00
8.821670413017272949e-01
5.370847702026367188e+00
1.437413096427917480e+00
1.274031400680541992e+00
4.765790104866027832e-01
8.655643463134765625e-02
2.223629057407379150e-01
1.870114915072917938e-02
0.000000000000000000e+00
4.083221554756164551e-01
2.982590198516845703e-01
4.400003701448440552e-02
5.259234309196472168e-01
4.526078701019287109e-01
0.000000000000000000e+00
7.636973857879638672e-01
1.370000094175338745e-01
1.021852970123291016e+00
2.678548395633697510e-01
6.289255023002624512e-01
9.224409610033035278e-02
3.421102762222290039e-01
6.270448118448257446e-02
9.420490264892578125e-02
6.463527083396911621e-01
1.502257585525512695e-01
1.836472377181053162e-02
4.718662500381469727e-01
7.270309329032897949e-02
7.334584593772888184e-01
0.000000000000000000e+00
1.009576678276062012e+00
1.579750031232833862e-01
2.378774136304855347e-01
6.857960700988769531e+00
7.516267150640487671e-02
7.566232681274414062e-01
1.518630832433700562e-01
0.000000000000000000e+00
2.407970905303955078e+00
8.850520104169845581e-02
1.053782030940055847e-01
2.276462316513061523e-01
4.857141971588134766e-01
3.147587180137634277e-01
2.390169620513916016e+00
5.728349834680557251e-02
5.050290226936340332e-01
1.272609829902648926e+00
3.339356482028961182e-01
0.000000000000000000e+00
3.443081080913543701e-01
2.658007852733135223e-02
9.501016139984130859e-02
7.518886029720306396e-02
1.557046651840209961e+00
2.218675762414932251e-01
3.228263556957244873e-02
2.794245481491088867e-01
4.150028154253959656e-02
9.251064062118530273e-02
2.765339799225330353e-02
9.342917799949645996e-01
4.812309984117746353e-03
1.377995967864990234e+00
6.895865499973297119e-02
3.226031735539436340e-02
3.040105663239955902e-02
0.000000000000000000e+00
1.508979350328445435e-01
7.379789836704730988e-03
0.000000000000000000e+00
2.155170887708663940e-01
1.046624109148979187e-01
1.430541872978210449e+00
5.483464598655700684e-01
1.336884051561355591e-01
7.050158381462097168e-01
5.437678694725036621e-01
7.660646438598632812e+00
3.162866691127419472e-03
7.901455760002136230e-01
9.715799093246459961e-01
9.532474726438522339e-02
1.643349885940551758e+00
4.515457451343536377e-01
5.657922476530075073e-02
6.305545568466186523e-02
3.092563867568969727e+00
6.447702646255493164e-02
3.013219535350799561e-01
1.774389743804931641e-01
2.467996776103973389e-01
1.022168472409248352e-01
2.888836264610290527e-01
1.955881714820861816e-01
9.632293879985809326e-02
9.607529640197753906e-01
5.296409130096435547e-01
8.946117758750915527e-02
1.273198612034320831e-02
5.485556721687316895e-01
1.541137814521789551e+00
1.231195330619812012e-01
4.297314584255218506e-01
3.892615437507629395e-01
0.000000000000000000e+00
2.326624870300292969e+00
6.462120264768600464e-02
2.842988669872283936e-01
4.614469707012176514e-01
2.036700010299682617e+00
2.752228736877441406e+00
1.027181625366210938e+00
0.000000000000000000e+00
3.504207134246826172e-01
9.385803937911987305e-01
4.229597002267837524e-02
1.132553458213806152e+00
0.000000000000000000e+00
1.956998407840728760e-01
4.495972156524658203e+00
8.190124630928039551e-01
1.469480693340301514e-01
1.727514117956161499e-01
5.213043093681335449e-02
5.491708219051361084e-02
4.588878750801086426e-01
3.913941383361816406e-01
7.934340834617614746e-02
2.461878657341003418e-01
4.448319971561431885e-01
9.488675594329833984e-01
8.344519883394241333e-03
1.088434576988220215e+00
1.214896589517593384e-01
1.522859692573547363e+00
9.149985313415527344e-01
9.506261348724365234e-01
3.152648687362670898e+00
0.000000000000000000e+00
1.495852619409561157e-01
2.435672044754028320e+00
1.059000045061111450e-01
7.913542985916137695e-01
2.606231253594160080e-03
1.908944249153137207e-01
1.202686429023742676e+00
1.127899158746004105e-02
1.649930179119110107e-01
8.212395943701267242e-03
1.661479234695434570e+00
1.696700692176818848e+00
1.918646693229675293e-01
2.971766591072082520e-01
6.563203930854797363e-01
6.759140491485595703e-01
5.197655782103538513e-02
1.875825375318527222e-01
9.549491405487060547e-01
2.800828814506530762e-01
7.171554118394851685e-02
5.929826498031616211e-01
4.767487943172454834e-01
2.124367952346801758e-01
3.807162344455718994e-01
1.476618647575378418e-01
5.424957275390625000e-01
6.147251725196838379e-01
3.036958537995815277e-02
8.857223987579345703e-01
1.065931792254559696e-04
8.154658079147338867e-01
0.000000000000000000e+00
7.519286870956420898e-02
6.131700873374938965e-01
1.772830188274383545e-01
1.078449726104736328e+00
7.689297795295715332e-01
7.348716259002685547e-01
5.006904006004333496e-01
6.068766117095947266e-01
2.868795953691005707e-02
3.198547363281250000e-01
1.533112823963165283e-01
9.051924943923950195e-02
6.236243844032287598e-01
6.914296150207519531e-01
4.226798713207244873e-01
0.000000000000000000e+00
1.108041167259216309e+00
3.289400339126586914e-01
1.353128850460052490e-01
1.369809389114379883e+00
2.068710327148437500e-01
1.344843357801437378e-01
1.437618732452392578e-01
6.800181269645690918e-01
3.719017267227172852e+00
1.990076154470443726e-01
6.438686698675155640e-02
1.963011622428894043e+00
7.901892066001892090e-03
3.616895377635955811e-01
7.150069475173950195e-01
2.058882080018520355e-02
4.657528102397918701e-01
2.953995019197463989e-02
1.329771757125854492e+00
5.977010726928710938e-01
2.121752262115478516e+00
9.238001704216003418e-02
3.205832093954086304e-02
4.955754280090332031e+00
1.681593656539916992e+00
1.279185563325881958e-01
0.000000000000000000e+00
5.173589661717414856e-02
3.168037533760070801e-02
0.000000000000000000e+00
0.000000000000000000e+00
0.000000000000000000e+00
1.043653190135955811e-01
2.854625463485717773e+00
3.439629971981048584e-01
3.592858314514160156e-01
2.609400153160095215e-01
1.535337805747985840e+00
1.241314530372619629e+00
0.000000000000000000e+00
2.411675691604614258e+00
6.235023587942123413e-02
3.180596232414245605e-01
2.270578593015670776e-01
2.289109677076339722e-01
4.304658621549606323e-02
6.149913743138313293e-02
9.532438218593597412e-02
1.774220317602157593e-01
4.102614894509315491e-02
1.382850296795368195e-02
1.242588400840759277e+00
9.025052189826965332e-02
1.267541050910949707e-01
3.971121609210968018e-01
1.916079372167587280e-01
5.532953739166259766e-01
2.586000561714172363e-01
0.000000000000000000e+00
9.281648817704990506e-05
6.595707535743713379e-01
1.033292412757873535e-01
1.653024196624755859e+00
1.854556322097778320e+00
2.485317178070545197e-02
1.245364770293235779e-01
4.382783472537994385e-01
1.289248824119567871e+00
1.274994492530822754e+00
3.096763193607330322e-01
1.606512069702148438e-01
8.836084604263305664e-02
7.124828547239303589e-02
8.579760044813156128e-02
1.372689902782440186e-01
1.358499169349670410e+00
1.345870643854141235e-02
3.087330758571624756e-01
1.682203710079193115e-01
4.863601624965667725e-01
5.278519392013549805e-01
7.781876325607299805e-01
1.948748826980590820e+00
3.136770963668823242e+00
3.132293820381164551e-01
4.589094817638397217e-01
7.220643013715744019e-02
2.995123565196990967e-01
1.662019252777099609e+00
1.138589605689048767e-01
0.000000000000000000e+00
4.225630462169647217e-01
1.114472031593322754e+00
2.343115508556365967e-01
2.212143898010253906e+00
2.407170683145523071e-01
1.894479870796203613e+00
8.282301574945449829e-02
0.000000000000000000e+00
1.571240186691284180e+00
5.241832113824784756e-04
1.110762715339660645e+00
2.061728239059448242e+00
1.884970664978027344e+00
1.157512903213500977e+00
1.359352111816406250e+00
1.915532648563385010e-01
4.622937679290771484e+00
5.737525820732116699e-01
3.327684849500656128e-02
2.701745331287384033e-01
4.037489593029022217e-01
9.579563736915588379e-01
2.667873799800872803e-01
2.516248941421508789e+00
4.522508978843688965e-01
3.388829231262207031e-01
1.031137555837631226e-01
1.698060892522335052e-02
1.341305613517761230e+00
2.820153255015611649e-03
3.250709772109985352e-01
7.722908854484558105e-01
1.363323926925659180e+00
4.420812129974365234e-01
1.980078220367431641e-01
1.308383233845233917e-02
3.388064503669738770e-01
1.739920228719711304e-01
2.577623724937438965e-01
2.306672185659408569e-02
0.000000000000000000e+00
7.596580982208251953e-01
0.000000000000000000e+00
2.935209274291992188e+00
1.043669581413269043e+00
1.201603934168815613e-01
9.649336934089660645e-01
1.605783402919769287e-01
2.625667750835418701e-01
1.562918663024902344e+00
1.073680892586708069e-01
3.609718084335327148e-01
7.606642693281173706e-02
1.507146120071411133e+00
0.000000000000000000e+00
6.130379065871238708e-02
3.074965476989746094e+00
1.562312364578247070e+00
2.251132279634475708e-01
1.409936929121613503e-03
3.294167816638946533e-01
1.348939895629882812e+00
2.324764728546142578e+00
4.544368013739585876e-02
8.589833974838256836e-01
0.000000000000000000e+00
1.066402435302734375e+00
1.544724702835083008e-01
5.477952957153320312e-01
6.418899446725845337e-02
5.496246367692947388e-02
5.999847412109375000e+00
3.470789194107055664e-01
1.432858943939208984e+00
3.451190590858459473e-01
3.736081346869468689e-02
1.144263669848442078e-01
5.596555396914482117e-02
1.775904655456542969e+00
2.161241322755813599e-01
3.251133263111114502e-01
1.478257298469543457e+00
5.617843940854072571e-02
1.845133900642395020e-01
9.308381080627441406e-01
1.448838829994201660e+00
2.107819318771362305e-01
3.825430274009704590e-01
3.536438345909118652e-01
5.761759281158447266e-01
2.100231125950813293e-02
1.309552043676376343e-01
2.518946230411529541e-01
8.929591178894042969e-01
1.085038781166076660e-01
1.136077046394348145e+00
4.552365541458129883e-01
1.617321729660034180e+00
5.983670353889465332e-01
6.038112044334411621e-01
0.000000000000000000e+00
4.511843025684356689e-01
1.073278427124023438e+00
0.000000000000000000e+00
2.615012407302856445e+00
7.142436504364013672e-02
5.294536948204040527e-01
6.929357349872589111e-02
7.008572816848754883e-01
0.000000000000000000e+00
1.250511765480041504e+00
4.222473204135894775e-01
0.000000000000000000e+00
6.489567458629608154e-02
1.425616592168807983e-01
5.465116500854492188e-01
1.441809684038162231e-01
0.000000000000000000e+00
4.441194981336593628e-02
9.606899619102478027e-01
4.651315510272979736e-01
2.105580866336822510e-01
0.000000000000000000e+00
2.099110046401619911e-03
5.810309052467346191e-01
1.090416610240936279e-01
1.361569404602050781e+00
1.165575265884399414e+00
1.374899037182331085e-02
8.253307640552520752e-02
4.441251456737518311e-01
5.973954796791076660e-01
8.950935006141662598e-01
8.666850328445434570e-01
3.480308353900909424e-01
7.536606788635253906e-01
1.637460589408874512e-01
1.733279228210449219e+00
4.271914362907409668e-01
5.065643787384033203e-01
0.000000000000000000e+00
0.000000000000000000e+00
5.941235423088073730e-01
3.043230772018432617e-01
4.263083636760711670e-02
1.276979148387908936e-01
1.620355844497680664e-01
2.014447189867496490e-02
0.000000000000000000e+00
1.003980413079261780e-01
4.728936254978179932e-01
1.128968477249145508e+00
1.269966736435890198e-02
5.775966048240661621e-01
1.573547005653381348e+00
1.136289358139038086e+00
2.863078713417053223e-01
1.289555311203002930e+00
0.000000000000000000e+00
6.818049550056457520e-01
5.161980390548706055e-01
6.916826963424682617e-01
1.537350893020629883e+00
4.923626184463500977e-01
2.005155533552169800e-01
2.517566026654094458e-04
5.992526412010192871e-01
9.317488409578800201e-03
2.349412441253662109e-01
2.306838929653167725e-01
8.891319632530212402e-01
5.233530700206756592e-02
2.796619236469268799e-01
1.638564318418502808e-01
0.000000000000000000e+00
7.583150863647460938e-01
1.382569193840026855e+00
3.508839845657348633e+00
3.087024092674255371e-01
8.199150562286376953e-01
1.456708788871765137e+00
3.982329741120338440e-03
2.049904912710189819e-01
2.962369620800018311e-01
1.349679231643676758e+00
1.179917715489864349e-02
0.000000000000000000e+00
3.702718317508697510e-01
5.845431983470916748e-02
4.688615500926971436e-01
2.260671705007553101e-01
1.143284797668457031e+00
1.349906563758850098e+00
1.169070959091186523e+00
1.288400411605834961e+00
1.052995204925537109e+00
0.000000000000000000e+00
1.564588546752929688e-01
6.011257767677307129e-01
2.829192399978637695e+00
5.529839396476745605e-01
4.086270928382873535e-01
1.330124020576477051e+00
7.478265464305877686e-02
5.473931431770324707e-01
2.173740863800048828e-01
7.528010010719299316e-01
4.922592341899871826e-01
6.780125200748443604e-02
3.336082935333251953e+00
8.724393248558044434e-01
2.503515779972076416e-01
1.319587975740432739e-01
3.090479373931884766e-01
9.625323861837387085e-02
3.052754327654838562e-02
1.130174547433853149e-01
2.377982378005981445e+00
1.664343357086181641e+00
1.017257422208786011e-01
1.889620274305343628e-01
3.037399053573608398e-01
6.173275411128997803e-02
1.414029300212860107e-01
1.570735722780227661e-01
9.188170433044433594e-01
2.483852356672286987e-01
1.077871024608612061e-01
1.873873174190521240e-02
8.698640763759613037e-02
2.564708888530731201e-01
1.051913760602474213e-02
1.944092288613319397e-02
4.528615474700927734e-01
1.824913769960403442e-01
3.187509775161743164e-01
5.314686894416809082e-02
6.202449798583984375e-01
3.118956387042999268e-01
3.524425327777862549e-01
3.292843997478485107e-01
1.990839689970016479e-01
6.973749399185180664e-02
2.948843240737915039e-01
1.609850972890853882e-01
2.360152639448642731e-02
6.744850873947143555e-01
3.762088343501091003e-02
2.438676595687866211e+00
1.528709009289741516e-02
4.740703999996185303e-01
8.084343075752258301e-01
2.960502505302429199e-01
1.614936143159866333e-01
9.067664146423339844e-01
9.912138432264328003e-02
3.813783645629882812e+00
9.824883341789245605e-01
3.088313341140747070e-01
1.691232621669769287e-01
3.015795536339282990e-02
4.228371679782867432e-01
3.914197161793708801e-02
2.610440731048583984e+00
5.548330545425415039e-01
5.307078361511230469e-03
3.243392705917358398e-01
6.540407538414001465e-01
2.489511370658874512e-01
3.665338158607482910e-01
4.458415806293487549e-01
1.210864186286926270e-01
3.409733623266220093e-02
6.104563176631927490e-02
5.870794057846069336e-01
7.353969216346740723e-01
6.362747550010681152e-01
1.199606209993362427e-01
2.007606506347656250e+00
4.191219508647918701e-01
2.870962321758270264e-01
1.908187419176101685e-01
9.134628623723983765e-02
1.956125736236572266e+00
0.000000000000000000e+00
2.596769332885742188e+00
1.042998671531677246e+00
0.000000000000000000e+00
2.087176084518432617e+00
2.126749157905578613e-01
2.202562332153320312e+00
7.511999458074569702e-02
3.195867538452148438e+00
9.083233475685119629e-01
9.341096878051757812e-02
1.036050263792276382e-02
3.222692906856536865e-01
3.011816501617431641e+00
2.260358810424804688e+00
1.443208694458007812e+00
2.304226011037826538e-01
1.499158889055252075e-01
7.217628955841064453e-01
9.630809426307678223e-01
1.176807999610900879e+00
2.382281124591827393e-01
1.318039536476135254e+00
7.423194646835327148e-01
0.000000000000000000e+00
1.890923455357551575e-02
5.334215238690376282e-02
6.289473176002502441e-01
1.163924098014831543e+00
1.679282665252685547e+00
1.235957264900207520e+00
6.333171725273132324e-01
1.508000135421752930e+00
9.998273849487304688e-01
1.235447898507118225e-01
3.845023214817047119e-01
1.127390146255493164e+00
1.436886638402938843e-01
3.819523096084594727e+00
3.511595964431762695e+00
0.000000000000000000e+00
1.141663193702697754e-01
2.138961665332317352e-02
0.000000000000000000e+00
6.649156808853149414e-01
1.715657949447631836e+00
7.818366289138793945e-01
4.575802385807037354e-02
4.707101583480834961e-01
9.753002524375915527e-01
1.408939719200134277e+00
4.125124812126159668e-01
2.819935798645019531e+00
3.764789402484893799e-01
2.126266360282897949e-01
8.242324739694595337e-02
9.599241018295288086e-01
3.152753829956054688e+00
4.305575788021087646e-02
1.368929028511047363e+00
8.357390761375427246e-03
1.940284110605716705e-02
5.488325282931327820e-02
2.109274387359619141e+00
4.864118993282318115e-01
3.675310611724853516e-01
6.020335853099822998e-02
5.411897972226142883e-02
1.915731281042098999e-01
0.000000000000000000e+00
5.718652606010437012e-01
5.360965803265571594e-02
2.436411678791046143e-01
6.294100880622863770e-01
2.345252037048339844e-02
1.033364653587341309e+00
6.515977382659912109e-01
7.223932147026062012e-01
2.402065098285675049e-01
2.186149835586547852e+00
1.701722741127014160e+00
4.761244356632232666e-02
2.150499820709228516e-01
4.979053884744644165e-02
1.228112936019897461e+00
3.129931911826133728e-02
1.554509699344635010e-01
2.793840691447257996e-02
1.966256350278854370e-01
1.504145383834838867e+00
5.861220359802246094e-01
4.557230174541473389e-01
4.098892211914062500e-01
2.140970081090927124e-01
3.216458797454833984e+00
1.055724173784255981e-01
9.647830128669738770e-01
3.856443166732788086e-01
5.727149546146392822e-02
2.639417350292205811e-01
0.000000000000000000e+00
6.229184195399284363e-02
5.828622728586196899e-02
6.310849189758300781e-01
6.231724470853805542e-02
5.629441142082214355e-01
5.577357411384582520e-01
1.602951884269714355e-01
9.337573647499084473e-01
5.297046303749084473e-01
4.602155089378356934e-02
2.055770158767700195e+00
4.939592257142066956e-02
7.850985974073410034e-03
1.773010343313217163e-01
3.118363022804260254e-01
2.835915684700012207e-01
1.719430983066558838e-01
1.667179465293884277e+00
1.060442905873060226e-02
2.475249290466308594e+00
8.966677635908126831e-02
0.000000000000000000e+00
1.545622944831848145e+00
5.845869779586791992e-01
6.832355856895446777e-01
1.121790885925292969e+00
3.080467939376831055e+00
3.380123078823089600e-01
1.420874744653701782e-01
1.221529960632324219e+00
2.315243482589721680e+00
3.761839568614959717e-01
1.343007981777191162e-01
3.673031032085418701e-01
1.429392695426940918e-01
2.030929774045944214e-01
4.411799460649490356e-02
2.511385381221771240e-01
1.172757614403963089e-02
5.972896218299865723e-01
7.167313098907470703e-01
5.920454263687133789e-01
5.510303974151611328e-01
3.829278051853179932e-02
1.813890695571899414e+00
1.046524882316589355e+00
5.514849424362182617e-01
2.284514904022216797e-01
4.295987486839294434e-01
3.226516962051391602e+00
2.203686237335205078e+00
1.400913000106811523e+00
2.101749658584594727e+00
1.664903461933135986e-01
6.420785784721374512e-01
9.045714735984802246e-01
1.102618813514709473e+00
1.621329188346862793e-01
7.234609127044677734e-02
2.393481135368347168e-01
9.963396191596984863e-01
4.166735410690307617e-01
3.499543070793151855e-01
7.895523309707641602e-02
3.412577211856842041e-01
7.722634822130203247e-02
1.622025817632675171e-01
3.667636811733245850e-01
1.511509180068969727e+00
2.012949734926223755e-01
4.251244664192199707e-01
4.556081816554069519e-02
1.259955167770385742e+00
6.092048287391662598e-01
2.393110841512680054e-01
7.557370513677597046e-02
7.140208035707473755e-02
6.062611937522888184e-02
5.167345404624938965e-01
1.234286427497863770e+00
4.133693695068359375e+00
4.061815440654754639e-01
1.397563889622688293e-02
4.583101570606231689e-01
1.038052141666412354e-02
2.333509735763072968e-02
2.404579967260360718e-01
1.872397541999816895e+00
2.138628005981445312e+00
7.527204751968383789e-01
1.763628609478473663e-02
3.139774799346923828e-01
2.263597249984741211e+00
1.390786886215209961e+00
8.240026980638504028e-02
6.277597546577453613e-01
1.795105636119842529e-02
4.868529271334409714e-03
1.359786152839660645e+00
1.145883083343505859e+00
3.469544351100921631e-01
1.545914858579635620e-01
1.351494342088699341e-01
5.837353467941284180e-01
2.127051800489425659e-01
6.449605822563171387e-01
3.725395351648330688e-02
3.214155435562133789e-01
1.959308385848999023e-01
7.513461112976074219e-01
7.834886200726032257e-03
5.365158915519714355e-01
2.551701664924621582e-01
1.714584827423095703e-01
2.481510341167449951e-01
2.783003091812133789e+00
1.875860452651977539e+00
2.278827726840972900e-01
3.215534240007400513e-02
2.841810226440429688e+00
0.000000000000000000e+00
1.090626716613769531e+00
2.559312105178833008e+00
1.965528279542922974e-01
2.350524812936782837e-01
3.320781141519546509e-02
4.938904047012329102e-01
8.006666302680969238e-01
1.023731287568807602e-02
1.649359166622161865e-01
8.502693772315979004e-01
1.075836300849914551e+00
3.489626348018646240e-01
2.867219503968954086e-03
1.570792645215988159e-01
2.579918503761291504e-01
2.598870992660522461e-01
1.699922204017639160e+00
1.626247912645339966e-01
1.046309471130371094e+00
2.309031188488006592e-01
2.184209674596786499e-01
1.337014138698577881e-01
6.366437077522277832e-01
2.027805328369140625e+00
6.762383040040731430e-03
8.807634711265563965e-01
1.757027208805084229e-02
1.502109289169311523e+00
5.221383571624755859e-01
8.761352896690368652e-01
2.725653946399688721e-01
4.114665687084197998e-01
4.607501029968261719e+00
1.769846677780151367e+00
6.927067041397094727e-02
9.294024668633937836e-03
2.325839400291442871e-01
2.033830732107162476e-01
1.887167803943157196e-02
9.383255243301391602e-02
2.765311598777770996e-01
0.000000000000000000e+00
1.279112458229064941e+00
2.785134315490722656e-02
6.224937438964843750e-01
6.281969696283340454e-02
1.511690318584442139e-01
1.643410801887512207e+00
3.543715924024581909e-02
1.675092130899429321e-01
5.385020375251770020e-01
4.623765349388122559e-01
1.353630609810352325e-02
2.188469171524047852e+00
2.207045793533325195e+00
2.013801783323287964e-01
4.939877986907958984e-01
8.885021507740020752e-02
4.395566284656524658e-01
1.891445964574813843e-01
1.684722304344177246e+00
5.968902111053466797e-01
2.972560822963714600e-01
1.449133992195129395e+00
4.356792867183685303e-01
1.607939004898071289e-01
4.104258492588996887e-02
1.470482498407363892e-01
1.053617149591445923e-01
8.909101039171218872e-02
1.374139934778213501e-01
2.255237698554992676e-01
2.350411377847194672e-02
3.070957958698272705e-01
1.280924677848815918e+00
4.920149967074394226e-02
5.961509346961975098e-01
8.543319702148437500e-01
2.233257293701171875e+00
3.791338503360748291e-01
1.531542778015136719e+00
5.838072896003723145e-01
2.449699163436889648e+00
2.768904566764831543e-01
3.581618070602416992e-01
0.000000000000000000e+00
1.277629733085632324e-01
4.469902515411376953e-01
2.630153894424438477e-01
1.226426839828491211e+00
5.072122812271118164e-01
1.033328652381896973e+00
4.872044026851654053e-01
4.122677445411682129e-02
2.359799668192863464e-02
7.799041867256164551e-01
2.074259757995605469e+00
2.156906276941299438e-01
1.297594327479600906e-02
2.328034862875938416e-02
6.815764904022216797e-01
7.270513176918029785e-01
2.836365103721618652e-01
4.441329538822174072e-01
1.059464514255523682e-01
2.358755111694335938e+00
4.169476032257080078e-01
2.654492378234863281e+00
0.000000000000000000e+00
4.673477411270141602e-01
4.197882115840911865e-01
6.543302059173583984e+00
2.504658401012420654e-01
1.401820927858352661e-01
2.060072124004364014e-01
4.506575465202331543e-01
3.682006895542144775e-01
4.268151894211769104e-02
1.058314181864261627e-02
2.081704437732696533e-01
3.665996715426445007e-02
1.158426403999328613e-01
4.897502809762954712e-02
3.547940254211425781e-01
1.190237641334533691e+00
4.068235307931900024e-02
2.750458009541034698e-02
0.000000000000000000e+00
3.493423163890838623e-01
7.033147811889648438e-01
2.355662882328033447e-01
2.777792215347290039e+00
2.604670524597167969e-01
4.252206385135650635e-01
1.317244023084640503e-01
5.162010341882705688e-02
1.387531310319900513e-01
1.642755419015884399e-01
1.172700762748718262e+00
0.000000000000000000e+00
6.485679745674133301e-02
4.111578166484832764e-01
0.000000000000000000e+00
1.274388313293457031e+00
1.488842606544494629e+00
1.537325084209442139e-01
0.000000000000000000e+00
1.185197234153747559e+00
3.669193387031555176e-02
9.478855133056640625e-02
7.762674093246459961e-01
1.323403120040893555e-01
1.719999164342880249e-01
5.771130919456481934e-01
2.229822129011154175e-01
4.296776056289672852e-01
1.103549122810363770e+00
2.606519460678100586e-01
2.374735027551651001e-01
4.459950923919677734e-01
6.048294305801391602e-01
4.103474617004394531e-01
4.638527035713195801e-01
7.871847152709960938e-01
8.125928044319152832e-02
0.000000000000000000e+00
1.382426172494888306e-01
1.327435374259948730e+00
5.624460577964782715e-01
8.359295874834060669e-02
5.372229218482971191e-01
5.399490594863891602e-01
1.493905484676361084e-01
4.220210611820220947e-01
9.022712707519531250e-01
0.000000000000000000e+00
1.655366271734237671e-01
6.746400147676467896e-02
6.536853313446044922e-01
5.809999704360961914e-01
9.131743013858795166e-02
3.655976355075836182e-01
3.776397183537483215e-02
3.539686501026153564e-01
2.656728029251098633e-01
5.666667595505714417e-02
5.721746087074279785e-01
0.000000000000000000e+00
4.832451343536376953e-01
3.293387293815612793e-01
0.000000000000000000e+00
8.266006410121917725e-02
5.409317612648010254e-01
7.624894976615905762e-01
1.611250638961791992e-01
1.263145208358764648e-01
7.440869696438312531e-03
9.692756831645965576e-02
1.069289892911911011e-01
4.353148341178894043e-01
1.771249890327453613e+00
2.154317051172256470e-01
3.246656954288482666e-01
1.181332394480705261e-02
3.902570903301239014e-01
3.245544433593750000e-01
2.647872865200042725e-01
2.025098651647567749e-01
1.507402181625366211e+00
3.975227475166320801e-01
4.994549751281738281e-01
3.114245533943176270e-01
8.119317889213562012e-01
7.059910893440246582e-01
1.607777833938598633e+00
5.714377760887145996e-02
6.435153484344482422e-01
1.899173378944396973e+00
0.000000000000000000e+00
1.730399250984191895e+00
0.000000000000000000e+00
1.639685750007629395e+00
4.953252792358398438e+00
1.153718307614326477e-01
1.190987601876258850e-01
1.632093787193298340e+00
1.985020339488983154e-01
4.884260892868041992e-01
3.237581346184015274e-03
1.152816712856292725e-01
9.948803782463073730e-01
1.102374434471130371e+00
2.297284364700317383e+00
5.438235402107238770e-02
2.952353060245513916e-01
2.864320576190948486e-01
1.023174166679382324e+00
3.805764317512512207e-01
0.000000000000000000e+00
1.120735853910446167e-01
3.831222534179687500e+00
4.417582154273986816e-01
1.676826626062393188e-01
5.114774107933044434e-01
4.100875854492187500e-01
5.910208821296691895e-01
2.029645919799804688e+00
1.139613747596740723e+00
2.640571832656860352e+00
2.588950872421264648e+00
1.136541739106178284e-01
3.384769439697265625e+00
1.890994071960449219e+00
2.461116202175617218e-02
1.352931380271911621e+00
8.973439931869506836e-01
5.143008753657341003e-02
7.125467061996459961e-01
2.700008153915405273e-01
5.406272783875465393e-02
5.215956643223762512e-02
2.573539495468139648e+00
1.404101252555847168e-01
3.948717203456908464e-04
1.064943224191665649e-01
2.688141763210296631e-01
3.010084480047225952e-02
4.036454856395721436e-01
2.943903923034667969e+00
0.000000000000000000e+00
1.018146425485610962e-01
1.262397646903991699e+00
2.937533855438232422e-01
0.000000000000000000e+00
1.429965257644653320e+00
1.174164786934852600e-01
1.255565434694290161e-01
1.107619404792785645e+00
0.000000000000000000e+00
1.884028911590576172e-01
1.650496244430541992e+00
1.420357525348663330e-01
1.004880666732788086e+00
2.879987955093383789e-01
1.620118916034698486e-01
1.245592951774597168e+00
8.255870342254638672e-01
3.827527463436126709e-01
7.459672689437866211e-01
4.587600007653236389e-02
3.460868358612060547e+00
1.812852025032043457e-01
6.363188624382019043e-01
5.698291584849357605e-02
3.941272795200347900e-01
3.499351441860198975e-01
7.672871351242065430e-01
5.693010091781616211e-01
3.912649750709533691e-01
7.172144949436187744e-03
1.229239702224731445e-01
1.487544775009155273e-01
3.192777037620544434e-01
1.497588157653808594e+00
1.282768398523330688e-01
4.578665271401405334e-02
1.049204468727111816e-01
1.108422968536615372e-02
6.543462872505187988e-01
3.738010823726654053e-01
1.324140131473541260e-01
6.104284524917602539e-01
1.289956420660018921e-01
1.946862936019897461e+00
0.000000000000000000e+00
8.251582086086273193e-02
2.265588283538818359e+00
3.765982091426849365e-01
4.922634065151214600e-01
1.502538919448852539e-01
8.422551155090332031e-01
2.015715360641479492e+00
6.258442401885986328e-01
0.000000000000000000e+00
2.507709860801696777e-01
5.453614890575408936e-02
5.313432812690734863e-01
4.063043296337127686e-01
0.000000000000000000e+00
1.737538874149322510e-01
7.671124935150146484e-01
1.536759495735168457e+00
8.014062643051147461e-01
9.166809171438217163e-02
1.972450852394104004e+00
4.309071004390716553e-01
1.217882513999938965e+00
0.000000000000000000e+00
7.707969546318054199e-01
5.488818977028131485e-03
7.069177925586700439e-02
1.003257632255554199e+00
0.000000000000000000e+00
1.996516734361648560e-01
2.172759473323822021e-01
3.894979655742645264e-01
7.697986960411071777e-01
7.922782003879547119e-02
7.162482738494873047e-01
2.544589519500732422e+00
2.937498986721038818e-01
1.174257844686508179e-01
2.009391635656356812e-01
8.972661495208740234e-01
0.000000000000000000e+00
8.399388790130615234e-01
0.000000000000000000e+00
4.484663903713226318e-01
7.349174022674560547e-01
1.619881838560104370e-01
3.275162875652313232e-01
4.586825370788574219e-01
2.656778693199157715e-01
3.510500788688659668e-01
2.891510352492332458e-02
6.249821931123733521e-02
4.389648139476776123e-01
1.083141416311264038e-01
5.579035758972167969e+00
2.457082867622375488e-01
1.468751579523086548e-01
4.473933577537536621e-02
1.625273108482360840e+00
6.672489643096923828e-02
1.506874524056911469e-02
1.374632358551025391e+00
2.299778461456298828e+00
1.880953907966613770e-01
5.026791095733642578e-01
8.804240226745605469e-01
1.976095676422119141e+00
4.744725227355957031e-01
1.724971234798431396e-01
8.883887529373168945e-01
4.979909211397171021e-02
4.405974224209785461e-02
1.645950525999069214e-01
0.000000000000000000e+00
3.260172531008720398e-02
3.904085755348205566e-01
8.545141220092773438e-01
8.275336623191833496e-01
3.334417566657066345e-02
1.035063117742538452e-01
4.189311563968658447e-01
7.190123200416564941e-02
4.280256032943725586e-01
8.138961791992187500e-01
6.516019701957702637e-01
3.461435139179229736e-01
2.903063774108886719e+00
5.361334681510925293e-01
1.809371411800384521e-01
1.856074035167694092e-01
7.924306392669677734e-02
0.000000000000000000e+00
1.075267910957336426e+00
3.815979361534118652e-01
1.242826804518699646e-01
2.588845491409301758e+00
4.330660104751586914e-01
7.039117813110351562e-01
1.375796914100646973e+00
8.682577013969421387e-01
1.262416988611221313e-01
2.883889153599739075e-02
3.791718743741512299e-03
2.544090747833251953e-01
9.639079570770263672e-01
3.027853965759277344e-01
9.405902028083801270e-01
9.324254095554351807e-02
6.408967822790145874e-02
6.314306855201721191e-01
5.824787616729736328e-01
3.187855005264282227e+00
1.497207134962081909e-01
1.530137509107589722e-01
0.000000000000000000e+00
1.398299098014831543e+00
0.000000000000000000e+00
4.662894643843173981e-03
7.432798296213150024e-02
1.344940066337585449e-01
1.368813365697860718e-01
5.774610638618469238e-01
3.902924656867980957e-01
3.756107807159423828e+00
2.258869647979736328e+00
3.416044414043426514e-01
7.881121039390563965e-01
5.893217325210571289e-01
2.721189893782138824e-02
2.740778625011444092e-01
0.000000000000000000e+00
1.078400135040283203e+00
3.792253322899341583e-03
1.991160809993743896e-01
1.326208114624023438e-01
4.984886169433593750e+00
6.926932930946350098e-02
7.968196272850036621e-01
5.892238020896911621e-01
3.755579888820648193e-01
9.525234997272491455e-02
3.276671171188354492e+00
7.223015278577804565e-02
1.025635123252868652e+00
2.429547160863876343e-01
5.207048654556274414e-01
9.427486360073089600e-02
2.552047073841094971e-01
0.000000000000000000e+00
2.243500351905822754e-01
1.331572514027357101e-02
9.902790933847427368e-02
6.684964988380670547e-03
1.346489429473876953e+00
3.578346729278564453e+00
6.646344065666198730e-01
5.272208452224731445e-01
3.556035518646240234e+00
5.558282509446144104e-02
4.462843239307403564e-01
1.510830074548721313e-01
0.000000000000000000e+00
2.508968710899353027e-01
1.843446195125579834e-01
7.068204283714294434e-01
1.942464411258697510e-01
5.931434780359268188e-02
5.488529428839683533e-02
1.058329865336418152e-01
6.189997196197509766e-01
1.563517600297927856e-01
5.296974256634712219e-02
1.045042037963867188e+00
7.019240856170654297e-01
1.513831257820129395e+00
0.000000000000000000e+00
1.109796166419982910e+00
2.436377108097076416e-01
1.109037160873413086e+00
9.561833143234252930e-01
4.012863039970397949e-01
5.938258171081542969e-01
6.549099683761596680e-01
0.000000000000000000e+00
5.283796787261962891e-01
4.995364844799041748e-01
4.906869307160377502e-02
9.051579982042312622e-02
8.572525978088378906e-01
4.480125904083251953e-01
4.213458001613616943e-01
6.485855579376220703e-01
3.151913583278656006e-01
8.129189014434814453e-01
1.945779323577880859e+00
1.081856727600097656e+00
4.257642477750778198e-02
1.811805665493011475e-01
7.850621938705444336e-01
8.375667035579681396e-02
3.715868294239044189e-01
4.085823148488998413e-02
2.430405840277671814e-02
8.719596080482006073e-03
3.232778906822204590e-01
1.653695553541183472e-01
3.914840817451477051e-01
3.928434848785400391e-01
2.038516253232955933e-01
2.366636693477630615e-02
2.443340867757797241e-01
4.654733464121818542e-02
1.069705605506896973e+00
8.023766279220581055e-01
0.000000000000000000e+00
2.330243587493896484e+00
9.472829699516296387e-01
2.403487712144851685e-01
8.315052390098571777e-01
1.822638988494873047e+00
3.376771509647369385e-01
2.592048645019531250e-01
2.453222990036010742e+00
0.000000000000000000e+00
1.025448143482208252e-01
7.129440903663635254e-01
2.932474136352539062e+00
9.753914177417755127e-02
5.751887559890747070e-01
2.967931926250457764e-01
0.000000000000000000e+00
0.000000000000000000e+00
1.535244435071945190e-01
3.274034857749938965e-01
3.012694418430328369e-01
2.587811350822448730e-01
6.261179596185684204e-02
5.200080275535583496e-01
1.504541516304016113e+00
1.431618213653564453e+00
1.311662793159484863e+00
4.723747372627258301e-01
3.098125755786895752e-01
9.283223748207092285e-01
7.716027736663818359e+00
2.370976924896240234e+00
1.686035633087158203e+00
3.530313074588775635e-01
4.898305237293243408e-02
7.119984030723571777e-01
1.538198739290237427e-01
9.940830618143081665e-02
5.952809453010559082e-01
3.846985995769500732e-01
1.216014623641967773e-01
3.636146709322929382e-02
1.902512907981872559e-01
4.015082418918609619e-01
9.715331792831420898e-01
0.000000000000000000e+00
1.625560402870178223e+00
4.734760224819183350e-01
2.166384458541870117e-01
4.355951771140098572e-02
1.234697580337524414e+00
7.442250382155179977e-03
2.063297033309936523e-01
1.161001436412334442e-02
1.468161493539810181e-01
3.488129675388336182e-01
5.380847454071044922e-01
5.069760084152221680e-01
2.351721972227096558e-01
5.347060561180114746e-01
1.123114466667175293e+00
6.302326917648315430e-01
0.000000000000000000e+00
2.354911714792251587e-01
2.009089738130569458e-01
2.340011596679687500e+00
5.478749051690101624e-02
1.598925441503524780e-01
2.594623267650604248e-01
4.373582303524017334e-01
4.145428836345672607e-01
4.759455323219299316e-01
1.497363924980163574e+00
2.685534767806529999e-02
3.011969089508056641e+00
3.759047985076904297e-01
3.860953450202941895e-01
3.011342287063598633e-01
4.326294958591461182e-01
9.510406255722045898e-01
5.521111488342285156e-01
4.660252630710601807e-01
6.017601490020751953e-01
8.076911568641662598e-01
4.305985927581787109e+00
2.755690924823284149e-02
8.267052650451660156e+00
6.985626816749572754e-01
6.728411465883255005e-02
9.190861582756042480e-01
2.158906459808349609e-01
1.717246137559413910e-02
6.952043771743774414e-01
1.329327344894409180e+00
5.074390769004821777e-02
1.814180135726928711e+00
1.405590474605560303e-01
2.180923707783222198e-02
4.242255687713623047e-01
1.111851572990417480e+00
1.974500529468059540e-02
9.157706499099731445e-01
1.543214321136474609e-01
3.667727410793304443e-01
1.406147837638854980e+00
7.954123616218566895e-01
3.596054911613464355e-01
2.198398709297180176e-01
7.156947255134582520e-01
3.674502950161695480e-04
3.072971701622009277e-01
2.171955108642578125e-01
2.534844353795051575e-02
0.000000000000000000e+00
0.000000000000000000e+00
0.000000000000000000e+00
9.132957458496093750e-02
1.203418970108032227e-01
4.207330346107482910e-01
3.725602030754089355e-01
1.132855057716369629e+00
1.198334693908691406e+00
8.550788164138793945e-01
7.551080584526062012e-01
4.277346730232238770e-01
2.134263753890991211e+00
1.524188816547393799e-01
5.401650071144104004e-01
4.965234100818634033e-01
5.177993178367614746e-01
1.466471403837203979e-01
6.540951132774353027e-01
2.814135849475860596e-01
1.956060290336608887e+00
8.330954909324645996e-01
2.008097469806671143e-01
2.248384505510330200e-01
1.347501516342163086e+00
7.446470260620117188e-01
5.513975024223327637e-01
4.759850800037384033e-01
0.000000000000000000e+00
2.999273836612701416e-01
4.192121326923370361e-01
4.409566521644592285e-01
4.099741578102111816e-02
2.228367805480957031e+00
1.972475647926330566e-02
1.724995851516723633e+00
1.220379829406738281e+00
0.000000000000000000e+00
8.015918135643005371e-01
8.308879137039184570e-01
3.632445037364959717e-01
7.019536495208740234e-01
1.444486081600189209e-01
3.048167936503887177e-02
8.981926366686820984e-03
3.105550408363342285e-01
1.173073500394821167e-01
2.881339192390441895e-01
1.689642429351806641e+00
5.090043544769287109e-01
9.352240711450576782e-03
8.293770551681518555e-01
5.997239425778388977e-02
0.000000000000000000e+00
1.468218117952346802e-01
6.406367290765047073e-03
9.244432300329208374e-02
8.699408769607543945e-01
6.656186580657958984e-01
2.898867800831794739e-02
2.565847896039485931e-02
2.659385800361633301e-01
3.618351817131042480e-01
4.306801129132509232e-03
6.640294790267944336e-01
3.512813568115234375e+00
1.161120414733886719e+00
1.255914688110351562e+00
9.301650524139404297e-02
2.508401572704315186e-01
1.116394102573394775e-01
8.021288514137268066e-01
4.518837928771972656e-01
2.541638016700744629e-01
5.208745598793029785e-01
0.000000000000000000e+00
4.906055703759193420e-02
2.149874418973922729e-01
4.547598585486412048e-02
7.515431642532348633e-01
2.686200857162475586e+00
9.482151828706264496e-03
1.080490201711654663e-01
2.975921034812927246e-01
0.000000000000000000e+00
8.492898195981979370e-02
2.027407474815845490e-02
9.132810235023498535e-01
8.127450197935104370e-02
9.388668537139892578e-01
1.414363026618957520e+00
2.416821718215942383e-01
2.086456537246704102e+00
6.474972367286682129e-01
5.044225454330444336e-01
2.518223822116851807e-01
8.650575578212738037e-02
2.721799351274967194e-02
1.256973445415496826e-01
9.958212971687316895e-01
6.234777569770812988e-01
2.877747714519500732e-01
4.048437118530273438e+00
5.745121836662292480e-01
7.079095840454101562e-01
7.977274246513843536e-03
2.330992929637432098e-02
2.015990465879440308e-01
2.416898757219314575e-01
1.937189817428588867e+00
3.783744573593139648e-01
1.254508197307586670e-01
9.602343291044235229e-02
1.054077863693237305e+00
8.336488604545593262e-01
5.232762098312377930e-01
1.677217960357666016e+00
3.390670418739318848e-01
6.158260703086853027e-01
1.987372487783432007e-01
0.000000000000000000e+00
1.355388462543487549e-01
2.235637009143829346e-01
0.000000000000000000e+00
4.191482067108154297e-01
1.356007814407348633e+00
1.545588821172714233e-01
5.057458281517028809e-01
1.944864392280578613e+00
3.539849785738624632e-05
5.320617184042930603e-02
0.000000000000000000e+00
4.308746159076690674e-01
2.184264898300170898e+00
2.984227426350116730e-02
5.890441592782735825e-03
9.695169925689697266e-01
1.193621978163719177e-01
2.493377178907394409e-01
1.236636117100715637e-01
6.265124306082725525e-03
2.119426876306533813e-01
1.404484808444976807e-01
1.978367090225219727e+00
1.794091701507568359e+00
1.932541653513908386e-02
4.603458344936370850e-01
5.979830622673034668e-01
3.594443559646606445e+00
9.070317745208740234e-01
8.333233743906021118e-02
5.699997544288635254e-01
0.000000000000000000e+00
2.203614234924316406e+00
2.942645311355590820e+00
2.372668534517288208e-01
0.000000000000000000e+00
1.015894174575805664e+00
1.235397905111312866e-01
5.305174365639686584e-02
1.300424933433532715e-01
1.035624518990516663e-01
7.998500466346740723e-01
4.521022364497184753e-02
1.612153649330139160e-01
3.291675746440887451e-01
2.788976728916168213e-01
1.585833728313446045e-01
1.994695216417312622e-01
2.277525663375854492e-01
2.612458467483520508e-01
1.079118013381958008e+00
1.926035523414611816e+00
3.252433836460113525e-01
1.123193979263305664e+00
8.814374804496765137e-01
5.950790643692016602e-01
2.651563286781311035e-01
1.918383389711380005e-01
5.370568633079528809e-01
1.714827120304107666e-01
3.540256917476654053e-01
2.039870247244834900e-02
5.298843979835510254e-01
3.412139713764190674e-01
1.572042346000671387e+00
3.736087381839752197e-01
1.570648550987243652e+00
7.000214457511901855e-01
7.963338494300842285e-02
0.000000000000000000e+00
5.951215624809265137e-01
1.156643271446228027e+00
2.706318199634552002e-01
1.081974387168884277e+00
3.256801962852478027e-01
1.092190854251384735e-02
3.073671162128448486e-01
3.122817575931549072e-01
1.368078403174877167e-02
1.070986539125442505e-01
4.032095432281494141e+00
2.421489506959915161e-01
1.160512447357177734e+00
3.366187214851379395e-02
4.737636744976043701e-01
1.656785979866981506e-02
1.207464575767517090e+00
3.327164649963378906e-01
1.731603443622589111e-01
6.416403055191040039e-01
2.068324387073516846e-01
5.054863635450601578e-03
9.530892968177795410e-02
1.390961259603500366e-01
3.198066949844360352e-01
5.006230473518371582e-01
4.609892666339874268e-01
1.901078037917613983e-02
7.368678599596023560e-02
3.506067097187042236e-01
2.821010649204254150e-01
7.957790791988372803e-02
1.514001786708831787e-01
4.439748078584671021e-02
0.000000000000000000e+00
2.201819093897938728e-03
1.222221732139587402e+00
3.174709677696228027e-01
1.574726402759552002e-02
7.982270121574401855e-01
2.827953100204467773e-01
3.601680278778076172e+00
5.233111232519149780e-02
5.686799883842468262e-01
2.661739826202392578e+00
7.677846550941467285e-01
3.280429124832153320e+00
2.399109303951263428e-02
2.376798838376998901e-01
5.404845476150512695e-01
6.551417112350463867e-01
1.876391321420669556e-01
4.066378474235534668e-01
0.000000000000000000e+00
3.367124080657958984e+00
1.673667311668395996e+00
1.149754151701927185e-01
1.040012687444686890e-01
9.983081221580505371e-01
1.853915750980377197e-01
2.063169628381729126e-01
8.473315834999084473e-02
2.057933658361434937e-01
2.803585231304168701e-01
4.557435810565948486e-01
2.464074045419692993e-01
8.859188556671142578e-01
7.298483848571777344e-01
1.434042025357484818e-02
6.212150454521179199e-01
8.917437493801116943e-02
0.000000000000000000e+00
1.225919008255004883e+00
6.787163019180297852e-01
3.724472522735595703e-01
3.917425125837326050e-02
2.000647634267807007e-01
6.426672935485839844e-01
4.536282062530517578e+00
8.482028245925903320e-01
6.571847479790449142e-03
1.151818871498107910e+00
8.830322325229644775e-02
5.440069437026977539e-01
1.822447963058948517e-02
7.580806314945220947e-02
4.344627261161804199e-01
2.197218656539916992e+00
4.216128349304199219e+00
4.221922397613525391e+00
1.161329984664916992e+00
1.549486815929412842e-01
1.567039340734481812e-01
6.621792912483215332e-01
2.184995651245117188e+00
8.809614181518554688e-01
8.244052529335021973e-02
3.630915284156799316e-02
1.740295052528381348e+00
1.160471364855766296e-01
3.894426822662353516e-01
6.030626296997070312e-01
2.639032602310180664e-01
1.021986842155456543e+00
1.561909262090921402e-02
0.000000000000000000e+00
6.645378470420837402e-01
2.118705511093139648e+00
1.350203037261962891e+00
2.392581850290298462e-01
2.352790161967277527e-02
6.856597661972045898e-01
6.447602063417434692e-02
1.299782991409301758e-01
1.117459870874881744e-02
1.048745363950729370e-01
1.254113614559173584e-01
1.708533465862274170e-01
1.592834666371345520e-02
5.888180136680603027e-01
5.898870229721069336e-01
4.798110574483871460e-02
2.493152022361755371e-01
1.277973175048828125e+00
8.285273313522338867e-01
1.573882699012756348e+00
1.149134933948516846e-01
2.992140948772430420e-01
1.695941239595413208e-01
2.659055218100547791e-02
1.260083079338073730e+00
5.488762259483337402e-02
4.643516540527343750e-01
4.112147092819213867e-01
2.508253335952758789e+00
9.998749494552612305e-01
1.813734531402587891e+00
2.238619804382324219e+00
1.919191360473632812e+00
1.333222240209579468e-01
1.063387513160705566e+00
3.861982524394989014e-01
3.104073703289031982e-01
4.191674757748842239e-03
1.162570118904113770e+00
1.044219639152288437e-02
2.281910181045532227e+00
1.352544757537543774e-03
0.000000000000000000e+00
1.969866007566452026e-01
5.904790163040161133e-01
1.745855212211608887e+00
1.944734007120132446e-01
5.109636113047599792e-03
3.694637715816497803e-01
1.503124594688415527e+00
5.367681849747896194e-03
1.222794055938720703e+00
7.383204102516174316e-01
5.212894678115844727e-01
0.000000000000000000e+00
6.003857254981994629e-01
0.000000000000000000e+00
5.066584944725036621e-01
2.108815908432006836e+00
5.887023210525512695e-01
1.043185472488403320e+00
1.819276362657546997e-01
2.202653884887695312e+00
5.749408006668090820e-01
3.499021828174591064e-01
1.829266548156738281e+00
3.303021788597106934e-01
2.899701297283172607e-01
2.389317899942398071e-01
0.000000000000000000e+00
7.774875164031982422e-01
3.219780027866363525e-01
2.315162718296051025e-01
1.006522960960865021e-02
6.630833148956298828e-01
8.938732743263244629e-02
3.987760748714208603e-03
2.045594751834869385e-01
1.212853118777275085e-01
8.884320259094238281e-01
2.505143880844116211e-01
0.000000000000000000e+00
1.006798222661018372e-01
7.765223979949951172e-01
2.245816285721957684e-04
1.331331372261047363e+00
0.000000000000000000e+00
1.190109550952911377e-02
4.166919708251953125e+00
7.490711659193038940e-02
6.476320624351501465e-01
2.343605458736419678e-01
7.473977804183959961e-01
6.077809929847717285e-01
0.000000000000000000e+00
3.202019631862640381e-01
2.756087183952331543e-01
1.225953027606010437e-01
0.000000000000000000e+00
4.797742236405611038e-03
1.155283004045486450e-01
8.837442100048065186e-02
5.259615834802389145e-03
1.939539611339569092e-01
2.296223878860473633e+00
0.000000000000000000e+00
2.049400210380554199e-01
3.967636078596115112e-02
7.684355974197387695e-02
0.000000000000000000e+00
2.731139957904815674e-02
9.175119400024414062e-01
5.791476368904113770e-01
1.254721641540527344e+00
1.524791307747364044e-02
4.011371433734893799e-01
0.000000000000000000e+00
8.445271253585815430e-01
4.882550537586212158e-01
1.681274414062500000e+00
2.779050171375274658e-02
3.171532392501831055e+00
3.573927879333496094e-01
5.325507521629333496e-01
5.533693432807922363e-01
4.284585416316986084e-01
9.386998414993286133e-02
4.907833337783813477e-01
3.211937472224235535e-02
5.510548129677772522e-02
5.311684012413024902e-01
9.419270604848861694e-02
3.431212007999420166e-01
5.341774821281433105e-01
2.141424119472503662e-01
2.510484457015991211e-01
9.180364198982715607e-03
6.431966781616210938e+00
3.317925380542874336e-03
2.874705493450164795e-01
3.657225519418716431e-02
8.404161930084228516e-01
2.036062777042388916e-01
