2.803406715393066406e-01
2.156326174736022949e-02
0.000000000000000000e+00
1.393037080764770508e+00
5.989059805870056152e-01
5.979202985763549805e-01
4.323012828826904297e-01
3.140258044004440308e-02
5.396292805671691895e-01
2.689317464828491211e+00
0.000000000000000000e+00
2.355331480503082275e-01
2.174426987767219543e-02
0.000000000000000000e+00
1.108921766281127930e-01
2.190761417150497437e-01
1.113314986228942871e+00
2.122764587402343750e-01
1.375020444393157959e-01
2.126279830932617188e+00
1.615255773067474365e-01
8.836185932159423828e-01
0.000000000000000000e+00
1.925156638026237488e-02
8.364126086235046387e-01
2.367942631244659424e-01
1.012661814689636230e+00
3.055979013442993164e-01
2.362911850214004517e-01
7.800438255071640015e-02
4.559100866317749023e-01
2.864714562892913818e-01
1.343780457973480225e-01
4.944417160004377365e-03
0.000000000000000000e+00
4.715895056724548340e-01
0.000000000000000000e+00
0.000000000000000000e+00
0.000000000000000000e+00
2.861923072487115860e-03
1.599895507097244263e-01
1.468588560819625854e-01
0.000000000000000000e+00
2.879619359970092773e+00
0.000000000000000000e+00
3.206349164247512817e-02
1.622656822204589844e+00
2.932889759540557861e-01
0.000000000000000000e+00
2.039840519428253174e-01
3.339686989784240723e-02
0.000000000000000000e+00
0.000000000000000000e+00
4.807902276515960693e-01
2.988577820360660553e-02
2.324240282177925110e-02
4.340225160121917725e-01
4.560364037752151489e-02
2.458037614822387695e+00
4.332099482417106628e-02
1.171240091323852539e+00
1.050149559974670410e+00
5.546734929084777832e-01
9.558567404747009277e-02
5.345974564552307129e-01
2.142343282699584961e+00
1.703754782676696777e+00
1.710984230041503906e+00
9.501035511493682861e-02
5.382251739501953125e-02
6.049756407737731934e-01
1.602650880813598633e-01
1.471737474203109741e-01
1.216676458716392517e-01
0.000000000000000000e+00
7.536816000938415527e-01
1.896317124366760254e+00
0.000000000000000000e+00
2.683902382850646973e-01
1.993357539176940918e-01
7.926621437072753906e-01
9.129443764686584473e-02
0.000000000000000000e+00
1.508177965879440308e-01
1.562249302864074707e+00
4.347116947174072266e-01
2.428084462881088257e-01
6.078249216079711914e-02
2.476168423891067505e-02
5.803266167640686035e-02
5.184633135795593262e-01
1.286457479000091553e-02
5.964874103665351868e-02
0.000000000000000000e+00
4.732349812984466553e-01
0.000000000000000000e+00
4.769696891307830811e-01
1.268873512744903564e-01
2.574637532234191895e-01
1.452612280845642090e+00
0.000000000000000000e+00
6.695373654365539551e-01
7.117726802825927734e-01
2.810576558113098145e-01
0.000000000000000000e+00
3.444550931453704834e-01
0.000000000000000000e+00
1.776157617568969727e-01
1.341077685356140137e-01
7.730870246887207031e+00
6.272900104522705078e-02
1.051616761833429337e-02
2.070997476577758789e+00
1.348963975906372070e+00
1.783691048622131348e+00
9.853328764438629150e-02
0.000000000000000000e+00
6.253639459609985352e-01
1.560424566268920898e-01
3.805248066782951355e-02
5.608155131340026855e-01
1.935874223709106445e-01
1.371533036231994629e+00
1.371710300445556641e-01
1.056949868798255920e-01
1.366394292563199997e-02
9.712994694709777832e-01
1.223457217216491699e+00
2.642124518752098083e-02
7.979349493980407715e-01
4.957831859588623047e+00
1.317853182554244995e-01
1.933077275753021240e-01
6.337171792984008789e-01
3.569345772266387939e-01
7.837022654712200165e-03
1.636947505176067352e-02
4.133560881018638611e-02
3.271176815032958984e+00
1.072261571884155273e+00
5.923452973365783691e-01
5.467205122113227844e-02
1.388564705848693848e-01
0.000000000000000000e+00
2.133977226912975311e-02
0.000000000000000000e+00
3.761126473546028137e-02
3.881621956825256348e-01
7.580175995826721191e-02
1.158034894615411758e-02
3.345080912113189697e-01
1.286748517304658890e-02
2.019407302141189575e-01
1.670770794153213501e-01
5.688417553901672363e-01
4.703287966549396515e-03
2.656881511211395264e-01
2.036772370338439941e-01
4.066339135169982910e-02
2.383759059011936188e-02
8.708932995796203613e-01
3.069669604301452637e-01
6.909982562065124512e-01
0.000000000000000000e+00
1.266355156898498535e+00
1.086386561393737793e+00
9.566136449575424194e-02
5.006117746233940125e-02
2.049559503793716431e-01
8.593352437019348145e-01
6.816691160202026367e-02
5.060916543006896973e-01
2.136541604995727539e+00
6.547623127698898315e-02
1.675039716064929962e-02
0.000000000000000000e+00
1.321799755096435547e-01
0.000000000000000000e+00
2.232996746897697449e-02
5.653325468301773071e-02
6.786805987358093262e-01
4.100276529788970947e-01
1.345709711313247681e-01
4.809020832180976868e-02
0.000000000000000000e+00
1.284901022911071777e+00
1.364199399948120117e+00
6.522461771965026855e-01
1.981392383575439453e+00
0.000000000000000000e+00
3.252459457144141197e-03
0.000000000000000000e+00
1.038208484649658203e+00
1.283500313758850098e+00
0.000000000000000000e+00
1.446437207050621510e-03
6.169879063963890076e-02
2.944819927215576172e-01
1.887957900762557983e-01
2.085141539573669434e-01
1.567933261394500732e-01
1.021256521344184875e-01
8.388608111999928951e-04
1.473418772220611572e-01
1.627102345228195190e-01
8.727650642395019531e-01
0.000000000000000000e+00
1.124286558479070663e-02
2.664423882961273193e-01
1.509768217802047729e-01
0.000000000000000000e+00
0.000000000000000000e+00
2.826121151447296143e-01
7.905039191246032715e-02
9.366687387228012085e-02
7.101949304342269897e-03
0.000000000000000000e+00
7.180210947990417480e-01
3.258651494979858398e-01
5.926904678344726562e-01
3.661933541297912598e-02
1.290331967175006866e-02
2.897677123546600342e-01
1.413999795913696289e+00
6.423279643058776855e-02
2.048278786242008209e-02
1.279052376747131348e+00
2.585282027721405029e-01
1.627232193946838379e+00
4.145076870918273926e-02
0.000000000000000000e+00
6.308527588844299316e-01
1.838693767786026001e-01
2.319980645552277565e-03
8.902156352996826172e-02
0.000000000000000000e+00
3.278470337390899658e-01
8.633859455585479736e-02
9.825400076806545258e-03
1.754745393991470337e-01
5.248638335615396500e-03
0.000000000000000000e+00
6.779755353927612305e-01
3.997526764869689941e-01
3.861347138881683350e-01
8.065397851169109344e-03
1.347227811813354492e+00
6.925825774669647217e-02
4.836903885006904602e-02
1.782911866903305054e-01
1.353109776973724365e-01
3.588476479053497314e-01
2.062201023101806641e+00
7.329647541046142578e-01
0.000000000000000000e+00
0.000000000000000000e+00
2.904265746474266052e-02
2.229694873094558716e-01
0.000000000000000000e+00
3.059961367398500443e-03
1.972199082374572754e+00
1.098839640617370605e+00
7.543544769287109375e+00
1.385008096694946289e-01
5.740039944648742676e-01
0.000000000000000000e+00
3.125714361667633057e-01
1.377006053924560547e+00
1.874454617500305176e-01
6.042277440428733826e-02
8.552322387695312500e-01
7.595433592796325684e-01
3.506642580032348633e-01
3.195716440677642822e-01
6.966303586959838867e-01
1.740789413452148438e+00
0.000000000000000000e+00
8.412214368581771851e-02
3.761124983429908752e-02
4.579194635152816772e-02
8.289027959108352661e-02
0.000000000000000000e+00
2.721357047557830811e-01
7.292775064706802368e-02
1.729368567466735840e+00
2.497488558292388916e-01
8.116228505969047546e-03
3.473810851573944092e-01
2.576144039630889893e-01
1.224548369646072388e-01
9.799865633249282837e-02
5.690845102071762085e-02
1.356067657470703125e-01
2.574180960655212402e-01
0.000000000000000000e+00
2.300547063350677490e-01
1.558695570565760136e-03
0.000000000000000000e+00
0.000000000000000000e+00
0.000000000000000000e+00
6.260562688112258911e-02
4.852218627929687500e-01
1.304491162300109863e+00
3.714509010314941406e-01
1.276010721921920776e-01
1.600601375102996826e-01
3.605924844741821289e-01
5.035107731819152832e-01
1.804670542478561401e-01
4.458833932876586914e-01
2.518033683300018311e-01
3.164032995700836182e-01
1.299218654632568359e+00
8.817778527736663818e-02
5.058818310499191284e-02
2.232749909162521362e-01
3.875034332275390625e+00
5.724594369530677795e-02
1.257701665163040161e-01
1.394328951835632324e+00
0.000000000000000000e+00
1.292993426322937012e-01
8.421937823295593262e-01
4.122778773307800293e-02
6.314767599105834961e-01
3.424714133143424988e-02
5.283357575535774231e-02
1.693628262728452682e-03
2.016872726380825043e-02
1.001112937927246094e+00
3.827569540590047836e-03
2.325362920761108398e+00
8.356760740280151367e-01
1.517662703990936279e-01
2.973390519618988037e-01
6.250140070915222168e-02
0.000000000000000000e+00
2.355942279100418091e-01
5.154199600219726562e-01
4.769925177097320557e-01
7.261504232883453369e-02
7.832472771406173706e-02
3.186601996421813965e-01
9.827816486358642578e-02
1.764293611049652100e-01
5.002370104193687439e-02
0.000000000000000000e+00
7.778174877166748047e-01
0.000000000000000000e+00
0.000000000000000000e+00
2.913090586662292480e-01
3.113925457000732422e-01
2.795752048492431641e+00
9.599961340427398682e-03
0.000000000000000000e+00
0.000000000000000000e+00
6.290184259414672852e-01
3.860932290554046631e-01
3.013958223164081573e-02
9.216090664267539978e-03
0.000000000000000000e+00
1.085700869560241699e+00
1.497393548488616943e-01
2.532511251047253609e-03
1.800414547324180603e-02
7.991562038660049438e-02
3.471541106700897217e-01
3.664370059967041016e+00
3.071483597159385681e-02
1.559382677078247070e-01
1.385683178901672363e+00
2.181686162948608398e-01
3.905965946614742279e-03
0.000000000000000000e+00
4.178467988967895508e-01
1.920952647924423218e-01
4.689820110797882080e-02
3.413250669836997986e-02
1.913298964500427246e+00
2.383900880813598633e-01
1.669000089168548584e-01
1.796128273010253906e+00
8.898583054542541504e-02
4.524582531303167343e-03
2.837959676980972290e-03
3.315683603286743164e-01
1.875108719104900956e-04
0.000000000000000000e+00
2.811288535594940186e-01
5.789769291877746582e-01
7.010132074356079102e-01
4.124865531921386719e-01
0.000000000000000000e+00
9.021003544330596924e-02
2.848825752735137939e-01
2.748050212860107422e+00
2.951168417930603027e-01
0.000000000000000000e+00
2.801241278648376465e-01
1.851992309093475342e-01
2.795385420322418213e-01
2.390276193618774414e-01
0.000000000000000000e+00
1.536910533905029297e-01
1.506809517741203308e-02
1.038586974143981934e+00
6.167934462428092957e-02
1.995153903961181641e+00
6.209798455238342285e-01
1.241736337542533875e-01
4.425663053989410400e-01
7.652995642274618149e-03
1.939537003636360168e-02
3.824568092823028564e-01
2.413031309843063354e-01
4.291083663702011108e-03
4.033081233501434326e-02
0.000000000000000000e+00
3.482195734977722168e-01
5.672310590744018555e-01
1.467906832695007324e-01
2.446635663509368896e-01
9.498292803764343262e-01
4.817503392696380615e-01
1.090884566307067871e+00
1.559524834156036377e-01
3.956462621688842773e+00
3.857230767607688904e-02
8.301214128732681274e-02
5.475614070892333984e-01
1.068732261657714844e+00
2.630339562892913818e-01
6.886163949966430664e-01
0.000000000000000000e+00
6.530639249831438065e-03
1.176223516464233398e+00
6.457055807113647461e-01
9.535086899995803833e-02
2.403325214982032776e-02
1.602515950798988342e-02
7.801228761672973633e-02
0.000000000000000000e+00
1.260234713554382324e-01
1.082113385200500488e-01
2.041947543621063232e-01
1.028677463531494141e+00
9.417297691106796265e-02
6.125311851501464844e-01
1.415674388408660889e-01
3.584316000342369080e-02
7.741241455078125000e-01
1.190035939216613770e+00
1.314822584390640259e-01
3.342322826385498047e+00
1.612471602857112885e-02
7.718007564544677734e-01
1.816183179616928101e-01
1.015347912907600403e-01
8.993824943900108337e-03
0.000000000000000000e+00
2.063194513320922852e-01
1.011399459093809128e-02
2.575264871120452881e-01
8.313689380884170532e-03
2.534034848213195801e-02
0.000000000000000000e+00
1.482739597558975220e-01
5.204439759254455566e-01
0.000000000000000000e+00
3.626300811767578125e+00
0.000000000000000000e+00
3.514255523681640625e+00
1.367574453353881836e+00
1.004642155021429062e-02
2.483354508876800537e-01
2.276402264833450317e-01
5.987685173749923706e-02
2.527316093444824219e+00
1.252420425415039062e+00
7.274546027183532715e-01
3.779018763452768326e-03
0.000000000000000000e+00
4.872777685523033142e-02
3.146371841430664062e-01
2.346780002117156982e-01
1.645467728376388550e-01
0.000000000000000000e+00
4.352817684412002563e-02
1.900155544281005859e-01
1.300939768552780151e-01
2.941601537168025970e-02
9.786824136972427368e-02
1.180733442306518555e-01
6.054937243461608887e-01
3.074138462543487549e-01
2.083464264869689941e-01
0.000000000000000000e+00
5.148731231689453125e+00
3.888384342193603516e+00
1.099454239010810852e-01
2.754203975200653076e-01
3.149386942386627197e-01
5.157323479652404785e-01
0.000000000000000000e+00
5.986189365386962891e+00
1.251686066389083862e-01
1.618566393852233887e+00
7.298454046249389648e-01
8.357833623886108398e-01
9.681570529937744141e-02
1.763890743255615234e+00
2.516873739659786224e-02
2.386844754219055176e-01
7.883791327476501465e-01
5.253825187683105469e-01
5.539764836430549622e-02
5.464169383049011230e-01
1.270514130592346191e+00
3.802299201488494873e-01
3.920481726527214050e-02
3.225568771362304688e+00
1.181365270167589188e-02
9.088290333747863770e-01
5.128449797630310059e-01
0.000000000000000000e+00
4.540994644165039062e+00
2.087050490081310272e-02
1.732156723737716675e-01
2.282306104898452759e-01
9.359197318553924561e-02
2.389205932617187500e+00
3.167899847030639648e+00
1.070112586021423340e+00
9.237003326416015625e-02
5.347227677702903748e-02
1.658869266510009766e+00
2.496073022484779358e-02
5.272523760795593262e-01
1.983423158526420593e-02
8.484036326408386230e-01
2.440445661544799805e+00
1.040501371026039124e-01
1.562644124031066895e+00
0.000000000000000000e+00
0.000000000000000000e+00
1.208276748657226562e-01
2.275014400482177734e+00
4.553970694541931152e-01
2.333345860242843628e-01
5.697470307350158691e-01
9.754763916134834290e-03
0.000000000000000000e+00
4.487187564373016357e-01
0.000000000000000000e+00
1.415624469518661499e-01
0.000000000000000000e+00
2.866242647171020508e+00
4.883903544396162033e-03
2.767311222851276398e-02
1.418263763189315796e-01
2.570760726928710938e+00
0.000000000000000000e+00
4.638231098651885986e-01
3.195279836654663086e-01
1.115147918462753296e-01
3.129984438419342041e-01
0.000000000000000000e+00
2.143250703811645508e-01
0.000000000000000000e+00
0.000000000000000000e+00
9.075368940830230713e-02
6.821157336235046387e-01
8.753696084022521973e-02
2.697252035140991211e-01
4.683437347412109375e-01
3.151181638240814209e-01
1.536410152912139893e-01
6.903831362724304199e-01
2.415177077054977417e-01
1.446805428713560104e-02
3.074725270271301270e-01
4.568552672863006592e-01
4.683462437242269516e-03
6.156743764877319336e-01
0.000000000000000000e+00
0.000000000000000000e+00
0.000000000000000000e+00
8.799451589584350586e-01
1.399564146995544434e+00
2.006452977657318115e-01
3.402035236358642578e-01
2.871542274951934814e-01
0.000000000000000000e+00
7.805182039737701416e-02
2.022403031587600708e-01
6.715774536132812500e-01
5.735975503921508789e-02
2.835532426834106445e-01
1.913691498339176178e-02
2.101035267114639282e-01
3.590614721179008484e-02
4.233837127685546875e-03
3.803686499595642090e-01
2.104893922805786133e+00
8.079493045806884766e-02
1.627357006072998047e-01
0.000000000000000000e+00
0.000000000000000000e+00
8.539438247680664062e-03
1.152036547660827637e+00
3.451517969369888306e-02
0.000000000000000000e+00
3.264885246753692627e-01
1.009925961494445801e+00
1.183323264122009277e-01
2.916831254959106445e+00
4.536016657948493958e-02
2.925419211387634277e-01
1.714047789573669434e-01
1.587042659521102905e-01
3.477853536605834961e-02
1.284261494874954224e-01
1.060087978839874268e-02
4.248443990945816040e-02
2.905589640140533447e-01
3.039938770234584808e-02
8.161538839340209961e-02
4.099868535995483398e-01
1.776801645755767822e-01
3.747322559356689453e-01
2.793881893157958984e-01
1.244657114148139954e-01
1.316599369049072266e+00
6.705348193645477295e-02
7.676084339618682861e-02
2.739651873707771301e-02
1.817356199026107788e-01
2.632066488265991211e+00
8.456868678331375122e-02
0.000000000000000000e+00
1.036257222294807434e-01
7.015035748481750488e-01
2.910338640213012695e-01
1.089849948883056641e+00
5.458264350891113281e-01
1.137034222483634949e-02
3.397567570209503174e-02
1.052540168166160583e-01
1.330077528953552246e+00
1.309375017881393433e-01
1.316882371902465820e+00
9.940255433320999146e-02
6.389104723930358887e-01
2.760037899017333984e+00
5.365788191556930542e-02
4.500444233417510986e-02
7.001277208328247070e-01
0.000000000000000000e+00
5.534708127379417419e-02
1.524462461471557617e+00
4.089337348937988281e+00
9.947804361581802368e-02
1.972426772117614746e+00
9.871818870306015015e-02
3.786469399929046631e-01
0.000000000000000000e+00
1.542309392243623734e-02
1.267052628099918365e-02
0.000000000000000000e+00
3.996815681457519531e-01
0.000000000000000000e+00
8.057042360305786133e-01
4.694832265377044678e-01
1.565134048461914062e+00
1.726066708564758301e+00
0.000000000000000000e+00
2.898648083209991455e-01
5.011020111851394176e-04
7.302681803703308105e-01
1.543159186840057373e-01
1.599390208721160889e-01
0.000000000000000000e+00
2.647428810596466064e-01
6.334300041198730469e-01
2.276659011840820312e-01
2.764777839183807373e-02
3.750245273113250732e-02
8.709195256233215332e-01
1.847467198967933655e-02
1.274135708808898926e-01
9.499953985214233398e-01
1.605585813522338867e-01
1.504817157983779907e-01
3.353377804160118103e-02
0.000000000000000000e+00
0.000000000000000000e+00
8.246064186096191406e-03
1.420537829399108887e-01
0.000000000000000000e+00
0.000000000000000000e+00
6.395568251609802246e-01
0.000000000000000000e+00
1.982410624623298645e-02
2.957881689071655273e-01
1.483017355203628540e-01
6.214410662651062012e-01
8.082793951034545898e-01
0.000000000000000000e+00
4.826946258544921875e+00
2.728971838951110840e-01
2.888371348381042480e-01
1.335485577583312988e-01
5.660258531570434570e-01
7.955366373062133789e-02
2.601365745067596436e-01
0.000000000000000000e+00
2.048284187912940979e-02
1.669274568557739258e-01
6.930184364318847656e-01
0.000000000000000000e+00
3.746916726231575012e-02
1.869443178176879883e+00
1.276337355375289917e-02
1.287349313497543335e-01
1.820225358009338379e+00
3.504456253722310066e-03
3.125828877091407776e-02
5.901759266853332520e-01
6.787284016609191895e-01
0.000000000000000000e+00
0.000000000000000000e+00
1.485568284988403320e+00
3.136650845408439636e-02
9.585334062576293945e-01
4.630535468459129333e-02
7.148141413927078247e-02
1.408279418945312500e+00
2.169010192155838013e-01
4.329121857881546021e-02
0.000000000000000000e+00
3.412417322397232056e-02
1.498765200376510620e-01
1.143604040145874023e+00
6.888194940984249115e-03
2.022780030965805054e-01
1.600100286304950714e-02
1.095759034156799316e+00
1.098664760589599609e+00
1.178456544876098633e-01
3.096923530101776123e-01
4.043286740779876709e-01
1.554301083087921143e-01
1.322755366563796997e-01
1.446886211633682251e-01
2.603852935135364532e-02
1.086723655462265015e-01
9.120602160692214966e-03
9.146220050752162933e-03
2.809269189834594727e+00
1.380836367607116699e+00
1.193454256281256676e-03
1.034860610961914062e+00
5.042137503623962402e-01
2.603191137313842773e-01
1.626762747764587402e+00
6.432256102561950684e-02
2.768996953964233398e-01
0.000000000000000000e+00
7.455443739891052246e-01
3.984431028366088867e-01
2.329445444047451019e-02
0.000000000000000000e+00
1.244934722781181335e-01
3.447501733899116516e-02
3.042726777493953705e-02
2.695474326610565186e-01
4.456499516963958740e-01
1.748909205198287964e-01
5.046536922454833984e-01
0.000000000000000000e+00
1.380629651248455048e-02
0.000000000000000000e+00
3.792878389358520508e-01
8.525595068931579590e-02
2.070555686950683594e+00
7.930151373147964478e-02
9.841836690902709961e-01
2.364480681717395782e-02
6.085464954376220703e-01
8.847888559103012085e-02
0.000000000000000000e+00
0.000000000000000000e+00
1.080908179283142090e-01
1.053660809993743896e-01
8.346737623214721680e-01
1.126542568206787109e+00
2.684558928012847900e-01
6.557512283325195312e-02
1.020903512835502625e-02
5.333341360092163086e-01
7.489987611770629883e-01
5.068611726164817810e-02
1.152472615242004395e+00
0.000000000000000000e+00
0.000000000000000000e+00
2.282575815916061401e-01
1.671882748603820801e+00
3.538203716278076172e+00
1.989052295684814453e+00
1.361845970153808594e+00
8.232301473617553711e-02
1.169256120920181274e-01
4.050047695636749268e-02
1.026319622993469238e+00
1.106334198266267776e-02
5.615173373371362686e-03
8.695472031831741333e-02
5.886102095246315002e-02
0.000000000000000000e+00
9.465421736240386963e-02
0.000000000000000000e+00
0.000000000000000000e+00
2.003464661538600922e-02
0.000000000000000000e+00
1.641314029693603516e+00
1.873057484626770020e-01
4.286559298634529114e-02
4.860591515898704529e-02
0.000000000000000000e+00
4.865645408630371094e+00
0.000000000000000000e+00
1.742948591709136963e-01
1.431040912866592407e-01
1.152338624000549316e+00
3.873934447765350342e-01
6.278936564922332764e-02
3.532027482986450195e+00
3.824805319309234619e-01
1.405003070831298828e-01
2.537631988525390625e-01
0.000000000000000000e+00
2.942561864852905273e+00
3.139154016971588135e-01
1.699939668178558350e-01
2.284127026796340942e-01
2.407474040985107422e+00
1.268381923437118530e-01
2.342261560261249542e-02
5.853552818298339844e-01
1.872858032584190369e-02
1.610492914915084839e-01
1.104488037526607513e-02
2.883253395557403564e-01
3.042750358581542969e-01
0.000000000000000000e+00
2.812642753124237061e-01
1.526802033185958862e-01
7.805323600769042969e-02
3.230832219123840332e-01
2.795871794223785400e-01
2.669631242752075195e-01
9.717067331075668335e-02
9.839302897453308105e-01
0.000000000000000000e+00
4.481910169124603271e-02
3.151458501815795898e-01
0.000000000000000000e+00
5.196334123611450195e-01
0.000000000000000000e+00
5.602005481719970703e+00
1.374821923673152924e-02
8.904883265495300293e-02
1.274098038673400879e+00
6.166062876582145691e-02
0.000000000000000000e+00
5.373579636216163635e-02
3.354193568229675293e-01
2.217016182839870453e-02
1.810637302696704865e-02
2.497541457414627075e-01
6.317444611340761185e-03
4.050805866718292236e-01
2.784755229949951172e-01
8.274857401847839355e-01
1.909090727567672729e-01
1.034921407699584961e+00
0.000000000000000000e+00
1.121768593788146973e+00
1.171133443713188171e-01
1.122304916381835938e+00
5.085334181785583496e-01
1.679714918136596680e-01
3.340181350708007812e+00
4.608829692006111145e-02
2.671624720096588135e-01
1.982982873916625977e+00
4.258148372173309326e-01
1.742953062057495117e-01
4.114194393157958984e+00
4.860654175281524658e-01
9.330701082944869995e-02
8.205744624137878418e-01
0.000000000000000000e+00
1.125895082950592041e-01
4.873246420174837112e-03
1.380834579467773438e+00
2.328861951828002930e-01
1.711111307144165039e+00
3.378409892320632935e-02
1.184967812150716782e-02
0.000000000000000000e+00
0.000000000000000000e+00
1.065838485956192017e-01
0.000000000000000000e+00
1.190285563468933105e+00
1.200589463114738464e-01
0.000000000000000000e+00
1.893702521920204163e-02
0.000000000000000000e+00
1.213260769844055176e+00
4.446356296539306641e-01
2.863739617168903351e-02
3.781628236174583435e-02
7.211530804634094238e-01
1.055469736456871033e-01
1.434901475906372070e+00
2.831226348876953125e+00
5.813498795032501221e-02
7.644132710993289948e-03
5.410131067037582397e-02
5.128536224365234375e-01
1.314485352486371994e-02
6.628756225109100342e-02
1.570150256156921387e-01
4.742820262908935547e-01
2.474651336669921875e-01
0.000000000000000000e+00
0.000000000000000000e+00
8.512921333312988281e-01
1.860163956880569458e-01
5.405934154987335205e-02
8.196569085121154785e-01
8.708502054214477539e-01
6.064333394169807434e-02
2.508099317550659180e+00
6.671134829521179199e-01
4.968707859516143799e-01
3.315985500812530518e-01
8.967155218124389648e-02
8.139726705849170685e-03
1.007560547441244125e-02
9.437589645385742188e-01
6.496237963438034058e-02
9.382884204387664795e-02
8.800089359283447266e-01
6.465189158916473389e-02
4.855238199234008789e-01
1.329423189163208008e+00
1.088121440261602402e-02
1.107163429260253906e+00
2.551858723163604736e-01
1.643314242362976074e+00
5.808618664741516113e-01
0.000000000000000000e+00
8.671931922435760498e-02
3.893030807375907898e-02
2.753446996212005615e-02
1.466061919927597046e-01
1.109139084815979004e+00
0.000000000000000000e+00
4.287299886345863342e-02
2.510840594768524170e-01
6.224600076675415039e-01
4.378949403762817383e-01
7.256496697664260864e-03
7.480338960886001587e-02
2.683999836444854736e-01
3.928772211074829102e-01
4.032567441463470459e-01
0.000000000000000000e+00
6.018698588013648987e-02
1.010690450668334961e+00
0.000000000000000000e+00
1.465356349945068359e-01
0.000000000000000000e+00
1.030533671379089355e+00
3.060692250728607178e-01
7.177886962890625000e-01
6.903952453285455704e-03
5.639718379825353622e-03
9.169012308120727539e-01
1.484298557043075562e-01
1.591450273990631104e-01
7.997027039527893066e-01
4.518048763275146484e-01
0.000000000000000000e+00
8.865171074867248535e-01
1.738745272159576416e-01
0.000000000000000000e+00
1.036651492118835449e+00
3.629247188568115234e+00
2.549142343923449516e-03
1.005556993186473846e-02
8.176196366548538208e-02
4.195109844207763672e+00
3.057309389114379883e-01
2.702481811866164207e-03
9.008349776268005371e-01
0.000000000000000000e+00
5.633987784385681152e-01
1.196720637381076813e-02
6.662279963493347168e-01
1.196670578792691231e-03
7.048370689153671265e-02
3.322343826293945312e+00
8.850533366203308105e-01
0.000000000000000000e+00
3.046264052391052246e-01
1.169086575508117676e+00
5.726170539855957031e-01
1.394668873399496078e-02
1.157441020011901855e+00
7.057176530361175537e-02
4.707052931189537048e-02
5.986803174018859863e-01
3.025263845920562744e-01
1.543067455291748047e+00
0.000000000000000000e+00
1.135607528686523438e+01
1.979267001152038574e-01
0.000000000000000000e+00
9.370308518409729004e-01
4.569386318325996399e-02
1.430690735578536987e-01
8.021122217178344727e-02
8.241767883300781250e-01
0.000000000000000000e+00
8.308965563774108887e-01
4.729098975658416748e-01
0.000000000000000000e+00
8.700560927391052246e-01
5.002530757337808609e-03
5.704563111066818237e-02
1.003871083259582520e+00
8.349490761756896973e-01
7.232477068901062012e-01
3.292209208011627197e-01
4.613174125552177429e-02
4.626882374286651611e-01
5.150979757308959961e-01
7.116437554359436035e-01
4.753571450710296631e-01
6.734083592891693115e-02
4.227868281304836273e-03
4.694147408008575439e-02
2.205737307667732239e-02
1.698226183652877808e-01
3.750036656856536865e-01
2.604498863220214844e-01
6.056804955005645752e-02
9.153379499912261963e-02
8.832654953002929688e-01
1.098439190536737442e-02
1.414381384849548340e+00
6.827538460493087769e-02
1.016562059521675110e-02
8.101713061332702637e-01
2.270199656486511230e-01
2.588136307895183563e-02
8.656208515167236328e-01
3.242924213409423828e-01
2.392707169055938721e-01
2.183775901794433594e+00
2.102402597665786743e-01
4.360547542572021484e+00
2.166792154312133789e-01
1.114564418792724609e+00
8.221933990716934204e-02
1.097727537155151367e+00
1.435362219810485840e+00
0.000000000000000000e+00
0.000000000000000000e+00
5.790155753493309021e-02
5.570285793510265648e-05
2.023010253906250000e-01
8.456172794103622437e-02
4.802662134170532227e-02
2.376251369714736938e-01
6.985704898834228516e-01
4.738268628716468811e-02
7.554397583007812500e-01
1.098541691899299622e-01
0.000000000000000000e+00
4.111182093620300293e-01
9.642172604799270630e-03
5.247732251882553101e-02
2.757516503334045410e-01
1.368922889232635498e-01
9.748955368995666504e-01
5.494827032089233398e-01
5.356031060218811035e-01
3.346173167228698730e-01
0.000000000000000000e+00
1.293365359306335449e-01
6.151496767997741699e-01
1.996753811836242676e-01
0.000000000000000000e+00
2.132584340870380402e-02
0.000000000000000000e+00
1.893881708383560181e-01
1.445480704307556152e+00
2.596740722656250000e-01
1.167352080345153809e+00
8.092860691249370575e-03
5.318316817283630371e-01
1.661397218704223633e-01
7.364701014012098312e-05
5.656355619430541992e-01
7.066129893064498901e-02
6.388909369707107544e-02
6.016594171524047852e-01
1.057094454765319824e+00
6.020479276776313782e-02
4.111536443233489990e-01
3.420661091804504395e-01
5.681521259248256683e-03
8.190892338752746582e-01
1.190733239054679871e-01
1.462906301021575928e-01
1.377325854264199734e-03
4.817800819873809814e-01
2.040807157754898071e-02
1.043989285826683044e-01
0.000000000000000000e+00
3.020665943622589111e-01
4.062020182609558105e-01
3.262679278850555420e-02
5.107249617576599121e-01
1.246142908930778503e-01
8.311464451253414154e-03
2.960772514343261719e-01
6.245652679353952408e-03
8.564487844705581665e-02
2.375789731740951538e-01
2.609488070011138916e-01
4.599696099758148193e-01
8.766494393348693848e-01
2.692418396472930908e-01
9.004927873611450195e-01
9.380893409252166748e-02
4.982274025678634644e-02
5.363633111119270325e-02
2.331657886505126953e+00
2.726180665194988251e-02
2.101234942674636841e-01
0.000000000000000000e+00
4.467544704675674438e-02
7.640760857611894608e-03
7.988348484039306641e+00
5.195373669266700745e-03
2.401557564735412598e-02
1.271915137767791748e-01
1.531610131263732910e+00
2.224561385810375214e-02
3.244387507438659668e-01
5.908128023147583008e-01
4.997816402465105057e-03
9.319053590297698975e-02
9.200134873390197754e-01
7.455907016992568970e-02
8.818952739238739014e-02
4.410285037010908127e-03
1.693108379840850830e-01
0.000000000000000000e+00
1.659033298492431641e+00
4.561371169984340668e-03
8.772470802068710327e-02
1.006550788879394531e+00
0.000000000000000000e+00
1.227727770805358887e+00
3.307389318943023682e-01
5.955494567751884460e-02
2.479249715805053711e+00
1.995154768228530884e-01
1.162623688578605652e-01
0.000000000000000000e+00
0.000000000000000000e+00
1.453713029623031616e-01
7.640383243560791016e-01
4.353521764278411865e-01
8.774884045124053955e-02
0.000000000000000000e+00
1.596194803714752197e-01
2.698543015867471695e-03
0.000000000000000000e+00
2.230512909591197968e-03
1.183445099741220474e-02
5.188716575503349304e-02
4.127759635448455811e-01
2.266961485147476196e-01
2.261595800518989563e-02
2.847060188651084900e-02
1.426415592432022095e-01
0.000000000000000000e+00
1.233098655939102173e-02
1.352434903383255005e-01
3.626038134098052979e-02
2.499781362712383270e-02
0.000000000000000000e+00
1.269910931587219238e-01
9.453076124191284180e-01
2.298541545867919922e+00
2.464258819818496704e-01
4.810204803943634033e-01
9.687922000885009766e-01
1.036923646926879883e+00
0.000000000000000000e+00
4.019843041896820068e-01
2.179505079984664917e-01
4.421192407608032227e-01
2.501426339149475098e-01
6.274759173393249512e-01
3.054888725280761719e+00
0.000000000000000000e+00
5.541782826185226440e-02
0.000000000000000000e+00
1.594706624746322632e-01
1.795316934585571289e-01
3.405560739338397980e-03
1.989643871784210205e-01
6.198508143424987793e-01
3.891113281250000000e+00
4.070944786071777344e-01
1.950637817382812500e+00
1.793742299079895020e+00
2.006285339593887329e-01
7.513153553009033203e-01
0.000000000000000000e+00
7.025373578071594238e-01
2.143777310848236084e-01
2.890273630619049072e-01
6.610182672739028931e-02
2.094873934984207153e-01
0.000000000000000000e+00
2.335646003484725952e-02
0.000000000000000000e+00
8.631055951118469238e-01
4.144639521837234497e-02
1.442270517349243164e+00
4.061282798647880554e-02
5.573479533195495605e-01
2.054467052221298218e-01
2.878467440605163574e-01
4.156456142663955688e-02
1.662836313247680664e+00
8.399414420127868652e-01
0.000000000000000000e+00
2.487248897552490234e+00
5.623840726912021637e-03
5.298767238855361938e-02
2.112379856407642365e-02
9.274045228958129883e-01
2.560661435127258301e-01
1.565096974372863770e+00
0.000000000000000000e+00
5.278548225760459900e-03
1.606117002665996552e-02
2.114775329828262329e-01
3.048653528094291687e-02
4.239077568054199219e-01
1.019295677542686462e-01
3.844259306788444519e-02
3.840470314025878906e-01
3.201706111431121826e-01
6.829931586980819702e-02
7.500570416450500488e-01
3.043673187494277954e-02
4.646793007850646973e-01
1.646658420562744141e+00
0.000000000000000000e+00
2.355463802814483643e-01
9.443325549364089966e-02
0.000000000000000000e+00
8.609822392463684082e-01
5.223628282546997070e-01
7.106103003025054932e-02
0.000000000000000000e+00
2.906766161322593689e-02
1.551960110664367676e-01
1.430601835250854492e+00
4.661425203084945679e-02
1.283733546733856201e-02
1.500731348991394043e+00
0.000000000000000000e+00
1.534668058156967163e-01
2.428114227950572968e-02
9.702326655387878418e-01
8.487799763679504395e-01
1.635645627975463867e-01
1.090640947222709656e-01
1.096685156226158142e-01
9.001649916172027588e-02
0.000000000000000000e+00
8.631112426519393921e-02
6.626083701848983765e-02
3.951650578528642654e-03
0.000000000000000000e+00
6.371271610260009766e-02
5.041109398007392883e-02
0.000000000000000000e+00
2.766058743000030518e-01
2.096317335963249207e-02
1.974850893020629883e-01
9.814984202384948730e-01
3.157164528965950012e-02
0.000000000000000000e+00
9.882934093475341797e-01
1.551988720893859863e-01
7.616115361452102661e-02
4.836476743221282959e-01
6.536725163459777832e-01
1.260679721832275391e+00
1.417608737945556641e+00
0.000000000000000000e+00
0.000000000000000000e+00
0.000000000000000000e+00
7.780156731605529785e-01
2.505205571651458740e-01
0.000000000000000000e+00
0.000000000000000000e+00
0.000000000000000000e+00
2.063856832683086395e-02
8.347343653440475464e-02
2.900160662829875946e-02
2.960108518600463867e-01
3.071987628936767578e+00
1.907957904040813446e-02
2.557340636849403381e-02
1.294605713337659836e-02
1.510395646095275879e+00
0.000000000000000000e+00
7.213978767395019531e-01
1.297198414802551270e+00
4.902710020542144775e-01
3.717526793479919434e-01
0.000000000000000000e+00
3.192068263888359070e-02
8.180869221687316895e-01
1.070349588990211487e-01
0.000000000000000000e+00
8.571923971176147461e-01
2.093287929892539978e-02
0.000000000000000000e+00
1.859678141772747040e-02
0.000000000000000000e+00
1.226336434483528137e-01
2.926348941400647163e-03
2.203985899686813354e-01
6.629029661417007446e-02
2.800880670547485352e+00
3.520274162292480469e-01
1.427756428718566895e+00
4.245375156402587891e+00
0.000000000000000000e+00
3.365210294723510742e-01
0.000000000000000000e+00
4.988286793231964111e-01
5.739032745361328125e+00
2.750507593154907227e-01
8.202281594276428223e-02
3.919671848416328430e-02
9.395256638526916504e-02
1.937231898307800293e+00
2.806134223937988281e+00
2.391312122344970703e-01
0.000000000000000000e+00
3.737816214561462402e-01
2.768892329186201096e-03
1.320646286010742188e+00
0.000000000000000000e+00
1.392790377140045166e-01
0.000000000000000000e+00
4.788208901882171631e-01
1.323693711310625076e-02
0.000000000000000000e+00
1.234050281345844269e-02
1.213996633887290955e-01
0.000000000000000000e+00
1.217073411680757999e-03
1.292908936738967896e-01
5.952128022909164429e-02
2.658874094486236572e-01
0.000000000000000000e+00
1.710803434252738953e-02
2.443987369537353516e+00
5.161715205758810043e-03
3.276982307434082031e-01
3.224935233592987061e-01
4.759073257446289062e-02
0.000000000000000000e+00
7.912854850292205811e-02
0.000000000000000000e+00
0.000000000000000000e+00
3.320035338401794434e-02
2.435078859329223633e+00
4.031481146812438965e-01
2.814578533172607422e+00
0.000000000000000000e+00
1.554942578077316284e-01
1.621851444244384766e+00
2.275738418102264404e-01
0.000000000000000000e+00
6.278500556945800781e-01
7.326751202344894409e-02
1.286577433347702026e-01
3.900666534900665283e-02
0.000000000000000000e+00
1.890415996313095093e-01
5.160157680511474609e-01
9.764100909233093262e-01
1.378231197595596313e-01
8.079505711793899536e-02
5.588347911834716797e-01
0.000000000000000000e+00
1.511704444885253906e+00
2.166525423526763916e-01
5.313992500305175781e-03
2.291557937860488892e-01
1.568704396486282349e-01
0.000000000000000000e+00
0.000000000000000000e+00
0.000000000000000000e+00
3.305448532104492188e+00
9.297420978546142578e-01
1.320445060729980469e+00
4.382647514343261719e+00
2.099280208349227905e-01
3.724374055862426758e+00
3.633770704269409180e+00
0.000000000000000000e+00
0.000000000000000000e+00
4.329912364482879639e-01
3.504005074501037598e-01
7.437902688980102539e-02
8.215954899787902832e-01
1.015623211860656738e-01
2.068897247314453125e+00
2.578669548034667969e+00
4.637248814105987549e-03
2.310279905796051025e-01
9.949946403503417969e-01
2.708137929439544678e-01
4.029506742954254150e-01
4.434174895286560059e-01
3.750863671302795410e-02
2.862374484539031982e-01
5.501119494438171387e-01
1.411458849906921387e+00
4.636583030223846436e-01
1.770128756761550903e-01
0.000000000000000000e+00
9.946336597204208374e-02
6.484107673168182373e-02
3.095077276229858398e+00
2.025948762893676758e-01
2.097923494875431061e-02
1.677940487861633301e+00
1.360896944999694824e+00
0.000000000000000000e+00
8.994002342224121094e-01
4.941908270120620728e-02
3.003686070442199707e-01
7.479618489742279053e-02
3.826537355780601501e-02
1.646472513675689697e-01
1.223017051815986633e-01
2.754501700401306152e-01
4.331158939749002457e-03
5.856254324316978455e-02
3.189480543136596680e+00
1.820298582315444946e-01
3.672201931476593018e-01
0.000000000000000000e+00
2.097005248069763184e-01
0.000000000000000000e+00
7.243110537528991699e-01
5.743728876113891602e-01
3.761213738471269608e-03
2.067407369613647461e-01
1.670815646648406982e-01
3.911148309707641602e-01
2.301351912319660187e-02
3.821150213479995728e-02
1.618362963199615479e-01
1.694399565458297729e-01
7.855775207281112671e-02
1.134838759899139404e-01
3.642374277114868164e-01
1.880914449691772461e+00
4.996915340423583984e+00
1.550861001014709473e+00
1.856741160154342651e-01
5.946134924888610840e-01
7.189927101135253906e-01
0.000000000000000000e+00
2.034476697444915771e-01
6.066872179508209229e-02
9.338603019714355469e-01
0.000000000000000000e+00
1.394609268754720688e-02
3.971846699714660645e-01
1.220704078674316406e+00
9.332492947578430176e-03
6.708257198333740234e-01
2.378227114677429199e-01
2.546677887439727783e-01
3.770527839660644531e-01
1.037245631217956543e+00
2.048358768224716187e-01
1.899564079940319061e-02
7.118328660726547241e-02
1.852526515722274780e-01
4.509994685649871826e-01
1.208834886550903320e+00
6.183319538831710815e-02
1.556511044502258301e+00
0.000000000000000000e+00
7.968826293945312500e-01
2.281015925109386444e-02
0.000000000000000000e+00
1.399382054805755615e-01
2.887654900550842285e-01
6.813011318445205688e-02
2.447979927062988281e+00
3.585348427295684814e-01
0.000000000000000000e+00
2.301284112036228180e-03
8.102437257766723633e-01
3.923041373491287231e-02
1.071389079093933105e+00
0.000000000000000000e+00
7.905757427215576172e-01
3.610309958457946777e-01
7.294992208480834961e-01
1.276939272880554199e+00
2.626608824357390404e-03
1.725617051124572754e-01
1.160286366939544678e-02
5.131617188453674316e-02
5.169841051101684570e-01
1.560555934906005859e+00
0.000000000000000000e+00
1.103341057896614075e-01
7.129397988319396973e-02
9.506659507751464844e-01
4.812615811824798584e-01
3.829161077737808228e-02
1.457230374217033386e-02
2.612453401088714600e-01
2.534558475017547607e-01
2.815574884414672852e+00
1.573237925767898560e-01
9.125532209873199463e-02
0.000000000000000000e+00
4.764817714691162109e+00
2.893898487091064453e-01
4.449310526251792908e-02
2.001080513000488281e+00
3.040122985839843750e-02
7.491968870162963867e-01
3.836643416434526443e-03
7.999292016029357910e-02
2.060505598783493042e-01
3.192024827003479004e-01
1.735145971179008484e-02
3.698162734508514404e-02
3.594863042235374451e-02
9.088703244924545288e-02
1.339632123708724976e-01
3.803389668464660645e-01
0.000000000000000000e+00
2.921513795852661133e+00
7.630978524684906006e-02
6.493241339921951294e-02
0.000000000000000000e+00
0.000000000000000000e+00
1.479697674512863159e-01
2.955376915633678436e-02
6.156084593385457993e-03
8.024676442146301270e-01
2.139709472656250000e+00
8.583667129278182983e-02
1.566904038190841675e-02
0.000000000000000000e+00
2.715083658695220947e-01
0.000000000000000000e+00
3.522845208644866943e-01
4.748573005199432373e-01
3.309264183044433594e-01
0.000000000000000000e+00
1.173299849033355713e-01
6.654282212257385254e-01
2.502065300941467285e-01
2.468265444040298462e-01
0.000000000000000000e+00
0.000000000000000000e+00
0.000000000000000000e+00
8.209301829338073730e-01
1.601048558950424194e-02
7.844746708869934082e-01
5.448184534907341003e-02
0.000000000000000000e+00
2.414061129093170166e-01
3.396053314208984375e-01
2.998114526271820068e-01
3.343627214431762695e+00
8.781387209892272949e-01
1.173410773277282715e+00
5.353040620684623718e-02
9.968745708465576172e-02
2.162946946918964386e-02
8.705413341522216797e-01
3.484583795070648193e-01
8.268747329711914062e-01
1.936603188514709473e+00
2.611099928617477417e-02
4.930993020534515381e-01
7.119349241256713867e-01
2.728899121284484863e-01
0.000000000000000000e+00
5.920948460698127747e-02
6.367024779319763184e-01
8.950650691986083984e-01
1.068041801452636719e+00
5.345896482467651367e-01
1.090110242366790771e-01
1.576603055000305176e-01
6.410290598869323730e-01
5.112386122345924377e-02
1.058515459299087524e-01
4.554789364337921143e-01
8.886220306158065796e-02
2.740768250077962875e-04
1.786604762077331543e+00
3.477128446102142334e-01
2.124911785125732422e+00
0.000000000000000000e+00
1.549864113330841064e-01
4.992818236351013184e-01
4.330614805221557617e-01
1.949513852596282959e-01
2.261978387832641602e+00
1.591445616213604808e-04
3.818061947822570801e-02
1.112174153327941895e+00
7.369531784206628799e-03
1.283431053161621094e-02
1.730918884277343750e-01
8.328943513333797455e-03
5.821727216243743896e-02
1.089525409042835236e-03
8.279683970613405108e-05
1.741821765899658203e-01
0.000000000000000000e+00
0.000000000000000000e+00
1.001989245414733887e-01
2.699282765388488770e-01
2.687832117080688477e-01
8.958304524421691895e-01
8.422617912292480469e-01
8.069044351577758789e-01
8.132420480251312256e-02
0.000000000000000000e+00
0.000000000000000000e+00
7.605003714561462402e-01
2.143228985369205475e-02
1.805953979492187500e-01
7.063299417495727539e-04
8.665356785058975220e-03
0.000000000000000000e+00
6.408432871103286743e-02
4.763087257742881775e-03
1.651898384094238281e+00
1.498998254537582397e-01
1.429819017648696899e-01
2.205934077501296997e-01
2.397522563114762306e-03
1.822990477085113525e-01
5.947473645210266113e-01
3.758865594863891602e-01
4.269426688551902771e-02
1.247398704290390015e-01
6.342661101371049881e-03
4.773420989513397217e-01
3.890795409679412842e-01
3.906457126140594482e-02
2.057524025440216064e-02
2.755160927772521973e-01
1.102491864003241062e-03
1.009902730584144592e-02
2.703768014907836914e-01
4.930639564990997314e-01
6.984634399414062500e-01
9.984302520751953125e-02
3.546281903982162476e-02
2.749565541744232178e-01
2.315021865069866180e-02
1.187676191329956055e-01
1.672828793525695801e-01
2.533822692930698395e-02
1.245210245251655579e-01
9.186945557594299316e-01
0.000000000000000000e+00
4.032197594642639160e-01
3.295129239559173584e-01
1.683990843594074249e-02
4.201000034809112549e-01
1.114820003509521484e+00
2.476176172494888306e-01
0.000000000000000000e+00
1.641478985548019409e-01
2.872954607009887695e+00
0.000000000000000000e+00
0.000000000000000000e+00
5.693105459213256836e-01
0.000000000000000000e+00
8.112620562314987183e-02
6.451799720525741577e-02
1.756036132574081421e-01
3.872494995594024658e-01
8.295230269432067871e-01
3.734218329191207886e-02
0.000000000000000000e+00
1.219815462827682495e-01
2.360648213652893901e-04
8.738429844379425049e-02
1.475865364074707031e+00
0.000000000000000000e+00
4.751960560679435730e-02
1.525419950485229492e-01
0.000000000000000000e+00
1.854542940855026245e-01
7.604565024375915527e-01
2.407295396551489830e-03
7.105823606252670288e-02
2.222963869571685791e-01
7.238011807203292847e-02
2.143089175224304199e-01
1.321782357990741730e-02
1.033967971801757812e+00
2.075085937976837158e-01
2.556490600109100342e-01
1.481205582618713379e+00
1.252105366438627243e-02
4.959315061569213867e-01
1.199701055884361267e-01
1.190710186958312988e+00
0.000000000000000000e+00
3.519771620631217957e-02
9.957897663116455078e-02
4.590529482811689377e-03
3.925170004367828369e-01
4.014475822448730469e+00
2.992838993668556213e-02
3.225896507501602173e-02
0.000000000000000000e+00
7.131293416023254395e-01
0.000000000000000000e+00
3.514022827148437500e-01
6.659363508224487305e-01
1.483338028192520142e-01
3.863548859953880310e-02
3.236751258373260498e-01
2.430867403745651245e-01
1.333634376525878906e+00
0.000000000000000000e+00
0.000000000000000000e+00
3.268983662128448486e-01
2.761196494102478027e-01
4.182807803153991699e-01
3.094443082809448242e+00
1.494584837928414345e-03
1.543909609317779541e-01
2.729939855635166168e-02
4.363848362118005753e-03
2.618491053581237793e-01
5.531597137451171875e-01
1.324827551841735840e+00
3.972424194216728210e-02
0.000000000000000000e+00
0.000000000000000000e+00
5.848546326160430908e-02
0.000000000000000000e+00
1.974337100982666016e-01
3.756120502948760986e-01
2.894980907440185547e-01
8.244755864143371582e-02
3.624778389930725098e-01
6.479305028915405273e-02
3.915560245513916016e-01
2.268620282411575317e-01
0.000000000000000000e+00
6.017513200640678406e-02
5.497948452830314636e-02
0.000000000000000000e+00
6.663737297058105469e-01
6.882011890411376953e-01
3.497923538088798523e-02
4.001544788479804993e-02
9.184881448745727539e-01
1.469639036804437637e-02
1.174491941928863525e-01
2.565849572420120239e-02
1.814470291137695312e-01
8.962778002023696899e-02
2.495933473110198975e-01
4.739446192979812622e-02
5.559758096933364868e-02
1.018267050385475159e-01
0.000000000000000000e+00
2.823590338230133057e-01
1.424741744995117188e-01
0.000000000000000000e+00
2.338365614414215088e-01
7.680777907371520996e-01
1.877458542585372925e-01
2.490407377481460571e-01
1.314587891101837158e-01
1.437642276287078857e-01
9.804677367210388184e-01
0.000000000000000000e+00
1.109793968498706818e-02
2.944042682647705078e-01
5.253428220748901367e-01
0.000000000000000000e+00
4.648663997650146484e-01
0.000000000000000000e+00
0.000000000000000000e+00
1.779660582542419434e-01
1.754765771329402924e-02
2.016873508691787720e-01
1.878956258296966553e-01
2.374156475067138672e+00
1.256736278533935547e+00
5.085294246673583984e-01
1.247856855392456055e+00
4.440530538558959961e-01
1.633287072181701660e+00
5.969741940498352051e-01
9.040474146604537964e-02
3.722046315670013428e-02
6.797949969768524170e-02
1.247562885284423828e+00
7.867226600646972656e-01
4.728292301297187805e-02
1.429275423288345337e-01
5.152699947357177734e-01
2.156029194593429565e-01
1.795349121093750000e-01
4.761997982859611511e-02
5.453715324401855469e-01
8.111939430236816406e-01
3.036492690443992615e-02
3.415327519178390503e-02
3.038706541061401367e+00
5.551131442189216614e-02
5.172007679939270020e-01
1.513292342424392700e-01
2.496496915817260742e+00
9.251497387886047363e-01
2.319191396236419678e-01
1.006605982780456543e+00
5.770593285560607910e-01
1.782388210296630859e+00
4.305483818054199219e+00
2.104865908622741699e-01
0.000000000000000000e+00
3.580688238143920898e-01
1.245779514312744141e+00
5.000720024108886719e-01
0.000000000000000000e+00
6.523582339286804199e-02
4.765287041664123535e-02
2.314902693033218384e-01
2.999758124351501465e-01
4.072198644280433655e-02
2.297754883766174316e-01
1.230997562408447266e+00
6.410098075866699219e-02
2.797655165195465088e-01
4.474075436592102051e-01
6.348426342010498047e-01
3.701049461960792542e-02
3.255050778388977051e-01
7.911779284477233887e-01
1.232368722558021545e-01
1.812346875667572021e-01
0.000000000000000000e+00
0.000000000000000000e+00
0.000000000000000000e+00
1.238556653261184692e-01
1.042406708002090454e-01
6.219739913940429688e-01
0.000000000000000000e+00
5.667830631136894226e-02
5.741403996944427490e-02
1.133357405662536621e+00
1.341406226158142090e+00
3.828511238098144531e-01
2.690547406673431396e-01
4.028578102588653564e-02
1.889386177062988281e+00
1.135405898094177246e-01
4.033689200878143311e-01
5.566487312316894531e-01
7.472400367259979248e-02
1.019784212112426758e+00
8.196661621332168579e-02
1.350473146885633469e-02
1.457922220230102539e+00
4.772244766354560852e-02
7.707215100526809692e-02
1.151108980178833008e+00
6.850969046354293823e-02
2.188122510910034180e+00
5.709593743085861206e-02
9.678106755018234253e-02
5.456358194351196289e-01
1.444647014141082764e-01
5.224405974149703979e-02
8.267446421086788177e-03
3.011645317077636719e+00
2.180567234754562378e-01
2.352325916290283203e+00
8.519604802131652832e-02
1.974437117576599121e+00
2.215003520250320435e-01
4.515770375728607178e-01
3.441320955753326416e-01
4.755727946758270264e-02
7.147369384765625000e-01
1.708258152008056641e+00
3.132654353976249695e-02
0.000000000000000000e+00
2.394842542707920074e-02
1.518482565879821777e+00
5.170166492462158203e-01
3.121531754732131958e-02
0.000000000000000000e+00
1.320216357707977295e-01
4.361638724803924561e-01
1.252072164788842201e-03
0.000000000000000000e+00
9.330596327781677246e-01
9.115499258041381836e-01
2.777358144521713257e-02
4.684687256813049316e-01
3.068285286426544189e-01
0.000000000000000000e+00
3.103655762970447540e-03
8.113712072372436523e-02
1.646162569522857666e-01
0.000000000000000000e+00
6.151306033134460449e-01
2.079664319753646851e-01
6.853824108839035034e-02
6.485252380371093750e-01
7.178605347871780396e-02
1.062496185302734375e+00
7.222585082054138184e-01
9.064881205558776855e-01
9.963722527027130127e-02
7.032021284103393555e-01
9.891442209482192993e-02
3.644616901874542236e-02
7.246909737586975098e-01
1.317261601798236370e-03
4.290347993373870850e-01
1.114444062113761902e-01
4.205408692359924316e-01
7.743879407644271851e-02
0.000000000000000000e+00
8.570457696914672852e-01
0.000000000000000000e+00
1.419887226074934006e-02
0.000000000000000000e+00
2.863735519349575043e-02
3.084636032581329346e-01
5.788971185684204102e-01
1.884113252162933350e-01
1.323562979698181152e+00
0.000000000000000000e+00
6.550730019807815552e-02
4.906764030456542969e-01
1.225718706846237183e-01
5.610124468803405762e-01
1.233264952898025513e-01
5.846642889082431793e-03
3.464904427528381348e-01
4.563830420374870300e-02
5.445371866226196289e-01
9.456869363784790039e-01
0.000000000000000000e+00
5.154526326805353165e-03
0.000000000000000000e+00
9.681706875562667847e-02
4.496769048273563385e-03
0.000000000000000000e+00
8.307395502924919128e-03
2.314116433262825012e-02
1.040032319724559784e-02
1.183211058378219604e-02
3.785843728110194206e-04
0.000000000000000000e+00
5.653128772974014282e-02
1.676029060035943985e-03
0.000000000000000000e+00
1.482364535331726074e-01
1.571644186973571777e+00
1.842335611581802368e-01
2.841088175773620605e-01
0.000000000000000000e+00
1.568208783864974976e-01
0.000000000000000000e+00
4.339486062526702881e-01
2.574933320283889771e-02
8.561118245124816895e-01
6.242792606353759766e-01
2.582823991775512695e+00
0.000000000000000000e+00
2.406315088272094727e+00
5.710104703903198242e-01
1.590890139341354370e-01
6.907958984375000000e-01
2.079868316650390625e-01
9.848838448524475098e-01
6.852724123746156693e-03
9.452391415834426880e-02
2.383288890123367310e-01
0.000000000000000000e+00
5.250445008277893066e-02
0.000000000000000000e+00
2.535455524921417236e-01
0.000000000000000000e+00
1.288410067558288574e+00
3.191730752587318420e-02
1.056055665016174316e+00
5.049111247062683105e-01
