0.000000000000000000e+00
1.762806773185729980e-01
0.000000000000000000e+00
7.607800513505935669e-02
2.882187664508819580e-01
2.211090773344039917e-01
4.814527928829193115e-01
8.032755926251411438e-03
1.040826812386512756e-01
2.781854152679443359e+00
1.444841921329498291e-02
1.350075844675302505e-02
1.466711908578872681e-01
1.261471509933471680e-01
3.726876676082611084e-01
7.073484659194946289e-01
6.723586320877075195e-01
1.294904947280883789e-01
7.876628041267395020e-01
1.499324664473533630e-02
4.503364861011505127e-02
8.537752553820610046e-03
1.236025542020797729e-01
1.127264052629470825e-01
2.164100855588912964e-02
2.472723722457885742e-01
7.472225278615951538e-02
5.901404619216918945e-01
0.000000000000000000e+00
6.289313435554504395e-01
1.202753543853759766e+00
2.213043272495269775e-01
5.520157217979431152e-01
7.041003555059432983e-02
0.000000000000000000e+00
1.027404889464378357e-01
3.835992887616157532e-02
3.337603807449340820e-02
1.543739736080169678e-01
5.041946768760681152e-01
0.000000000000000000e+00
1.450383961200714111e-01
0.000000000000000000e+00
2.782577753067016602e+00
0.000000000000000000e+00
7.269433736801147461e-01
5.918179154396057129e-01
4.037560522556304932e-02
2.696051634848117828e-02
2.621803432703018188e-02
2.523584663867950439e-01
2.524284124374389648e-01
8.900317363440990448e-03
4.801433999091386795e-03
4.299728199839591980e-02
1.910106837749481201e-02
3.183265924453735352e-01
1.323290616273880005e-01
7.430331110954284668e-01
1.122595906257629395e+00
5.316601395606994629e-01
6.848946213722229004e-01
2.981932759284973145e-01
0.000000000000000000e+00
4.872162044048309326e-01
2.612626552581787109e-01
6.443615257740020752e-02
1.881077408790588379e+00
3.910540789365768433e-02
1.699751317501068115e-01
2.190144807100296021e-01
1.733246803283691406e+00
1.318165659904479980e-01
3.350418526679277420e-03
1.735633164644241333e-01
0.000000000000000000e+00
1.096109390258789062e+00
1.894897036254405975e-02
1.694740653038024902e+00
2.068449854850769043e-01
2.016444683074951172e+00
2.833700478076934814e-01
1.940342187881469727e-01
7.351064085960388184e-01
1.643612265586853027e+00
1.343178272247314453e+00
8.305747061967849731e-02
8.413103967905044556e-02
6.448206305503845215e-01
7.860553264617919922e-02
2.134141325950622559e-01
0.000000000000000000e+00
1.642607524991035461e-02
1.981911957263946533e-01
4.298657004255801439e-04
8.780444264411926270e-01
1.403270483016967773e+00
1.416863948106765747e-01
2.404901981353759766e-01
9.828036278486251831e-02
5.032902583479881287e-03
4.488778412342071533e-01
0.000000000000000000e+00
1.282337605953216553e-01
2.160053327679634094e-02
3.735659644007682800e-02
0.000000000000000000e+00
1.118279178626835346e-03
2.347345501184463501e-01
2.524331569671630859e+00
6.517073512077331543e-02
8.436655402183532715e-01
3.307927548885345459e-01
9.502456188201904297e-01
8.132516592741012573e-02
4.418196380138397217e-01
1.400657445192337036e-01
9.629229456186294556e-02
0.000000000000000000e+00
6.601472198963165283e-02
1.163509726524353027e+00
1.188998818397521973e-01
5.376002788543701172e-01
1.699251495301723480e-02
2.753740787506103516e+00
3.697473555803298950e-02
2.810412049293518066e-01
3.597941398620605469e-01
1.552374809980392456e-01
3.275896608829498291e-02
0.000000000000000000e+00
3.358210902661085129e-03
3.338311240077018738e-02
7.887480854988098145e-01
1.625188142061233521e-01
0.000000000000000000e+00
3.115054666996002197e-01
2.691884990781545639e-03
2.553450345993041992e+00
4.616991281509399414e-01
2.475906163454055786e-01
1.319557785987854004e+00
6.496908515691757202e-02
8.804774284362792969e-01
9.710298478603363037e-02
1.220723241567611694e-01
0.000000000000000000e+00
6.885213404893875122e-02
2.535611391067504883e-01
1.752576082944869995e-01
6.185695528984069824e-02
2.785921692848205566e-01
7.129128277301788330e-02
0.000000000000000000e+00
3.450566530227661133e-02
1.893967762589454651e-02
3.091074228286743164e-01
2.813077867031097412e-01
5.017231032252311707e-02
1.624083966016769409e-01
8.038343489170074463e-02
1.651014387607574463e-01
4.304159060120582581e-02
1.518313735723495483e-01
7.400118559598922729e-02
3.816610336303710938e+00
1.087441518902778625e-01
1.453473418951034546e-02
1.623808860778808594e+00
1.508407890796661377e-01
4.732280671596527100e-01
2.854672968387603760e-01
2.680771052837371826e-01
5.322906970977783203e-01
1.031834725290536880e-02
2.322816401720046997e-01
0.000000000000000000e+00
6.129151582717895508e-02
4.902321100234985352e-02
5.318540334701538086e-01
1.316426396369934082e-01
3.923028469085693359e+00
4.323447048664093018e-01
1.444953441619873047e+00
5.944452434778213501e-02
8.589276671409606934e-01
6.992576718330383301e-01
2.327715046703815460e-02
1.591835975646972656e+00
7.133267074823379517e-02
6.552754435688257217e-03
7.078844308853149414e-02
1.411238431930541992e+00
1.512352108955383301e+00
1.969813369214534760e-02
0.000000000000000000e+00
4.113538265228271484e-01
2.634896151721477509e-02
3.856721222400665283e-01
1.103659570217132568e-01
0.000000000000000000e+00
4.603721797466278076e-01
1.978410184383392334e-01
6.288688182830810547e-01
4.814562946557998657e-02
1.771943867206573486e-01
3.752234578132629395e-02
1.109894067049026489e-01
1.521458476781845093e-02
1.653137952089309692e-01
7.602382451295852661e-02
1.329192193225026131e-03
1.827481985092163086e-01
2.781766057014465332e-01
7.998955249786376953e-02
0.000000000000000000e+00
7.667297869920730591e-02
2.688414812088012695e+00
0.000000000000000000e+00
3.013087213039398193e-01
5.923970416188240051e-02
4.307830631732940674e-01
3.549139499664306641e-01
2.910192310810089111e-01
0.000000000000000000e+00
2.749566733837127686e-01
3.043672144412994385e-01
3.654190897941589355e-01
2.005833014845848083e-02
1.277117431163787842e-01
0.000000000000000000e+00
2.199121378362178802e-02
5.578390881419181824e-02
9.853890538215637207e-02
0.000000000000000000e+00
3.418535888195037842e-01
1.061341352760791779e-02
1.245467588305473328e-01
0.000000000000000000e+00
5.353742092847824097e-02
1.492833644151687622e-01
0.000000000000000000e+00
7.312569767236709595e-02
4.888804256916046143e-02
0.000000000000000000e+00
4.927851557731628418e-01
1.722862124443054199e-01
1.494566798210144043e-01
7.627207040786743164e-01
0.000000000000000000e+00
4.282026886940002441e-01
2.578397691249847412e-01
4.025936424732208252e-01
8.894956670701503754e-03
4.427020251750946045e-02
3.383426368236541748e-01
8.110703527927398682e-02
2.316704019904136658e-02
1.077251657843589783e-01
4.515827819705009460e-02
1.168147206306457520e+00
7.614405453205108643e-02
1.970117211341857910e+00
2.330764234066009521e-01
1.333826780319213867e-01
5.611947178840637207e-02
0.000000000000000000e+00
2.932567358016967773e+00
2.957196831703186035e-01
5.552899092435836792e-02
1.340630650520324707e+00
7.372474670410156250e-01
1.167229562997817993e-01
3.554290905594825745e-02
7.666816469281911850e-03
1.808085203170776367e+00
3.680272400379180908e-02
1.706752032041549683e-01
2.495623111724853516e+00
1.475104689598083496e-01
2.713514864444732666e-01
1.632827073335647583e-01
0.000000000000000000e+00
0.000000000000000000e+00
5.380372703075408936e-02
2.402850240468978882e-01
3.567024171352386475e-01
0.000000000000000000e+00
1.119422674179077148e+00
5.621899366378784180e-01
5.859642624855041504e-01
1.311299800872802734e-01
9.126822650432586670e-02
2.721888422966003418e-01
0.000000000000000000e+00
2.488461881875991821e-02
1.113514378666877747e-01
7.554258108139038086e-01
1.309807300567626953e-01
3.913857936859130859e-01
3.822620492428541183e-03
3.438318520784378052e-02
2.213501036167144775e-01
1.178427264094352722e-01
2.521504461765289307e-01
4.720504879951477051e-01
0.000000000000000000e+00
2.024339511990547180e-02
3.101016581058502197e-01
0.000000000000000000e+00
1.401797402650117874e-02
1.584635972976684570e-01
3.887540474534034729e-02
7.476002722978591919e-02
0.000000000000000000e+00
1.498662382364273071e-01
1.022084951400756836e+00
6.000261381268501282e-02
6.781352311372756958e-02
9.082299470901489258e-02
1.768510341644287109e-01
1.514558913186192513e-03
8.112544566392898560e-02
2.337302453815937042e-02
5.924364328384399414e-01
1.160878419876098633e+00
3.755751550197601318e-01
2.744960971176624298e-02
1.925616711378097534e-02
2.030537873506546021e-01
3.282001614570617676e-01
1.193224549293518066e+00
2.775497138500213623e-01
3.880816102027893066e-01
1.250697016716003418e+00
1.683943718671798706e-02
0.000000000000000000e+00
1.771996766328811646e-01
3.462655544281005859e-01
7.937775552272796631e-02
1.342353373765945435e-01
1.131259799003601074e-01
2.340779267251491547e-02
5.017636343836784363e-02
2.568019926548004150e-01
4.522296786308288574e-02
7.200478315353393555e-01
4.564625024795532227e-02
0.000000000000000000e+00
4.793397486209869385e-01
1.575230956077575684e+00
1.752021373249590397e-03
1.014979407191276550e-01
0.000000000000000000e+00
1.360605657100677490e-01
2.752606868743896484e-01
4.430279135704040527e-02
5.690827220678329468e-02
9.768937528133392334e-02
1.426712125539779663e-01
8.198452740907669067e-02
9.379433840513229370e-02
4.671155288815498352e-02
2.776160091161727905e-02
1.524353325366973877e-01
1.602249741554260254e-01
1.949685513973236084e-01
1.502829492092132568e-01
0.000000000000000000e+00
3.791516274213790894e-02
9.174016714096069336e-01
2.345623224973678589e-01
0.000000000000000000e+00
4.938935860991477966e-02
5.251663923263549805e-02
0.000000000000000000e+00
2.027946561574935913e-01
0.000000000000000000e+00
2.893500804901123047e+00
1.179483011364936829e-01
1.955354213714599609e+00
1.076948046684265137e+00
2.908467082306742668e-03
2.466540038585662842e-02
1.358299404382705688e-01
3.847020387649536133e+00
2.733780816197395325e-02
1.285140216350555420e-01
8.307885378599166870e-02
1.012703552842140198e-01
9.948490858078002930e-01
3.040526509284973145e-01
2.171713709831237793e-01
1.457643657922744751e-01
2.473120838403701782e-01
2.489653676748275757e-01
1.894135773181915283e-01
0.000000000000000000e+00
2.286478579044342041e-01
3.635835647583007812e-02
1.251118540763854980e+00
2.150974050164222717e-02
1.913157552480697632e-01
2.984686195850372314e-01
5.266397595405578613e-01
4.427524805068969727e-01
4.073051363229751587e-02
2.749159574508666992e+00
6.990517377853393555e-01
1.283613964915275574e-02
6.308541893959045410e-01
4.498206079006195068e-01
8.083141595125198364e-02
0.000000000000000000e+00
1.928677916526794434e+00
0.000000000000000000e+00
6.594186276197433472e-02
3.379069268703460693e-01
8.004863262176513672e-01
6.017505005002021790e-02
2.183787757530808449e-03
2.032779455184936523e-01
1.203317418694496155e-01
6.880430132150650024e-02
7.522609084844589233e-02
4.762863636016845703e+00
4.612871646881103516e+00
2.533319639042019844e-03
2.173145115375518799e-01
3.414077758789062500e-01
4.467667102813720703e+00
6.139599680900573730e-01
3.113943338394165039e+00
4.684669971466064453e-01
9.805311262607574463e-02
1.363197445869445801e+00
6.377494335174560547e-01
0.000000000000000000e+00
1.173316985368728638e-01
2.073109745979309082e-01
2.477685958147048950e-01
3.324049711227416992e-02
4.650483429431915283e-01
2.467970401048660278e-01
1.068917289376258850e-01
2.452547788619995117e+00
7.931116968393325806e-02
1.466698497533798218e-01
0.000000000000000000e+00
6.853091716766357422e-01
6.041306257247924805e-01
1.078577116131782532e-01
3.400143980979919434e-01
1.548181653022766113e+00
1.315477371215820312e+00
2.961895465850830078e+00
1.597728282213211060e-01
2.596656978130340576e-01
9.520196914672851562e-01
0.000000000000000000e+00
6.964349187910556793e-03
1.565005779266357422e-01
5.794265866279602051e-02
1.593946337699890137e+00
2.217026501893997192e-01
0.000000000000000000e+00
5.521798133850097656e-01
1.934656202793121338e-01
0.000000000000000000e+00
6.204513907432556152e-01
4.418281614780426025e-01
5.311062335968017578e-01
7.382366806268692017e-03
4.525142610073089600e-01
2.278040051460266113e-01
7.481964826583862305e-01
0.000000000000000000e+00
5.751265883445739746e-01
4.321215450763702393e-01
4.223505258560180664e-01
9.216375350952148438e-01
2.079319506883621216e-01
1.390278786420822144e-01
8.423538804054260254e-01
1.090861931443214417e-01
4.313233774155378342e-03
2.094061672687530518e-01
9.488720446825027466e-02
6.098807454109191895e-01
1.297465860843658447e-01
3.170191347599029541e-01
3.182651698589324951e-01
2.766474783420562744e-01
4.281135499477386475e-01
2.026681303977966309e-01
4.708860442042350769e-02
0.000000000000000000e+00
1.436877369880676270e+00
1.448843777179718018e-01
1.051508635282516479e-01
0.000000000000000000e+00
3.176534771919250488e-01
4.639379307627677917e-02
2.539437077939510345e-02
9.798764586448669434e-01
4.352207109332084656e-02
2.935836613178253174e-01
3.629539012908935547e-01
2.946797758340835571e-02
4.468774423003196716e-02
1.653672605752944946e-01
0.000000000000000000e+00
1.389998644590377808e-01
2.697245404124259949e-02
8.786063194274902344e-01
3.500995412468910217e-02
8.741009235382080078e-01
1.758770048618316650e-01
5.389943253248929977e-03
1.937931403517723083e-02
1.073147356510162354e-01
0.000000000000000000e+00
6.863798946142196655e-02
1.321092396974563599e-01
1.195483142510056496e-03
1.905043959617614746e+00
2.351054400205612183e-01
2.816134691238403320e-01
2.119152843952178955e-01
9.244120866060256958e-02
5.922732949256896973e-01
1.099889278411865234e+00
1.688699007034301758e+00
5.113512277603149414e-01
6.482275724411010742e-01
4.476837813854217529e-02
2.177565693855285645e-01
7.320384383201599121e-01
1.722093671560287476e-02
8.873189687728881836e-01
8.804477006196975708e-02
7.018753290176391602e-01
8.902107477188110352e-01
3.744218349456787109e-01
2.336264401674270630e-01
1.306787282228469849e-01
8.755299448966979980e-01
3.084262134507298470e-03
2.444451116025447845e-02
3.973126173019409180e+00
1.706689298152923584e-01
3.681442141532897949e-02
4.787199497222900391e-01
9.285214357078075409e-03
0.000000000000000000e+00
0.000000000000000000e+00
4.819991998374462128e-03
3.275572657585144043e-01
1.409331411123275757e-01
6.768371462821960449e-01
3.908746540546417236e-01
3.736289218068122864e-02
1.750296473503112793e+00
8.069425225257873535e-01
3.265735693275928497e-03
0.000000000000000000e+00
2.324759364128112793e-01
3.641179800033569336e-01
3.983962908387184143e-02
3.958204090595245361e-01
2.417752444744110107e-01
8.381074666976928711e-01
1.389693170785903931e-01
1.388253122568130493e-01
3.004027128219604492e+00
3.471441864967346191e-01
0.000000000000000000e+00
1.059893965721130371e-01
0.000000000000000000e+00
5.613253712654113770e-01
1.191971421241760254e+00
3.703961372375488281e-01
5.338764786720275879e-01
6.446820497512817383e-01
3.300503641366958618e-02
3.348425030708312988e-02
2.015077024698257446e-01
3.416609764099121094e-01
1.019761562347412109e+00
2.687062323093414307e-01
2.150961458683013916e-01
4.632915928959846497e-02
7.956887036561965942e-02
1.035955399274826050e-01
8.220965266227722168e-01
7.613025605678558350e-02
0.000000000000000000e+00
1.572992801666259766e+00
1.225635409355163574e-01
3.888715505599975586e-01
5.449558794498443604e-02
0.000000000000000000e+00
3.610688447952270508e-02
2.071895837783813477e+00
7.311566472053527832e-01
5.975437164306640625e-02
7.474476844072341919e-02
2.692534327507019043e-01
6.259308010339736938e-02
3.453346202149987221e-03
3.116592168807983398e-01
2.199805527925491333e-01
4.089688882231712341e-03
9.361646771430969238e-01
1.001793384552001953e+00
4.643385410308837891e+00
6.811434626579284668e-01
8.417436480522155762e-01
4.979740828275680542e-02
5.787624120712280273e-01
2.693791389465332031e-01
2.471320703625679016e-02
2.054343372583389282e-02
5.086857080459594727e-02
6.740267574787139893e-02
4.566149413585662842e-01
5.142132565379142761e-02
4.580281734466552734e+00
0.000000000000000000e+00
0.000000000000000000e+00
7.242874503135681152e-01
0.000000000000000000e+00
4.387034177780151367e-01
3.659102693200111389e-02
7.978969067335128784e-02
1.332093775272369385e-01
4.672937095165252686e-01
6.417029500007629395e-01
3.587676763534545898e+00
0.000000000000000000e+00
6.075835600495338440e-02
1.973567008972167969e+00
1.714415103197097778e-01
0.000000000000000000e+00
1.212157726287841797e+00
5.292602777481079102e-01
1.749503463506698608e-01
1.556070297956466675e-01
2.129668474197387695e+00
2.214449793100357056e-01
4.079151451587677002e-01
0.000000000000000000e+00
6.247836947441101074e-01
1.804919600486755371e+00
0.000000000000000000e+00
6.807090044021606445e-01
8.373863995075225830e-03
1.715135425329208374e-01
1.181488041765987873e-04
2.078619003295898438e+00
4.609039798378944397e-02
1.367963701486587524e-01
4.065586328506469727e-01
1.559850107878446579e-02
3.649121895432472229e-02
1.451889038085937500e+00
6.131410598754882812e-01
6.003900431096553802e-03
1.881024427711963654e-02
1.616610437631607056e-01
5.998855829238891602e-02
1.401825924403965473e-03
0.000000000000000000e+00
5.848604440689086914e-02
0.000000000000000000e+00
1.008198380470275879e+00
2.393244266510009766e+00
3.556249439716339111e-01
5.231789350509643555e-01
1.706518381834030151e-01
1.766504719853401184e-02
2.970798909664154053e-01
2.586045535281300545e-03
2.955874055624008179e-02
9.081176482141017914e-03
1.357351779006421566e-03
8.903566598892211914e-01
7.754215598106384277e-01
2.810159325599670410e-01
1.140809990465641022e-02
9.063965678215026855e-01
3.321386575698852539e-01
4.157334864139556885e-01
2.137408703565597534e-01
2.771863155066967010e-02
6.522446870803833008e-02
1.789824664592742920e-01
1.347754448652267456e-01
0.000000000000000000e+00
9.573850035667419434e-01
2.623654365539550781e+00
5.616958141326904297e-01
1.272307485342025757e-01
6.869196146726608276e-02
5.678438544273376465e-01
0.000000000000000000e+00
0.000000000000000000e+00
9.008375555276870728e-02
3.876171112060546875e-01
1.966560482978820801e-01
0.000000000000000000e+00
6.654835939407348633e-01
5.726665854454040527e-01
1.181913733482360840e+00
2.008678466081619263e-01
5.893939137458801270e-01
6.521995365619659424e-02
2.096887379884719849e-01
4.819155037403106689e-01
1.211214736104011536e-01
0.000000000000000000e+00
1.504028448835015297e-03
9.889025241136550903e-02
2.905778959393501282e-02
1.406906545162200928e-01
1.075878366827964783e-01
9.598578512668609619e-02
4.006614163517951965e-02
1.611040979623794556e-01
0.000000000000000000e+00
1.304509937763214111e-01
1.060364991426467896e-01
4.697133600711822510e-01
1.782990247011184692e-01
0.000000000000000000e+00
1.453900188207626343e-01
6.053148955106735229e-02
1.425122767686843872e-01
2.396040111780166626e-01
9.285734035074710846e-03
1.511850118637084961e+00
1.646513193845748901e-01
0.000000000000000000e+00
0.000000000000000000e+00
8.332307934761047363e-01
6.159921642392873764e-03
5.682426691055297852e-02
6.112542152404785156e-01
2.198523655533790588e-02
1.756975650787353516e+00
1.969140395522117615e-02
5.533887445926666260e-02
2.463011816143989563e-02
4.276227671653032303e-03
2.885948419570922852e-01
0.000000000000000000e+00
4.610462114214897156e-02
2.971601784229278564e-01
2.197015047073364258e+00
8.794082403182983398e-01
0.000000000000000000e+00
9.572643637657165527e-01
1.609534211456775665e-02
2.571381032466888428e-01
8.075609803199768066e-01
5.755791068077087402e-01
2.958747148513793945e-01
1.521590352058410645e-01
1.519940644502639771e-01
1.118770614266395569e-01
1.657100766897201538e-01
8.512961678206920624e-03
1.185589551925659180e+00
7.754968851804733276e-02
5.088906362652778625e-02
6.376140117645263672e-01
1.362281739711761475e-01
2.068698883056640625e+00
9.533646702766418457e-02
4.024562239646911621e-02
1.245083063840866089e-01
2.214682847261428833e-02
0.000000000000000000e+00
1.809525042772293091e-01
3.193623423576354980e-01
3.927329778671264648e-01
6.892195940017700195e-01
4.586664736270904541e-01
1.483694911003112793e-01
0.000000000000000000e+00
0.000000000000000000e+00
1.291892230510711670e-01
4.125589132308959961e-01
1.082857102155685425e-01
2.319826930761337280e-02
1.682548373937606812e-01
3.242016732692718506e-01
0.000000000000000000e+00
2.948981523513793945e-01
3.549803733825683594e+00
6.131174564361572266e-01
1.090639710426330566e+00
6.135998964309692383e-01
1.661063581705093384e-01
9.598129987716674805e-01
8.129227161407470703e-01
0.000000000000000000e+00
5.292447805404663086e-01
1.761032223701477051e+00
1.216469779610633850e-01
2.825820446014404297e-01
2.731719613075256348e-01
0.000000000000000000e+00
1.454664111137390137e+00
3.538931161165237427e-02
3.457994163036346436e-01
0.000000000000000000e+00
2.996863722801208496e-01
1.552684754133224487e-01
5.731778740882873535e-01
1.448239535093307495e-01
2.831980288028717041e-01
4.755479395389556885e-01
7.618243992328643799e-02
6.718274205923080444e-02
5.722908675670623779e-02
5.668610334396362305e-02
5.778151098638772964e-03
5.900149345397949219e-01
1.417766809463500977e+00
2.408572100102901459e-02
1.051409468054771423e-01
1.093516230583190918e+00
1.281375885009765625e-01
6.447623372077941895e-01
1.947062015533447266e-01
2.951169312000274658e-01
2.179762534797191620e-02
0.000000000000000000e+00
1.311404347419738770e+00
0.000000000000000000e+00
6.538947224617004395e-01
0.000000000000000000e+00
0.000000000000000000e+00
3.849494829773902893e-02
2.544311285018920898e-01
1.349912166595458984e+00
5.690006613731384277e-01
1.833317428827285767e-01
1.244624983519315720e-02
0.000000000000000000e+00
6.036746874451637268e-02
1.174264834844507277e-04
2.799674570560455322e-01
2.902239933609962463e-02
1.023740768432617188e-01
3.025629818439483643e-01
1.303229182958602905e-01
2.622458934783935547e-01
0.000000000000000000e+00
2.766776978969573975e-01
1.043503209948539734e-01
5.000791549682617188e-01
9.115125983953475952e-02
7.445882260799407959e-02
1.181157276732847095e-04
3.715971019119024277e-03
1.479073762893676758e-01
3.831358999013900757e-02
1.686889290809631348e+00
2.835918217897415161e-03
0.000000000000000000e+00
4.871707558631896973e-01
1.170829534530639648e-01
0.000000000000000000e+00
3.022809028625488281e-01
9.416313469409942627e-02
5.807437300682067871e-01
6.140239536762237549e-03
2.316745817661285400e-01
8.392824232578277588e-02
3.529681265354156494e-02
2.487553050741553307e-03
1.541429162025451660e-01
5.111812427639961243e-02
1.652476638555526733e-01
1.583669148385524750e-02
4.437473118305206299e-01
1.669480800628662109e-01
1.088732719421386719e+00
9.594209790229797363e-01
8.050352334976196289e-02
6.872030347585678101e-02
1.779714412987232208e-02
3.193413496017456055e+00
2.785208821296691895e-01
5.095331668853759766e-01
6.161573529243469238e-02
2.341293096542358398e+00
1.859261281788349152e-02
9.165845513343811035e-01
7.429736256599426270e-01
2.612864673137664795e-01
1.992963701486587524e-01
2.144169248640537262e-02
1.077551126480102539e+00
5.558180212974548340e-01
8.522493243217468262e-01
5.836046859622001648e-02
1.033748537302017212e-01
3.308109939098358154e-02
2.402874231338500977e-01
9.119116514921188354e-02
0.000000000000000000e+00
6.229189038276672363e-01
7.655681967735290527e-01
5.508469343185424805e-01
2.166127562522888184e-01
2.830151095986366272e-02
9.874171577394008636e-03
8.417559266090393066e-01
6.057582497596740723e-01
7.136288285255432129e-02
4.471947550773620605e-01
8.195576071739196777e-02
9.510865211486816406e-01
4.824683666229248047e+00
5.174447223544120789e-02
0.000000000000000000e+00
8.150100708007812500e-02
1.096783857792615891e-02
7.214684039354324341e-02
0.000000000000000000e+00
4.681016504764556885e-02
1.893619298934936523e+00
2.663675546646118164e-01
4.122373759746551514e-01
1.078332215547561646e-02
3.241308927536010742e-01
1.638916611671447754e+00
1.909173130989074707e-01
1.095503687858581543e+00
0.000000000000000000e+00
1.692053526639938354e-01
1.485135853290557861e-01
2.064024470746517181e-02
3.858056664466857910e-02
1.754195988178253174e-01
9.709101170301437378e-02
5.250868573784828186e-02
1.043256163597106934e+00
1.398229505866765976e-03
1.015278417617082596e-02
5.383936166763305664e-01
6.031234860420227051e-01
7.058272361755371094e-01
1.054179221391677856e-01
2.347064763307571411e-02
1.255871821194887161e-02
9.077442884445190430e-01
1.181120634078979492e+00
2.213119029998779297e+00
5.091562867164611816e-02
0.000000000000000000e+00
1.335978806018829346e-01
1.848101317882537842e-01
1.964451521635055542e-01
3.341881930828094482e-01
1.991852372884750366e-01
9.412100166082382202e-02
5.579502582550048828e-01
7.244029045104980469e-01
5.526328682899475098e-01
1.317935287952423096e-01
0.000000000000000000e+00
4.346109032630920410e-01
2.169786691665649414e+00
8.310925960540771484e-01
3.669129908084869385e-01
8.959321677684783936e-02
2.651105225086212158e-01
1.863002330064773560e-01
3.786324858665466309e-01
0.000000000000000000e+00
2.725699245929718018e-01
3.753206431865692139e-01
5.630047321319580078e-01
1.061156630516052246e+00
0.000000000000000000e+00
6.825614571571350098e-01
4.693982303142547607e-01
1.001208901405334473e+00
7.594279646873474121e-01
5.400146245956420898e-01
4.522943198680877686e-01
0.000000000000000000e+00
9.193193316459655762e-01
3.846119940280914307e-01
2.036862634122371674e-02
2.669293284416198730e-01
3.062211722135543823e-02
3.292780369520187378e-03
2.664152765646576881e-03
8.258459158241748810e-03
2.571365237236022949e-01
3.297019600868225098e-01
0.000000000000000000e+00
3.927862942218780518e-01
9.094697237014770508e-02
0.000000000000000000e+00
6.156021729111671448e-02
2.901930175721645355e-02
2.652563750743865967e-01
3.362295031547546387e-02
2.547082424163818359e+00
1.300766468048095703e+00
1.943352073431015015e-02
2.626037597656250000e-01
1.936078548431396484e+00
2.951528131961822510e-01
1.123763341456651688e-02
1.494770646095275879e+00
1.392510235309600830e-01
1.732466697692871094e+00
7.975729107856750488e-01
5.858325362205505371e-01
2.178124524652957916e-02
0.000000000000000000e+00
2.459699213504791260e-01
5.592758655548095703e-01
8.435780555009841919e-02
4.623235389590263367e-02
1.259802460670471191e+00
4.457406699657440186e-01
5.441045165061950684e-01
1.283229827880859375e+00
1.509640365839004517e-01
5.156131386756896973e-01
2.636627554893493652e-01
2.337974682450294495e-02
1.385344006121158600e-02
2.653835713863372803e-01
6.269733607769012451e-02
2.170403599739074707e-01
8.387989550828933716e-02
0.000000000000000000e+00
1.482644379138946533e-01
1.248735904693603516e+00
1.644708514213562012e-01
3.187559195794165134e-04
1.870382666587829590e+00
3.198558390140533447e-01
4.389777183532714844e-01
2.861507534980773926e-01
1.425674185156822205e-03
9.702767431735992432e-02
7.167491316795349121e-02
2.829148471355438232e-01
1.100708916783332825e-01
5.169077515602111816e-01
5.250843167304992676e-01
2.063987553119659424e-01
4.801518917083740234e-01
1.853156238794326782e-01
0.000000000000000000e+00
9.454596787691116333e-02
2.156588882207870483e-01
0.000000000000000000e+00
4.888356328010559082e-01
3.047803044319152832e-01
1.668610870838165283e-01
0.000000000000000000e+00
1.926110148429870605e+00
3.491469323635101318e-01
5.767202973365783691e-01
5.550873652100563049e-02
1.981322765350341797e-01
0.000000000000000000e+00
3.049875259399414062e+00
1.815253138542175293e+00
6.265245676040649414e-01
2.385510830208659172e-03
2.888438105583190918e-01
0.000000000000000000e+00
4.610470309853553772e-02
5.991295352578163147e-02
1.661631472416047473e-06
3.241353482007980347e-02
6.344980597496032715e-01
3.006867319345474243e-02
0.000000000000000000e+00
1.386193037033081055e-01
1.389164179563522339e-01
2.253851154819130898e-03
1.353523135185241699e-01
3.045666217803955078e-01
4.013169705867767334e-01
6.493914127349853516e-01
4.687006175518035889e-01
8.483706116676330566e-01
3.589725494384765625e-02
6.210166811943054199e-01
6.680179238319396973e-01
1.334194391965866089e-01
1.237975955009460449e+00
1.933964639902114868e-01
1.672065816819667816e-02
4.262281954288482666e-02
1.107276797294616699e+00
0.000000000000000000e+00
2.726195156574249268e-01
6.905764341354370117e-02
3.987703025341033936e-01
2.023611068725585938e+00
5.154575705528259277e-01
0.000000000000000000e+00
1.047628000378608704e-01
1.512433290481567383e+00
6.342473626136779785e-02
1.947243213653564453e+00
1.428410690277814865e-02
0.000000000000000000e+00
3.054718673229217529e-02
8.956167846918106079e-02
1.776872873306274414e-01
1.287592172622680664e+00
7.862119078636169434e-01
9.215752035379409790e-02
6.240463256835937500e-01
6.673875451087951660e-02
3.122691512107849121e-01
8.710290305316448212e-03
2.775772511959075928e-01
2.549977507442235947e-04
2.179937958717346191e-01
1.853129863739013672e-01
2.839915156364440918e-01
3.002867698669433594e-01
1.713516376912593842e-02
7.276906818151473999e-02
0.000000000000000000e+00
5.649734139442443848e-01
0.000000000000000000e+00
4.696429148316383362e-02
2.713769197463989258e+00
1.683048903942108154e-01
5.020250007510185242e-02
8.544415980577468872e-02
8.412298560142517090e-02
3.100093007087707520e-01
1.015777468681335449e+00
5.311182513833045959e-02
3.228944540023803711e-01
3.332187533378601074e-01
3.243017569184303284e-02
3.442822024226188660e-02
5.672132372856140137e-01
5.671178176999092102e-02
1.975696086883544922e-01
1.042399480938911438e-01
7.845393419265747070e-01
6.435916423797607422e-01
2.689565181732177734e+00
5.810279250144958496e-01
3.857394158840179443e-01
6.265347003936767578e-01
8.999516367912292480e-01
8.474547415971755981e-03
1.407098025083541870e-01
6.842049360275268555e-01
4.721519351005554199e-01
1.901313960552215576e-01
1.131087183952331543e+00
1.895235061645507812e+00
0.000000000000000000e+00
5.005647242069244385e-02
1.938582807779312134e-01
3.642100095748901367e-01
1.608965992927551270e-01
1.823746599256992340e-02
2.145303934812545776e-01
1.819391101598739624e-01
4.573451355099678040e-02
3.587696254253387451e-01
2.549874186515808105e-01
0.000000000000000000e+00
1.170938968658447266e+00
0.000000000000000000e+00
7.629237174987792969e-01
7.182723283767700195e-02
1.367916613817214966e-01
2.034545876085758209e-02
4.421583712100982666e-01
0.000000000000000000e+00
1.386122107505798340e+00
2.076139207929372787e-03
3.226691856980323792e-02
8.251680135726928711e-01
3.881998658180236816e-01
0.000000000000000000e+00
6.828001700341701508e-03
3.205200433731079102e-01
4.921770691871643066e-01
1.268120557069778442e-01
6.759467720985412598e-01
0.000000000000000000e+00
8.894882202148437500e-01
8.002103120088577271e-02
0.000000000000000000e+00
3.240160644054412842e-02
4.476650059223175049e-01
1.141468167304992676e+00
1.745474897325038910e-02
3.090584836900234222e-02
2.916623651981353760e-01
2.185504287481307983e-01
0.000000000000000000e+00
1.468220353126525879e-01
1.648446172475814819e-01
4.340673983097076416e-01
4.654955491423606873e-02
1.486937701702117920e-01
1.829218626022338867e+00
1.130304709076881409e-01
0.000000000000000000e+00
1.545670330524444580e-01
4.963237419724464417e-02
6.180235743522644043e-02
3.963293731212615967e-01
1.688952147960662842e-01
4.147458076477050781e-01
5.670676827430725098e-01
4.424840211868286133e-01
2.782658673822879791e-03
2.998299598693847656e-01
1.931934505701065063e-01
1.024627685546875000e+00
8.643271401524543762e-03
6.494464352726936340e-03
3.154676258563995361e-01
2.120863795280456543e-01
6.168216466903686523e-02
1.645378917455673218e-01
3.249857202172279358e-02
5.142812430858612061e-02
7.085094694048166275e-03
0.000000000000000000e+00
1.213940262794494629e+00
4.856461882591247559e-01
1.200996339321136475e-01
1.761981099843978882e-01
1.417525261640548706e-01
1.751282364130020142e-01
7.065344136208295822e-03
1.312831282615661621e+00
4.165784269571304321e-02
1.478778850287199020e-02
4.853398323059082031e+00
0.000000000000000000e+00
1.486067175865173340e+00
2.932124137878417969e-01
3.900907933712005615e-01
2.725102305412292480e-01
1.194387376308441162e-01
0.000000000000000000e+00
0.000000000000000000e+00
0.000000000000000000e+00
0.000000000000000000e+00
4.512562602758407593e-02
4.231690466403961182e-01
0.000000000000000000e+00
1.036479789763689041e-02
1.941125392913818359e-01
6.944411993026733398e-01
2.222516015172004700e-02
1.229875087738037109e+00
5.017150193452835083e-03
1.094738543033599854e-01
1.070719808340072632e-01
6.341488659381866455e-02
1.423958778381347656e+00
2.465267106890678406e-02
1.149007491767406464e-02
1.656503528356552124e-01
0.000000000000000000e+00
1.965988427400588989e-02
0.000000000000000000e+00
4.612272232770919800e-02
0.000000000000000000e+00
6.725130230188369751e-02
0.000000000000000000e+00
8.408714085817337036e-03
4.113051891326904297e-01
1.206387183628976345e-03
2.566273882985115051e-02
4.418046176433563232e-01
9.429314732551574707e-02
1.097807884216308594e-01
5.373049974441528320e-01
0.000000000000000000e+00
1.855646260082721710e-02
1.275015529245138168e-02
9.574826061725616455e-02
8.209253847599029541e-02
2.006088346242904663e-01
2.256633713841438293e-02
7.219511270523071289e-02
7.765523791313171387e-01
8.584086298942565918e-01
2.780391601845622063e-03
8.384552784264087677e-03
9.133656322956085205e-02
2.669407129287719727e-01
3.150867298245429993e-02
3.484606146812438965e-01
3.506275825202465057e-03
5.319392681121826172e-01
2.093757390975952148e+00
1.520850956439971924e-01
0.000000000000000000e+00
3.504849970340728760e-02
7.813119888305664062e-01
1.072987437248229980e+00
5.815659835934638977e-02
2.063674181699752808e-01
4.652732610702514648e-02
1.844614148139953613e+00
8.896688371896743774e-02
0.000000000000000000e+00
7.117245793342590332e-01
4.375009834766387939e-01
1.449963897466659546e-01
1.019201517105102539e+00
1.966734975576400757e-02
5.223628878593444824e-01
6.501697301864624023e-01
1.816085577011108398e-01
1.125722192227840424e-02
5.172544717788696289e-01
2.070740796625614166e-02
8.921455740928649902e-01
3.888047635555267334e-01
2.142012357711791992e+00
1.928184032440185547e+00
7.371790707111358643e-02
0.000000000000000000e+00
8.756472915410995483e-02
4.420617967844009399e-02
9.315589815378189087e-02
2.094732969999313354e-01
1.161197721958160400e-01
2.405190467834472656e-02
1.580895334482192993e-01
6.056897044181823730e-01
0.000000000000000000e+00
0.000000000000000000e+00
9.633439779281616211e-02
1.144179463386535645e+00
0.000000000000000000e+00
7.390320301055908203e-01
3.631938695907592773e-01
5.690019726753234863e-01
1.168443679809570312e+00
5.104698538780212402e-01
1.675323128700256348e+00
1.018319353461265564e-01
2.500420436263084412e-02
4.029661655426025391e+00
0.000000000000000000e+00
0.000000000000000000e+00
1.138827651739120483e-01
0.000000000000000000e+00
1.085340023040771484e+00
2.059104204177856445e+00
7.694046497344970703e-01
1.131971552968025208e-02
4.069096744060516357e-01
9.806775301694869995e-02
6.057058572769165039e-01
3.472388535737991333e-02
4.491687752306461334e-03
1.333438307046890259e-01
2.455945968627929688e+00
1.837461628019809723e-02
3.106381371617317200e-02
4.246938601136207581e-02
1.640412509441375732e-01
1.723899841308593750e-01
5.422762036323547363e-01
0.000000000000000000e+00
8.932426571846008301e-01
2.201701700687408447e-01
9.201151877641677856e-02
1.979335546493530273e-01
2.120544672012329102e+00
2.322103083133697510e-01
2.937277033925056458e-02
0.000000000000000000e+00
2.800251245498657227e-01
3.378220601007342339e-03
2.549278438091278076e-01
0.000000000000000000e+00
3.244197070598602295e-01
0.000000000000000000e+00
1.012971520423889160e+00
4.446267783641815186e-01
8.282608389854431152e-01
3.280943632125854492e-01
1.447500102221965790e-02
2.194830179214477539e+00
1.999219506978988647e-02
0.000000000000000000e+00
5.927681326866149902e-01
2.012300968170166016e+00
9.273582696914672852e-02
2.131377719342708588e-02
0.000000000000000000e+00
2.570258378982543945e-01
0.000000000000000000e+00
2.020767211914062500e+00
3.651417419314384460e-02
5.753463506698608398e-02
8.160768449306488037e-02
9.091053903102874756e-02
2.812321484088897705e-01
3.605547174811363220e-02
2.301216274499893188e-01
9.111353158950805664e-01
0.000000000000000000e+00
3.920625522732734680e-02
7.103680819272994995e-02
1.466348171234130859e-01
2.932699441909790039e+00
2.846719324588775635e-01
1.821792870759963989e-02
2.748046159744262695e+00
0.000000000000000000e+00
2.041882514953613281e+00
2.026022911071777344e+00
8.791062980890274048e-02
2.629909198731184006e-03
1.500414162874221802e-01
5.836396291851997375e-02
0.000000000000000000e+00
3.515349030494689941e-01
1.793474197387695312e+00
7.282620906829833984e+00
0.000000000000000000e+00
3.388205915689468384e-02
7.448492050170898438e-01
2.736270427703857422e-01
1.416469365358352661e-01
0.000000000000000000e+00
1.513675749301910400e-01
3.784503936767578125e-01
1.169108152389526367e+00
1.302414089441299438e-01
2.781923711299896240e-01
1.066540479660034180e+00
0.000000000000000000e+00
3.676227629184722900e-01
4.018340259790420532e-02
2.034783214330673218e-01
7.122172415256500244e-02
0.000000000000000000e+00
0.000000000000000000e+00
6.622329950332641602e-01
7.171285338699817657e-03
1.891979724168777466e-01
2.137142978608608246e-02
7.780988812446594238e-01
1.947719454765319824e-01
5.214249342679977417e-02
1.265586703084409237e-03
2.336805127561092377e-02
5.400525927543640137e-01
7.236589491367340088e-02
5.719512235373258591e-03
2.674604207277297974e-02
1.561700344085693359e+00
7.664952278137207031e-01
2.415022999048233032e-02
7.242317199707031250e-01
6.502836942672729492e-02
3.396930918097496033e-02
2.421547025442123413e-01
6.934779137372970581e-02
0.000000000000000000e+00
2.230390161275863647e-02
5.899973511695861816e-01
6.659203767776489258e-02
0.000000000000000000e+00
8.760856091976165771e-02
8.865140378475189209e-03
1.448448151350021362e-01
1.761038601398468018e-01
0.000000000000000000e+00
1.654122397303581238e-02
1.361966282129287720e-01
3.795119747519493103e-02
1.238946989178657532e-01
1.612208634614944458e-01
3.138379007577896118e-02
8.755933046340942383e-01
9.624896571040153503e-03
1.499882787466049194e-01
1.858327269554138184e+00
2.836374938488006592e-01
0.000000000000000000e+00
3.098628520965576172e-01
3.076717257499694824e-02
0.000000000000000000e+00
4.782655239105224609e-01
0.000000000000000000e+00
4.367811977863311768e-02
2.672274112701416016e+00
3.454777896404266357e-01
1.800519704818725586e+00
9.938516616821289062e-01
3.255023807287216187e-02
0.000000000000000000e+00
4.130378961563110352e-01
8.028304576873779297e-02
3.291436657309532166e-02
2.841813266277313232e-01
1.191434144973754883e+00
1.458793431520462036e-01
3.266136646270751953e-01
3.766888082027435303e-01
7.167389392852783203e-01
9.644994884729385376e-02
3.671192228794097900e-01
7.480280101299285889e-02
1.913492441177368164e+00
2.191505879163742065e-01
0.000000000000000000e+00
2.848411202430725098e-01
7.092244625091552734e-01
3.097813129425048828e-01
2.418067157268524170e-01
1.795905381441116333e-01
1.331215500831604004e+00
0.000000000000000000e+00
4.589317366480827332e-02
4.840296506881713867e-01
2.587136030197143555e-01
1.196070089936256409e-01
1.639483571052551270e-01
0.000000000000000000e+00
2.916194200515747070e-01
6.735484600067138672e-01
2.224777266383171082e-02
3.642475977540016174e-02
4.674655850976705551e-03
2.140961773693561554e-02
4.493049979209899902e-01
8.394569903612136841e-02
5.311711505055427551e-02
0.000000000000000000e+00
3.703643679618835449e-01
1.627928577363491058e-02
2.006682157516479492e+00
6.511841714382171631e-02
3.818745911121368408e-02
3.031715378165245056e-02
0.000000000000000000e+00
9.596610814332962036e-02
1.197122097015380859e+00
2.305932715535163879e-02
7.184765934944152832e-01
9.353731274604797363e-01
3.720369040966033936e-01
0.000000000000000000e+00
5.484989881515502930e-01
0.000000000000000000e+00
8.607139438390731812e-02
1.397479325532913208e-01
9.617924094200134277e-01
8.919892311096191406e-01
9.240719676017761230e-01
4.924017190933227539e-01
3.462246417999267578e+00
1.593370363116264343e-02
2.769787907600402832e-01
0.000000000000000000e+00
2.391770780086517334e-01
3.456066548824310303e-01
1.116060987114906311e-01
1.477217227220535278e-01
1.526475906372070312e+00
2.742471396923065186e-01
1.153128296136856079e-01
1.012128079310059547e-03
5.777285695075988770e-01
9.312288165092468262e-01
0.000000000000000000e+00
2.436902374029159546e-01
0.000000000000000000e+00
4.074634611606597900e-01
0.000000000000000000e+00
1.246414147317409515e-02
1.253650058060884476e-02
4.410267993807792664e-02
2.276342958211898804e-01
7.471114397048950195e-02
0.000000000000000000e+00
9.873478412628173828e-01
2.239777520298957825e-02
2.343124449253082275e-01
0.000000000000000000e+00
1.503414034843444824e+00
1.195857971906661987e-01
2.400286942720413208e-01
3.639610111713409424e-02
1.359809190034866333e-01
1.118858218193054199e+00
4.194794688373804092e-03
1.488170027732849121e-01
2.369132936000823975e-01
5.203599929809570312e-01
6.632525920867919922e-01
1.299171894788742065e-01
7.181133609265089035e-03
6.565641164779663086e-01
1.670186221599578857e-01
0.000000000000000000e+00
1.442673266865313053e-03
0.000000000000000000e+00
9.705466628074645996e-01
5.386825650930404663e-02
1.204297915101051331e-01
3.374084830284118652e-01
7.506337165832519531e-01
1.981511265039443970e-01
1.247098207473754883e+00
1.733704656362533569e-01
2.181584089994430542e-01
2.107386440038681030e-01
1.254190206527709961e-01
3.253608345985412598e-01
1.718426495790481567e-01
1.425861120223999023e+00
2.997314631938934326e-01
1.063462734222412109e+00
7.686676979064941406e-01
1.172442361712455750e-01
1.849612593650817871e-01
6.711447238922119141e-02
7.097881752997636795e-03
4.095532000064849854e-02
4.247436765581369400e-03
1.825827807188034058e-01
1.807304471731185913e-02
1.689325273036956787e-01
0.000000000000000000e+00
1.520647555589675903e-01
2.273633480072021484e-01
3.552397787570953369e-01
1.922321766614913940e-01
5.136706829071044922e-01
9.402494430541992188e-01
0.000000000000000000e+00
2.939134137704968452e-03
1.164221525192260742e+00
3.358454704284667969e-01
9.622629284858703613e-01
1.606696963310241699e+00
6.847121715545654297e-01
3.240944743156433105e-01
2.200234234333038330e-01
1.285863965749740601e-01
0.000000000000000000e+00
3.003039062023162842e-01
2.752654850482940674e-01
5.449123978614807129e-01
6.220211982727050781e-01
1.338641792535781860e-01
1.053031650371849537e-03
3.502971827983856201e-01
0.000000000000000000e+00
6.456755846738815308e-02
2.087522763758897781e-03
3.693001270294189453e+00
0.000000000000000000e+00
0.000000000000000000e+00
9.648762941360473633e-01
3.444727882742881775e-02
3.317967355251312256e-01
2.126469835638999939e-02
1.625632941722869873e-01
1.402395282639190555e-04
4.927501380443572998e-01
2.622961699962615967e-01
0.000000000000000000e+00
7.039008736610412598e-01
5.223239585757255554e-02
2.094253301620483398e-01
1.377886980772018433e-01
1.586342304944992065e-01
1.294331848621368408e-01
3.768065944314002991e-02
8.945071101188659668e-01
1.680838108062744141e+00
5.924132466316223145e-01
5.005281791090965271e-02
2.499840222299098969e-02
0.000000000000000000e+00
1.065220609307289124e-01
5.283657461404800415e-03
1.682900935411453247e-01
3.459543585777282715e-01
4.961665272712707520e-01
9.904317855834960938e-01
5.222988780587911606e-03
8.680208921432495117e-01
1.850948691368103027e+00
5.940132737159729004e-01
5.547670125961303711e-01
1.171507406979799271e-02
4.133969917893409729e-02
0.000000000000000000e+00
4.363007068634033203e+00
2.297934740781784058e-01
5.180020257830619812e-02
1.614473164081573486e-01
1.162026286125183105e+00
6.239387020468711853e-02
4.697691276669502258e-02
6.192927062511444092e-02
0.000000000000000000e+00
1.370780766010284424e-01
0.000000000000000000e+00
2.707214057445526123e-01
1.544855069369077682e-02
0.000000000000000000e+00
7.850996404886245728e-02
2.687074661254882812e+00
1.672421544790267944e-01
0.000000000000000000e+00
0.000000000000000000e+00
4.077153205871582031e-01
3.112516105175018311e-01
6.737529039382934570e-01
0.000000000000000000e+00
0.000000000000000000e+00
1.026656627655029297e+00
0.000000000000000000e+00
1.084892824292182922e-01
8.996945619583129883e-02
1.569789052009582520e+00
7.778904438018798828e-01
5.858845263719558716e-02
7.571520805358886719e-01
9.080627001821994781e-03
5.177949666976928711e-01
1.992911129491403699e-04
7.275204062461853027e-01
5.809720605611801147e-03
2.152979135513305664e+00
3.332004249095916748e-01
7.604720536619424820e-03
1.753734238445758820e-02
3.606572389602661133e+00
1.244542822241783142e-01
3.712417557835578918e-02
1.632370501756668091e-01
3.520820289850234985e-02
4.468288272619247437e-02
7.961286604404449463e-02
1.137285530567169189e-01
2.926716580986976624e-02
1.447535902261734009e-01
6.003531217575073242e-01
7.528478503227233887e-01
2.996062636375427246e-01
6.590257585048675537e-02
2.239191830158233643e-01
7.385358214378356934e-01
3.568941950798034668e-01
1.040978357195854187e-01
1.127533987164497375e-01
1.283880509436130524e-02
2.222625613212585449e-01
0.000000000000000000e+00
6.286216527223587036e-02
1.063640639185905457e-01
3.959781527519226074e-01
1.261798024177551270e+00
0.000000000000000000e+00
2.884405612945556641e+00
1.393809914588928223e-01
5.243695378303527832e-01
1.353781104087829590e+00
4.883396322838962078e-04
1.542738527059555054e-01
1.836855709552764893e-02
1.608746200799942017e-01
3.761645317077636719e+00
1.734360307455062866e-02
2.962051033973693848e-01
8.408683538436889648e-02
5.898434519767761230e-01
5.190292000770568848e-01
1.497627615928649902e+00
1.234910637140274048e-02
2.494241809472441673e-03
0.000000000000000000e+00
1.285051941871643066e+00
2.380430698394775391e-03
2.143460273742675781e+00
4.545154273509979248e-01
1.573534682393074036e-02
1.871989294886589050e-02
0.000000000000000000e+00
1.067393720149993896e-01
7.750454545021057129e-01
1.068967506289482117e-01
0.000000000000000000e+00
4.687066376209259033e-01
6.985816359519958496e-02
4.682496190071105957e-02
2.294908314943313599e-01
4.398262500762939453e-01
3.980020880699157715e-01
1.820155594032257795e-04
3.698919117450714111e-01
1.662455685436725616e-02
6.698963791131973267e-02
1.145865440368652344e+00
2.982925772666931152e-01
4.236706197261810303e-01
0.000000000000000000e+00
0.000000000000000000e+00
3.711836040019989014e-01
4.700634162873029709e-03
4.247960448265075684e-01
0.000000000000000000e+00
1.151227355003356934e+00
0.000000000000000000e+00
5.042338371276855469e-01
1.215782538056373596e-01
0.000000000000000000e+00
2.106259346008300781e+00
1.421316504478454590e+00
1.745185405015945435e-01
0.000000000000000000e+00
0.000000000000000000e+00
1.236564069986343384e-01
3.274043202400207520e-01
9.659647010266780853e-03
6.471714973449707031e-01
0.000000000000000000e+00
4.997178614139556885e-01
3.669368922710418701e-01
2.157831192016601562e-02
1.680022329092025757e-01
0.000000000000000000e+00
1.901909112930297852e-01
2.006051689386367798e-02
2.531199455261230469e-01
1.094979941844940186e-01
8.695562481880187988e-01
7.331015914678573608e-02
1.064270138740539551e-01
7.460588216781616211e-02
2.540486454963684082e-01
4.857114329934120178e-02
1.395297050476074219e-02
3.925096616148948669e-02
5.043822526931762695e-01
1.531042307615280151e-01
0.000000000000000000e+00
1.760896742343902588e-01
2.170242518186569214e-01
0.000000000000000000e+00
3.738520294427871704e-02
1.601546704769134521e-01
4.210684299468994141e+00
1.607001870870590210e-01
1.044719934463500977e+00
2.481606602668762207e-01
2.876786887645721436e-01
4.497979581356048584e-01
1.633042655885219574e-02
8.332607746124267578e-01
8.012163639068603516e-02
1.370571255683898926e-01
1.824164271354675293e+00
1.111367270350456238e-01
1.268667697906494141e+00
2.168052047491073608e-01
1.335721492767333984e+00
1.758978515863418579e-01
1.274500370025634766e+00
4.351272583007812500e-01
2.720801159739494324e-03
1.754418946802616119e-03
1.913589797914028168e-02
3.670474588871002197e-01
3.429778665304183960e-02
3.094653226435184479e-02
3.737882375717163086e-01
4.926059842109680176e-01
2.819471657276153564e-01
0.000000000000000000e+00
2.187090963125228882e-01
4.023367911577224731e-02
1.894634604454040527e+00
7.925198227167129517e-02
4.145625233650207520e-02
0.000000000000000000e+00
1.283069610595703125e+00
0.000000000000000000e+00
1.075373291969299316e+00
2.639135718345642090e-02
7.354524731636047363e-01
1.211437880992889404e-01
1.518574506044387817e-01
2.420665919780731201e-01
1.463384628295898438e-01
1.148021817207336426e-01
3.446571528911590576e-01
3.995601236820220947e-01
4.468961358070373535e-01
6.791580319404602051e-01
6.024961918592453003e-02
2.986362949013710022e-02
2.033650316298007965e-02
2.707086205482482910e-01
3.375075384974479675e-02
2.832939326763153076e-01
9.636304378509521484e-01
2.131986431777477264e-02
3.163673877716064453e-01
2.753892913460731506e-02
8.731101453304290771e-02
0.000000000000000000e+00
8.213292956352233887e-01
3.026687800884246826e-01
2.687336206436157227e-01
4.899492859840393066e-02
1.138368621468544006e-01
1.702978372573852539e+00
2.955118566751480103e-02
2.354106679558753967e-02
9.552434086799621582e-02
0.000000000000000000e+00
1.659124717116355896e-02
0.000000000000000000e+00
8.660491704940795898e-01
4.876283109188079834e-01
2.126029133796691895e-02
0.000000000000000000e+00
4.209330081939697266e-01
1.521727323532104492e+00
3.422645628452301025e-01
8.392443060874938965e-01
8.905575424432754517e-02
1.173856109380722046e-02
7.991186529397964478e-02
3.137576580047607422e-01
3.888828456401824951e-01
2.375255525112152100e-02
1.667253971099853516e+00
5.950123071670532227e-01
1.023290872573852539e+00
3.652077019214630127e-01
2.592288255691528320e-01
3.520921468734741211e-01
2.475033998489379883e-01
5.051249265670776367e-01
1.592902690172195435e-01
2.742922902107238770e-01
0.000000000000000000e+00
1.595408618450164795e-01
2.869173288345336914e-01
9.873883128166198730e-01
4.902658164501190186e-01
7.957220077514648438e-04
8.205547928810119629e-01
2.747985720634460449e-01
1.119475346058607101e-02
3.188128024339675903e-02
3.211621344089508057e-01
3.356505185365676880e-03
1.101249456405639648e-01
0.000000000000000000e+00
0.000000000000000000e+00
4.427011683583259583e-02
1.934975534677505493e-01
6.144201755523681641e-01
0.000000000000000000e+00
1.378991007804870605e-01
1.715070486068725586e+00
2.620409429073333740e-01
2.939347326755523682e-01
6.787288188934326172e-02
2.775637805461883545e-01
1.895635128021240234e-01
1.568533331155776978e-01
2.240877747535705566e-01
1.180797815322875977e-01
0.000000000000000000e+00
3.087260723114013672e-01
3.450539335608482361e-02
0.000000000000000000e+00
6.144326180219650269e-02
3.454337641596794128e-02
1.225090995430946350e-01
3.794844448566436768e-02
7.796076685190200806e-02
2.344308979809284210e-02
1.109430313110351562e+00
6.268566101789474487e-02
0.000000000000000000e+00
0.000000000000000000e+00
9.512829780578613281e-01
1.657210439443588257e-01
3.725923299789428711e-01
8.992652297019958496e-01
2.056547068059444427e-02
9.913120418787002563e-03
0.000000000000000000e+00
0.000000000000000000e+00
3.896321952342987061e-01
0.000000000000000000e+00
0.000000000000000000e+00
3.157496079802513123e-02
0.000000000000000000e+00
0.000000000000000000e+00
3.645804643630981445e+00
1.521885544061660767e-01
3.304390311241149902e-01
8.251288905739784241e-03
1.896752119064331055e-01
3.470965847373008728e-02
0.000000000000000000e+00
2.857954502105712891e-01
4.954066127538681030e-03
1.874368041753768921e-01
2.696185111999511719e-01
0.000000000000000000e+00
2.531962692737579346e-01
2.573637291789054871e-02
3.581823706626892090e-01
0.000000000000000000e+00
0.000000000000000000e+00
9.060685038566589355e-01
