5.919140577316284180e-01
0.000000000000000000e+00
3.544475138187408447e-01
3.994394838809967041e-01
1.073438405990600586e+00
0.000000000000000000e+00
1.786541581153869629e+00
1.932989209890365601e-01
9.394363164901733398e-01
6.538156986236572266e+00
9.189745187759399414e-01
8.157715797424316406e-01
1.162323579192161560e-01
1.191964074969291687e-01
6.939091682434082031e-01
1.092948079109191895e+00
1.343025118112564087e-01
2.788378000259399414e-01
5.240014754235744476e-03
4.048302173614501953e-01
4.019251763820648193e-01
2.931256592273712158e-01
1.528950780630111694e-01
2.326036393642425537e-01
2.135383784770965576e-01
4.105458259582519531e-01
6.154279708862304688e-01
1.909117586910724640e-02
1.724887043237686157e-01
2.347310446202754974e-02
0.000000000000000000e+00
7.589800357818603516e-01
1.975397318601608276e-01
6.554624438285827637e-01
1.635318994522094727e-01
5.976020917296409607e-02
1.035064384341239929e-01
2.912672042846679688e+00
4.294783473014831543e-01
9.148842841386795044e-02
0.000000000000000000e+00
0.000000000000000000e+00
1.443586312234401703e-02
1.810764819383621216e-01
0.000000000000000000e+00
2.867427766323089600e-01
6.388895511627197266e-01
2.971021234989166260e-01
1.131386086344718933e-01
1.501910448074340820e+00
3.079475462436676025e-01
9.089195169508457184e-03
1.529235839843750000e-01
5.540201067924499512e-02
8.013598322868347168e-01
0.000000000000000000e+00
1.296422332525253296e-01
1.565749943256378174e-01
1.110181286931037903e-01
5.710456371307373047e-01
1.571006298065185547e+00
7.321687787771224976e-02
2.125638723373413086e-01
9.172125160694122314e-02
1.021596431732177734e+00
9.048866629600524902e-01
1.034905076026916504e+00
6.257738173007965088e-02
1.394396781921386719e+00
1.187611967325210571e-01
2.407770156860351562e-01
1.338609337806701660e+00
3.108748048543930054e-02
7.124663591384887695e-01
5.114337429404258728e-02
2.572012186050415039e+00
6.419417858123779297e-01
2.813635580241680145e-02
4.669774472713470459e-01
5.587042570114135742e-01
7.867710590362548828e-01
2.367622852325439453e-01
1.235687453299760818e-02
1.151277780532836914e+00
9.287498146295547485e-02
2.702877521514892578e-01
1.319158792495727539e+00
1.364046987146139145e-02
2.930078506469726562e-01
3.529700338840484619e-01
5.032790899276733398e-01
2.261247158050537109e+00
2.540988624095916748e-01
1.462052017450332642e-01
7.190490365028381348e-01
9.503673017024993896e-02
4.674382209777832031e-01
0.000000000000000000e+00
1.610671728849411011e-01
1.168233156204223633e+00
5.202743411064147949e-01
7.690653800964355469e-01
1.411438822746276855e+00
4.497555643320083618e-02
3.045941889286041260e-01
3.386217355728149414e-01
3.817386925220489502e-02
5.285062789916992188e-01
5.828769877552986145e-02
3.853922367095947266e+00
2.691659331321716309e-01
2.765786349773406982e-01
1.767910599708557129e+00
3.263499975204467773e+00
6.311369687318801880e-02
0.000000000000000000e+00
0.000000000000000000e+00
7.919819951057434082e-01
2.258091233670711517e-02
4.925650358200073242e-01
1.111825406551361084e-01
3.076690249145030975e-02
2.046557426452636719e+00
1.030147075653076172e-02
3.532400429248809814e-01
1.149007584899663925e-02
1.655843555927276611e-01
1.386729180812835693e-01
8.131370693445205688e-02
8.329018354415893555e-01
6.020953059196472168e-01
4.145859241485595703e+00
0.000000000000000000e+00
5.379930734634399414e-01
1.702101379632949829e-01
2.643839120864868164e-01
2.068573236465454102e-01
0.000000000000000000e+00
3.263213038444519043e-01
7.552075386047363281e-01
4.227874755859375000e+00
3.614835143089294434e-01
4.091053456068038940e-02
5.288415551185607910e-01
6.592486798763275146e-02
8.864810690283775330e-03
1.186829686164855957e+00
4.420240595936775208e-02
4.218196570873260498e-01
8.463962003588676453e-03
0.000000000000000000e+00
1.403025723993778229e-02
2.825073003768920898e-01
1.666437238454818726e-01
6.111778616905212402e-01
2.788262069225311279e-02
1.044555306434631348e-01
2.046570330858230591e-01
0.000000000000000000e+00
1.886556148529052734e-01
2.814078927040100098e-01
1.957646012306213379e-01
5.467501282691955566e-02
3.562454134225845337e-02
2.879853546619415283e-01
2.980743646621704102e-01
2.156325243413448334e-02
2.768863737583160400e-01
5.272774770855903625e-02
3.792464137077331543e-01
1.365496516227722168e-01
2.781326882541179657e-02
3.250628948211669922e+00
2.664197236299514771e-02
4.279928654432296753e-02
8.864050358533859253e-02
4.955259859561920166e-01
1.741598963737487793e+00
5.085288286209106445e-01
4.174104034900665283e-01
4.610627293586730957e-01
5.132276415824890137e-01
3.711616098880767822e-01
0.000000000000000000e+00
1.059435158967971802e-01
2.287016868591308594e+00
2.428709119558334351e-01
6.968170404434204102e-01
6.054661050438880920e-02
1.020766854286193848e+00
0.000000000000000000e+00
1.470803976058959961e+00
1.207556053996086121e-01
1.068513154983520508e+00
7.532656192779541016e-02
7.362080812454223633e-01
1.225106790661811829e-01
1.667505800724029541e-01
7.233234047889709473e-01
7.069316506385803223e-01
1.162202596664428711e+00
2.348530478775501251e-02
8.990999311208724976e-02
7.412331104278564453e-01
0.000000000000000000e+00
8.274685740470886230e-01
5.651775002479553223e-01
1.000483751296997070e+00
0.000000000000000000e+00
2.219637632369995117e-01
5.529152601957321167e-02
0.000000000000000000e+00
1.350200474262237549e-01
6.330447793006896973e-01
2.008411288261413574e-02
1.566683769226074219e+00
8.028015494346618652e-02
2.102892473340034485e-02
3.054867032915353775e-03
2.564810812473297119e-01
2.495780736207962036e-01
2.230969443917274475e-02
2.289917506277561188e-02
2.605461478233337402e-01
3.247708976268768311e-01
7.421249151229858398e-02
5.903894305229187012e-01
8.687642812728881836e-01
1.503833830356597900e-01
1.260990351438522339e-01
4.112033545970916748e-01
9.301807880401611328e-01
3.716133236885070801e-01
1.704698428511619568e-02
6.220364198088645935e-02
0.000000000000000000e+00
2.366397678852081299e-01
9.531695246696472168e-01
0.000000000000000000e+00
2.723681926727294922e-01
2.611817419528961182e-01
2.400532811880111694e-01
1.940724812448024750e-02
2.897021770477294922e+00
5.267247557640075684e-01
3.529073297977447510e-01
3.573263585567474365e-01
7.366297245025634766e-01
6.114700064063072205e-02
1.443280935287475586e+00
3.394966945052146912e-02
4.659637212753295898e-01
1.982892155647277832e-01
1.601327419281005859e+00
0.000000000000000000e+00
1.594194322824478149e-01
9.589697122573852539e-01
6.493837833404541016e-01
4.864432811737060547e-01
5.376453995704650879e-01
4.831101000308990479e-02
1.461490094661712646e-01
6.242065429687500000e-01
5.815948173403739929e-02
1.073606014251708984e+00
1.471522003412246704e-01
4.313160479068756104e-02
3.562016785144805908e-01
0.000000000000000000e+00
3.113967776298522949e-01
1.437213718891143799e-01
2.409875690937042236e-01
4.444055724889039993e-03
7.404007017612457275e-02
3.693436086177825928e-01
2.376897811889648438e+00
3.511749580502510071e-02
2.795328497886657715e-01
3.117763280868530273e+00
2.764355204999446869e-02
3.950712382793426514e-01
2.766125798225402832e-01
4.687820747494697571e-02
1.078566163778305054e-01
5.659851431846618652e-01
3.725879192352294922e-01
7.066864520311355591e-02
0.000000000000000000e+00
0.000000000000000000e+00
2.558418512344360352e-01
2.169788926839828491e-01
1.105873957276344299e-01
2.131196260452270508e+00
4.019469488412141800e-03
5.111625790596008301e-02
3.485345542430877686e-01
6.849326938390731812e-02
1.798551157116889954e-02
4.885602593421936035e-01
1.467158943414688110e-01
9.732746519148349762e-03
4.110141694545745850e-01
1.374008953571319580e-01
3.307535648345947266e-01
5.116981267929077148e-01
1.666649580001831055e-01
4.582537412643432617e-01
2.335009351372718811e-02
5.594129562377929688e-01
2.884689271450042725e-01
1.540865749120712280e-02
2.118658833205699921e-02
0.000000000000000000e+00
4.646922051906585693e-01
0.000000000000000000e+00
6.687715649604797363e-01
2.509667158126831055e+00
5.215609818696975708e-02
6.863489747047424316e-01
8.074444532394409180e-01
5.507157649844884872e-03
1.399167776107788086e-01
1.613682657480239868e-01
2.876476347446441650e-01
7.218400016427040100e-03
2.032996416091918945e-01
9.344837814569473267e-02
0.000000000000000000e+00
1.855601072311401367e-01
1.584698915481567383e+00
0.000000000000000000e+00
5.849891662597656250e+00
8.117818832397460938e-01
1.532675027847290039e-01
2.359148979187011719e+00
1.199418082833290100e-01
2.310938760638237000e-02
7.997218370437622070e-01
2.117818221449851990e-02
3.052963614463806152e-01
3.154466152191162109e-01
1.172767728567123413e-01
8.850210309028625488e-01
0.000000000000000000e+00
2.195373876020312309e-03
6.078831478953361511e-02
5.199168324470520020e-01
1.589558839797973633e+00
2.041957974433898926e-01
0.000000000000000000e+00
2.745207548141479492e+00
1.295505017042160034e-01
1.568707376718521118e-01
3.427523076534271240e-01
3.750702366232872009e-02
8.203853666782379150e-02
1.062324941158294678e-01
1.117609262466430664e+00
1.948873549699783325e-01
6.426396220922470093e-02
2.110764086246490479e-01
7.684497237205505371e-01
6.054320931434631348e-01
0.000000000000000000e+00
8.406946808099746704e-02
4.563671350479125977e-01
1.444952964782714844e+00
7.461060285568237305e-01
4.639137163758277893e-02
7.979184389114379883e-01
3.918082714080810547e-01
2.040546983480453491e-01
4.806904792785644531e+00
2.824066579341888428e-02
3.293654024600982666e-01
1.617111116647720337e-01
1.615915745496749878e-01
9.634705632925033569e-02
2.814281284809112549e-01
3.411555290222167969e-01
2.485444545745849609e-01
8.617578744888305664e-01
3.205262869596481323e-02
2.641620337963104248e-01
6.065993905067443848e-01
6.214948743581771851e-02
6.245495080947875977e-01
0.000000000000000000e+00
1.381561458110809326e-01
5.164482817053794861e-02
9.190678596496582031e-01
6.969030946493148804e-02
6.915984302759170532e-02
2.672421187162399292e-02
6.981012821197509766e-01
1.910154581069946289e+00
4.039314687252044678e-01
1.146650966256856918e-02
1.887910813093185425e-01
1.609440147876739502e-02
2.474856853485107422e+00
0.000000000000000000e+00
6.742801051586866379e-03
0.000000000000000000e+00
7.617322728037834167e-03
1.066002063453197479e-03
1.071427464485168457e-01
2.629512786865234375e+00
2.284569501876831055e+00
1.955979131162166595e-02
4.180239737033843994e-01
3.460790216922760010e-01
1.420206576585769653e-01
4.189826846122741699e-01
3.137861788272857666e-01
7.533233761787414551e-01
8.143794536590576172e-02
7.111079245805740356e-02
1.573848366737365723e+00
4.324160218238830566e-01
0.000000000000000000e+00
7.738101482391357422e-01
4.409479796886444092e-01
4.341661632061004639e-01
5.258062481880187988e-01
6.413164138793945312e-01
9.913223981857299805e-01
4.498835206031799316e-01
1.545041799545288086e-01
2.944055385887622833e-02
2.478289604187011719e+00
6.470440421253442764e-03
1.646665334701538086e-01
1.716101765632629395e-01
1.682383194565773010e-02
4.614799022674560547e-01
5.600183606147766113e-01
1.124629616737365723e+00
2.662585973739624023e-01
2.375420555472373962e-02
3.215742409229278564e-01
0.000000000000000000e+00
0.000000000000000000e+00
7.783785462379455566e-02
2.583052217960357666e-01
1.855216383934020996e+00
2.274810969829559326e-01
1.589877843856811523e+00
9.282202273607254028e-02
9.709598869085311890e-02
2.176611721515655518e-01
2.303707748651504517e-01
4.439663290977478027e-01
2.658070802688598633e+00
4.151901006698608398e-01
2.475684881210327148e+00
1.037469953298568726e-01
1.793506741523742676e-01
1.930334605276584625e-02
2.554976940155029297e-01
2.926028566434979439e-03
3.389789164066314697e-01
6.429874897003173828e-01
7.409716844558715820e-01
4.543018043041229248e-01
3.709454834461212158e-01
3.838795796036720276e-02
9.530988335609436035e-01
7.103146314620971680e-01
3.007753789424896240e-01
1.087186187505722046e-01
3.945472478866577148e+00
0.000000000000000000e+00
1.050951331853866577e-01
1.362031102180480957e-01
2.077112913131713867e+00
1.067367345094680786e-01
1.377467662096023560e-01
1.049375295639038086e+00
6.307212114334106445e-01
9.180305153131484985e-02
8.125898987054824829e-02
4.857637584209442139e-01
7.170587033033370972e-02
8.776852488517761230e-02
0.000000000000000000e+00
1.201458334922790527e+00
1.503700464963912964e-01
8.323445320129394531e-01
2.379828840494155884e-01
2.548176646232604980e-01
1.240588426589965820e+00
8.391512930393218994e-02
3.091211020946502686e-01
1.102532625198364258e+00
5.010268688201904297e-01
1.067478582262992859e-02
1.404087781906127930e+00
1.544731259346008301e+00
2.777866423130035400e-01
9.596006274223327637e-01
1.149036362767219543e-01
1.961787939071655273e-01
9.016478657722473145e-01
5.398917198181152344e+00
4.288715422153472900e-01
7.791377305984497070e-01
0.000000000000000000e+00
3.315326869487762451e-01
0.000000000000000000e+00
1.735853910446166992e+00
2.095632627606391907e-02
6.796699762344360352e-01
8.711475878953933716e-02
6.975501775741577148e-01
3.675802052021026611e-02
2.281889617443084717e-01
1.129746556282043457e+00
4.081962108612060547e-01
9.227116405963897705e-02
5.677380561828613281e-01
3.529548645019531250e-01
2.518758773803710938e-01
2.414348602294921875e+00
3.239599987864494324e-02
1.300766348838806152e+00
0.000000000000000000e+00
4.767346382141113281e-02
1.017723083496093750e+00
3.006713390350341797e-01
1.801904886960983276e-01
2.287045001983642578e+00
8.337224721908569336e-01
6.066918373107910156e-02
1.255768060684204102e+00
1.148989945650100708e-01
1.766161024570465088e-01
1.659573197364807129e+00
2.553564906120300293e-01
3.675886988639831543e-01
1.267841756343841553e-01
2.770064175128936768e-01
8.850102871656417847e-02
3.823186084628105164e-02
1.002802327275276184e-02
1.312686651945114136e-01
4.431273937225341797e+00
2.223538607358932495e-02
5.500494241714477539e-01
9.796000123023986816e-01
7.823023013770580292e-03
8.788353204727172852e-02
3.140158653259277344e-01
0.000000000000000000e+00
2.505463920533657074e-02
9.271621704101562500e-02
4.658575356006622314e-01
1.583298891782760620e-01
2.496559638530015945e-03
0.000000000000000000e+00
2.364930868148803711e+00
1.342850830405950546e-02
2.412242293357849121e-01
5.938562750816345215e-01
1.721349209547042847e-01
7.307810187339782715e-01
4.423074424266815186e-02
2.650259435176849365e-01
1.959847360849380493e-01
4.215734899044036865e-01
4.763596951961517334e-01
8.602558821439743042e-02
1.693583130836486816e+00
6.633856892585754395e-02
1.791900634765625000e+00
4.436363652348518372e-02
8.943579345941543579e-02
0.000000000000000000e+00
1.064819097518920898e+00
2.097965180873870850e-01
1.293380558490753174e-01
5.044759064912796021e-02
2.023749053478240967e-01
1.388387288898229599e-02
4.674688726663589478e-02
7.271377835422754288e-03
2.724500298500061035e-01
1.445175409317016602e-01
1.529169797897338867e+00
1.036801859736442566e-01
2.336294017732143402e-02
3.406743407249450684e-01
0.000000000000000000e+00
1.061162948608398438e+00
3.580421805381774902e-01
1.273523569107055664e+00
0.000000000000000000e+00
2.435070753097534180e+00
3.403248498216271400e-03
1.027691513299942017e-01
4.110125303268432617e-01
0.000000000000000000e+00
0.000000000000000000e+00
4.076105594635009766e+00
5.572683215141296387e-01
0.000000000000000000e+00
4.935821145772933960e-02
2.286604493856430054e-01
4.252662658691406250e-01
9.526016712188720703e-01
1.638150513172149658e-01
3.589694499969482422e-01
8.301931619644165039e-01
1.617979556322097778e-01
6.811041831970214844e-01
6.460396051406860352e-01
0.000000000000000000e+00
9.846773929893970490e-03
0.000000000000000000e+00
1.437915444374084473e+00
7.783431410789489746e-01
6.805210709571838379e-01
9.062567725777626038e-03
1.260841637849807739e-02
1.863278001546859741e-01
1.292020734399557114e-02
5.149731636047363281e-01
2.220690250396728516e-01
3.105120658874511719e-01
1.118222236633300781e+00
1.256788969039916992e-01
5.482629537582397461e-01
1.601082801818847656e+00
7.878012210130691528e-02
1.765353560447692871e+00
4.810489341616630554e-02
9.698940441012382507e-03
1.557497739791870117e+00
7.556620240211486816e-02
2.071916125714778900e-02
9.294154644012451172e-01
4.526681602001190186e-01
2.902552127838134766e+00
1.335993766784667969e+00
3.952948331832885742e+00
2.983248829841613770e-01
4.358513951301574707e-01
3.524315357208251953e-02
1.295124739408493042e-01
1.206479549407958984e+00
1.720820665359497070e+00
6.802296638488769531e-01
2.950695455074310303e-01
3.653229951858520508e+00
2.007768154144287109e-01
3.215310573577880859e-01
5.581705570220947266e-01
1.025073346681892872e-03
4.601239562034606934e-01
4.430449306964874268e-01
1.415135860443115234e+00
1.607453525066375732e-01
4.635110124945640564e-02
3.721382021903991699e-01
4.110497981309890747e-02
1.413993984460830688e-01
5.596894025802612305e-01
1.466865539550781250e-01
0.000000000000000000e+00
2.949395477771759033e-01
1.007075309753417969e+00
2.142065286636352539e+00
3.433497622609138489e-02
1.027245402336120605e+00
3.949106037616729736e-01
0.000000000000000000e+00
3.436344385147094727e+00
2.724763751029968262e-02
1.313028812408447266e+00
7.070129513740539551e-01
3.097674846649169922e-01
1.080536365509033203e+00
7.289795577526092529e-02
1.677441895008087158e-01
1.424075663089752197e-01
0.000000000000000000e+00
3.223013877868652344e-01
1.964471489191055298e-02
2.068480998277664185e-01
0.000000000000000000e+00
6.893429160118103027e-01
2.854918502271175385e-02
5.870338678359985352e-01
6.014516949653625488e-01
8.217445611953735352e-01
3.611648455262184143e-02
4.636805504560470581e-02
8.157030940055847168e-01
0.000000000000000000e+00
2.055623568594455719e-02
4.311298847198486328e+00
1.133405938744544983e-01
1.030062794685363770e+00
1.992611885070800781e+00
3.012066707015037537e-02
0.000000000000000000e+00
7.947370409965515137e-02
5.469596758484840393e-02
8.449155092239379883e-01
7.978476583957672119e-02
5.366548299789428711e-01
2.929388880729675293e-01
7.656131684780120850e-02
1.740791089832782745e-02
1.085570752620697021e-01
7.165210247039794922e-01
2.494738996028900146e-02
5.215331166982650757e-02
2.968014776706695557e-01
0.000000000000000000e+00
1.338943094015121460e-02
5.951417088508605957e-01
4.362215399742126465e-01
1.972291246056556702e-02
7.752192020416259766e-02
2.186399698257446289e+00
0.000000000000000000e+00
5.327721238136291504e-01
5.493211746215820312e-01
1.066138744354248047e+00
4.923904240131378174e-01
1.096099708229303360e-02
1.422562599182128906e+00
1.389845728874206543e+00
5.477586388587951660e-02
1.111079216003417969e+00
2.938304424285888672e+00
1.003049314022064209e-01
3.268868625164031982e-01
3.715457022190093994e-01
1.062078475952148438e+00
1.710719823837280273e+00
7.135422527790069580e-02
6.212889552116394043e-01
6.336495280265808105e-01
8.626558184623718262e-01
1.138393506407737732e-01
1.210319519042968750e+00
4.922202602028846741e-02
9.328345209360122681e-02
1.093542933464050293e+00
1.948934346437454224e-01
1.924137920141220093e-01
0.000000000000000000e+00
4.809697866439819336e-01
0.000000000000000000e+00
1.905233412981033325e-01
1.056510448455810547e+00
3.439966440200805664e-01
2.730690641328692436e-03
5.802024528384208679e-02
1.026456594467163086e+00
3.403327986598014832e-02
5.008258298039436340e-02
2.391204595565795898e+00
1.469002813100814819e-01
2.423005402088165283e-01
1.078253626823425293e+00
8.679126948118209839e-02
2.844989299774169922e-01
4.108366668224334717e-01
7.130645513534545898e-01
4.031577706336975098e-02
2.300037257373332977e-02
2.486188858747482300e-01
1.314140260219573975e-01
1.966361701488494873e-02
2.176792174577713013e-01
3.032994747161865234e+00
4.749405011534690857e-02
3.248634934425354004e-02
0.000000000000000000e+00
2.616620659828186035e-01
3.707085549831390381e-01
5.537371635437011719e-01
4.023489952087402344e-01
1.113644614815711975e-01
1.937541514635086060e-01
5.236754417419433594e-01
2.355827838182449341e-01
6.046441197395324707e-02
2.218541353940963745e-01
6.373013369739055634e-03
3.368021249771118164e-01
7.250074148178100586e-01
1.359950423240661621e+00
5.818193554878234863e-01
1.890097372233867645e-02
1.761139370501041412e-02
3.395909965038299561e-01
7.392551898956298828e-01
2.838428020477294922e-01
5.123267769813537598e-01
0.000000000000000000e+00
3.697118461132049561e-01
6.586118340492248535e-01
4.525744318962097168e-01
2.532892227172851562e-01
5.998257994651794434e-01
9.677840471267700195e-01
1.160158812999725342e-01
5.772479176521301270e-01
9.317658096551895142e-02
4.009941518306732178e-01
7.607119530439376831e-02
4.027964174747467041e-01
5.125330090522766113e-01
2.304629832506179810e-01
5.802869796752929688e-02
2.710644602775573730e-01
1.896080821752548218e-01
1.830809861421585083e-01
5.463420972228050232e-02
2.411918640136718750e-01
1.333336681127548218e-01
2.070540785789489746e-01
9.732507169246673584e-02
1.027852743864059448e-01
2.133414000272750854e-01
1.781625747680664062e+00
2.652910947799682617e-01
1.375159323215484619e-01
9.840603470802307129e-01
5.329195261001586914e-01
1.504253596067428589e-01
5.554178357124328613e-01
2.964062452316284180e+00
3.605401888489723206e-02
1.990624815225601196e-01
1.726988911628723145e+00
1.711882799863815308e-01
1.448533439636230469e+01
7.923662662506103516e-01
3.423491418361663818e-01
2.341059923171997070e+00
2.696176290512084961e+00
8.299410343170166016e-02
1.942797303199768066e-01
5.106322765350341797e-01
1.559438258409500122e-01
1.065508842468261719e+00
1.073985174298286438e-01
6.304257512092590332e-01
5.959936231374740601e-02
1.982835121452808380e-02
3.700612112879753113e-02
5.554447770118713379e-01
4.635634124279022217e-01
1.265532732009887695e+00
1.276621967554092407e-01
2.371409907937049866e-02
1.832256466150283813e-01
8.191533088684082031e-01
4.894411936402320862e-02
3.461099863052368164e-01
1.317976832389831543e+00
5.800081789493560791e-02
0.000000000000000000e+00
0.000000000000000000e+00
3.920313596725463867e+00
1.040413975715637207e-01
1.407696604728698730e+00
5.361266136169433594e-01
3.617976326495409012e-03
2.570905983448028564e-01
5.965052247047424316e-01
3.580836579203605652e-02
6.265887618064880371e-01
6.407439112663269043e-01
1.947318948805332184e-02
1.028836518526077271e-01
1.008027046918869019e-01
6.006886959075927734e-01
4.789636433124542236e-01
6.066029891371726990e-02
1.850247085094451904e-01
3.235222101211547852e-01
4.342770203948020935e-02
2.338384538888931274e-01
9.074363112449645996e-01
3.170650243759155273e+00
2.132981568574905396e-01
2.068258285522460938e+00
2.611438557505607605e-02
5.253390222787857056e-02
3.227885812520980835e-02
1.491599828004837036e-01
1.120932579040527344e+00
4.080480337142944336e-02
2.018847614526748657e-01
1.015856742858886719e+00
1.619187951087951660e+00
0.000000000000000000e+00
1.787693500518798828e-01
1.255752891302108765e-02
2.619385719299316406e+00
5.105066299438476562e-01
1.191775321960449219e+00
1.426456719636917114e-01
0.000000000000000000e+00
9.517323970794677734e-01
7.713438272476196289e-01
2.942945480346679688e+00
5.341456830501556396e-02
1.242105007171630859e+00
1.988555341958999634e-01
1.667989492416381836e-01
1.785387694835662842e-01
0.000000000000000000e+00
2.110570818185806274e-01
6.271108053624629974e-03
0.000000000000000000e+00
2.397777512669563293e-02
7.786201238632202148e-01
5.077840685844421387e-01
8.862184882164001465e-01
1.422698974609375000e+00
5.569362640380859375e-02
1.505419611930847168e-01
6.289113759994506836e-01
2.445815596729516983e-03
6.927123665809631348e-02
7.504182308912277222e-02
8.814173191785812378e-02
3.743982687592506409e-02
2.639380991458892822e-01
0.000000000000000000e+00
3.417334258556365967e-01
1.534944057464599609e+00
2.566163241863250732e-01
4.913055896759033203e-01
2.476724863052368164e+00
7.785054445266723633e-01
1.472671702504158020e-02
1.077711582183837891e+00
1.534536182880401611e-01
3.444103300571441650e-01
9.457695484161376953e-02
1.858299821615219116e-01
3.855309784412384033e-01
1.680840998888015747e-01
2.918158471584320068e-01
1.063421554863452911e-02
1.815925091505050659e-01
3.029558360576629639e-01
6.646121144294738770e-01
1.564076066017150879e+00
1.494875550270080566e+00
0.000000000000000000e+00
1.266080737113952637e+00
8.713697195053100586e-01
2.402217984199523926e-01
7.710548639297485352e-01
0.000000000000000000e+00
1.869984418153762817e-01
1.921405345201492310e-01
7.711741607636213303e-03
1.308301687240600586e+00
4.846779704093933105e-01
2.334862388670444489e-02
4.380739107728004456e-02
6.505960822105407715e-01
3.688224554061889648e-01
1.202378392219543457e+00
1.927951350808143616e-02
1.084243804216384888e-01
2.019749879837036133e-01
2.593523263931274414e-01
4.984786733984947205e-02
2.417380213737487793e-01
1.866104155778884888e-01
1.080245226621627808e-01
6.928337272256612778e-03
2.549527585506439209e-02
2.865526378154754639e-01
4.221709072589874268e-01
4.026967287063598633e-01
1.230746507644653320e+00
1.151749566197395325e-01
8.072678744792938232e-02
1.273464441299438477e+00
1.242474555969238281e+00
1.476434171199798584e-01
1.580117940902709961e-01
2.704288065433502197e-02
0.000000000000000000e+00
1.646702051162719727e+00
1.719583198428153992e-02
2.211341075599193573e-02
7.502202987670898438e-01
0.000000000000000000e+00
5.341297388076782227e-02
4.344927519559860229e-02
1.899496167898178101e-01
6.025990486145019531e+00
1.900259405374526978e-02
3.997817635536193848e-02
1.373944997787475586e+00
1.855253130197525024e-01
2.118651866912841797e+00
2.599339187145233154e-02
9.024704694747924805e-01
2.283970117568969727e-01
2.814105749130249023e-01
2.968144655227661133e+00
1.542145311832427979e-01
1.013383865356445312e+00
4.669820889830589294e-02
2.295847654342651367e+00
0.000000000000000000e+00
1.348831318318843842e-02
0.000000000000000000e+00
2.028114199638366699e-01
5.658148229122161865e-02
1.756655871868133545e-01
0.000000000000000000e+00
1.922860264778137207e+00
1.018303036689758301e-01
1.960917472839355469e+00
1.147233486175537109e+00
2.988863587379455566e-01
6.668058037757873535e-01
1.158105209469795227e-01
1.144369691610336304e-01
6.062793731689453125e-02
3.354006409645080566e-01
0.000000000000000000e+00
1.274354696273803711e+00
3.512977436184883118e-02
8.286259174346923828e-01
1.378523111343383789e-01
1.920073330402374268e-01
8.789205551147460938e-02
2.184371948242187500e-01
3.527213633060455322e-01
9.820175170898437500e-01
7.412543892860412598e-01
1.216717720031738281e+00
0.000000000000000000e+00
2.396407842636108398e+00
1.353999525308609009e-01
1.412898182868957520e+00
1.144197881221771240e-01
6.619364619255065918e-01
1.798842251300811768e-01
4.593705534934997559e-01
1.993232592940330505e-02
4.312591254711151123e-01
1.278923034667968750e+00
0.000000000000000000e+00
2.197696864604949951e-01
2.883440017700195312e+00
2.713619358837604523e-02
9.138913750648498535e-01
7.444652915000915527e-02
8.950583934783935547e-01
6.009843945503234863e-01
0.000000000000000000e+00
0.000000000000000000e+00
3.308502912521362305e+00
2.572464346885681152e-01
3.132568672299385071e-02
1.685016870498657227e+00
1.346395850181579590e+00
4.953559637069702148e-01
1.522170186042785645e+00
1.289184570312500000e+00
1.768760681152343750e-01
1.074957013130187988e+00
5.450007319450378418e-01
9.567984938621520996e-02
0.000000000000000000e+00
7.152510881423950195e-01
2.439458481967449188e-02
0.000000000000000000e+00
4.909240524284541607e-04
1.232192944735288620e-02
4.393975436687469482e-01
1.448977738618850708e-01
7.192332744598388672e-01
2.501839213073253632e-02
1.953036151826381683e-02
9.251161664724349976e-02
1.271874606609344482e-01
7.788135856389999390e-02
4.633296728134155273e-01
1.775555461645126343e-01
8.801435232162475586e-01
6.701697707176208496e-01
6.253802180290222168e-01
3.350294828414916992e-01
3.458638787269592285e-01
2.977356016635894775e-01
4.872533977031707764e-01
1.100255250930786133e-01
1.069753646850585938e+00
6.699569523334503174e-02
4.468981027603149414e-01
6.179000139236450195e-01
4.369289577007293701e-01
7.003720104694366455e-02
2.316609211266040802e-02
8.805355057120323181e-03
4.517848789691925049e-01
3.994648158550262451e-01
2.118080854415893555e-01
1.299877762794494629e+00
8.816301226615905762e-01
1.045256018638610840e+00
3.038482964038848877e-01
3.373238444328308105e-02
7.912887334823608398e-01
1.944697499275207520e-01
1.436032772064208984e+00
5.795484781265258789e-01
1.511863619089126587e-01
6.107584238052368164e-01
9.887862950563430786e-02
2.294497787952423096e-01
3.618152812123298645e-03
1.106192588806152344e+00
2.300020679831504822e-02
2.574193663895130157e-02
9.007248282432556152e-02
1.727426648139953613e+00
2.887344658374786377e-01
5.351062417030334473e-01
4.413319751620292664e-02
3.116729855537414551e-01
0.000000000000000000e+00
4.811348393559455872e-02
1.143944621086120605e+00
2.219777405261993408e-01
3.706751465797424316e-01
1.416727155447006226e-02
6.497667431831359863e-01
7.455072999000549316e-01
6.268810629844665527e-01
5.150641918182373047e+00
6.138237193226814270e-03
2.831458151340484619e-01
5.764093622565269470e-02
5.214651301503181458e-02
7.333483695983886719e-01
5.864316597580909729e-02
3.747572377324104309e-02
8.837835192680358887e-01
1.501116901636123657e-02
2.005028009414672852e+00
9.127935394644737244e-03
2.328711301088333130e-01
6.445810198783874512e-01
6.739924550056457520e-01
1.020868215709924698e-02
5.873924493789672852e-01
9.461075663566589355e-01
1.746300220489501953e+00
1.398377679288387299e-02
3.099348247051239014e-01
0.000000000000000000e+00
1.010456774383783340e-02
8.744035661220550537e-02
2.546750605106353760e-01
3.258939459919929504e-02
7.104306221008300781e-01
0.000000000000000000e+00
1.183276474475860596e-01
1.440403819084167480e+00
2.321384996175765991e-01
4.773861169815063477e-01
2.760615646839141846e-01
6.433851122856140137e-01
4.988093376159667969e-01
7.854346632957458496e-01
5.608348250389099121e-01
2.298798859119415283e-01
0.000000000000000000e+00
1.819995045661926270e-01
2.140268981456756592e-01
4.954173862934112549e-01
4.898582696914672852e-01
5.722302198410034180e-01
7.207409739494323730e-01
1.370271742343902588e-01
2.802779972553253174e-01
1.599489152431488037e-02
2.562835812568664551e-01
2.224676012992858887e-01
4.075208008289337158e-01
5.148817226290702820e-02
5.306297913193702698e-02
1.145497798919677734e+00
5.360878109931945801e-01
2.951563298702239990e-01
5.893508195877075195e-01
6.050994396209716797e-01
4.282853901386260986e-01
0.000000000000000000e+00
0.000000000000000000e+00
1.546223759651184082e-01
1.361799389123916626e-01
3.179146647453308105e-01
5.119369029998779297e-01
9.346087574958801270e-01
2.967596054077148438e-03
2.229115009307861328e+00
1.701955916360020638e-04
5.254164338111877441e-02
2.144382476806640625e+00
3.449994325637817383e-01
1.429678648710250854e-01
1.271168828010559082e+00
2.486412048339843750e+00
7.534801959991455078e-02
0.000000000000000000e+00
1.821470975875854492e+00
0.000000000000000000e+00
3.776008188724517822e-01
4.592092931270599365e-01
1.224572136998176575e-01
3.966214656829833984e-01
4.783200100064277649e-02
2.563925743103027344e+00
6.544369459152221680e-01
5.451219677925109863e-01
1.042001470923423767e-01
6.812889575958251953e-01
5.790637433528900146e-02
4.923302680253982544e-03
3.360449373722076416e-01
1.622597873210906982e-01
2.296065539121627808e-01
2.999966032803058624e-03
7.492852956056594849e-02
1.118061915040016174e-01
2.695023417472839355e-01
6.289583444595336914e-02
4.889163672924041748e-01
1.019203901290893555e+00
2.313100099563598633e-01
3.000988364219665527e-01
6.341673135757446289e-01
6.583778262138366699e-01
4.141793027520179749e-02
6.074664592742919922e-01
1.539505571126937866e-01
1.210184767842292786e-01
1.569053530693054199e+00
5.015811920166015625e-01
9.533265829086303711e-01
8.283013105392456055e-02
3.730693459510803223e-02
8.292014896869659424e-02
3.301899135112762451e-01
0.000000000000000000e+00
1.819023787975311279e-01
0.000000000000000000e+00
8.223962783813476562e-01
1.900061070919036865e-01
1.382327731698751450e-02
2.910959720611572266e-01
1.228920090943574905e-02
0.000000000000000000e+00
8.081635236740112305e-01
7.408482581377029419e-02
9.341313838958740234e-01
7.858675718307495117e-02
1.611552357673645020e+00
7.620204091072082520e-01
8.457983136177062988e-01
4.238930642604827881e-01
2.902155742049217224e-03
4.043067246675491333e-02
3.178417682647705078e-01
3.462961614131927490e-01
4.540694057941436768e-01
4.770451784133911133e-01
2.460597641766071320e-02
2.065644711256027222e-01
0.000000000000000000e+00
1.099972605705261230e+00
3.087346553802490234e-01
2.161043137311935425e-01
1.718325167894363403e-01
2.322005271911621094e+00
2.354688569903373718e-02
3.583268225193023682e-01
8.783116340637207031e-01
2.192820549011230469e+00
4.335763677954673767e-02
9.491240978240966797e-02
1.440011978149414062e+00
1.815934300422668457e+00
4.240169748663902283e-02
0.000000000000000000e+00
7.670961320400238037e-02
1.787782758474349976e-01
1.382696777582168579e-01
9.455332159996032715e-01
2.110468447208404541e-01
5.807116627693176270e-01
1.545188277959823608e-01
2.041008025407791138e-01
1.363701462745666504e+00
1.627980947494506836e+00
7.764599919319152832e-01
8.833075314760208130e-02
0.000000000000000000e+00
3.151952922344207764e-01
3.196919560432434082e-01
2.087316364049911499e-01
3.629011154174804688e+00
3.224041759967803955e-01
1.207782402634620667e-01
5.067637935280799866e-02
1.241849064826965332e-01
1.259708166122436523e+00
8.767380714416503906e-01
8.046101331710815430e-01
0.000000000000000000e+00
6.140080094337463379e-01
4.864171445369720459e-01
8.110470771789550781e-01
0.000000000000000000e+00
5.387734994292259216e-02
3.330213129520416260e-01
0.000000000000000000e+00
9.398650377988815308e-03
9.185300469398498535e-01
2.628070116043090820e-01
2.512593865394592285e-01
2.953206747770309448e-02
4.484575986862182617e-01
1.586311697959899902e+00
1.820124834775924683e-01
0.000000000000000000e+00
1.186067238450050354e-01
1.270381212234497070e-01
1.123239770531654358e-01
0.000000000000000000e+00
6.775782704353332520e-01
5.108494758605957031e-01
4.312282800674438477e-02
3.451770842075347900e-01
2.708670854568481445e+00
1.802445501089096069e-01
3.450137376785278320e-02
1.257974863052368164e+00
5.361753702163696289e-01
3.181786775588989258e+00
1.386758446693420410e+00
2.737081944942474365e-01
7.955922484397888184e-01
2.540909945964813232e-01
1.183484345674514771e-01
8.551251292228698730e-01
5.100548267364501953e-01
8.521744012832641602e-01
5.115219578146934509e-02
2.222781926393508911e-01
4.824659600853919983e-02
1.111791282892227173e-01
2.216934919357299805e+00
2.226475715637207031e+00
1.186312176287174225e-02
6.346423923969268799e-02
7.771534323692321777e-01
2.562130801379680634e-02
2.224506884813308716e-01
1.739409565925598145e-02
1.372828036546707153e-01
0.000000000000000000e+00
4.326415434479713440e-02
6.233862638473510742e-01
0.000000000000000000e+00
0.000000000000000000e+00
6.440906971693038940e-02
8.825510144233703613e-01
3.267795220017433167e-02
3.166137263178825378e-02
5.412038415670394897e-02
1.607412248849868774e-01
9.485831856727600098e-02
2.087882757186889648e-01
6.763221621513366699e-01
5.179965496063232422e-01
9.378230571746826172e-01
1.394592374563217163e-01
0.000000000000000000e+00
1.129497960209846497e-01
1.260814517736434937e-01
1.020907685160636902e-01
2.807635366916656494e-01
8.120796680450439453e-01
9.823210835456848145e-01
1.366877704858779907e-01
1.893723011016845703e+00
3.937734756618738174e-03
2.534293234348297119e-01
5.953323841094970703e-01
4.217942431569099426e-02
1.046352609992027283e-01
8.009023070335388184e-01
1.837899163365364075e-02
9.532880783081054688e-01
2.795274555683135986e-01
2.376307547092437744e-02
1.175318241119384766e+00
1.075690984725952148e-01
1.226619601249694824e+00
6.096911430358886719e-01
0.000000000000000000e+00
1.072381496429443359e+00
4.873902350664138794e-02
1.083958625793457031e+00
3.815044760704040527e-01
6.944392323493957520e-01
9.286097288131713867e-01
1.152012228965759277e+00
4.072028100490570068e-01
9.128379821777343750e-02
3.936095535755157471e-02
1.068944215774536133e+00
3.442728817462921143e-01
1.304622769355773926e+00
3.592976093292236328e+00
0.000000000000000000e+00
2.022837162017822266e+00
2.994524478912353516e+00
1.132567048072814941e+00
1.285280346870422363e+00
1.727294176816940308e-01
3.089695274829864502e-01
8.906590938568115234e-01
2.289994955062866211e+00
1.156911067664623260e-02
0.000000000000000000e+00
1.160553336143493652e+00
2.459767460823059082e-01
6.516247987747192383e-01
1.087862923741340637e-01
1.173902899026870728e-01
0.000000000000000000e+00
3.448137640953063965e-02
4.436617493629455566e-01
9.913463145494461060e-03
1.330182999372482300e-01
3.754102885723114014e-01
1.518137454986572266e+00
0.000000000000000000e+00
2.766378223896026611e-02
0.000000000000000000e+00
1.155053615570068359e+00
2.259649515151977539e+00
7.810503244400024414e-02
6.496778130531311035e-02
1.251459360122680664e+00
3.670807600021362305e+00
4.347844421863555908e-02
1.928962767124176025e-01
3.905758261680603027e-02
1.341160833835601807e-01
2.833768352866172791e-02
1.924584656953811646e-01
3.080433368682861328e+00
3.010581731796264648e+00
4.077284336090087891e-01
0.000000000000000000e+00
6.556467413902282715e-01
1.093557119369506836e+00
3.436395227909088135e-01
1.025820493698120117e+00
3.335005342960357666e-01
4.708041623234748840e-02
0.000000000000000000e+00
2.859121561050415039e+00
8.801115155220031738e-01
8.857849054038524628e-03
9.878363609313964844e-01
1.287473201751708984e+00
3.445222079753875732e-01
0.000000000000000000e+00
0.000000000000000000e+00
2.199762761592864990e-01
0.000000000000000000e+00
4.833020269870758057e-01
3.351337090134620667e-02
7.855840772390365601e-02
3.135978430509567261e-02
1.732199192047119141e-01
3.022151470184326172e+00
4.018796920776367188e+00
1.021541804075241089e-01
7.535480856895446777e-01
1.006023168563842773e+00
5.367667675018310547e-01
1.434158205986022949e+00
4.029693827033042908e-02
2.904865443706512451e-01
0.000000000000000000e+00
2.778136134147644043e-01
2.091431379318237305e+00
9.639787673950195312e-01
2.467456087470054626e-02
1.481179147958755493e-01
5.421366691589355469e-01
5.655755475163459778e-02
6.503071188926696777e-01
5.358528494834899902e-01
1.658304810523986816e+00
1.713628649711608887e+00
1.194544911384582520e+00
6.763128042221069336e-01
3.200520277023315430e-01
3.045105338096618652e-01
1.434731602668762207e+00
0.000000000000000000e+00
1.860139966011047363e+00
4.608289897441864014e-02
5.491895079612731934e-01
2.395092099905014038e-01
5.849336087703704834e-02
2.065381258726119995e-01
3.869876146316528320e+00
3.530701100826263428e-01
0.000000000000000000e+00
1.185503229498863220e-01
5.735494494438171387e-01
6.063550710678100586e-01
4.252905249595642090e-01
2.336517572402954102e-01
6.496000289916992188e-01
4.492950625717639923e-03
3.735515475273132324e-02
3.797196550294756889e-03
9.575196355581283569e-02
3.218764364719390869e-01
3.385546207427978516e-01
0.000000000000000000e+00
1.285099387168884277e-01
7.673654556274414062e-01
0.000000000000000000e+00
2.244283258914947510e-02
3.806163966655731201e-01
9.406988322734832764e-02
9.795475006103515625e-02
2.910701930522918701e-02
1.560761630535125732e-01
2.784209847450256348e-01
7.444260120391845703e-01
3.935169056057929993e-02
1.006832480430603027e+00
1.465110927820205688e-01
6.955760121345520020e-01
1.532130837440490723e+00
4.587698876857757568e-01
5.884240865707397461e-01
8.327129364013671875e+00
1.304064989089965820e-01
1.201645493507385254e+00
5.901041626930236816e-02
4.188975095748901367e-01
4.596338868141174316e-01
2.126847982406616211e+00
1.361914817243814468e-02
1.542076747864484787e-02
1.606556624174118042e-01
6.969043016433715820e-01
3.091880381107330322e-01
1.207747161388397217e-01
8.856845498085021973e-01
2.876131534576416016e+00
0.000000000000000000e+00
1.226024702191352844e-02
4.458200037479400635e-01
1.992511004209518433e-01
1.048220843076705933e-01
3.203142583370208740e-01
1.631487309932708740e-01
3.743017911911010742e-01
0.000000000000000000e+00
3.781110525131225586e+00
3.778865933418273926e-02
7.148849219083786011e-02
3.289887607097625732e-01
1.793188154697418213e-01
3.542048335075378418e-01
1.542917728424072266e+00
9.362773597240447998e-02
7.635618001222610474e-02
5.622349381446838379e-01
1.134999319911003113e-01
1.738804429769515991e-01
3.135535717010498047e-01
0.000000000000000000e+00
3.926572855561971664e-03
1.307667344808578491e-01
7.253800034523010254e-01
4.023364186286926270e-01
6.055523753166198730e-01
0.000000000000000000e+00
3.822393342852592468e-02
0.000000000000000000e+00
8.673116099089384079e-04
6.685224175453186035e-01
2.334768056869506836e+00
4.061641395092010498e-01
1.837653636932373047e+00
0.000000000000000000e+00
2.059529721736907959e-02
0.000000000000000000e+00
1.275275647640228271e-01
8.109593987464904785e-01
2.766830682754516602e+00
2.034153461456298828e+00
1.249311566352844238e-01
1.483286499977111816e+00
9.003382921218872070e-01
5.287749767303466797e+00
3.456615507602691650e-01
0.000000000000000000e+00
0.000000000000000000e+00
3.371838101884350181e-05
8.920865058898925781e-01
1.365020632743835449e+00
1.959084719419479370e-01
8.172619342803955078e-02
5.185286700725555420e-02
1.000273823738098145e+00
4.144404828548431396e-02
2.741228044033050537e-01
8.857403397560119629e-01
2.328981459140777588e-01
1.141701936721801758e+00
2.148034095764160156e+00
9.149734973907470703e-01
3.906195461750030518e-01
2.843559347093105316e-02
5.290577188134193420e-02
3.074778616428375244e-01
3.273281827569007874e-02
1.014542579650878906e+00
0.000000000000000000e+00
2.389455772936344147e-02
1.368716452270746231e-02
4.015579447150230408e-02
0.000000000000000000e+00
7.055369615554809570e-01
1.815028116106987000e-02
1.316932290792465210e-01
7.226408924907445908e-03
7.062939554452896118e-02
4.040778875350952148e-01
6.756859831511974335e-03
3.804931417107582092e-02
2.181862115859985352e+00
4.883249104022979736e-01
0.000000000000000000e+00
1.165308117866516113e+00
1.539490371942520142e-01
1.083133101463317871e+00
1.498852223157882690e-01
5.322371050715446472e-02
4.914330318570137024e-02
4.636998474597930908e-01
8.249160051345825195e-01
3.722409158945083618e-02
4.016840755939483643e-01
9.545110464096069336e-01
2.474360018968582153e-01
4.870489537715911865e-01
5.619788765907287598e-01
2.560108602046966553e-01
7.835072278976440430e-02
2.461689561605453491e-01
2.645545266568660736e-02
4.902929067611694336e-01
2.068206900730729103e-03
1.214640215039253235e-02
5.128254368901252747e-02
7.764869332313537598e-01
3.518123552203178406e-02
2.674821317195892334e-01
0.000000000000000000e+00
1.119292736053466797e+00
5.679644942283630371e-01
3.056448101997375488e-01
2.340889424085617065e-01
2.373559772968292236e-02
4.827642813324928284e-02
1.371105313301086426e+00
2.997423112392425537e-01
9.413897395133972168e-01
1.926651448011398315e-01
5.287335440516471863e-02
2.620758116245269775e-01
1.291050203144550323e-02
7.247646898031234741e-02
2.882602512836456299e-01
1.947222836315631866e-02
1.184301733970642090e+00
3.635495305061340332e-01
2.925655841827392578e-01
2.546108663082122803e-01
7.627260088920593262e-01
0.000000000000000000e+00
1.315115839242935181e-01
9.123424440622329712e-02
6.229284405708312988e-01
1.232751965522766113e+00
8.521375805139541626e-02
1.522044301033020020e+00
9.079317562282085419e-03
0.000000000000000000e+00
3.358896732330322266e+00
9.316778928041458130e-02
0.000000000000000000e+00
1.155632063746452332e-01
2.997606098651885986e-01
6.878029704093933105e-01
9.122429788112640381e-02
8.011138439178466797e-02
1.425020933151245117e+00
3.043412566184997559e-01
4.558721929788589478e-02
7.503646612167358398e-02
1.599090397357940674e-01
2.813618779182434082e-01
9.671422243118286133e-01
1.129393652081489563e-02
1.385783702135086060e-01
0.000000000000000000e+00
1.010170355439186096e-01
7.418757677078247070e-01
4.191869497299194336e-02
1.649693027138710022e-02
5.118715018033981323e-02
0.000000000000000000e+00
3.246661424636840820e-01
2.128783464431762695e+00
1.042075872421264648e+00
6.030963733792304993e-02
1.219986677169799805e-01
2.594976425170898438e-01
0.000000000000000000e+00
6.412467956542968750e-01
2.711363077163696289e+00
2.769360840320587158e-01
5.431620404124259949e-02
1.074434876441955566e+00
3.007425069808959961e-01
6.884056329727172852e-02
9.713872671127319336e-01
5.378594994544982910e-02
7.367777824401855469e-01
4.940393567085266113e-02
9.253007769584655762e-01
1.080430764704942703e-02
4.766449928283691406e-01
0.000000000000000000e+00
5.849680863320827484e-03
8.938989043235778809e-02
5.478494763374328613e-01
1.310675501823425293e+00
9.739423543214797974e-02
4.841851070523262024e-02
0.000000000000000000e+00
6.753647327423095703e-02
4.321573972702026367e-01
1.263983547687530518e-02
6.270603090524673462e-02
3.998986184597015381e-01
6.323600411415100098e-01
8.492995053529739380e-02
6.768613308668136597e-02
9.692121744155883789e-01
2.073831319808959961e+00
2.827306985855102539e-01
2.879110909998416901e-02
4.082978144288063049e-02
7.301646471023559570e-01
3.170539140701293945e-01
7.882417440414428711e-01
9.234665036201477051e-01
1.961363196372985840e+00
1.082441955804824829e-02
1.217578202486038208e-01
6.670016646385192871e-01
6.554939746856689453e-01
7.783058881759643555e-01
1.415910363197326660e+00
1.224949955940246582e-01
4.033950567245483398e-01
1.331985950469970703e+00
8.704137802124023438e-02
1.169050693511962891e+00
6.764137744903564453e-01
1.905700564384460449e-01
2.426516264677047729e-02
2.052079290151596069e-01
5.398599505424499512e-01
3.291359916329383850e-02
9.265884757041931152e-02
7.314521670341491699e-01
4.575319588184356689e-01
2.100735530257225037e-02
2.196196913719177246e-01
7.706785202026367188e-02
3.676403164863586426e-01
1.227502450346946716e-01
9.206629991531372070e-01
1.248584389686584473e-01
2.622577920556068420e-02
4.097515344619750977e-02
0.000000000000000000e+00
3.701383113861083984e+00
1.447585970163345337e-01
2.053597271442413330e-01
4.444801211357116699e-01
6.544756293296813965e-01
2.578533589839935303e-01
6.346269845962524414e-01
1.084520220756530762e+00
3.284888342022895813e-03
3.133931457996368408e-01
4.719096720218658447e-01
3.710499033331871033e-02
1.156374886631965637e-01
8.265332877635955811e-02
2.895162254571914673e-02
9.851478785276412964e-02
9.541938453912734985e-02
1.840026259422302246e+00
1.044822484254837036e-01
7.135352492332458496e-02
4.885711967945098877e-01
1.856202125549316406e+00
4.369643688201904297e+00
7.431440055370330811e-02
3.213091194629669189e-01
3.368151187896728516e-01
0.000000000000000000e+00
3.678936958312988281e-01
5.485863238573074341e-02
5.614100694656372070e-01
8.526692166924476624e-03
1.268071308732032776e-02
1.413261532783508301e+00
1.331282019615173340e+00
5.999828577041625977e-01
7.617682218551635742e-02
1.293845176696777344e+00
1.708103418350219727e-01
0.000000000000000000e+00
1.992835521697998047e+00
2.433305084705352783e-01
6.374888420104980469e-01
1.164916320703923702e-03
3.229452848434448242e+00
4.053058624267578125e+00
1.391432881355285645e-01
3.733789026737213135e-01
9.076699614524841309e-02
1.650208950042724609e+00
2.872303426265716553e-01
7.858446836471557617e-01
0.000000000000000000e+00
1.234362721443176270e+00
1.339235343039035797e-02
7.473521828651428223e-01
0.000000000000000000e+00
4.048766940832138062e-02
5.089165568351745605e-01
4.614062905311584473e-01
6.662739515304565430e-01
1.305968761444091797e+00
6.504508852958679199e-01
2.566301822662353516e-02
3.612051308155059814e-01
7.563054561614990234e-01
3.948572576045989990e-01
1.203848794102668762e-01
4.583087284117937088e-03
5.629795789718627930e-01
1.747401654720306396e-01
3.975461423397064209e-02
4.955491125583648682e-01
0.000000000000000000e+00
0.000000000000000000e+00
8.213138580322265625e-02
4.201473668217658997e-02
9.826899766921997070e-01
1.688380002975463867e+00
2.045679241418838501e-01
3.236943185329437256e-01
3.378666043281555176e-01
0.000000000000000000e+00
3.126905858516693115e-01
1.644960641860961914e+00
4.136653542518615723e-01
4.415388405323028564e-02
1.379031300544738770e+00
4.918204247951507568e-01
0.000000000000000000e+00
1.486605033278465271e-02
9.023266285657882690e-02
9.298713505268096924e-02
1.169184088706970215e+00
1.091511964797973633e+00
4.063513576984405518e-01
1.000605374574661255e-01
1.862005442380905151e-01
1.903127193450927734e+00
2.379528284072875977e-01
1.313603639602661133e+00
2.754930853843688965e-01
8.470269292593002319e-02
4.784920811653137207e-02
1.832443475723266602e-01
1.305592060089111328e-01
9.250076413154602051e-01
4.412716865539550781e+00
1.277976185083389282e-01
2.196217536926269531e+00
2.136961072683334351e-01
3.552239537239074707e-01
1.197403430938720703e+00
2.109908610582351685e-01
5.050930976867675781e-01
2.404935359954833984e-01
4.473195672035217285e-01
1.174690872430801392e-01
1.832183152437210083e-01
2.705174311995506287e-02
7.013984769582748413e-02
3.657388448715209961e+00
5.018026232719421387e-01
3.447552919387817383e-01
1.131624449044466019e-02
1.246364861726760864e-01
5.218789577484130859e-01
0.000000000000000000e+00
4.196092113852500916e-02
1.523730874061584473e+00
0.000000000000000000e+00
4.727008342742919922e-01
3.531787917017936707e-02
1.185793578624725342e-01
4.497511312365531921e-03
5.799280405044555664e-01
1.820374369621276855e+00
5.971959792077541351e-03
1.423166394233703613e-01
5.388401150703430176e-01
1.909131854772567749e-01
1.574905753135681152e+00
0.000000000000000000e+00
7.006208300590515137e-01
8.276436477899551392e-02
1.422325730323791504e+00
1.548081338405609131e-01
3.406040370464324951e-02
1.119076274335384369e-02
1.172558307647705078e+00
3.453975915908813477e-02
1.354975700378417969e+00
9.337301254272460938e-01
6.214672923088073730e-01
6.517989635467529297e-01
5.015982389450073242e-01
1.017546057701110840e-01
3.109882771968841553e-01
8.266848325729370117e-02
7.716603577136993408e-02
2.428613454103469849e-01
1.381551921367645264e-01
8.092399835586547852e-01
8.203315082937479019e-04
2.607469320297241211e+00
7.889659702777862549e-02
1.719273209571838379e+00
3.785042837262153625e-02
6.245726943016052246e-01
4.014463722705841064e-01
1.784510910511016846e-01
0.000000000000000000e+00
3.243144229054450989e-02
3.454290702939033508e-02
1.440062880516052246e+00
7.574233412742614746e-02
6.531710028648376465e-01
6.921487394720315933e-03
2.832570672035217285e-02
3.100341856479644775e-01
7.687905430793762207e-02
4.197726249694824219e-01
5.750004202127456665e-02
2.526275813579559326e-01
3.144266903400421143e-01
1.287015914916992188e+00
3.238920122385025024e-02
8.741442561149597168e-01
0.000000000000000000e+00
1.614934504032135010e-01
2.598218619823455811e-01
1.303441286087036133e+00
4.978336021304130554e-02
0.000000000000000000e+00
1.955544590950012207e+00
5.269341468811035156e-01
1.775571852922439575e-01
2.630659565329551697e-02
2.999899983406066895e-01
0.000000000000000000e+00
1.453730743378400803e-02
3.826672434806823730e-01
2.783915996551513672e+00
0.000000000000000000e+00
8.821584582328796387e-01
9.702586382627487183e-02
0.000000000000000000e+00
6.173917055130004883e-01
0.000000000000000000e+00
5.392850041389465332e-01
6.357876956462860107e-02
2.085091359913349152e-02
4.847848787903785706e-02
1.863948106765747070e-01
7.809897512197494507e-02
2.294251881539821625e-02
6.566134095191955566e-02
1.014875620603561401e-02
8.621515333652496338e-02
4.670139253139495850e-01
5.754030704498291016e+00
2.217314541339874268e-01
3.344677761197090149e-02
1.422081947326660156e+00
