0.000000000000000000e+00
9.034995734691619873e-02
1.376525282859802246e+00
3.232699930667877197e-01
3.687581047415733337e-02
1.777944117784500122e-01
2.026972919702529907e-01
2.543842196464538574e-01
1.510999679565429688e+00
2.386184930801391602e+00
2.934423089027404785e-01
6.177652478218078613e-01
1.042890548706054688e-01
9.661989286541938782e-03
8.535906672477722168e-02
3.304126858711242676e-01
8.907154947519302368e-02
1.863894760608673096e-01
3.182056546211242676e-01
2.746799290180206299e-01
9.003595709800720215e-01
7.521805819123983383e-03
3.842844963073730469e-01
6.475882977247238159e-02
1.423320770263671875e-01
2.767860889434814453e-01
3.565752506256103516e-01
1.151495333760976791e-02
1.353850215673446655e-01
3.968447148799896240e-01
1.852326691150665283e-01
2.165050953626632690e-01
6.896086782217025757e-02
4.033607244491577148e-01
9.307291358709335327e-02
0.000000000000000000e+00
5.442068353295326233e-02
3.442615568637847900e-01
1.059199869632720947e-02
3.518586754798889160e-01
7.648445963859558105e-01
3.857985138893127441e-01
0.000000000000000000e+00
4.115472137928009033e-01
0.000000000000000000e+00
0.000000000000000000e+00
5.184122920036315918e-01
2.976263463497161865e-01
2.283191680908203125e-01
1.855296939611434937e-01
8.801981806755065918e-02
8.437023758888244629e-01
3.036589026451110840e-01
2.096663475036621094e+00
3.279336392879486084e-01
0.000000000000000000e+00
8.117248117923736572e-02
2.077189460396766663e-02
1.540070027112960815e-01
5.996589660644531250e-01
1.289196133613586426e+00
3.892123699188232422e-02
1.446951329708099365e-01
2.053916901350021362e-01
1.351613283157348633e+00
2.897338569164276123e-01
3.238723278045654297e-01
2.616409063339233398e+00
0.000000000000000000e+00
1.107859849929809570e+00
2.243489176034927368e-01
9.627736210823059082e-01
0.000000000000000000e+00
2.556208670139312744e-01
2.641999907791614532e-02
2.228962182998657227e+00
3.315189480781555176e-01
1.402006112039089203e-02
1.904545664787292480e+00
0.000000000000000000e+00
1.236507773399353027e+00
4.978072941303253174e-01
0.000000000000000000e+00
4.530903697013854980e-01
8.582241833209991455e-02
3.378228843212127686e-01
1.236087530851364136e-01
4.339995235204696655e-02
0.000000000000000000e+00
0.000000000000000000e+00
2.166896499693393707e-02
2.257388830184936523e-01
3.881429135799407959e-02
4.946605488657951355e-02
4.512073695659637451e-01
0.000000000000000000e+00
2.544760406017303467e-01
1.568690299987792969e+00
1.248761266469955444e-01
3.582793176174163818e-01
2.939065918326377869e-03
8.434454202651977539e-01
1.502630710601806641e+00
1.569322124123573303e-02
0.000000000000000000e+00
1.042897701263427734e+00
0.000000000000000000e+00
1.557449623942375183e-02
1.390837132930755615e-01
1.633485317230224609e+00
0.000000000000000000e+00
3.229057788848876953e-02
9.110446572303771973e-01
1.553963422775268555e-01
1.522758901119232178e-01
1.436541788280010223e-02
3.875892981886863708e-02
2.730824947357177734e-01
3.667650371789932251e-02
1.816184818744659424e-01
1.198472231626510620e-01
4.407435059547424316e-01
2.561947703361511230e-01
6.957270950078964233e-02
3.591776371002197266e+00
3.717807307839393616e-02
1.109758257865905762e+00
1.791903972625732422e-01
0.000000000000000000e+00
1.502825468778610229e-01
5.062511935830116272e-02
9.007288515567779541e-02
3.387150168418884277e-02
7.858016341924667358e-02
2.355715725570917130e-03
6.872420758008956909e-02
3.361086547374725342e-01
1.996643096208572388e-01
1.433213472366333008e+00
5.557659640908241272e-02
1.091280221939086914e+00
9.392000734806060791e-02
4.192120432853698730e-01
1.105059146881103516e+00
0.000000000000000000e+00
0.000000000000000000e+00
2.981992959976196289e-01
2.854980900883674622e-02
1.695674806833267212e-01
4.556120559573173523e-02
6.288792006671428680e-03
5.575796961784362793e-02
0.000000000000000000e+00
1.164663117378950119e-02
1.762210428714752197e-01
4.628993570804595947e-02
2.524226307868957520e-01
2.307139337062835693e-02
1.017398461699485779e-01
5.371451750397682190e-02
2.575157284736633301e-01
3.795565664768218994e-01
4.759286344051361084e-02
1.218214631080627441e-01
7.324056625366210938e-01
1.535623073577880859e+00
0.000000000000000000e+00
1.064234673976898193e-01
8.171776533126831055e-01
1.979767382144927979e-01
7.957742363214492798e-02
4.951623678207397461e-01
9.424976706504821777e-01
9.097570180892944336e-02
0.000000000000000000e+00
0.000000000000000000e+00
3.615164384245872498e-02
6.175722926855087280e-02
0.000000000000000000e+00
7.061095675453543663e-05
3.281114399433135986e-01
1.909880995750427246e+00
1.520046442747116089e-01
1.318478226661682129e+00
1.621657423675060272e-02
1.441351771354675293e-01
6.039773821830749512e-01
0.000000000000000000e+00
2.983856201171875000e-02
6.919296979904174805e-01
7.358288392424583435e-03
4.724196344614028931e-02
1.079533323645591736e-01
3.154096305370330811e-01
0.000000000000000000e+00
6.307615637779235840e-01
3.741078376770019531e-01
1.284180432558059692e-01
4.107140004634857178e-01
2.613976001739501953e-01
0.000000000000000000e+00
1.616520732641220093e-01
1.025169491767883301e-01
7.908015698194503784e-02
6.834819167852401733e-02
3.595774173736572266e-01
0.000000000000000000e+00
1.037963509559631348e+00
3.290940076112747192e-03
2.289358228445053101e-01
0.000000000000000000e+00
5.343454331159591675e-02
1.196098849177360535e-01
4.988843202590942383e-02
0.000000000000000000e+00
1.325458940118551254e-02
1.474127918481826782e-02
2.636966109275817871e-01
5.833353381603956223e-03
9.341280907392501831e-02
9.252679347991943359e-02
2.565637528896331787e-01
1.247953534126281738e+00
2.077625244855880737e-01
2.970523834228515625e-01
6.831052899360656738e-02
1.279520839452743530e-01
4.355162680149078369e-01
4.340243339538574219e-01
2.663966119289398193e-01
0.000000000000000000e+00
2.452472001314163208e-01
6.337834894657135010e-02
0.000000000000000000e+00
3.448877930641174316e-01
4.090552031993865967e-01
1.859361492097377777e-02
6.100713610649108887e-01
0.000000000000000000e+00
9.977305680513381958e-02
1.658377423882484436e-02
0.000000000000000000e+00
4.494199901819229126e-02
1.527684092521667480e+00
1.044503599405288696e-01
8.166401386260986328e-01
9.558804333209991455e-03
0.000000000000000000e+00
2.738041570410132408e-03
0.000000000000000000e+00
4.746223688125610352e-01
9.894436597824096680e-02
1.958038359880447388e-01
1.362640261650085449e-01
0.000000000000000000e+00
1.677865833044052124e-01
1.719980090856552124e-01
0.000000000000000000e+00
0.000000000000000000e+00
4.942098855972290039e-01
4.133097827434539795e-02
1.724826097488403320e+00
7.859426140785217285e-01
0.000000000000000000e+00
2.774997949600219727e-01
0.000000000000000000e+00
1.211460232734680176e-01
1.021364331245422363e+00
7.193186283111572266e-01
8.897126913070678711e-01
6.598876714706420898e-01
7.045014202594757080e-02
8.046364039182662964e-02
1.045336127281188965e-01
0.000000000000000000e+00
8.044472336769104004e-01
0.000000000000000000e+00
1.344611048698425293e+00
5.987165868282318115e-02
5.523189157247543335e-02
1.695116460323333740e-01
0.000000000000000000e+00
1.241394877433776855e-01
0.000000000000000000e+00
7.692609447985887527e-03
1.007846236228942871e+00
4.866448044776916504e-02
3.473141789436340332e-02
1.758892297744750977e+00
4.670234918594360352e-01
1.261127889156341553e-01
1.552964448928833008e-01
1.093515396118164062e+00
2.345910221338272095e-01
1.674462109804153442e-01
3.900176882743835449e-01
0.000000000000000000e+00
8.182770758867263794e-02
3.501871228218078613e-02
7.985636591911315918e-02
9.641838073730468750e-02
9.087359905242919922e-02
9.383420646190643311e-02
0.000000000000000000e+00
9.980986267328262329e-02
1.053811907768249512e-01
7.993174791336059570e-01
0.000000000000000000e+00
0.000000000000000000e+00
0.000000000000000000e+00
6.577216088771820068e-02
1.235366333276033401e-02
1.661027371883392334e-01
0.000000000000000000e+00
1.586662381887435913e-01
4.208981618285179138e-02
8.793883323669433594e-01
3.562565743923187256e-01
6.723459810018539429e-02
9.798657894134521484e-01
0.000000000000000000e+00
2.204155363142490387e-02
2.333049029111862183e-01
1.299009891226887703e-03
4.127114266157150269e-02
1.054583936929702759e-01
0.000000000000000000e+00
2.890457399189472198e-02
1.628666557371616364e-02
6.105781793594360352e-01
5.689599737524986267e-02
9.145004749298095703e-01
3.367559909820556641e-01
5.781592726707458496e-01
1.176651358604431152e+00
0.000000000000000000e+00
4.218972623348236084e-01
8.942636847496032715e-02
3.836495578289031982e-01
1.383391171693801880e-01
1.908963620662689209e-01
0.000000000000000000e+00
0.000000000000000000e+00
1.189210042357444763e-01
1.981564424932003021e-02
2.416261583566665649e-01
0.000000000000000000e+00
4.077045917510986328e-01
2.436341196298599243e-01
0.000000000000000000e+00
3.817075252532958984e+00
5.382665246725082397e-02
4.014568626880645752e-01
4.947533831000328064e-02
3.453261405229568481e-02
5.403037071228027344e-01
8.866442739963531494e-02
2.300523668527603149e-01
2.308041155338287354e-01
6.859318818897008896e-03
5.557694658637046814e-02
9.590029716491699219e-01
1.892341673374176025e-01
1.121696755290031433e-01
0.000000000000000000e+00
3.009331226348876953e-01
1.590657711029052734e+00
1.232516244053840637e-01
9.424949064850807190e-03
6.290226429700851440e-02
2.623566687107086182e-01
3.105309963226318359e+00
0.000000000000000000e+00
8.865617215633392334e-02
2.530665323138237000e-02
3.477713093161582947e-02
7.583708316087722778e-02
0.000000000000000000e+00
2.697995901107788086e+00
1.087015792727470398e-01
1.850512810051441193e-02
6.100848913192749023e-01
6.058495491743087769e-02
1.654850095510482788e-01
8.095849305391311646e-02
4.269780218601226807e-01
0.000000000000000000e+00
2.055750042200088501e-01
8.288701176643371582e-01
6.356378085911273956e-03
1.229174137115478516e+00
6.853835284709930420e-02
6.034215912222862244e-03
4.693771898746490479e-02
7.271475344896316528e-02
2.303392171859741211e+00
4.852421581745147705e-02
1.277402974665164948e-02
0.000000000000000000e+00
8.241653442382812500e-02
2.357045561075210571e-01
9.751881659030914307e-02
7.198275625705718994e-02
2.561499178409576416e-01
1.337722241878509521e-01
2.297248244285583496e-01
4.369553178548812866e-02
1.028544187545776367e+00
1.125563383102416992e+00
9.458029866218566895e-01
2.292190212756395340e-03
1.339765787124633789e-01
3.948008418083190918e-01
2.751559019088745117e-01
4.973178803920745850e-01
1.175635233521461487e-01
9.051551669836044312e-02
5.515655037015676498e-03
1.334162950515747070e-01
1.380534470081329346e-01
1.457386761903762817e-01
5.999743938446044922e-01
0.000000000000000000e+00
1.256569325923919678e-01
4.842211026698350906e-03
4.025998711585998535e-02
5.775992870330810547e-01
0.000000000000000000e+00
2.989183180034160614e-02
1.138679161667823792e-01
2.382027387619018555e+00
0.000000000000000000e+00
1.159087181091308594e+00
0.000000000000000000e+00
0.000000000000000000e+00
6.777862310409545898e-01
2.226714044809341431e-01
3.658348917961120605e-01
0.000000000000000000e+00
8.095319569110870361e-02
6.697211414575576782e-02
1.041370164602994919e-02
0.000000000000000000e+00
4.887695014476776123e-01
1.361831575632095337e-01
4.496532380580902100e-01
1.397878527641296387e-01
7.486617565155029297e-02
1.496025174856185913e-01
2.846384346485137939e-01
7.941261529922485352e-01
9.112047553062438965e-01
4.778512753546237946e-03
2.037360906600952148e+00
1.735408902168273926e-01
1.794623136520385742e-01
5.797159299254417419e-02
0.000000000000000000e+00
1.791232228279113770e+00
3.274422138929367065e-02
2.247471921145915985e-02
1.211563199758529663e-01
3.828373253345489502e-01
2.056219056248664856e-02
3.547342121601104736e-01
5.634725689888000488e-01
1.834042966365814209e-01
6.880598515272140503e-02
1.532909572124481201e-01
1.522049009799957275e-01
1.336245685815811157e-01
1.044035077095031738e+00
4.960322082042694092e-01
3.828105628490447998e-01
5.858857631683349609e-01
5.895967036485671997e-02
1.304693669080734253e-01
9.739823341369628906e-01
1.110364913940429688e+00
3.396403789520263672e-02
1.146297156810760498e-01
1.558257080614566803e-02
9.596970677375793457e-02
7.785559892654418945e-01
7.013514637947082520e-01
0.000000000000000000e+00
4.097297787666320801e-01
7.205986417829990387e-03
5.966501235961914062e-01
7.988161593675613403e-02
1.042098030447959900e-01
5.241382401436567307e-03
6.128580123186111450e-02
2.138451486825942993e-01
6.519936025142669678e-02
2.159348577260971069e-01
3.472831547260284424e-01
2.726836442947387695e+00
3.464721739292144775e-01
2.592281103134155273e-01
3.168644756078720093e-02
5.759431049227714539e-02
3.543160855770111084e-01
3.994366526603698730e-02
6.609577536582946777e-01
1.967034190893173218e-01
5.150790214538574219e-01
9.001864492893218994e-02
7.953879833221435547e-01
2.017188519239425659e-01
2.776099443435668945e+00
8.494986221194267273e-03
1.412039875984191895e+00
5.585862398147583008e-01
1.082062721252441406e+00
0.000000000000000000e+00
8.411605358123779297e-01
5.933149456977844238e-01
4.138594865798950195e-02
0.000000000000000000e+00
3.263641893863677979e-01
3.568972349166870117e-01
1.582137942314147949e+00
7.113790512084960938e-01
1.030059158802032471e-02
2.562962293624877930e+00
3.816002979874610901e-02
2.392804473638534546e-01
0.000000000000000000e+00
9.365519508719444275e-03
3.677393868565559387e-02
6.599756479263305664e-01
1.525960922241210938e+00
3.525996208190917969e-01
2.357097387313842773e+00
3.088621189817786217e-03
0.000000000000000000e+00
1.601692102849483490e-02
4.619745910167694092e-02
6.435230374336242676e-01
3.454485442489385605e-03
2.050151079893112183e-01
8.996719121932983398e-01
4.102843627333641052e-02
0.000000000000000000e+00
0.000000000000000000e+00
1.667056918144226074e+00
1.664012819528579712e-01
1.116818413138389587e-01
9.134790301322937012e-01
6.782743334770202637e-02
3.629892319440841675e-02
8.145660161972045898e-02
1.746230274438858032e-01
2.789957635104656219e-02
1.068315133452415466e-01
0.000000000000000000e+00
6.131778359413146973e-01
0.000000000000000000e+00
1.129549145698547363e-01
5.688970088958740234e-01
2.141261938959360123e-03
7.924732565879821777e-02
3.189906477928161621e-02
2.519469475373625755e-03
2.599697113037109375e-01
0.000000000000000000e+00
2.716224826872348785e-02
0.000000000000000000e+00
6.253229379653930664e-01
1.602218151092529297e-01
1.562029123306274414e-01
3.002080693840980530e-02
8.174688555300235748e-03
2.634713351726531982e-01
5.533983707427978516e-01
3.872950747609138489e-02
0.000000000000000000e+00
1.378257572650909424e-01
8.153558522462844849e-02
5.387042462825775146e-02
6.538780331611633301e-01
7.635032534599304199e-01
4.389980733394622803e-01
0.000000000000000000e+00
1.480481028556823730e-01
8.410368114709854126e-02
0.000000000000000000e+00
3.410230278968811035e-01
5.462620854377746582e-01
6.379270553588867188e-02
3.818818554282188416e-02
0.000000000000000000e+00
3.028280735015869141e-01
1.693012192845344543e-02
0.000000000000000000e+00
1.204372616484761238e-03
1.221192240715026855e+00
6.078586578369140625e-01
6.981488317251205444e-02
2.875069081783294678e-01
1.621335893869400024e-01
4.979990795254707336e-02
9.451119303703308105e-01
8.986615538597106934e-01
0.000000000000000000e+00
7.308053225278854370e-02
7.484541088342666626e-02
8.340748958289623260e-03
1.386734992265701294e-01
1.730997301638126373e-02
1.580865122377872467e-02
2.687811106443405151e-02
0.000000000000000000e+00
7.333710193634033203e-01
7.657559514045715332e-01
2.035879641771316528e-01
5.142136216163635254e-01
2.062998861074447632e-01
1.027517244219779968e-01
9.407545626163482666e-02
2.955835685133934021e-02
2.675875835120677948e-02
1.475042104721069336e-01
9.394065127708017826e-04
4.039382934570312500e-01
1.267764251679182053e-02
1.206907868385314941e+00
0.000000000000000000e+00
3.737629354000091553e-01
6.623116135597229004e-02
2.742631435394287109e-01
7.473554015159606934e-01
3.471542000770568848e-01
4.687530994415283203e-01
1.993257999420166016e-01
0.000000000000000000e+00
8.991920351982116699e-01
3.424852609634399414e+00
6.717080622911453247e-02
3.639588356018066406e-01
1.009989976882934570e+00
4.702298343181610107e-01
5.377230048179626465e-02
3.661554157733917236e-01
4.962042868137359619e-01
1.361613161861896515e-02
5.140809342265129089e-03
5.159010738134384155e-02
5.232920646667480469e-01
5.685209035873413086e-01
7.645063102245330811e-02
8.500257134437561035e-01
4.472508907318115234e+00
6.694073230028152466e-02
4.954685568809509277e-01
1.598643213510513306e-01
6.808929890394210815e-02
4.349058959633111954e-03
1.700695872306823730e+00
1.929921030998229980e+00
0.000000000000000000e+00
5.396188497543334961e-01
3.307157009840011597e-02
4.516416694968938828e-03
3.202524501830339432e-03
5.442698597908020020e-01
0.000000000000000000e+00
2.618750631809234619e-01
5.854750871658325195e-01
2.374190539121627808e-01
1.257915973663330078e+00
3.676980733871459961e-02
1.205136068165302277e-02
3.792658075690269470e-02
1.066397055983543396e-01
9.264580607414245605e-01
6.534016132354736328e-02
1.470121145248413086e+00
3.521283566951751709e-01
1.452038250863552094e-02
1.822068393230438232e-01
4.710946232080459595e-02
1.321919709444046021e-01
0.000000000000000000e+00
5.025387406349182129e-01
1.620472073554992676e-01
3.672298043966293335e-03
2.654523774981498718e-02
1.626130193471908569e-02
1.164350271224975586e+00
2.130047082901000977e-01
2.441188320517539978e-02
2.915379405021667480e-01
5.337149649858474731e-02
0.000000000000000000e+00
2.546281516551971436e-01
8.760735392570495605e-02
0.000000000000000000e+00
2.033732086420059204e-01
3.143495321273803711e+00
3.404027968645095825e-02
4.872137214988470078e-03
5.925408005714416504e-01
6.293414235115051270e-01
0.000000000000000000e+00
1.146472617983818054e-02
3.960159420967102051e-02
3.594472631812095642e-02
8.370023369789123535e-01
3.523877263069152832e-02
3.919883370399475098e-01
1.332764476537704468e-01
1.171717718243598938e-01
0.000000000000000000e+00
5.594790577888488770e-01
0.000000000000000000e+00
2.853284776210784912e-01
2.247568964958190918e-01
0.000000000000000000e+00
1.243075821548700333e-02
0.000000000000000000e+00
3.643158823251724243e-02
3.454773426055908203e-01
1.574233651161193848e+00
2.359351888298988342e-02
5.783145129680633545e-02
3.604833409190177917e-02
1.325749307870864868e-01
3.420309722423553467e-01
2.840452827513217926e-02
9.938178658485412598e-01
4.220812022686004639e-01
1.222041845321655273e+00
1.905919462442398071e-01
1.264358609914779663e-01
7.277432084083557129e-02
4.837980568408966064e-01
5.032121017575263977e-02
1.735126972198486328e-01
5.791870594024658203e+00
5.152862668037414551e-01
1.376585103571414948e-03
8.510085195302963257e-02
5.690915584564208984e-01
0.000000000000000000e+00
3.656739890575408936e-01
6.221809983253479004e-01
2.980980649590492249e-02
6.880187988281250000e-01
1.382956355810165405e-01
1.326740026473999023e+00
3.187317773699760437e-02
6.797415018081665039e-02
7.658515591174364090e-03
9.355751425027847290e-02
0.000000000000000000e+00
2.033386081457138062e-01
2.906787395477294922e+00
1.003311038017272949e+00
0.000000000000000000e+00
5.552155971527099609e-01
6.453201174736022949e-02
1.854319870471954346e-02
5.976176261901855469e-01
1.535864919424057007e-01
1.596920341253280640e-01
0.000000000000000000e+00
3.410890996456146240e-01
1.173889398574829102e+00
8.336992561817169189e-02
0.000000000000000000e+00
5.505361780524253845e-02
5.203715562820434570e-01
9.271864891052246094e-01
1.062024712562561035e+00
4.220471382141113281e-01
3.506848216056823730e-01
7.469126582145690918e-01
3.176170587539672852e-02
8.340558968484401703e-03
1.495204418897628784e-01
5.441278219223022461e-01
5.058527365326881409e-02
5.247985124588012695e-01
1.055224612355232239e-02
2.817977070808410645e-01
5.709115788340568542e-02
6.293086707592010498e-02
4.942954331636428833e-02
6.640047580003738403e-02
8.854227513074874878e-02
7.418816089630126953e-01
2.283454872667789459e-03
0.000000000000000000e+00
8.182091116905212402e-01
4.823617339134216309e-01
0.000000000000000000e+00
1.201737672090530396e-01
5.513298511505126953e-01
3.059661090373992920e-01
6.572301387786865234e-01
2.937598466873168945e+00
9.055937826633453369e-02
8.235267400741577148e-01
2.315113246440887451e-01
0.000000000000000000e+00
1.781692057847976685e-01
8.134772777557373047e-01
6.123294308781623840e-02
5.001647472381591797e-01
2.004700154066085815e-01
0.000000000000000000e+00
5.926873907446861267e-02
0.000000000000000000e+00
2.046799808740615845e-01
0.000000000000000000e+00
2.354508824646472931e-02
8.753372728824615479e-02
4.646727144718170166e-01
1.074805855751037598e-01
5.789645314216613770e-01
5.509184300899505615e-02
5.878506973385810852e-02
2.151119410991668701e-01
5.992523580789566040e-02
2.438468933105468750e-01
0.000000000000000000e+00
1.443887595087289810e-02
3.563423641026020050e-03
7.760958373546600342e-02
0.000000000000000000e+00
0.000000000000000000e+00
2.390330582857131958e-01
8.959928154945373535e-02
0.000000000000000000e+00
2.235012799501419067e-01
9.762442857027053833e-02
0.000000000000000000e+00
8.234475851058959961e-01
0.000000000000000000e+00
1.854523301124572754e+00
4.355418309569358826e-02
0.000000000000000000e+00
2.548434138298034668e-01
1.022904038429260254e+00
1.562079340219497681e-01
3.668805062770843506e-01
1.044682741165161133e+00
0.000000000000000000e+00
0.000000000000000000e+00
1.365795582532882690e-01
4.557871818542480469e-02
4.815408289432525635e-01
2.015449106693267822e-02
1.299243718385696411e-01
5.006600543856620789e-02
1.217238791286945343e-02
7.031793892383575439e-02
6.572967022657394409e-02
2.356140911579132080e-01
3.563391268253326416e-01
4.475504755973815918e-01
1.400317102670669556e-01
1.776741743087768555e-01
9.050097465515136719e-01
1.711391098797321320e-02
8.414191007614135742e-02
0.000000000000000000e+00
3.672401309013366699e-01
2.378546297550201416e-01
1.161798909306526184e-01
5.436709523200988770e-01
3.631421178579330444e-02
0.000000000000000000e+00
8.785143494606018066e-03
4.671876132488250732e-02
1.748820841312408447e-01
4.255745932459831238e-02
0.000000000000000000e+00
9.091478586196899414e-02
4.290223494172096252e-02
1.144589707255363464e-01
1.371622234582901001e-01
7.767780125141143799e-02
6.514323949813842773e-01
3.229869063943624496e-03
6.069036722183227539e-01
2.885261178016662598e-01
1.251342892646789551e-01
2.253810316324234009e-01
2.332924455404281616e-01
9.615025520324707031e-01
8.308527618646621704e-02
2.303398132324218750e+00
3.203580379486083984e-01
6.188400462269783020e-02
0.000000000000000000e+00
1.091894388198852539e+00
2.153651788830757141e-02
1.634399965405464172e-02
1.027053475379943848e+00
0.000000000000000000e+00
1.977870985865592957e-02
1.271233707666397095e-01
2.555104196071624756e-01
5.443381071090698242e-01
7.061328291893005371e-01
7.106143236160278320e-02
5.298656970262527466e-02
0.000000000000000000e+00
1.436602324247360229e-02
1.325412034988403320e+00
2.510761976242065430e+00
4.719218015670776367e-01
3.377872705459594727e-01
1.809255033731460571e-01
2.965123951435089111e-01
0.000000000000000000e+00
1.985318958759307861e-02
2.083577364683151245e-01
5.198138356208801270e-01
6.497827125713229179e-04
5.879531502723693848e-01
0.000000000000000000e+00
2.642185688018798828e-01
2.953814029693603516e+00
1.818430423736572266e-01
9.232936799526214600e-02
0.000000000000000000e+00
1.396259814500808716e-01
4.363939166069030762e-02
4.008297249674797058e-02
1.785038113594055176e-01
1.706567555665969849e-01
1.214508712291717529e-01
2.751179505139589310e-03
1.597087481059134007e-03
4.960143864154815674e-01
1.822044998407363892e-01
1.145423203706741333e-01
6.008219718933105469e-01
3.651934489607810974e-02
0.000000000000000000e+00
6.511483192443847656e-01
2.920313505455851555e-03
2.737607248127460480e-02
2.655578963458538055e-02
0.000000000000000000e+00
0.000000000000000000e+00
4.167443513870239258e-02
7.357047200202941895e-01
3.429865092039108276e-02
1.509034633636474609e-01
5.008153915405273438e-01
2.123907327651977539e+00
3.598171472549438477e-01
4.960549995303153992e-02
3.240349516272544861e-02
2.322636358439922333e-02
2.116808146238327026e-01
1.156961321830749512e+00
4.617995321750640869e-01
2.547951415181159973e-02
1.114752739667892456e-01
6.359200924634933472e-02
3.372265771031379700e-02
4.655612111091613770e-01
1.097244501113891602e+00
3.177416920661926270e-01
4.874360933899879456e-02
6.526225209236145020e-01
1.902641803026199341e-01
1.401045639067888260e-02
1.530116703361272812e-02
4.577870480716228485e-03
1.405955106019973755e-01
3.244193494319915771e-01
0.000000000000000000e+00
7.626476138830184937e-02
1.116529759019613266e-02
8.413740992546081543e-02
2.623788453638553619e-02
2.706079781055450439e-01
2.064308971166610718e-01
4.409390389919281006e-01
5.588892102241516113e-02
3.334379494190216064e-01
1.579257994890213013e-01
1.376849412918090820e-01
1.941927671432495117e-01
1.031237840652465820e-01
4.547389745712280273e-01
2.173998393118381500e-02
7.061661779880523682e-02
6.331636011600494385e-02
6.561434864997863770e-01
2.159877493977546692e-02
1.490498930215835571e-01
1.016637086868286133e+00
2.568044364452362061e-01
5.726098548620939255e-03
6.486260332167148590e-03
1.040531173348426819e-01
1.166555285453796387e+00
3.027248084545135498e-01
3.554108738899230957e-02
1.251396816223859787e-02
0.000000000000000000e+00
3.246784508228302002e-01
1.983851194381713867e-01
4.808697849512100220e-03
3.812674582004547119e-01
0.000000000000000000e+00
4.852613449096679688e+00
7.295355666428804398e-03
9.144859015941619873e-02
1.562689840793609619e-01
9.842934012413024902e-01
7.602928876876831055e-01
0.000000000000000000e+00
2.153381854295730591e-01
2.203843593597412109e-01
5.838260054588317871e-01
1.054455526173114777e-02
7.119996100664138794e-02
1.063433960080146790e-01
0.000000000000000000e+00
2.694391310214996338e-01
3.107778728008270264e-01
5.245876032859086990e-03
1.206684857606887817e-01
2.062583863735198975e-01
2.685162425041198730e-01
3.888286277651786804e-02
6.252006888389587402e-01
2.354097552597522736e-02
1.563306003808975220e-01
3.696104511618614197e-02
0.000000000000000000e+00
1.515297964215278625e-02
1.032300949096679688e+00
1.790868192911148071e-01
2.176029980182647705e-01
8.625363558530807495e-02
2.440342754125595093e-01
4.421027004718780518e-01
6.885264515876770020e-01
5.593207478523254395e-01
5.155386328697204590e-01
4.046330451965332031e-01
8.178419619798660278e-02
5.844480171799659729e-02
0.000000000000000000e+00
1.261086110025644302e-02
1.013055369257926941e-01
1.102013811469078064e-01
7.892305403947830200e-02
4.164656102657318115e-01
8.899150788784027100e-02
9.236319363117218018e-02
6.039178967475891113e-01
1.747471541166305542e-01
3.817041814327239990e-01
4.693248867988586426e-02
6.193161010742187500e-02
1.946919560432434082e-01
0.000000000000000000e+00
4.569835364818572998e-01
2.665303833782672882e-02
1.096474885940551758e+00
0.000000000000000000e+00
1.850885510444641113e+00
7.496424019336700439e-02
6.498324871063232422e-01
1.218966469168663025e-01
1.963855139911174774e-02
6.202353397384285927e-04
2.301256179809570312e+00
2.747845649719238281e-01
1.331940144300460815e-01
0.000000000000000000e+00
1.148386858403682709e-03
0.000000000000000000e+00
4.470231011509895325e-02
0.000000000000000000e+00
6.220725923776626587e-02
6.283769011497497559e-02
5.671817436814308167e-02
2.935755299404263496e-03
1.259335875511169434e+00
1.335393190383911133e-01
0.000000000000000000e+00
6.387307047843933105e-01
8.999246358871459961e-02
0.000000000000000000e+00
9.510966390371322632e-02
2.687852084636688232e-01
1.643831253051757812e+00
6.914355158805847168e-01
1.032785978168249130e-02
0.000000000000000000e+00
1.207375898957252502e-02
2.086844146251678467e-01
9.899530559778213501e-02
9.735212475061416626e-02
4.352496564388275146e-02
5.350803211331367493e-02
1.109625220298767090e+00
0.000000000000000000e+00
4.759002923965454102e-01
1.422079920768737793e+00
3.824650868773460388e-02
8.867391198873519897e-02
5.644986033439636230e-01
2.762494795024394989e-02
1.743740588426589966e-01
1.600815206766128540e-01
1.407504528760910034e-01
3.080902397632598877e-01
6.294665336608886719e-01
0.000000000000000000e+00
1.042252779006958008e-01
3.728112950921058655e-02
3.847730457782745361e-01
2.449816912412643433e-01
1.747913807630538940e-01
1.050201356410980225e-01
0.000000000000000000e+00
3.862264379858970642e-02
2.200269222259521484e+00
5.561946332454681396e-02
1.279431208968162537e-02
2.668399177491664886e-02
6.401685476303100586e-01
1.495891511440277100e-01
1.290932148694992065e-01
6.391745805740356445e-01
0.000000000000000000e+00
3.435901701450347900e-01
4.471563175320625305e-02
7.016012817621231079e-02
4.562258720397949219e-01
4.073398560285568237e-02
2.381634563207626343e-01
0.000000000000000000e+00
7.608009129762649536e-02
2.376550137996673584e-01
3.480977714061737061e-01
2.637088596820831299e-01
1.708714663982391357e-02
4.610950946807861328e-01
2.873688340187072754e-01
3.618647530674934387e-02
3.949758131057024002e-03
0.000000000000000000e+00
2.935469746589660645e-01
3.263001888990402222e-02
1.427494883537292480e-01
0.000000000000000000e+00
6.682028770446777344e-01
2.121124744415283203e+00
4.866014719009399414e-01
7.869853824377059937e-02
2.654022276401519775e-01
2.354321330785751343e-01
1.268735378980636597e-01
0.000000000000000000e+00
1.459958106279373169e-01
6.353470962494611740e-03
0.000000000000000000e+00
2.801542170345783234e-03
1.229806989431381226e-01
7.733126729726791382e-02
0.000000000000000000e+00
4.812018573284149170e-02
1.975790113210678101e-01
1.409421712160110474e-01
4.420923534780740738e-03
1.851603016257286072e-02
9.536171704530715942e-02
1.282838173210620880e-02
2.534719184041023254e-02
2.367751359939575195e+00
9.440549612045288086e-01
1.028306037187576294e-01
2.178635895252227783e-01
0.000000000000000000e+00
1.227284669876098633e+00
1.658157855272293091e-01
5.612360313534736633e-02
3.445294569246470928e-04
3.047787845134735107e-01
0.000000000000000000e+00
3.288386464118957520e-01
1.494371611624956131e-02
0.000000000000000000e+00
5.731122195720672607e-02
0.000000000000000000e+00
0.000000000000000000e+00
1.112778410315513611e-01
9.531930834054946899e-02
2.804650366306304932e-01
2.644659951329231262e-02
0.000000000000000000e+00
7.236015051603317261e-02
0.000000000000000000e+00
9.325307607650756836e-01
2.212291806936264038e-01
0.000000000000000000e+00
2.103590518236160278e-01
3.076806068420410156e-01
2.698351740837097168e-01
1.906885579228401184e-02
5.957329869270324707e-01
8.728123903274536133e-01
6.139386072754859924e-02
1.527566313743591309e-01
1.810306310653686523e-01
4.323886632919311523e-01
1.462298482656478882e-01
5.912102460861206055e-01
1.934662342071533203e+00
7.578149437904357910e-02
1.600472033023834229e-01
0.000000000000000000e+00
0.000000000000000000e+00
1.642992019653320312e+00
9.727221131324768066e-01
9.345191717147827148e-02
5.624887999147176743e-03
4.916408658027648926e-02
7.774484753608703613e-01
1.606316864490509033e-02
8.808804750442504883e-01
1.728129625320434570e+00
2.113580703735351562e-02
3.501985594630241394e-02
2.860601246356964111e-01
4.294936656951904297e-01
1.305915117263793945e-01
1.664691045880317688e-02
2.973662130534648895e-02
2.298666536808013916e-01
3.487256467342376709e-01
0.000000000000000000e+00
5.690346360206604004e-01
2.194308191537857056e-01
1.732582785189151764e-02
1.162073165178298950e-01
1.031505823135375977e+00
0.000000000000000000e+00
2.393861114978790283e-01
1.605721265077590942e-01
2.156604081392288208e-01
4.271762073040008545e-02
3.371168300509452820e-02
1.420016288757324219e+00
0.000000000000000000e+00
1.439673423767089844e+00
7.540993094444274902e-01
7.920560836791992188e-01
2.289749123156070709e-02
2.952530980110168457e-01
1.200378313660621643e-01
1.455796696245670319e-02
0.000000000000000000e+00
5.137122273445129395e-01
2.230249941349029541e-01
5.978846922516822815e-02
3.147011739201843739e-05
4.635390937328338623e-01
3.453187271952629089e-02
1.011025458574295044e-01
0.000000000000000000e+00
2.852252244949340820e+00
3.593508154153823853e-03
3.473390042781829834e-01
1.311270833015441895e+00
2.280601263046264648e-01
4.447691738605499268e-01
3.856363892555236816e-01
7.745711505413055420e-02
1.860389262437820435e-01
4.282378032803535461e-02
1.054773479700088501e-02
3.252240270376205444e-02
2.061817348003387451e-01
1.002619694918394089e-02
1.224783211946487427e-01
1.326686516404151917e-02
1.284386515617370605e-01
1.956150680780410767e-01
1.345386821776628494e-02
7.093730568885803223e-02
7.583515346050262451e-02
1.552146077156066895e-01
9.625325202941894531e-01
4.299284517765045166e-01
8.666665107011795044e-02
0.000000000000000000e+00
3.405469469726085663e-03
5.752276778221130371e-01
1.229895278811454773e-01
1.443716604262590408e-02
5.278516560792922974e-03
1.384248398244380951e-02
8.682326972484588623e-02
1.049425601959228516e+00
4.299862775951623917e-03
2.460765093564987183e-01
2.958032786846160889e-01
2.873976528644561768e-01
4.357465356588363647e-02
7.028645277023315430e-02
8.463264442980289459e-03
6.941758096218109131e-02
1.615678668022155762e-01
2.636872977018356323e-02
0.000000000000000000e+00
1.983451396226882935e-01
7.376855611801147461e-02
1.251520961523056030e-01
0.000000000000000000e+00
3.865263760089874268e-01
1.437936574220657349e-01
2.625980854034423828e+00
0.000000000000000000e+00
9.809361696243286133e-01
0.000000000000000000e+00
6.651733070611953735e-02
9.278229437768459320e-03
5.488570779561996460e-02
0.000000000000000000e+00
1.375910546630620956e-02
5.749564170837402344e-01
0.000000000000000000e+00
3.922859951853752136e-02
0.000000000000000000e+00
1.926150619983673096e-01
0.000000000000000000e+00
4.852666258811950684e-01
1.245711445808410645e+00
6.157835483551025391e+00
3.131189569830894470e-02
6.739985942840576172e-01
3.853463754057884216e-02
3.086305856704711914e-01
1.050276160240173340e+00
8.038480579853057861e-02
8.910483121871948242e-02
1.513189524412155151e-01
3.999618813395500183e-02
3.275354206562042236e-01
2.437904663383960724e-02
3.351031616330146790e-02
1.265476197004318237e-01
5.637374401092529297e+00
1.773860678076744080e-02
1.151194691658020020e+00
1.602632403373718262e-01
1.855620145797729492e-01
2.630207538604736328e-01
1.129444837570190430e-01
7.887418866157531738e-01
1.901396512985229492e-01
3.727975487709045410e-01
3.798472404479980469e+00
9.342117309570312500e-01
1.728546321392059326e-01
1.668952852487564087e-01
4.965757951140403748e-02
4.177712500095367432e-01
2.089971542358398438e+00
1.257362812757492065e-01
8.956248871982097626e-03
1.654535531997680664e-01
1.805900037288665771e-01
4.375036060810089111e-01
5.617505311965942383e-01
2.281008511781692505e-01
0.000000000000000000e+00
3.532435745000839233e-02
1.379501223564147949e-01
6.667304039001464844e-02
2.141763567924499512e-01
3.442102670669555664e-01
5.676860809326171875e-01
2.077374607324600220e-01
0.000000000000000000e+00
2.328727692365646362e-01
1.865776628255844116e-01
4.455509036779403687e-02
1.421252936124801636e-01
2.469393491744995117e+00
6.406360771507024765e-03
2.632851004600524902e-01
2.711444906890392303e-02
8.537428826093673706e-02
0.000000000000000000e+00
6.374187022447586060e-02
0.000000000000000000e+00
5.566224828362464905e-02
0.000000000000000000e+00
9.304949641227722168e-01
3.747395992279052734e+00
7.207104563713073730e-01
1.043001487851142883e-01
6.728100776672363281e-02
1.268242448568344116e-01
4.011959955096244812e-02
7.336513139307498932e-03
1.829798340797424316e+00
5.000273883342742920e-02
3.307348117232322693e-03
5.696277320384979248e-02
0.000000000000000000e+00
0.000000000000000000e+00
4.447144567966461182e-01
1.853091567754745483e-01
2.185316532850265503e-01
0.000000000000000000e+00
3.916747868061065674e-01
5.190257728099822998e-02
9.876844286918640137e-01
2.356181889772415161e-01
0.000000000000000000e+00
5.200170278549194336e-01
3.158608218654990196e-03
2.806295454502105713e-01
1.995069384574890137e-01
0.000000000000000000e+00
9.145198464393615723e-01
3.995305299758911133e-02
1.335716247558593750e-02
1.793964266777038574e+00
9.970534592866897583e-03
1.165110111236572266e+00
6.510190367698669434e-01
1.803143508732318878e-02
2.403368502855300903e-01
0.000000000000000000e+00
6.999524775892496109e-03
8.364292234182357788e-02
3.841384649276733398e-01
4.757538437843322754e-02
7.637494802474975586e-01
1.863201707601547241e-01
1.037547085434198380e-02
4.729955922812223434e-03
1.843939870595932007e-01
2.291410565376281738e-01
0.000000000000000000e+00
0.000000000000000000e+00
2.601196467876434326e-01
9.432166814804077148e-02
0.000000000000000000e+00
6.398850679397583008e-01
2.130782008171081543e-01
5.038773268461227417e-02
2.252676524221897125e-02
2.372683957219123840e-02
1.582411080598831177e-01
6.367391347885131836e-01
6.277107447385787964e-02
0.000000000000000000e+00
7.832908034324645996e-01
2.960881888866424561e-01
1.282204538583755493e-01
7.093534469604492188e-01
6.241477131843566895e-01
3.875597417354583740e-01
1.608978360891342163e-01
2.183744870126247406e-02
1.208643987774848938e-01
1.303790330886840820e+00
5.674395710229873657e-03
4.726354032754898071e-02
2.101265192031860352e-01
1.129034876823425293e+00
1.595936417579650879e-01
0.000000000000000000e+00
3.341860175132751465e-01
5.315752234309911728e-03
0.000000000000000000e+00
3.315035343170166016e+00
7.225438207387924194e-02
5.462169647216796875e-02
0.000000000000000000e+00
4.866464614868164062e+00
4.573810696601867676e-01
1.016693040728569031e-01
2.488507777452468872e-01
1.769796907901763916e-01
2.384079992771148682e-02
2.863249480724334717e-01
5.026350263506174088e-03
2.508853562176227570e-02
3.287736177444458008e-01
2.576886117458343506e-01
1.267455518245697021e-01
1.724364459514617920e-01
3.597308993339538574e-01
9.227849841117858887e-01
2.836033701896667480e-01
4.074526205658912659e-02
1.266741991043090820e+00
8.714478015899658203e-01
2.414584308862686157e-01
8.926131576299667358e-02
4.163923114538192749e-02
1.016120910644531250e-01
7.199205160140991211e-01
8.442062884569168091e-02
0.000000000000000000e+00
7.740435749292373657e-02
4.658430814743041992e-01
6.111478209495544434e-01
2.180107235908508301e-01
3.362965881824493408e-01
8.329150825738906860e-02
1.471680164337158203e+00
2.247225940227508545e-01
7.087009493261575699e-03
1.373095810413360596e-01
1.550117611885070801e+00
1.872799873352050781e+00
9.160639047622680664e-01
3.490943610668182373e-01
6.862854352220892906e-04
3.115558922290802002e-01
1.702055186033248901e-01
3.278560936450958252e-01
4.528081119060516357e-01
5.114988237619400024e-02
1.954331248998641968e-02
4.064583405852317810e-02
3.056781888008117676e-01
3.746725916862487793e-01
5.368040204048156738e-01
7.864440232515335083e-02
3.480108678340911865e-01
1.772845629602670670e-03
8.116573095321655273e-02
2.057322412729263306e-01
8.498860150575637817e-02
4.185246303677558899e-03
1.300855875015258789e-01
0.000000000000000000e+00
8.514627814292907715e-02
1.132132887840270996e+00
7.328687608242034912e-02
3.279359042644500732e-01
7.162246853113174438e-02
3.118035197257995605e-02
3.373384177684783936e-01
8.965310454368591309e-02
3.895581364631652832e-01
2.115083299577236176e-02
2.125973999500274658e-01
4.452083408832550049e-01
8.701139129698276520e-03
4.010326694697141647e-03
3.957473337650299072e-01
2.300392240285873413e-01
1.713704131543636322e-02
1.392060875892639160e+00
1.338160276412963867e+00
1.410373300313949585e-01
4.077924191951751709e-01
1.285453200340270996e+00
0.000000000000000000e+00
0.000000000000000000e+00
2.318470627069473267e-01
1.051204279065132141e-01
3.131736516952514648e-01
4.227356519550085068e-03
7.098934799432754517e-02
2.440950833261013031e-02
1.203029513359069824e+00
3.508898019790649414e-01
4.209799766540527344e+00
3.691617250442504883e-01
1.032043024897575378e-01
7.188332267105579376e-03
0.000000000000000000e+00
0.000000000000000000e+00
3.979984670877456665e-02
6.062931567430496216e-02
2.029708027839660645e-01
2.218772023916244507e-01
5.885350108146667480e-01
0.000000000000000000e+00
3.751646727323532104e-02
1.774163395166397095e-01
4.291607737541198730e-01
3.253563940525054932e-01
4.346957206726074219e-01
3.392908349633216858e-02
0.000000000000000000e+00
3.102239370346069336e-01
3.665482401847839355e-01
8.118264377117156982e-02
1.160806417465209961e-02
1.868287920951843262e-01
3.879870753735303879e-03
2.081121355295181274e-01
2.812083363533020020e-01
0.000000000000000000e+00
1.623407192528247833e-02
5.599540472030639648e-01
5.989288166165351868e-02
1.370385289192199707e-01
8.988023549318313599e-02
0.000000000000000000e+00
2.683563470840454102e+00
1.212454319000244141e+00
2.498035430908203125e-01
4.662604629993438721e-02
0.000000000000000000e+00
0.000000000000000000e+00
4.242888092994689941e-02
1.011528849601745605e+00
7.802109718322753906e-01
3.043195903301239014e-01
4.936160892248153687e-02
1.627491563558578491e-01
3.742911815643310547e-01
4.024627208709716797e+00
1.815770417451858521e-01
2.401548475027084351e-01
1.174646139144897461e+00
8.019452095031738281e-01
3.015073239803314209e-01
1.513734340667724609e+00
1.630518436431884766e-01
4.197853058576583862e-02
1.077116280794143677e-02
3.847130015492439270e-02
9.435856342315673828e-02
1.041874215006828308e-01
2.633610665798187256e-01
1.278517991304397583e-01
6.447705030441284180e-01
4.404268860816955566e-01
5.855263397097587585e-02
1.357172876596450806e-01
6.415631175041198730e-01
2.099435180425643921e-01
5.987023189663887024e-02
7.562398165464401245e-02
5.674983933568000793e-02
5.565511807799339294e-02
7.425165269523859024e-03
1.926402095705270767e-03
3.873417619615793228e-03
1.219315640628337860e-02
2.840630337595939636e-02
0.000000000000000000e+00
1.394693970680236816e+00
4.249883815646171570e-02
0.000000000000000000e+00
2.705628797411918640e-02
9.881678270176053047e-04
6.082747131586074829e-03
1.197592496871948242e+00
3.978032618761062622e-02
1.082776859402656555e-02
1.427782058715820312e+00
2.649083137512207031e-01
1.455357670783996582e-01
0.000000000000000000e+00
0.000000000000000000e+00
0.000000000000000000e+00
3.662343621253967285e-01
1.223135590553283691e+00
7.716997712850570679e-02
2.186199724674224854e-01
0.000000000000000000e+00
4.564077854156494141e-01
6.799721121788024902e-01
8.562654256820678711e-02
1.263225913047790527e+00
7.114332914352416992e-02
3.900042967870831490e-03
0.000000000000000000e+00
7.567673921585083008e-02
4.541269540786743164e-01
3.829397857189178467e-01
0.000000000000000000e+00
5.450649559497833252e-02
2.076871842145919800e-01
7.251849770545959473e-02
1.813781214877963066e-03
9.839804768562316895e-01
2.780510671436786652e-02
1.227732077240943909e-01
3.475785553455352783e-01
1.148896440863609314e-01
1.051853522658348083e-01
1.878132577985525131e-03
3.201915621757507324e-01
3.161623477935791016e-01
1.668543666601181030e-01
7.281633466482162476e-02
4.039952531456947327e-02
1.198291182518005371e-01
3.466129302978515625e-01
2.256499677896499634e-01
1.273994892835617065e-01
3.890809714794158936e-01
1.525144279003143311e-01
8.217284679412841797e-01
1.243665292859077454e-01
6.223804131150245667e-02
9.943078458309173584e-02
1.753307580947875977e-01
5.261510014533996582e-01
3.629389703273773193e-01
5.814502760767936707e-02
6.473632901906967163e-02
1.700263977050781250e+00
0.000000000000000000e+00
0.000000000000000000e+00
3.072175383567810059e-01
2.517655789852142334e-01
1.380634456872940063e-01
4.920415282249450684e-01
5.452533364295959473e-01
8.070337772369384766e-02
3.281248509883880615e-01
6.917809695005416870e-02
4.973843460902571678e-04
4.964855313301086426e-02
1.591186523437500000e-01
4.437567293643951416e-02
3.799562156200408936e-01
3.541605472564697266e-01
8.615964651107788086e-02
5.089686810970306396e-02
2.417762875556945801e-01
1.785094439983367920e-01
0.000000000000000000e+00
1.799625456333160400e-01
5.730124115943908691e-01
1.191246390342712402e+00
0.000000000000000000e+00
1.113843694329261780e-01
1.183364819735288620e-02
3.228259086608886719e-01
4.925319179892539978e-02
3.938576877117156982e-01
3.590835332870483398e-01
0.000000000000000000e+00
3.464745357632637024e-02
6.628278642892837524e-02
8.672414422035217285e-01
4.772879555821418762e-02
1.579652279615402222e-01
0.000000000000000000e+00
9.067773818969726562e-03
0.000000000000000000e+00
1.339349389076232910e+00
1.601998507976531982e-02
2.208434492349624634e-01
3.134380280971527100e-01
3.994429856538772583e-02
0.000000000000000000e+00
5.648121833801269531e-01
7.003267109394073486e-02
4.052037000656127930e-02
3.441740944981575012e-02
1.624169796705245972e-01
3.169216513633728027e-01
2.174356877803802490e-01
1.129493415355682373e-01
2.180871739983558655e-02
1.997682154178619385e-01
7.224744558334350586e-01
5.091152191162109375e-01
2.788562476634979248e-01
6.673658639192581177e-02
5.693594366312026978e-02
0.000000000000000000e+00
2.148006111383438110e-03
3.310118988156318665e-02
1.955664753913879395e-01
1.791995882987976074e+00
0.000000000000000000e+00
1.255579739809036255e-01
0.000000000000000000e+00
4.136966168880462646e-02
7.019416093826293945e-01
1.241525821387767792e-02
1.269773244857788086e-01
0.000000000000000000e+00
5.851128324866294861e-02
7.974497079849243164e-01
7.130318135023117065e-02
9.520133137702941895e-01
2.163310348987579346e-01
1.013610213994979858e-01
5.594343543052673340e-01
1.622295826673507690e-01
6.471309065818786621e-02
6.005587801337242126e-02
1.581572294235229492e-01
4.121508821845054626e-02
6.350702047348022461e-02
1.478376388549804688e+00
1.410475820302963257e-01
7.662928104400634766e-02
8.228585869073867798e-02
0.000000000000000000e+00
0.000000000000000000e+00
3.379188477993011475e-01
0.000000000000000000e+00
1.465363800525665283e-01
6.589687615633010864e-02
6.812498904764652252e-03
4.659986123442649841e-03
2.458232939243316650e-01
5.047461390495300293e-01
1.236814856529235840e+00
8.616904169321060181e-02
3.104540705680847168e-01
1.653853058815002441e-01
9.800318479537963867e-01
2.703955471515655518e-01
5.518622323870658875e-02
6.143138185143470764e-02
5.603540688753128052e-03
1.036465167999267578e-02
8.723716139793395996e-01
6.484451889991760254e-02
2.227019071578979492e-01
9.242451936006546021e-02
1.383145619183778763e-02
0.000000000000000000e+00
1.328890305012464523e-02
7.893115282058715820e-02
0.000000000000000000e+00
2.568933486938476562e+00
7.578620314598083496e-01
6.911211460828781128e-02
4.475955963134765625e-01
2.371282428503036499e-01
5.722368136048316956e-02
1.770447611808776855e+00
0.000000000000000000e+00
1.229334548115730286e-01
0.000000000000000000e+00
0.000000000000000000e+00
1.586043477058410645e+00
6.986597180366516113e-01
1.115722179412841797e+00
6.366975605487823486e-03
8.781271427869796753e-02
6.272016558796167374e-03
4.671414941549301147e-02
1.115391626954078674e-01
8.106737732887268066e-01
1.393141150474548340e-01
2.254418730735778809e-01
1.301159150898456573e-02
8.086375147104263306e-02
2.887553274631500244e-01
1.031626611948013306e-01
3.386030495166778564e-01
2.986377954483032227e+00
0.000000000000000000e+00
1.358191251754760742e+00
2.270697057247161865e-01
2.326018810272216797e+00
0.000000000000000000e+00
9.674916043877601624e-03
6.947924941778182983e-02
2.179874897003173828e+00
2.278937101364135742e-01
9.784303605556488037e-02
3.919212322216480970e-04
3.551976680755615234e-01
2.822352349758148193e-01
1.872864365577697754e-01
3.795858472585678101e-02
0.000000000000000000e+00
2.601931691169738770e-01
4.138450920581817627e-01
4.819470345973968506e-01
9.547821432352066040e-02
1.049852147698402405e-01
4.673555120825767517e-02
1.173682734370231628e-01
1.591940224170684814e-01
6.188623234629631042e-02
0.000000000000000000e+00
6.581774353981018066e-02
3.664862737059593201e-02
0.000000000000000000e+00
7.571885734796524048e-02
1.727445051074028015e-02
2.396800555288791656e-02
1.032141685485839844e+00
7.574500143527984619e-02
0.000000000000000000e+00
2.830612659454345703e-01
1.480813175439834595e-01
2.750093221664428711e+00
3.103491663932800293e-01
1.196896433830261230e+00
0.000000000000000000e+00
4.617530480027198792e-02
2.915751039981842041e-01
2.630949318408966064e-01
8.712866157293319702e-02
3.661341071128845215e-01
5.537528395652770996e-01
4.725879058241844177e-02
3.379378914833068848e-01
2.443110793828964233e-01
1.016620099544525146e-01
2.551474571228027344e-01
1.250755786895751953e-01
6.387646496295928955e-02
5.029762983322143555e-01
0.000000000000000000e+00
1.169589087367057800e-01
5.614544078707695007e-02
3.558710217475891113e-02
3.584857881069183350e-01
6.793337464332580566e-01
3.318453133106231689e-01
2.361590266227722168e-01
9.095212817192077637e-01
2.764603495597839355e-02
2.224818229675292969e+00
2.918735444545745850e-01
8.880681991577148438e-01
4.414089024066925049e-02
3.517983853816986084e-01
4.458219558000564575e-02
6.568677723407745361e-02
5.015849471092224121e-01
2.970933914184570312e-03
1.603879779577255249e-01
2.618069052696228027e-01
0.000000000000000000e+00
9.405860304832458496e-02
3.390430808067321777e-01
5.524240061640739441e-02
1.955253444612026215e-02
1.964886784553527832e-01
1.952189952135086060e-01
6.026606261730194092e-02
3.724421560764312744e-01
1.527909040451049805e-01
9.779379516839981079e-02
1.133156195282936096e-01
2.941587194800376892e-02
3.800745308399200439e-01
3.141925811767578125e+00
5.105309537611901760e-04
6.241905316710472107e-02
1.440437883138656616e-01
3.888887763023376465e-01
1.889147460460662842e-01
4.884515106678009033e-01
1.135113760828971863e-01
5.695142969489097595e-02
1.199107915163040161e-01
1.579571485519409180e+00
1.891609281301498413e-02
5.856823548674583435e-02
9.572914801537990570e-03
3.392967209219932556e-02
2.720554172992706299e-01
1.930341571569442749e-01
1.336645841598510742e+00
2.989419363439083099e-02
3.097759373486042023e-02
4.955457150936126709e-02
1.229742076247930527e-02
0.000000000000000000e+00
1.220818996429443359e+00
1.011499464511871338e-01
1.253959238529205322e-01
3.516350686550140381e-01
0.000000000000000000e+00
2.917162179946899414e-01
0.000000000000000000e+00
1.304399073123931885e-01
4.505851492285728455e-02
2.183136343955993652e-02
4.287827968597412109e+00
1.736738234758377075e-01
6.413060426712036133e-02
5.754182580858469009e-03
4.154452122747898102e-03
4.030103087425231934e-01
1.314728558063507080e-01
1.107355654239654541e-01
7.968426495790481567e-02
1.627420890145003796e-03
0.000000000000000000e+00
7.007087580859661102e-03
0.000000000000000000e+00
6.415702402591705322e-03
0.000000000000000000e+00
5.305285379290580750e-02
1.135153695940971375e-01
4.705523326992988586e-02
0.000000000000000000e+00
3.391179442405700684e-02
2.585271596908569336e-01
0.000000000000000000e+00
1.452482342720031738e-01
2.457144409418106079e-01
4.005969166755676270e-01
8.833192288875579834e-02
5.411386489868164062e-01
4.494262337684631348e-01
1.426990842446684837e-03
0.000000000000000000e+00
0.000000000000000000e+00
2.620131969451904297e-01
3.118789494037628174e-01
3.674820810556411743e-02
5.667845904827117920e-02
7.289195805788040161e-02
2.382228896021842957e-02
3.782249689102172852e-01
1.802093684673309326e-01
1.584587544202804565e-01
1.999297291040420532e-01
2.869310416281223297e-02
4.322313144803047180e-02
7.127637267112731934e-01
3.737809956073760986e-01
0.000000000000000000e+00
3.279979340732097626e-03
1.298458218574523926e+00
1.074955239892005920e-01
7.224898934364318848e-01
0.000000000000000000e+00
4.414544701576232910e-01
5.472875833511352539e-01
1.683879876509308815e-03
1.374772936105728149e-01
