2.190772444009780884e-03
1.107144281268119812e-01
6.380742043256759644e-02
1.369920849800109863e+00
2.272282391786575317e-01
0.000000000000000000e+00
5.338090658187866211e-01
2.056428492069244385e-01
9.479727745056152344e-01
4.669969558715820312e+00
3.300726041197776794e-02
1.597057445906102657e-03
4.402821883559226990e-02
2.272441238164901733e-01
3.483364582061767578e-01
6.163827776908874512e-01
1.371421366930007935e-01
0.000000000000000000e+00
1.247690916061401367e-01
1.516581535339355469e+00
2.048808932304382324e-01
1.342521607875823975e-01
1.616933196783065796e-02
7.176671642810106277e-03
4.888638854026794434e-02
8.249866962432861328e-01
3.364181816577911377e-01
1.070040557533502579e-02
5.359025001525878906e-01
2.549406588077545166e-01
5.764600038528442383e-01
2.585831582546234131e-01
5.539343133568763733e-02
6.883334368467330933e-02
3.354600369930267334e-01
2.957005500793457031e-01
0.000000000000000000e+00
1.378696858882904053e-01
7.834284007549285889e-02
3.148906677961349487e-02
1.759570986032485962e-01
2.047541290521621704e-01
5.193331278860569000e-03
1.595522880554199219e+00
0.000000000000000000e+00
2.433414906263351440e-01
1.582689285278320312e-01
8.994941599667072296e-03
3.925937712192535400e-01
3.172921836376190186e-01
0.000000000000000000e+00
1.475100964307785034e-01
1.687532514333724976e-01
2.588709071278572083e-02
1.510626524686813354e-01
1.013626530766487122e-01
5.552309006452560425e-02
0.000000000000000000e+00
8.466098457574844360e-02
6.205060705542564392e-02
4.403750896453857422e+00
1.466848403215408325e-01
7.284851074218750000e-01
7.431061565876007080e-02
8.742722272872924805e-01
5.372911691665649414e-01
6.187505722045898438e-01
5.536707043647766113e-01
2.121137268841266632e-02
3.694353997707366943e-02
1.040119081735610962e-01
1.032489895820617676e+00
2.024913020431995392e-02
9.758018851280212402e-01
9.805507063865661621e-01
1.076477169990539551e-01
1.826485514640808105e+00
1.049703061580657959e-01
1.720506668090820312e+00
9.968503564596176147e-02
3.101989626884460449e-01
8.507617749273777008e-03
1.472902595996856689e-01
4.711864292621612549e-01
3.114367723464965820e+00
2.446826994419097900e-01
3.314933776855468750e-01
1.389968991279602051e-01
3.621540367603302002e-01
1.530732065439224243e-01
9.496989250183105469e-01
4.586209729313850403e-02
4.136624187231063843e-02
0.000000000000000000e+00
1.354316174983978271e-01
3.602552041411399841e-02
1.120729446411132812e+00
7.861599922180175781e-01
1.946604847908020020e-01
8.859980106353759766e-01
0.000000000000000000e+00
1.015931725502014160e+00
3.049617409706115723e-01
8.307146430015563965e-01
0.000000000000000000e+00
4.623287618160247803e-01
1.617559939622879028e-01
1.162553876638412476e-01
2.291330695152282715e-02
1.507226467132568359e+00
0.000000000000000000e+00
1.327683776617050171e-01
4.896789193153381348e-01
1.045238137245178223e+00
5.484890565276145935e-02
4.408846609294414520e-03
2.413990050554275513e-01
1.707551777362823486e-01
8.904732763767242432e-02
7.914981245994567871e-02
1.518163919448852539e+00
9.003113508224487305e-01
1.301106929779052734e+00
8.825387060642242432e-02
1.077165976166725159e-01
2.908151410520076752e-02
3.091748356819152832e-01
2.760079456493258476e-03
3.830929994583129883e-01
6.836848706007003784e-02
5.725251394324004650e-04
0.000000000000000000e+00
2.339157611131668091e-01
8.769581317901611328e-01
1.428714245557785034e-01
0.000000000000000000e+00
9.551223516464233398e-01
3.881370648741722107e-02
4.785383701324462891e+00
1.179377436637878418e-01
1.474865674972534180e+00
5.862620472908020020e-01
3.467564582824707031e-01
6.109035015106201172e-01
2.570921778678894043e-01
4.965704306960105896e-02
2.929225005209445953e-02
1.181933730840682983e-01
4.093612432479858398e-01
5.603909865021705627e-02
5.165111273527145386e-02
2.203161269426345825e-01
0.000000000000000000e+00
0.000000000000000000e+00
2.355930954217910767e-01
0.000000000000000000e+00
2.357054203748703003e-01
8.725155889987945557e-02
4.613776225596666336e-03
2.652673721313476562e-01
2.588413655757904053e-01
5.589249134063720703e-01
3.553353250026702881e-01
6.611704826354980469e-02
1.968683451414108276e-01
6.575241088867187500e-01
1.597755029797554016e-02
0.000000000000000000e+00
1.191166043281555176e+00
3.869944214820861816e-01
1.749430745840072632e-01
2.350206971168518066e-01
3.053626716136932373e-01
3.452502787113189697e-01
1.895103901624679565e-01
0.000000000000000000e+00
0.000000000000000000e+00
2.512844651937484741e-02
1.792970001697540283e-01
2.423517256975173950e-01
2.422527819871902466e-01
8.824414610862731934e-01
1.305741518735885620e-01
1.071303963661193848e+00
0.000000000000000000e+00
4.423006772994995117e-01
4.877303242683410645e-01
0.000000000000000000e+00
1.614444851875305176e-01
4.697088003158569336e-01
5.663068294525146484e-01
3.398154973983764648e-01
2.433433979749679565e-01
8.289607167243957520e-01
0.000000000000000000e+00
4.837075471878051758e-01
9.640080481767654419e-02
2.727906703948974609e-01
1.951941996812820435e-01
2.985265552997589111e-01
2.941627800464630127e-02
4.591928720474243164e-01
0.000000000000000000e+00
1.347413212060928345e-01
1.994645595550537109e-01
5.254564881324768066e-01
7.225390523672103882e-02
1.159824490547180176e+00
2.373800985515117645e-02
7.913473993539810181e-03
1.765460819005966187e-01
5.320215225219726562e-02
1.990013755857944489e-02
1.739182323217391968e-01
0.000000000000000000e+00
3.008736856281757355e-02
1.158072426915168762e-01
1.185798764228820801e+00
1.001758649945259094e-01
4.091248661279678345e-02
9.255236387252807617e-02
3.323949128389358521e-02
6.316968053579330444e-02
2.701031975448131561e-02
7.297990377992391586e-03
2.038495428860187531e-02
4.141291975975036621e-02
3.937299922108650208e-02
1.212591901421546936e-01
1.344131380319595337e-01
5.334096495062112808e-03
3.820726573467254639e-01
1.585304141044616699e-01
9.496176242828369141e-02
4.962798953056335449e-01
9.297177940607070923e-02
0.000000000000000000e+00
5.477799177169799805e-01
3.316477173939347267e-03
0.000000000000000000e+00
1.201468780636787415e-01
6.843165960162878036e-03
3.136052051559090614e-03
4.005814492702484131e-01
3.687478974461555481e-02
4.633958041667938232e-01
0.000000000000000000e+00
3.430316224694252014e-02
5.053190886974334717e-02
1.450713444501161575e-02
7.792140245437622070e-01
1.023802518844604492e+00
1.231313109397888184e+00
0.000000000000000000e+00
8.547516167163848877e-02
7.092515379190444946e-02
9.669026359915733337e-03
2.914536744356155396e-02
2.035433948040008545e-01
9.366621971130371094e-01
3.557501733303070068e-01
7.731498777866363525e-02
9.403734803199768066e-01
4.711357057094573975e-01
7.183695435523986816e-01
1.234283447265625000e-01
0.000000000000000000e+00
1.592000007629394531e+00
5.992394089698791504e-01
5.032424330711364746e-01
4.868852198123931885e-01
1.553774595260620117e+00
1.806985288858413696e-01
2.688846290111541748e-01
2.742046117782592773e-01
2.999240875244140625e+00
5.937809869647026062e-02
7.269140332937240601e-02
2.543301105499267578e+00
4.473325982689857483e-02
6.805051863193511963e-02
0.000000000000000000e+00
2.909080684185028076e-01
5.117956548929214478e-02
1.209537163376808167e-01
1.271603345870971680e+00
3.964788047596812248e-04
8.507859110832214355e-01
1.745481014251708984e+00
1.013737991452217102e-01
7.956497073173522949e-01
5.940912365913391113e-01
0.000000000000000000e+00
9.945379197597503662e-02
0.000000000000000000e+00
2.066444456577301025e-01
8.977013826370239258e-02
0.000000000000000000e+00
0.000000000000000000e+00
2.070096321403980255e-02
1.226205751299858093e-01
4.187957942485809326e-01
4.033303856849670410e-01
4.294425621628761292e-02
3.304206579923629761e-02
2.987562716007232666e-01
1.666141748428344727e-01
9.354607015848159790e-02
8.862037956714630127e-02
1.395481918007135391e-02
1.763038635253906250e-01
5.577861070632934570e-01
4.199682474136352539e-01
3.290962800383567810e-02
2.060275822877883911e-01
1.408072840422391891e-02
9.098912477493286133e-01
1.031554490327835083e-01
0.000000000000000000e+00
1.314732789993286133e+00
0.000000000000000000e+00
0.000000000000000000e+00
2.456370741128921509e-01
7.023103535175323486e-03
3.332720398902893066e-01
2.134173214435577393e-01
8.466754555702209473e-01
1.316352337598800659e-01
2.793806837871670723e-03
1.317294836044311523e+00
1.916543766856193542e-02
8.690053224563598633e-01
2.297016084194183350e-01
8.240080624818801880e-02
2.487775564193725586e+00
5.310271680355072021e-02
1.321789901703596115e-02
1.150191202759742737e-01
7.772805094718933105e-01
9.931994229555130005e-02
4.004148021340370178e-02
2.313808500766754150e-01
1.405715346336364746e-01
2.647179067134857178e-01
5.112959444522857666e-02
0.000000000000000000e+00
8.988034911453723907e-03
3.335478007793426514e-01
1.569398120045661926e-02
1.257245391607284546e-01
1.131804227828979492e+00
3.663846524432301521e-03
5.578350648283958435e-02
3.593870671465992928e-03
5.063319206237792969e-01
1.661354303359985352e-01
3.721850216388702393e-01
2.289132028818130493e-01
7.018525004386901855e-01
2.120750248432159424e-01
1.955314427614212036e-01
5.020035058259963989e-02
4.380878210067749023e-01
0.000000000000000000e+00
5.351437255740165710e-02
5.505593419075012207e-01
5.009976625442504883e-01
5.739521980285644531e-01
0.000000000000000000e+00
3.272802010178565979e-02
5.360233783721923828e-01
5.229467749595642090e-01
6.113877147436141968e-02
4.153415933251380920e-02
8.107592910528182983e-02
1.178955286741256714e-02
1.066303551197052002e-01
0.000000000000000000e+00
2.956143379211425781e+00
3.641837090253829956e-02
5.690441131591796875e-01
3.070742607116699219e+00
4.575196206569671631e-01
1.023451685905456543e-01
6.637504696846008301e-01
1.895015090703964233e-01
0.000000000000000000e+00
0.000000000000000000e+00
6.352592110633850098e-01
2.887873351573944092e-01
8.183438181877136230e-01
2.551193535327911377e-01
2.712900005280971527e-02
0.000000000000000000e+00
4.455511569976806641e-01
4.192989766597747803e-01
7.401166558265686035e-01
4.481175169348716736e-02
1.776483282446861267e-02
1.663683801889419556e-01
2.712040245532989502e-01
4.859493579715490341e-03
1.880364716053009033e-01
1.133087635040283203e+00
4.079069569706916809e-02
7.413750290870666504e-01
1.165986582636833191e-01
3.005180120468139648e+00
1.124322652816772461e+00
0.000000000000000000e+00
1.876558065414428711e+00
5.744446441531181335e-02
5.591289997100830078e-01
5.550905130803585052e-03
5.007143616676330566e-01
9.101354517042636871e-03
1.219038888812065125e-01
1.319121271371841431e-01
0.000000000000000000e+00
1.308399081230163574e+00
0.000000000000000000e+00
2.122230678796768188e-01
0.000000000000000000e+00
1.268980801105499268e-01
0.000000000000000000e+00
1.169309020042419434e+00
2.314139842987060547e+00
0.000000000000000000e+00
3.505651950836181641e-01
2.102877348661422729e-01
2.657364606857299805e+00
5.670807957649230957e-01
2.837140560150146484e+00
1.016298294067382812e+00
2.932711504399776459e-03
7.216750383377075195e-01
1.393314242362976074e+00
9.538453072309494019e-02
4.105202853679656982e-02
8.337157219648361206e-02
3.003713786602020264e-01
4.760696887969970703e-01
2.338973432779312134e-02
5.870663523674011230e-01
4.223399609327316284e-02
8.284134864807128906e-01
6.671415269374847412e-02
2.575434744358062744e-01
5.953566730022430420e-02
4.937517270445823669e-02
1.638198971748352051e+00
4.317717254161834717e-01
1.681856364011764526e-01
8.679583668708801270e-01
1.823097467422485352e-01
1.448387265205383301e+00
2.377373427152633667e-01
1.091812849044799805e-01
1.032597064971923828e+00
0.000000000000000000e+00
1.112291440367698669e-01
6.828348040580749512e-01
8.054009824991226196e-02
2.720035910606384277e-01
2.282347232103347778e-01
1.842632740736007690e-01
2.131449580192565918e-01
1.854935288429260254e-02
1.669608950614929199e-01
5.998101830482482910e-01
7.650307565927505493e-02
2.977336943149566650e-01
8.817843347787857056e-02
4.978891909122467041e-01
1.383859753608703613e+00
1.356063783168792725e-01
0.000000000000000000e+00
8.747809529304504395e-01
5.585985779762268066e-01
1.048609614372253418e+00
0.000000000000000000e+00
3.644110634922981262e-02
6.564257144927978516e-01
6.444580554962158203e-01
5.608268976211547852e-01
0.000000000000000000e+00
9.808660298585891724e-02
0.000000000000000000e+00
3.687988221645355225e-01
2.518407106399536133e-01
9.557507932186126709e-03
5.694423317909240723e-01
1.007659882307052612e-01
4.687555134296417236e-01
6.465445458889007568e-02
1.739213466644287109e-01
5.027306675910949707e-01
7.717323899269104004e-01
1.330082774162292480e+00
9.339039772748947144e-02
0.000000000000000000e+00
2.127009779214859009e-01
2.099924236536026001e-01
4.905632813461124897e-04
9.337700605392456055e-01
1.602878123521804810e-01
2.325596064329147339e-01
7.001007795333862305e-01
5.324956402182579041e-02
2.311675250530242920e-01
1.810949206352233887e+00
5.281209573149681091e-02
1.717633247375488281e+00
3.362267911434173584e-01
1.054376840591430664e+00
7.434193789958953857e-02
6.728798896074295044e-02
2.694251298904418945e+00
0.000000000000000000e+00
1.088678389787673950e-01
1.150688529014587402e+00
2.166794240474700928e-01
4.377752542495727539e-01
6.551359295845031738e-01
0.000000000000000000e+00
3.812960147857666016e+00
0.000000000000000000e+00
9.599498659372329712e-02
2.154673337936401367e-01
7.351742684841156006e-02
2.791729271411895752e-01
1.169400572776794434e+00
3.524442911148071289e+00
2.718677558004856110e-02
1.420725584030151367e+00
1.299067616462707520e+00
0.000000000000000000e+00
9.141270518302917480e-01
0.000000000000000000e+00
9.619176387786865234e-01
0.000000000000000000e+00
1.774421036243438721e-01
1.772425651550292969e+00
7.576791942119598389e-02
1.597930788993835449e-01
3.084742426872253418e-01
1.770144462585449219e+00
4.878610372543334961e-01
5.862128920853137970e-03
1.120663881301879883e+00
0.000000000000000000e+00
1.403561085462570190e-01
4.683020114898681641e-01
0.000000000000000000e+00
1.256728321313858032e-01
1.142381355166435242e-01
4.386357665061950684e-01
4.885782487690448761e-03
5.325385928153991699e-01
6.465016603469848633e-01
1.159861803054809570e+00
1.086304243654012680e-02
2.704389393329620361e-01
1.191263675689697266e+00
1.141144055873155594e-02
0.000000000000000000e+00
2.040137797594070435e-01
0.000000000000000000e+00
7.931318879127502441e-02
5.070854425430297852e-01
3.354997932910919189e-01
8.715146780014038086e-02
6.266754865646362305e-02
7.710631191730499268e-02
5.176190137863159180e-01
3.941440209746360779e-02
2.943456871435046196e-03
3.528070151805877686e-01
3.999936860054731369e-03
8.926270902156829834e-02
1.634052693843841553e-01
9.558953046798706055e-01
7.903698831796646118e-02
2.300522327423095703e-01
0.000000000000000000e+00
3.490852192044258118e-02
1.459616702049970627e-02
3.043742477893829346e-02
9.714335203170776367e-02
4.146330356597900391e-01
1.226414084434509277e+00
1.039383560419082642e-01
1.275898665189743042e-01
2.761546969413757324e-01
1.102397814393043518e-01
1.552293002605438232e-01
1.634431034326553345e-01
1.219672799110412598e+00
4.901950955390930176e-01
2.892717123031616211e-01
1.154784262180328369e-01
0.000000000000000000e+00
3.956520929932594299e-02
4.652479171752929688e+00
1.304891347885131836e+00
2.827542461454868317e-02
2.301130741834640503e-01
3.305836617946624756e-01
2.193389385938644409e-01
1.037179008126258850e-01
7.726617902517318726e-02
0.000000000000000000e+00
5.048620104789733887e-01
4.119636025279760361e-03
3.629567921161651611e-01
1.175280570983886719e+00
1.575086265802383423e-02
1.960571408271789551e-01
7.410016655921936035e-02
6.778172403573989868e-02
8.373602293431758881e-03
0.000000000000000000e+00
1.670023798942565918e-01
1.079023163765668869e-02
3.663805723190307617e-01
1.403671801090240479e-01
2.486767470836639404e-01
1.299320340156555176e+00
2.964273840188980103e-02
3.333076238632202148e-01
2.163924425840377808e-01
4.483140408992767334e-01
5.313260555267333984e-01
1.642235964536666870e-01
1.548401117324829102e-01
1.062616035342216492e-01
9.996585547924041748e-03
1.163151383399963379e+00
9.895126223564147949e-01
2.055900730192661285e-02
5.037351697683334351e-02
2.088363885879516602e+00
1.376528292894363403e-01
0.000000000000000000e+00
3.846167027950286865e-01
1.270395517349243164e+00
4.336766898632049561e-02
2.053611576557159424e-01
5.074283480644226074e-01
7.535778880119323730e-01
1.143478974699974060e-01
2.487161196768283844e-03
6.340405344963073730e-01
1.910596132278442383e+00
8.373740315437316895e-02
1.470090299844741821e-01
4.352569580078125000e-02
2.344026714563369751e-01
7.695567910559475422e-04
3.210963726043701172e+00
2.544559478759765625e+00
9.899211674928665161e-02
1.542553186416625977e+00
4.259705916047096252e-02
5.227620154619216919e-02
7.947111874818801880e-02
3.481478691101074219e-01
0.000000000000000000e+00
4.127188026905059814e-01
2.743358910083770752e-01
2.224365174770355225e-01
3.087804615497589111e-01
0.000000000000000000e+00
3.919211924076080322e-01
1.393759273923933506e-03
1.695569396018981934e+00
5.717483162879943848e-01
0.000000000000000000e+00
6.347738504409790039e-01
6.922819465398788452e-02
0.000000000000000000e+00
3.513603508472442627e-01
7.524576783180236816e-02
1.557847857475280762e-01
2.625507712364196777e-01
5.475273728370666504e-02
1.034516096115112305e+00
2.868520021438598633e-01
2.576818764209747314e-01
1.103743165731430054e-01
1.251092076301574707e+00
6.141859889030456543e-01
4.992231130599975586e-01
1.115695107728242874e-02
1.443788688629865646e-02
5.953888967633247375e-02
1.710105314850807190e-02
4.205770045518875122e-02
0.000000000000000000e+00
4.039535224437713623e-01
3.402814626693725586e+00
4.371349215507507324e-01
4.434822872281074524e-02
8.712763190269470215e-01
5.043809860944747925e-02
5.022530443966388702e-03
0.000000000000000000e+00
3.086604410782456398e-03
9.870716929435729980e-02
4.283718019723892212e-02
2.082922011613845825e-01
5.973525810986757278e-03
1.420603692531585693e-02
5.547795891761779785e-01
4.919014275074005127e-01
9.115684777498245239e-03
0.000000000000000000e+00
5.080483555793762207e-01
7.657702565193176270e-01
8.885104209184646606e-02
3.993356600403785706e-03
2.860802114009857178e-01
6.189297884702682495e-03
0.000000000000000000e+00
1.277606725692749023e+00
3.444871008396148682e-01
2.454884164035320282e-02
0.000000000000000000e+00
8.854851126670837402e-03
1.901144161820411682e-02
2.032527476549148560e-01
3.396923243999481201e-01
1.101009622216224670e-01
1.389727592468261719e+00
6.668828427791595459e-02
0.000000000000000000e+00
5.478094518184661865e-02
2.515484392642974854e-02
3.571235761046409607e-02
0.000000000000000000e+00
2.602984428405761719e+00
1.276042312383651733e-01
0.000000000000000000e+00
2.108963131904602051e-01
1.335619986057281494e-01
2.931622788310050964e-02
1.740722298622131348e+00
5.962585806846618652e-01
4.157876074314117432e-01
4.565822482109069824e-01
3.408646881580352783e-01
7.354654073715209961e-01
1.682359725236892700e-01
4.555285722017288208e-02
6.427924633026123047e-01
6.290858983993530273e-02
2.334518358111381531e-02
1.638376899063587189e-02
3.706285476684570312e+00
4.669634819030761719e+00
1.052258163690567017e-02
1.834401369094848633e+00
2.893950790166854858e-02
1.416999101638793945e-01
3.857212960720062256e-01
1.022492051124572754e-01
0.000000000000000000e+00
1.097827628254890442e-01
1.742115467786788940e-01
6.734406948089599609e-02
1.219932287931442261e-01
1.301584839820861816e-01
8.142397999763488770e-01
1.555941998958587646e-01
4.858655631542205811e-01
6.658080220222473145e-01
2.545449137687683105e-01
0.000000000000000000e+00
6.105242967605590820e-01
8.817085064947605133e-03
1.042872443795204163e-01
3.152452707290649414e-01
6.988845765590667725e-03
0.000000000000000000e+00
1.479911923408508301e+00
8.644789457321166992e-03
1.557200103998184204e-01
1.887258440256118774e-01
3.924752399325370789e-02
1.051495000720024109e-01
2.767687141895294189e-01
2.436040788888931274e-01
0.000000000000000000e+00
3.613859713077545166e-01
5.070841908454895020e-01
5.143659934401512146e-02
3.950026631355285645e-01
1.343760546296834946e-02
7.961243391036987305e-01
1.268218398094177246e+00
3.488320410251617432e-01
6.738184690475463867e-01
3.183502912521362305e+00
1.121322885155677795e-01
3.448439389467239380e-02
1.114048242568969727e+00
2.850012183189392090e-01
0.000000000000000000e+00
1.275256276130676270e+00
1.156428176909685135e-02
2.871357202529907227e-01
1.536651998758316040e-01
9.974371641874313354e-03
4.169948995113372803e-01
2.301754504442214966e-01
4.853158071637153625e-02
7.086734287440776825e-03
2.684963643550872803e-01
3.585217520594596863e-02
1.569952219724655151e-01
2.820397615432739258e-01
7.020894289016723633e-01
1.267227381467819214e-01
3.077050149440765381e-01
1.306118220090866089e-01
6.831915676593780518e-02
7.210978306829929352e-03
2.908130884170532227e-01
1.584160625934600830e-01
3.474449515342712402e-01
1.762603223323822021e-01
3.438713029026985168e-02
2.664348185062408447e-01
8.816111683845520020e-01
1.020303368568420410e-01
1.030449010431766510e-02
3.980487585067749023e-01
6.144925355911254883e-01
7.786375284194946289e-02
4.357036352157592773e-01
7.180007547140121460e-02
7.613701224327087402e-01
5.321967601776123047e-01
0.000000000000000000e+00
4.699297994375228882e-02
1.190935373306274414e+00
4.043903648853302002e-01
2.568800151348114014e-01
8.745941519737243652e-01
9.714870154857635498e-02
7.191284298896789551e-01
9.580132365226745605e-01
2.359908539801836014e-03
5.643250942230224609e-01
1.033017188310623169e-01
1.405507475137710571e-01
2.871943414211273193e-01
0.000000000000000000e+00
4.333131611347198486e-01
5.087694898247718811e-02
7.557728886604309082e-02
8.518155664205551147e-02
2.273822546005249023e+00
5.164819955825805664e-01
8.297010660171508789e-01
6.925503611564636230e-01
0.000000000000000000e+00
3.337768912315368652e-01
1.342001743614673615e-02
6.634806394577026367e-01
0.000000000000000000e+00
2.357413247227668762e-02
1.458557605743408203e+00
1.239764809608459473e+00
0.000000000000000000e+00
1.009495407342910767e-01
2.925721928477287292e-03
9.395455121994018555e-01
0.000000000000000000e+00
2.108073383569717407e-01
6.450494378805160522e-02
0.000000000000000000e+00
1.086200997233390808e-01
4.093150608241558075e-03
2.204598784446716309e-01
5.060371756553649902e-01
5.103820562362670898e-02
4.486950337886810303e-01
3.747047185897827148e-01
6.580844521522521973e-01
5.920715332031250000e-01
3.183231055736541748e-01
2.997221797704696655e-02
8.660371601581573486e-02
1.674118041992187500e+00
1.008018255233764648e-01
5.626072883605957031e-01
1.080599892884492874e-02
1.168866515159606934e+00
2.461504377424716949e-02
4.724792838096618652e-01
6.600599735975265503e-02
6.203876808285713196e-02
1.321849972009658813e-01
0.000000000000000000e+00
2.661780416965484619e-01
2.304653644561767578e+00
2.002508163452148438e+00
2.863883972167968750e-02
0.000000000000000000e+00
5.443254113197326660e-02
2.726741433143615723e-01
0.000000000000000000e+00
0.000000000000000000e+00
1.665882945060729980e+00
2.396466434001922607e-01
2.560164630413055420e-01
2.154473662376403809e-01
6.185614317655563354e-02
9.701995551586151123e-02
3.849252462387084961e-01
4.046734273433685303e-01
3.944138437509536743e-02
4.743193089962005615e-01
2.885291874408721924e-01
1.163385391235351562e+00
4.789762020111083984e+00
1.543045639991760254e-01
5.215264484286308289e-02
0.000000000000000000e+00
5.778177455067634583e-02
9.223280474543571472e-03
3.026913106441497803e-02
7.030649781227111816e-01
1.890354275703430176e+00
6.705950498580932617e-01
2.302960492670536041e-02
2.154114469885826111e-02
1.425847858190536499e-01
7.211294174194335938e-01
1.084458082914352417e-01
7.604173421859741211e-01
6.178826838731765747e-02
0.000000000000000000e+00
1.128579378128051758e+00
0.000000000000000000e+00
1.037705540657043457e-01
2.497009932994842529e-02
0.000000000000000000e+00
6.205246224999427795e-02
6.907439976930618286e-02
3.344357013702392578e-01
1.189770922064781189e-01
2.817509770393371582e-01
1.327933520078659058e-01
5.477814078330993652e-01
4.377423599362373352e-02
0.000000000000000000e+00
8.377126604318618774e-02
2.915049158036708832e-02
8.564256429672241211e-01
1.545517325401306152e+00
8.687153458595275879e-01
0.000000000000000000e+00
1.842614263296127319e-02
9.878224134445190430e-01
1.729438826441764832e-02
5.595467686653137207e-01
3.786812722682952881e-01
9.960371255874633789e-02
5.912624001502990723e-01
1.259297609329223633e+00
1.144418835639953613e+00
2.197411656379699707e-01
0.000000000000000000e+00
0.000000000000000000e+00
0.000000000000000000e+00
1.192587733268737793e+00
2.469947785139083862e-01
1.745384782552719116e-01
3.956794366240501404e-02
1.257567480206489563e-02
2.130940742790699005e-02
4.157074540853500366e-02
1.502616882324218750e+00
0.000000000000000000e+00
4.764204621315002441e-01
1.471164107322692871e+00
8.529164828360080719e-03
8.585266023874282837e-02
1.459806799888610840e+00
2.814703881740570068e-01
2.797335684299468994e-01
6.339604407548904419e-02
1.368955373764038086e-01
7.100686896592378616e-03
1.237641811370849609e+00
2.029031962156295776e-01
9.374555945396423340e-02
2.588549137115478516e+00
1.488224416971206665e-01
5.727901589125394821e-03
0.000000000000000000e+00
1.125839203596115112e-01
1.057071015238761902e-01
2.351649552583694458e-01
0.000000000000000000e+00
3.006848990917205811e-01
5.234647914767265320e-02
2.406726926565170288e-01
1.478515416383743286e-01
7.139245867729187012e-01
1.995973661541938782e-02
1.174929961562156677e-01
2.776565790176391602e+00
3.421673178672790527e-01
1.354855746030807495e-01
1.720882058143615723e+00
1.644927978515625000e+00
3.302358388900756836e-01
0.000000000000000000e+00
1.700763583183288574e+00
1.073084026575088501e-02
3.044334888458251953e+00
5.225065350532531738e-02
2.676001489162445068e-01
4.901196658611297607e-01
0.000000000000000000e+00
2.761777341365814209e-01
2.850763797760009766e-01
1.582822948694229126e-01
1.985460817813873291e-01
6.642743945121765137e-01
2.664521634578704834e-01
7.558301687240600586e-01
9.012753367424011230e-01
1.334258675575256348e+00
2.770973145961761475e-01
3.541861847043037415e-02
2.271030247211456299e-01
5.194074288010597229e-02
1.613921821117401123e-01
1.780026257038116455e-01
1.263002395629882812e+00
1.898795515298843384e-01
6.030644774436950684e-01
1.564741730690002441e-01
1.177135586738586426e+00
7.027668356895446777e-01
3.474497795104980469e-01
1.150651216506958008e+00
7.986201047897338867e-01
1.579850725829601288e-02
4.108684360980987549e-01
2.667818963527679443e-01
2.920751273632049561e-02
1.839968264102935791e-01
3.361919820308685303e-01
2.315016090869903564e-02
3.849478662014007568e-01
3.730233758687973022e-02
4.001032412052154541e-01
2.184962667524814606e-02
3.717807531356811523e-01
6.133476272225379944e-03
1.047437191009521484e+00
4.378990083932876587e-02
4.174593985080718994e-01
8.592801168560981750e-03
2.990411780774593353e-02
2.648353278636932373e-01
2.232077270746231079e-01
4.065382480621337891e+00
1.569763302803039551e+00
4.376044273376464844e+00
4.362940490245819092e-01
3.098952174186706543e-01
0.000000000000000000e+00
1.449434757232666016e+00
1.497738599777221680e+00
3.502201056107878685e-03
0.000000000000000000e+00
7.049670442938804626e-03
2.500864863395690918e-01
9.176804125308990479e-02
3.841723203659057617e-01
0.000000000000000000e+00
1.620955648832023144e-03
7.310898303985595703e-01
4.101517200469970703e-01
1.087728589773178101e-01
5.143328905105590820e-01
3.190768137574195862e-02
2.034224383533000946e-02
0.000000000000000000e+00
5.759388953447341919e-02
9.364995360374450684e-02
1.005193144083023071e-01
9.278622269630432129e-02
9.950485229492187500e-01
1.121207028627395630e-01
1.405817549675703049e-02
1.253300756216049194e-01
5.624770000576972961e-02
1.101734042167663574e+00
2.819745242595672607e-01
3.987068682909011841e-02
6.798691302537918091e-02
0.000000000000000000e+00
7.315286993980407715e-02
0.000000000000000000e+00
1.820253431797027588e-01
7.431061267852783203e-01
0.000000000000000000e+00
2.518348395824432373e-01
0.000000000000000000e+00
6.573014706373214722e-02
5.051525235176086426e-01
2.564931213855743408e-01
4.532096982002258301e-01
6.329983472824096680e-01
6.170211825519800186e-03
8.590265177190303802e-03
1.624966114759445190e-01
8.616788685321807861e-02
2.407176971435546875e+00
1.505284011363983154e-02
2.804402709007263184e-01
1.444237306714057922e-03
0.000000000000000000e+00
3.711092472076416016e-02
4.352376982569694519e-02
5.543382465839385986e-02
1.460765600204467773e-01
0.000000000000000000e+00
1.880844980478286743e-01
8.042847365140914917e-02
5.106978416442871094e-01
1.584431827068328857e-01
2.291811816394329071e-02
4.832623898983001709e-02
3.458435535430908203e-01
2.335325032472610474e-01
5.734268575906753540e-02
1.023128390312194824e+00
3.617845475673675537e-02
0.000000000000000000e+00
1.712438464164733887e+00
9.468740224838256836e-01
1.204732537269592285e+00
1.644863039255142212e-01
7.277864217758178711e-01
4.331652075052261353e-03
6.936764121055603027e-01
0.000000000000000000e+00
3.386133015155792236e-01
5.461840629577636719e-01
1.542657762765884399e-01
1.306306421756744385e-01
0.000000000000000000e+00
1.628796905279159546e-01
5.307235717773437500e-01
4.550711065530776978e-02
2.159061282873153687e-01
2.944401800632476807e-01
1.153940916061401367e+00
1.592668443918228149e-01
0.000000000000000000e+00
2.937833070755004883e-01
7.121982425451278687e-02
4.769778251647949219e-01
5.603719353675842285e-01
2.163870036602020264e-01
3.879090547561645508e-01
1.531060934066772461e-01
7.683348655700683594e-02
1.478198636323213577e-02
3.103083074092864990e-01
0.000000000000000000e+00
1.674474962055683136e-02
1.351112425327301025e-01
2.622456550598144531e-01
4.824640229344367981e-02
1.419610619544982910e+00
1.858308792114257812e+00
3.155574435368180275e-03
1.876039505004882812e+00
0.000000000000000000e+00
9.068953990936279297e-01
7.049306482076644897e-02
2.422899901866912842e-01
0.000000000000000000e+00
3.458242714405059814e-01
5.902763921767473221e-03
4.482393860816955566e-01
7.326086610555648804e-02
1.684754900634288788e-02
1.265057921409606934e-01
5.988640710711479187e-02
1.059079691767692566e-01
7.672134041786193848e-02
0.000000000000000000e+00
2.820129394531250000e-01
5.156989097595214844e-01
1.356875449419021606e-01
3.065489791333675385e-02
5.245809555053710938e-01
1.770790666341781616e-01
9.587504900991916656e-03
9.274775534868240356e-02
2.692693769931793213e-01
6.697483360767364502e-03
1.976531930267810822e-02
3.613730072975158691e-01
1.514841616153717041e-01
1.934792660176753998e-02
1.918821185827255249e-01
6.512935942737385631e-05
1.353503786958754063e-03
3.807309865951538086e-01
1.613869220018386841e-01
2.464451491832733154e-01
1.611043453216552734e+00
9.750620275735855103e-02
0.000000000000000000e+00
3.591877818107604980e-01
3.854508399963378906e-01
3.382569849491119385e-01
4.204366728663444519e-02
1.993178576231002808e-01
6.240480542182922363e-01
6.350043416023254395e-02
1.238388538360595703e+00
3.923911973834037781e-02
1.810631394386291504e+00
3.749670386314392090e-01
7.402034401893615723e-01
5.373643338680267334e-02
4.368591308593750000e-01
5.496266484260559082e-01
1.020350158214569092e-01
0.000000000000000000e+00
1.660037487745285034e-01
5.132992565631866455e-02
3.358856141567230225e-01
0.000000000000000000e+00
3.361876681447029114e-02
1.902852952480316162e-02
3.552107810974121094e-01
8.256232738494873047e-02
7.085329294204711914e-01
1.591456234455108643e-01
4.362944066524505615e-01
1.397604197263717651e-01
7.011916637420654297e-01
1.271698623895645142e-01
0.000000000000000000e+00
2.289546489715576172e+00
0.000000000000000000e+00
8.871208429336547852e-01
2.092600800096988678e-02
5.018110275268554688e-01
7.189897894859313965e-01
6.571500897407531738e-01
0.000000000000000000e+00
0.000000000000000000e+00
1.532284356653690338e-02
8.731641573831439018e-04
1.801179200410842896e-01
0.000000000000000000e+00
4.102250337600708008e-01
9.067488461732864380e-02
1.000420600175857544e-01
3.392248451709747314e-01
5.782431364059448242e-02
1.495413184165954590e+00
9.126136079430580139e-03
1.010401174426078796e-01
3.210550919175148010e-02
2.347423732280731201e-01
3.290807902812957764e-01
1.538545265793800354e-02
0.000000000000000000e+00
1.270885705947875977e+00
4.481245949864387512e-02
4.253897443413734436e-02
4.601025953888893127e-03
2.286427021026611328e-01
8.052525520324707031e-01
1.307199429720640182e-02
1.231287345290184021e-01
5.049149394035339355e-01
0.000000000000000000e+00
0.000000000000000000e+00
1.577106416225433350e-01
1.309932172298431396e-01
2.000136524438858032e-01
8.016747236251831055e-01
6.712818741798400879e-01
9.341108798980712891e-02
4.576235711574554443e-01
6.209960579872131348e-02
1.059791147708892822e-01
1.369118541479110718e-01
2.872106730937957764e-01
8.725138008594512939e-02
2.696740031242370605e-01
3.624241948127746582e-01
1.102692604064941406e+00
4.288288578391075134e-02
0.000000000000000000e+00
1.010238379240036011e-01
1.904438622295856476e-02
5.788731575012207031e-02
5.455821380019187927e-02
5.719351768493652344e-02
1.346095085144042969e+00
4.770071208477020264e-01
2.751489281654357910e-01
4.614300131797790527e-01
7.895228266716003418e-02
6.342346668243408203e-01
1.199301004409790039e+00
0.000000000000000000e+00
1.088545322418212891e+00
5.947317481040954590e-01
2.000680208206176758e+00
1.781702637672424316e-01
2.138168215751647949e-01
1.757506281137466431e-01
6.617260724306106567e-02
3.024804592132568359e-01
5.810958519577980042e-02
4.623349383473396301e-02
1.309981107711791992e+00
2.094504117965698242e+00
0.000000000000000000e+00
1.478188335895538330e-01
1.945491880178451538e-01
1.564925551414489746e+00
8.841226249933242798e-02
1.525254130363464355e+00
1.404483556747436523e+00
3.777915239334106445e+00
1.090962767601013184e+00
3.119082376360893250e-02
6.623751670122146606e-02
1.576580405235290527e-01
1.036898568272590637e-01
1.786856800317764282e-01
2.509772479534149170e-01
2.064776979386806488e-02
2.160555422306060791e-01
3.123185038566589355e-01
1.125457976013422012e-02
2.046778202056884766e-01
2.875822484493255615e-01
3.282204389572143555e+00
4.592493176460266113e-02
1.507607698440551758e+00
8.732045888900756836e-01
1.608122289180755615e-01
1.242252707481384277e+00
1.103905886411666870e-01
1.523191809654235840e+00
0.000000000000000000e+00
5.758509039878845215e-02
2.977313518524169922e+00
1.150501489639282227e+00
4.586306214332580566e-01
4.574599266052246094e-01
1.253398805856704712e-01
6.662979125976562500e-01
1.743752002716064453e+00
2.639483511447906494e-01
4.105388745665550232e-02
6.399500966072082520e-01
4.129907488822937012e-02
1.112915039062500000e+00
1.556030869483947754e+00
2.058970183134078979e-01
1.089577935636043549e-02
6.517680883407592773e-01
1.345636136829853058e-02
1.026694998145103455e-01
9.972807765007019043e-02
9.439417719841003418e-02
2.081494182348251343e-01
8.156180977821350098e-01
1.541189476847648621e-02
8.111404180526733398e-01
4.066050648689270020e-01
3.212638944387435913e-02
5.414734482765197754e-01
2.409635066986083984e+00
9.890277683734893799e-02
1.109191551804542542e-01
9.351406693458557129e-01
1.027285903692245483e-01
1.556052714586257935e-01
2.346292436122894287e-01
9.928388148546218872e-02
5.860373377799987793e-02
2.354270033538341522e-02
1.437452077865600586e+00
9.562474489212036133e-01
4.463721275329589844e+00
0.000000000000000000e+00
4.861140623688697815e-02
7.977839112281799316e-01
1.630639880895614624e-01
0.000000000000000000e+00
8.234562873840332031e-01
5.389403924345970154e-02
3.388404613360762596e-03
1.033426374197006226e-01
0.000000000000000000e+00
4.294763877987861633e-02
2.720739319920539856e-02
9.304600954055786133e-01
1.342490017414093018e-01
1.047419570386409760e-02
7.706876844167709351e-02
1.204164251685142517e-01
1.121157646179199219e+00
9.876588732004165649e-02
0.000000000000000000e+00
1.723663359880447388e-01
0.000000000000000000e+00
0.000000000000000000e+00
5.051041487604379654e-03
3.077463805675506592e-02
9.473962783813476562e-01
2.118919789791107178e-02
4.995826780796051025e-01
3.636906862258911133e+00
0.000000000000000000e+00
1.731127262115478516e+00
9.402367472648620605e-01
1.768622919917106628e-02
1.493584662675857544e-01
3.028632700443267822e-01
6.564610451459884644e-02
0.000000000000000000e+00
5.383699759840965271e-02
4.103391468524932861e-01
3.721547365188598633e+00
1.800169646739959717e-01
3.472334742546081543e-01
3.143832981586456299e-01
4.065088629722595215e-01
2.130734622478485107e-01
2.936442941427230835e-02
1.098120734095573425e-01
1.227176070213317871e+00
1.561966300010681152e+00
1.635365337133407593e-01
4.869450032711029053e-01
1.134585738182067871e-01
0.000000000000000000e+00
1.426138132810592651e-01
2.182091325521469116e-01
1.414245963096618652e-01
8.050289750099182129e-01
2.574953250586986542e-02
0.000000000000000000e+00
4.291213154792785645e-01
2.370745539665222168e-01
2.577539682388305664e-01
1.065517306327819824e+00
1.251987457275390625e+00
8.360099047422409058e-02
7.264561951160430908e-02
3.786032199859619141e-01
4.272940754890441895e-01
4.499134123325347900e-01
3.763363882899284363e-02
1.987330615520477295e-02
6.266423314809799194e-02
2.200580835342407227e+00
3.540029749274253845e-03
6.087530404329299927e-02
9.419398754835128784e-02
1.132031232118606567e-01
4.907583817839622498e-02
2.768354177474975586e+00
1.835611313581466675e-01
4.469591975212097168e-01
1.212151348590850830e-02
1.223443746566772461e+00
3.864060342311859131e-01
2.197768688201904297e-01
4.169219136238098145e-01
1.466983914375305176e+00
1.115568727254867554e-01
1.794671058654785156e+00
8.702465146780014038e-02
3.777152895927429199e-01
0.000000000000000000e+00
2.012601792812347412e-01
1.531833052635192871e+00
2.655630409717559814e-01
1.807215623557567596e-02
1.927343845367431641e+00
1.363327503204345703e-01
3.115629078820347786e-03
1.935063153505325317e-01
1.668853163719177246e+00
8.055852726101875305e-03
1.455814838409423828e-01
3.273156583309173584e-01
1.111618150025606155e-02
5.543128252029418945e-01
1.980144381523132324e-01
1.783419996500015259e-01
1.198851540684700012e-01
3.516560792922973633e-01
1.745220065116882324e+00
1.520851105451583862e-01
2.021037489175796509e-01
7.293075323104858398e-02
1.137586593627929688e+00
2.284315600991249084e-02
1.684760600328445435e-01
1.817802339792251587e-01
2.137059211730957031e+00
2.533532619476318359e+00
1.030569314956665039e+00
6.185208559036254883e-01
1.564305722713470459e-01
2.270181179046630859e-01
5.389844775199890137e-01
1.971143186092376709e-01
1.455615401268005371e+00
2.630581855773925781e-01
2.006900012493133545e-01
2.697080746293067932e-02
3.817569613456726074e-01
3.182531893253326416e-01
4.409699440002441406e-01
7.304646819829940796e-02
2.171091794967651367e+00
8.735077455639839172e-03
7.056604623794555664e-01
6.918085217475891113e-01
2.500884532928466797e-01
0.000000000000000000e+00
8.383633196353912354e-02
1.911873184144496918e-02
9.961245954036712646e-02
2.269445657730102539e+00
1.054565515369176865e-02
0.000000000000000000e+00
2.294926941394805908e-01
1.977605968713760376e-01
3.569663166999816895e-01
3.758134553208947182e-03
1.673482544720172882e-02
4.978086426854133606e-02
7.157313823699951172e-01
1.100941300392150879e+00
1.978688120841979980e+00
2.276541292667388916e-01
6.221976280212402344e-01
1.618674397468566895e-01
4.868975579738616943e-01
1.158231645822525024e-01
2.158517122268676758e+00
0.000000000000000000e+00
1.590822935104370117e+00
2.274440765380859375e+00
6.716145575046539307e-02
3.420750051736831665e-02
2.019612044095993042e-01
0.000000000000000000e+00
2.318236678838729858e-01
4.801558554172515869e-01
1.032115221023559570e-01
2.664621770381927490e-01
2.132599502801895142e-01
1.583290576934814453e+00
4.984890460968017578e+00
1.663428843021392822e-01
1.056729108095169067e-01
1.700781285762786865e-01
1.796718835830688477e-01
4.038567095994949341e-02
2.933940151706337929e-03
1.046818017959594727e+00
6.275476813316345215e-01
9.101890027523040771e-02
0.000000000000000000e+00
0.000000000000000000e+00
3.851536214351654053e-01
7.300055623054504395e-01
1.053037308156490326e-02
4.334383085370063782e-02
1.157554984092712402e-01
1.360557675361633301e-01
2.474197894334793091e-01
1.856869161128997803e-01
6.583806872367858887e-01
9.794220924377441406e-01
2.989374995231628418e-01
0.000000000000000000e+00
7.189639844000339508e-03
9.661844931542873383e-03
5.951690077781677246e-01
8.906773477792739868e-02
1.355663537979125977e-01
6.270147562026977539e-01
3.311714231967926025e-01
3.477070331573486328e-01
5.557570457458496094e-01
1.528933830559253693e-02
1.060936808586120605e+00
3.375725150108337402e-01
6.517863273620605469e-01
3.882350574713200331e-04
7.812215946614742279e-03
5.615265369415283203e-01
2.928383946418762207e-01
7.160992622375488281e-01
3.971222341060638428e-01
7.391311526298522949e-01
0.000000000000000000e+00
1.520498842000961304e-01
4.976784884929656982e-01
1.944275736808776855e+00
5.662121996283531189e-02
1.344348788261413574e-01
5.897024646401405334e-02
3.980865478515625000e-01
7.664743810892105103e-02
3.207136869430541992e+00
0.000000000000000000e+00
3.222732990980148315e-02
0.000000000000000000e+00
1.773989573121070862e-02
7.132610678672790527e-01
3.205339238047599792e-02
5.432760119438171387e-01
6.008632481098175049e-02
1.182759165763854980e+00
6.383696794509887695e-01
8.452800661325454712e-02
1.574595086276531219e-02
6.162805557250976562e-01
4.271660000085830688e-02
1.243608817458152771e-01
1.434151530265808105e-01
1.814027726650238037e-01
6.360239349305629730e-04
0.000000000000000000e+00
2.006829082965850830e-01
1.097107157111167908e-01
3.303287029266357422e-01
5.848270654678344727e-02
1.944840848445892334e-01
4.842330515384674072e-01
7.323666475713253021e-03
0.000000000000000000e+00
2.976000010967254639e-01
4.764384776353836060e-02
5.584490951150655746e-03
5.598218441009521484e-01
2.407549381256103516e+00
2.360014244914054871e-02
6.019979119300842285e-01
2.098411023616790771e-01
4.358268901705741882e-02
9.821157157421112061e-02
3.697746619582176208e-02
1.780638843774795532e-01
1.025554686784744263e-01
1.589348018169403076e-01
1.381720304489135742e-01
1.340849548578262329e-01
2.559286952018737793e-01
0.000000000000000000e+00
1.354429870843887329e-01
0.000000000000000000e+00
4.475397109985351562e+00
0.000000000000000000e+00
0.000000000000000000e+00
2.065043300390243530e-01
2.015849575400352478e-02
7.466911673545837402e-01
9.791307896375656128e-02
1.369690380670363083e-05
2.614154219627380371e-01
1.114569664001464844e+00
2.382184565067291260e-01
1.103115081787109375e-01
1.761053919792175293e+00
6.312240660190582275e-02
4.456536471843719482e-01
6.011538580060005188e-02
0.000000000000000000e+00
8.728256449103355408e-03
2.523262500762939453e+00
4.235132932662963867e-01
1.051321864128112793e+00
6.259038299322128296e-02
1.989149115979671478e-02
4.890122637152671814e-02
2.027040347456932068e-02
4.486298561096191406e-01
3.237066417932510376e-02
7.641816511750221252e-03
0.000000000000000000e+00
2.476536512374877930e+00
3.419610559940338135e-01
7.686512172222137451e-02
2.173005342483520508e-01
2.512138150632381439e-02
4.143362641334533691e-01
1.956497788429260254e+00
1.157564595341682434e-01
1.180234253406524658e-01
6.819715257734060287e-03
3.411260843276977539e+00
1.296224165707826614e-02
4.208177328109741211e-02
1.939107477664947510e-01
1.581959873437881470e-01
0.000000000000000000e+00
3.317854106426239014e-01
7.572368532419204712e-02
3.766837343573570251e-02
4.176441431045532227e-01
1.183522194623947144e-01
6.366395950317382812e-02
2.015416882932186127e-02
0.000000000000000000e+00
2.973818182945251465e-01
5.780341029167175293e-01
7.241757586598396301e-03
9.340558946132659912e-02
1.605891436338424683e-02
0.000000000000000000e+00
1.993893235921859741e-01
0.000000000000000000e+00
0.000000000000000000e+00
6.096148490905761719e-02
2.919850349426269531e-01
5.937975645065307617e-01
3.083551675081253052e-02
0.000000000000000000e+00
9.355604052543640137e-01
1.655888259410858154e-01
2.916199564933776855e-01
4.106070101261138916e-02
2.305712737143039703e-02
7.602341473102569580e-02
7.733408361673355103e-02
3.323432683944702148e+00
0.000000000000000000e+00
0.000000000000000000e+00
2.828209102153778076e-01
0.000000000000000000e+00
1.630116552114486694e-01
2.536909341812133789e+00
2.601614892482757568e-01
2.501631677150726318e-01
4.382219016551971436e-01
6.584203839302062988e-01
5.884094536304473877e-02
1.037072062492370605e+00
6.176927685737609863e-01
5.471875667572021484e-01
8.487542159855365753e-03
6.133720874786376953e-01
1.806261092424392700e-01
0.000000000000000000e+00
0.000000000000000000e+00
3.603620454668998718e-02
7.191045284271240234e-01
3.102050423622131348e-01
6.063340306282043457e-01
1.396073579788208008e+00
4.991690628230571747e-03
2.891439497470855713e-01
9.218797087669372559e-02
2.562019824981689453e-01
2.027116119861602783e-01
2.113477587699890137e-01
3.254847049713134766e+00
0.000000000000000000e+00
3.441958129405975342e-01
3.580583492293953896e-03
4.929613471031188965e-01
6.469841301441192627e-02
5.589487496763467789e-03
3.498444855213165283e-01
2.125043272972106934e-01
5.287669226527214050e-02
1.105985864996910095e-01
0.000000000000000000e+00
1.724241733551025391e+00
0.000000000000000000e+00
1.969320923089981079e-01
1.251322746276855469e+00
9.883753657341003418e-01
4.125462844967842102e-02
0.000000000000000000e+00
1.337694078683853149e-01
4.007939249277114868e-02
8.152725547552108765e-02
2.489398002624511719e+00
3.493851721286773682e-01
3.360122442245483398e-01
1.331599652767181396e-01
0.000000000000000000e+00
2.484477311372756958e-02
3.734674751758575439e-01
0.000000000000000000e+00
3.527518808841705322e-01
1.292564272880554199e+00
2.497528940439224243e-01
2.017224021255970001e-02
0.000000000000000000e+00
2.765076234936714172e-02
4.895689189434051514e-01
1.552155911922454834e-01
8.507514595985412598e-01
1.643815934658050537e-01
7.308703660964965820e-02
0.000000000000000000e+00
8.751695752143859863e-01
3.294054567813873291e-01
2.520159780979156494e-01
1.176642905920743942e-02
1.151001811027526855e+00
8.846655488014221191e-02
3.934358060359954834e-01
0.000000000000000000e+00
3.275338411331176758e-01
3.727600574493408203e-01
4.171585440635681152e-01
3.916743397712707520e-02
0.000000000000000000e+00
1.082278013229370117e+00
7.638963460922241211e-01
9.974386543035507202e-02
2.925512194633483887e-02
9.245762825012207031e-01
2.058488726615905762e-01
3.372029960155487061e-01
5.404757801443338394e-03
6.752598285675048828e-01
5.845853127539157867e-03
8.767850995063781738e-01
1.989559084177017212e-01
3.397629261016845703e-01
1.412483096122741699e+00
5.595539137721061707e-02
8.164271712303161621e-02
4.262493923306465149e-02
8.265874534845352173e-02
1.463996469974517822e-01
8.051518201828002930e-01
6.287128198891878128e-03
9.122978895902633667e-02
1.237626373767852783e-01
1.089170694351196289e+00
5.412086844444274902e-01
1.187743842601776123e-01
8.582239151000976562e-01
1.627234935760498047e+00
1.433569286018610001e-02
9.869193434715270996e-01
5.771322548389434814e-02
8.844785094261169434e-01
9.247672557830810547e-02
3.945842012763023376e-02
8.284071832895278931e-02
3.002440690994262695e+00
1.519322276115417480e+00
7.185295224189758301e-01
3.906858861446380615e-01
3.450825214385986328e-01
4.174365699291229248e-01
5.798705294728279114e-02
3.612533807754516602e-01
4.027533903717994690e-02
2.250878512859344482e-01
2.704653739929199219e-01
2.448325604200363159e-01
1.071477890014648438e+00
3.866231301799416542e-03
3.420889750123023987e-02
1.720208860933780670e-02
1.445797324180603027e+00
1.236806884407997131e-01
5.257770419120788574e-01
2.392756342887878418e-01
2.559339106082916260e-01
4.733914509415626526e-03
1.934720277786254883e-01
1.390963327139616013e-02
3.408346474170684814e-01
2.320492416620254517e-01
5.996967665851116180e-03
2.238435596227645874e-01
1.344359070062637329e-01
4.483241587877273560e-02
2.141484737396240234e+00
1.386086046695709229e-01
1.855596601963043213e-01
2.826501242816448212e-02
8.418561816215515137e-01
1.130678534507751465e+00
6.616171449422836304e-03
6.191857159137725830e-03
8.041049540042877197e-02
5.205672606825828552e-02
1.039741486310958862e-01
1.497087161988019943e-02
9.775907397270202637e-01
1.467202305793762207e-01
8.226428627967834473e-01
1.015584468841552734e+00
3.906328976154327393e-02
1.583927273750305176e-01
3.438712954521179199e-01
6.890551000833511353e-02
2.624688446521759033e-01
0.000000000000000000e+00
3.044915944337844849e-02
6.553465127944946289e-02
1.653319835662841797e+00
7.429901957511901855e-01
1.131508469581604004e+00
3.917994350194931030e-02
4.682118594646453857e-01
5.862854421138763428e-02
6.162511706352233887e-01
7.834210991859436035e-02
1.235687881708145142e-01
4.066393151879310608e-02
1.915741525590419769e-02
1.573357701301574707e+00
2.844566702842712402e-01
3.929612785577774048e-02
2.717429995536804199e-01
0.000000000000000000e+00
1.375416852533817291e-02
3.112741410732269287e-01
1.294075604528188705e-02
1.761510372161865234e-01
2.308385260403156281e-02
5.721278116106987000e-02
1.196706771850585938e+00
2.819617986679077148e-01
1.979980468750000000e-01
1.066932752728462219e-01
0.000000000000000000e+00
5.502593889832496643e-02
3.749589323997497559e-01
6.412663459777832031e-01
1.181143671274185181e-01
2.123194336891174316e-01
1.076015830039978027e+00
1.655231565237045288e-01
3.368822634220123291e-01
9.304598718881607056e-02
4.822239875793457031e-01
7.387931346893310547e-01
6.122853755950927734e-01
6.578676104545593262e-01
1.401459425687789917e-01
9.813594818115234375e-02
3.390792012214660645e-02
0.000000000000000000e+00
2.918907105922698975e-01
6.575533002614974976e-02
1.600028276443481445e-01
1.428487300872802734e-01
6.257658600807189941e-01
2.052743881940841675e-01
0.000000000000000000e+00
2.139019966125488281e-02
5.916624665260314941e-01
2.700953511521220207e-03
7.219140231609344482e-02
4.308831994421780109e-04
1.185874920338392258e-02
6.817200183868408203e-01
9.340219944715499878e-02
1.224017813801765442e-01
0.000000000000000000e+00
4.206504821777343750e-01
3.192130804061889648e+00
4.228424653410911560e-02
5.588815212249755859e-01
1.573942154645919800e-01
9.027938544750213623e-02
3.594914160203188658e-04
2.190804779529571533e-01
6.528666019439697266e-01
8.659909944981336594e-04
9.765967726707458496e-03
2.088866382837295532e-01
1.846655756235122681e-01
3.028059564530849457e-02
3.563859164714813232e-01
2.235379964113235474e-01
1.705149561166763306e-01
2.625345587730407715e-01
2.392864227294921875e-02
1.148366276174783707e-02
7.242619246244430542e-02
1.622219681739807129e-01
0.000000000000000000e+00
9.454825520515441895e-02
1.413251459598541260e-01
9.714078158140182495e-02
3.656483590602874756e-01
1.894307434558868408e-01
2.845163643360137939e-01
0.000000000000000000e+00
3.612386994063854218e-03
0.000000000000000000e+00
1.790714114904403687e-01
7.379106879234313965e-01
6.426333915442228317e-03
7.731904983520507812e-01
0.000000000000000000e+00
1.821181178092956543e-02
1.935477852821350098e+00
1.815404146909713745e-01
6.765241920948028564e-02
9.472447633743286133e-02
1.784824132919311523e-01
3.493025004863739014e-01
0.000000000000000000e+00
3.352009952068328857e-01
0.000000000000000000e+00
2.247661165893077850e-02
1.547680795192718506e-02
1.227598562836647034e-01
5.472870171070098877e-02
0.000000000000000000e+00
1.903767466545104980e+00
2.023418992757797241e-02
7.563848793506622314e-02
9.946485757827758789e-01
