2.713963948190212250e-02
9.441570378839969635e-03
4.530778154730796814e-02
1.113238930702209473e+00
2.151816040277481079e-01
0.000000000000000000e+00
4.453421533107757568e-01
1.766691058874130249e-01
5.129209756851196289e-01
4.700352191925048828e+00
3.609679639339447021e-02
3.626137673854827881e-01
0.000000000000000000e+00
0.000000000000000000e+00
1.182414889335632324e-01
7.892779707908630371e-01
2.585839480161666870e-02
4.238331317901611328e-01
0.000000000000000000e+00
7.790879011154174805e-01
4.311812222003936768e-01
4.326832015067338943e-03
8.887455612421035767e-02
7.259564846754074097e-02
1.908614486455917358e-01
2.568451166152954102e-01
4.274517893791198730e-01
3.115909360349178314e-02
0.000000000000000000e+00
1.014765948057174683e-01
8.709408640861511230e-01
4.880241751670837402e-01
8.350086212158203125e-02
1.776049882173538208e-01
0.000000000000000000e+00
4.844880402088165283e-01
6.602723151445388794e-02
2.084392547607421875e+00
0.000000000000000000e+00
3.764517605304718018e-01
3.329320810735225677e-03
2.009033411741256714e-01
4.771018400788307190e-03
1.001055359840393066e+00
0.000000000000000000e+00
7.044150028377771378e-03
1.089251875877380371e+00
8.877146244049072266e-01
8.102781139314174652e-03
2.122709751129150391e+00
2.423469163477420807e-02
1.316293627023696899e-01
1.718995273113250732e-01
1.609492152929306030e-01
4.065608978271484375e-01
7.566319406032562256e-02
8.217573910951614380e-02
5.421065688133239746e-01
1.356676965951919556e-01
2.369721978902816772e-02
3.864218950271606445e+00
5.813843011856079102e-02
3.539302349090576172e-01
1.835723221302032471e-01
2.307564496994018555e+00
2.409106045961380005e-01
2.661609351634979248e-01
2.417822331190109253e-01
6.078635528683662415e-02
7.030428051948547363e-01
6.137966513633728027e-01
1.479548811912536621e+00
0.000000000000000000e+00
0.000000000000000000e+00
8.359219431877136230e-01
1.331232070922851562e+00
5.429255589842796326e-02
1.273302920162677765e-02
5.954048633575439453e-01
0.000000000000000000e+00
1.501439332962036133e+00
3.782545626163482666e-01
0.000000000000000000e+00
1.661309003829956055e-01
1.396617054939270020e+00
4.602042734622955322e-01
5.952902138233184814e-02
5.748515576124191284e-02
3.726081848144531250e-01
1.654850095510482788e-01
6.887194514274597168e-01
4.324007630348205566e-01
2.395593225955963135e-01
1.384796947240829468e-01
5.787644386291503906e-01
0.000000000000000000e+00
4.311217069625854492e-01
7.328631728887557983e-02
1.182055249810218811e-01
1.152915120124816895e+00
2.124341875314712524e-01
1.425255656242370605e+00
1.356144309043884277e+00
7.775497436523437500e-02
0.000000000000000000e+00
2.819430232048034668e-01
0.000000000000000000e+00
4.625022038817405701e-02
0.000000000000000000e+00
5.834257125854492188e+00
1.898362487554550171e-02
7.597497701644897461e-01
7.630953192710876465e-01
3.123458623886108398e+00
1.269996166229248047e-01
4.318352043628692627e-02
1.557731777429580688e-01
1.242331862449645996e+00
1.850206851959228516e-01
7.134869098663330078e-01
8.211293816566467285e-01
1.407569944858551025e-01
2.274271011352539062e+00
0.000000000000000000e+00
6.333389133214950562e-02
5.160421598702669144e-03
1.255446195602416992e+00
1.700609624385833740e-01
0.000000000000000000e+00
8.144088089466094971e-02
6.161321401596069336e-01
7.334580272436141968e-02
1.320978533476591110e-02
1.415128111839294434e-01
8.031443953514099121e-01
4.451615386642515659e-04
2.212619781494140625e-01
0.000000000000000000e+00
2.982756376266479492e+00
3.645999431610107422e-01
9.419909715652465820e-01
7.596277282573282719e-04
8.697081357240676880e-02
2.559424042701721191e-01
2.525004744529724121e-02
9.343213587999343872e-02
5.585914850234985352e-01
1.017246395349502563e-02
9.966393560171127319e-02
6.478841416537761688e-03
6.593247875571250916e-03
6.186039745807647705e-02
1.997173130512237549e-01
2.211362682282924652e-02
8.841508626937866211e-01
0.000000000000000000e+00
8.927398920059204102e-01
3.983587026596069336e-02
1.536636203527450562e-01
2.456648349761962891e-01
6.831873655319213867e-01
6.380753964185714722e-02
1.808281093835830688e-01
3.606574609875679016e-02
4.355272650718688965e-01
1.035017848014831543e+00
0.000000000000000000e+00
2.219355851411819458e-02
8.882762193679809570e-01
6.791236400604248047e-01
2.079301029443740845e-01
1.034131348133087158e-01
4.095940589904785156e+00
2.015450745820999146e-01
1.281621772795915604e-02
4.094605892896652222e-02
1.384495198726654053e-01
4.155187401920557022e-03
1.719300746917724609e-01
2.525238096714019775e-01
6.144852042198181152e-01
2.607838153839111328e+00
0.000000000000000000e+00
4.925028886646032333e-03
1.878757402300834656e-02
2.986464500427246094e+00
1.282727599143981934e+00
1.822207272052764893e-01
4.646945372223854065e-02
1.458617329597473145e+00
5.130742490291595459e-02
8.568879216909408569e-03
2.752099335193634033e-01
8.193997144699096680e-01
4.727100487798452377e-03
9.018066525459289551e-01
5.433492660522460938e-01
8.343726396560668945e-01
6.929706931114196777e-01
2.843708395957946777e-01
5.788152813911437988e-01
1.906851306557655334e-02
8.521784096956253052e-03
1.005173400044441223e-01
1.199962869286537170e-01
1.172031164169311523e+00
0.000000000000000000e+00
6.703621149063110352e-01
0.000000000000000000e+00
1.516098063439130783e-02
2.082324475049972534e-01
1.305612176656723022e-01
8.966915309429168701e-02
0.000000000000000000e+00
4.995676223188638687e-03
3.096717223525047302e-02
0.000000000000000000e+00
7.353338003158569336e-01
8.580178767442703247e-02
3.212972283363342285e-01
1.136863008141517639e-01
0.000000000000000000e+00
2.821893215179443359e+00
2.144192606210708618e-01
0.000000000000000000e+00
5.927419662475585938e-02
6.401295661926269531e-01
5.685620307922363281e-01
2.223306801170110703e-03
1.439116597175598145e-01
7.610300555825233459e-03
3.235820531845092773e-01
1.551020145416259766e-01
0.000000000000000000e+00
9.766585379838943481e-02
4.856168478727340698e-02
4.406873136758804321e-02
1.116563677787780762e+00
0.000000000000000000e+00
1.521470844745635986e-01
3.400950133800506592e-01
2.471250481903553009e-02
5.471005663275718689e-02
1.695730924606323242e+00
2.981341630220413208e-02
7.552599310874938965e-01
0.000000000000000000e+00
1.359491050243377686e-01
3.460471983999013901e-03
1.360134035348892212e-01
4.827800020575523376e-02
1.864257007837295532e-01
3.678403422236442566e-02
5.521258115768432617e-01
0.000000000000000000e+00
2.555320262908935547e-01
8.693776130676269531e-01
3.777546882629394531e-01
1.222787201404571533e-01
5.671881511807441711e-02
2.323174923658370972e-01
1.169227361679077148e+00
7.855740785598754883e-01
6.314096972346305847e-03
1.402207493782043457e+00
0.000000000000000000e+00
1.726497150957584381e-02
1.169827461242675781e+00
1.560774683952331543e+00
7.672072649002075195e-01
4.428195953369140625e-01
2.910113036632537842e-01
1.167114228010177612e-01
1.819689869880676270e-01
6.318919062614440918e-01
8.050354719161987305e-01
2.887581288814544678e-01
7.392455935478210449e-01
8.613949418067932129e-01
1.035835519433021545e-01
1.300743669271469116e-01
0.000000000000000000e+00
0.000000000000000000e+00
1.899696290493011475e-01
2.596220672130584717e-01
1.489949107170104980e+00
0.000000000000000000e+00
4.284887909889221191e-01
8.706835508346557617e-01
8.822584897279739380e-02
8.631435781717300415e-02
3.179362416267395020e-01
3.160346269607543945e+00
1.221823319792747498e-01
1.158630624413490295e-01
1.226417794823646545e-01
4.678498022258281708e-03
0.000000000000000000e+00
1.980448365211486816e-01
3.002707064151763916e-01
9.418500214815139771e-02
1.368660386651754379e-02
5.672635436058044434e-01
3.477504551410675049e-01
5.205849409103393555e-01
0.000000000000000000e+00
2.949123382568359375e-01
9.193346649408340454e-02
1.387606710195541382e-01
3.705398440361022949e-01
0.000000000000000000e+00
1.240438818931579590e+00
1.079894304275512695e-01
2.884817123413085938e-01
1.249444633722305298e-01
5.313725471496582031e-01
1.402094364166259766e+00
4.433071240782737732e-02
0.000000000000000000e+00
6.726890802383422852e-01
1.048318445682525635e-01
3.586541488766670227e-02
1.644365340471267700e-01
0.000000000000000000e+00
9.367312490940093994e-02
3.218680322170257568e-01
2.867558971047401428e-02
9.552644565701484680e-03
0.000000000000000000e+00
1.850064545869827271e-01
1.966831386089324951e-01
2.846676826477050781e+00
1.043712943792343140e-01
1.153076648712158203e+00
1.004103422164916992e+00
2.841974794864654541e-02
1.050864011049270630e-01
0.000000000000000000e+00
1.078510358929634094e-01
2.911636531352996826e-01
2.373222857713699341e-01
3.477019965648651123e-01
4.459279775619506836e-01
4.548081457614898682e-01
0.000000000000000000e+00
7.680861651897430420e-02
3.220663964748382568e-02
2.447259664535522461e+00
5.877791643142700195e-01
8.579415269196033478e-03
2.150175094604492188e+00
2.339075803756713867e-01
3.934547901153564453e-01
4.771116673946380615e-01
5.825722962617874146e-02
4.635409116744995117e-01
4.155566170811653137e-02
1.538978695869445801e+00
1.891599744558334351e-01
1.393004506826400757e-01
1.211485192179679871e-01
2.620312690734863281e+00
1.606344245374202728e-02
1.280753761529922485e-01
7.398768514394760132e-02
7.874930649995803833e-02
3.133747100830078125e+00
9.521676898002624512e-01
4.327874630689620972e-02
7.998548150062561035e-01
2.663893103599548340e-01
6.544583439826965332e-01
3.065062686800956726e-03
1.173569113016128540e-01
1.687966138124465942e-01
2.747832238674163818e-01
2.336484491825103760e-01
0.000000000000000000e+00
1.153490066528320312e+00
4.452888667583465576e-01
1.374015927314758301e+00
2.155873477458953857e-01
2.490176707506179810e-01
2.434884458780288696e-01
9.831872582435607910e-02
1.778211444616317749e-01
8.824852854013442993e-02
1.382588595151901245e-02
3.834060430526733398e-01
7.846479862928390503e-02
2.247977554798126221e-01
7.362991571426391602e-02
1.473319977521896362e-01
0.000000000000000000e+00
4.749477207660675049e-01
3.965804338455200195e+00
2.303087472915649414e+00
1.458984315395355225e-01
3.253396153450012207e-01
0.000000000000000000e+00
4.384886026382446289e-01
2.430279925465583801e-02
0.000000000000000000e+00
1.195390939712524414e+00
7.575292885303497314e-02
4.287325590848922729e-02
2.107555866241455078e-01
1.886416792869567871e+00
6.365225315093994141e-01
2.532953023910522461e-01
6.915303468704223633e-01
1.561876088380813599e-01
5.567279458045959473e-01
4.350963830947875977e-01
1.858048319816589355e+00
0.000000000000000000e+00
2.122492045164108276e-01
9.286495856940746307e-03
3.747409880161285400e-01
5.304536819458007812e-01
0.000000000000000000e+00
4.958432316780090332e-01
4.975264668464660645e-01
1.485437750816345215e-01
1.417673975229263306e-01
9.142010807991027832e-01
3.318652153015136719e+00
6.095080375671386719e-01
5.678106471896171570e-02
3.906687200069427490e-01
7.676825523376464844e-01
2.577538602054119110e-02
1.013027548789978027e+00
4.421417713165283203e-01
0.000000000000000000e+00
1.147170662879943848e+00
1.531414747238159180e+00
3.521690145134925842e-02
7.353135198354721069e-02
2.425324022769927979e-01
4.956951364874839783e-02
0.000000000000000000e+00
0.000000000000000000e+00
5.534960627555847168e-01
6.577235460281372070e-02
4.401280283927917480e-01
9.232237190008163452e-02
1.703994572162628174e-01
0.000000000000000000e+00
1.763074696063995361e-01
2.348563969135284424e-01
0.000000000000000000e+00
8.488829731941223145e-01
3.940478324890136719e+00
0.000000000000000000e+00
1.218779206275939941e+00
2.384919375181198120e-01
1.107924208045005798e-01
3.067810773849487305e+00
0.000000000000000000e+00
3.429646790027618408e-02
2.725523412227630615e-01
1.904227733612060547e-01
8.156248182058334351e-02
2.173843383789062500e+00
1.014810279011726379e-01
3.356330841779708862e-02
2.492574602365493774e-01
2.114639431238174438e-01
1.117297172546386719e+00
9.565976262092590332e-02
3.389289617538452148e+00
5.080835819244384766e-01
2.119859606027603149e-01
2.677069008350372314e-01
1.951370239257812500e+00
1.428608149290084839e-01
3.307052612304687500e+00
4.926384449005126953e+00
4.537912458181381226e-02
2.251049280166625977e-01
1.778532117605209351e-01
1.339028328657150269e-01
5.314621925354003906e-01
2.868635416030883789e+00
1.283580362796783447e-01
2.198454439640045166e-01
6.208875179290771484e-01
5.557566285133361816e-01
2.266047755256295204e-03
9.875659830868244171e-03
3.700642287731170654e-02
9.956007450819015503e-02
1.090365741401910782e-02
8.126688599586486816e-01
3.833509087562561035e-01
4.611423313617706299e-01
5.587732315063476562e+00
1.257216930389404297e+00
4.123913049697875977e-01
2.001053541898727417e-01
3.101431019604206085e-02
3.219401836395263672e-01
0.000000000000000000e+00
5.052232265472412109e+00
1.635986208915710449e+00
6.711323261260986328e-01
1.282013356685638428e-01
6.733255982398986816e-01
3.432672321796417236e-01
1.603531241416931152e+00
2.166377753019332886e-02
3.824057579040527344e-01
6.867088675498962402e-01
1.859535336494445801e+00
1.903328672051429749e-02
1.976163625717163086e+00
3.545329093933105469e+00
1.241771504282951355e-02
1.210692524909973145e-01
2.525287270545959473e-01
0.000000000000000000e+00
1.228872090578079224e-01
3.020215749740600586e+00
8.803594112396240234e-02
2.491899728775024414e+00
2.475017681717872620e-02
3.460144996643066406e-01
1.402554661035537720e-01
4.975431263446807861e-01
6.809582114219665527e-01
4.375975430011749268e-01
6.985333561897277832e-01
3.521761298179626465e-01
2.662533760070800781e+00
1.878302097320556641e+00
1.082762517035007477e-02
5.191307142376899719e-02
6.761214733123779297e-01
2.993238687515258789e+00
2.571477591991424561e-01
1.646361052989959717e-01
3.189140558242797852e-01
0.000000000000000000e+00
2.844441868364810944e-02
2.411252856254577637e-01
3.060504436492919922e+00
6.334741711616516113e-01
3.891265764832496643e-02
4.071408510208129883e-01
0.000000000000000000e+00
1.866506040096282959e-01
1.755423247814178467e-01
1.139600574970245361e-02
5.216272920370101929e-02
4.883612692356109619e-01
6.379380226135253906e-01
2.502224743366241455e-01
4.534687474370002747e-02
0.000000000000000000e+00
4.565132260322570801e-01
7.268457114696502686e-02
3.089849352836608887e-01
7.947449684143066406e-01
1.260242611169815063e-01
3.376208245754241943e-01
1.451453100889921188e-02
2.540042698383331299e-01
1.438173698261380196e-03
7.878112606704235077e-03
3.369952142238616943e-01
7.110477089881896973e-01
3.135082661174237728e-04
1.633746474981307983e-01
1.394209742546081543e+00
0.000000000000000000e+00
2.078037112951278687e-01
2.027058303356170654e-01
3.917619585990905762e-02
4.166028201580047607e-01
3.600385189056396484e-01
1.383785128593444824e+00
3.846760988235473633e-01
1.561195868998765945e-02
1.954646781086921692e-02
2.799668312072753906e-01
9.586853906512260437e-03
3.189751505851745605e-01
8.974764943122863770e-01
5.482556819915771484e-01
4.067699313163757324e-01
8.977174758911132812e-01
0.000000000000000000e+00
3.110449314117431641e-01
7.298255711793899536e-02
1.114744424819946289e+00
1.470075845718383789e-01
2.748119831085205078e+00
3.877774775028228760e-01
2.364855766296386719e+00
5.848818272352218628e-02
4.545270930975675583e-04
1.425093039870262146e-02
3.278597831726074219e+00
3.696070313453674316e-01
3.682538494467735291e-02
1.813899576663970947e-01
1.084821373224258423e-01
3.953570127487182617e-02
8.818234205245971680e-01
4.564547538757324219e-01
7.266697883605957031e-01
2.878778278827667236e-01
2.657230794429779053e-01
4.424774348735809326e-01
2.676215171813964844e-01
1.085764020681381226e-01
4.971309304237365723e-01
1.803722262382507324e+00
4.570038318634033203e-01
1.746380329132080078e-01
2.690350413322448730e-01
0.000000000000000000e+00
3.003972396254539490e-02
7.625182867050170898e-01
1.231520548462867737e-01
1.913359910249710083e-01
2.127454876899719238e-01
8.469549566507339478e-02
1.125621914863586426e+00
8.197860717773437500e-01
7.951241731643676758e-02
1.731874704360961914e+00
1.966546103358268738e-02
4.838941097259521484e-01
0.000000000000000000e+00
1.207302045077085495e-02
7.619634270668029785e-01
7.115100026130676270e-01
0.000000000000000000e+00
7.767076045274734497e-02
4.650390520691871643e-02
2.339941263198852539e+00
5.587627887725830078e-01
2.111646175384521484e+00
1.160697266459465027e-01
8.004075884819030762e-01
1.123095154762268066e-01
4.216974973678588867e-01
4.904597401618957520e-01
9.939262270927429199e-01
7.829260081052780151e-02
8.713170289993286133e-01
1.430757164955139160e+00
8.015298098325729370e-02
1.569475978612899780e-01
6.218996644020080566e-01
0.000000000000000000e+00
1.162489280104637146e-01
7.342651486396789551e-01
2.289369583129882812e+00
0.000000000000000000e+00
2.742951512336730957e-01
1.884171664714813232e-01
4.979703202843666077e-02
1.787508726119995117e-01
5.281483381986618042e-02
8.811945468187332153e-02
5.503993034362792969e-01
2.571866214275360107e-01
5.064456462860107422e-01
2.132663726806640625e+00
3.251397609710693359e-01
2.662557840347290039e+00
1.428299397230148315e-01
2.480312585830688477e-01
1.321538448333740234e+00
9.504851698875427246e-02
5.542302727699279785e-01
2.179042845964431763e-01
1.469840295612812042e-02
0.000000000000000000e+00
1.370278596878051758e-01
5.140748023986816406e-01
4.898129496723413467e-03
0.000000000000000000e+00
7.367006540298461914e-01
2.449201494455337524e-01
8.008705824613571167e-02
4.137147217988967896e-02
1.575446724891662598e+00
1.634301990270614624e-01
0.000000000000000000e+00
2.893029451370239258e-01
1.967606693506240845e-01
1.085392286768183112e-04
1.845041215419769287e-01
5.912368185818195343e-03
0.000000000000000000e+00
2.671287655830383301e-01
1.572242617607116699e+00
3.094695210456848145e-01
1.057991459965705872e-01
2.680006623268127441e-01
5.011774897575378418e-01
2.562251091003417969e-01
0.000000000000000000e+00
4.028571303933858871e-03
2.709114253520965576e-01
2.757453173398971558e-02
3.914253413677215576e-02
5.167093276977539062e-01
3.659759880974888802e-03
1.344515681266784668e-01
1.399990916252136230e-01
9.226461648941040039e-01
0.000000000000000000e+00
0.000000000000000000e+00
5.821151137351989746e-01
6.458825618028640747e-02
4.051488637924194336e-02
5.752097815275192261e-02
4.097281768918037415e-02
4.461129009723663330e-02
1.991760134696960449e+00
3.070991635322570801e-01
6.806723773479461670e-02
1.502584815025329590e+00
1.731279492378234863e+00
1.942584514617919922e-01
9.135620296001434326e-02
5.421279668807983398e-01
4.075392186641693115e-01
5.442736744880676270e-01
0.000000000000000000e+00
2.164037339389324188e-02
2.239310979843139648e+00
1.997976750135421753e-01
3.195705711841583252e-01
0.000000000000000000e+00
6.629573106765747070e-01
9.148676693439483643e-02
1.399065554141998291e-01
1.241505295038223267e-01
4.619536995887756348e-01
1.080057770013809204e-01
1.659376919269561768e-01
2.869564533233642578e+00
2.068166993558406830e-02
1.768121838569641113e+00
9.071640372276306152e-01
3.171040713787078857e-01
4.218643903732299805e-02
5.264371037483215332e-01
1.069372072815895081e-01
5.169619247317314148e-02
4.955717325210571289e-01
1.497025787830352783e-02
9.002237319946289062e-01
1.575616002082824707e+00
2.684600464999675751e-02
1.868183255195617676e+00
4.665675014257431030e-02
7.804314047098159790e-02
2.796990156173706055e+00
1.241359487175941467e-01
2.747431397438049316e-03
6.836085915565490723e-01
3.286541253328323364e-02
1.711648941040039062e+00
0.000000000000000000e+00
1.321764439344406128e-01
1.432555615901947021e-01
1.200525999069213867e+00
7.016557455062866211e-01
1.631571888923645020e+00
1.114816665649414062e+00
8.161387592554092407e-02
2.082868814468383789e+00
8.706736378371715546e-03
7.324261125177145004e-03
1.006794571876525879e-01
9.531694650650024414e-02
8.677797392010688782e-03
1.015518069267272949e+00
0.000000000000000000e+00
3.194339573383331299e-01
1.227717399597167969e-01
6.091364026069641113e-01
1.197932288050651550e-01
1.432627886533737183e-01
3.871854022145271301e-02
2.626222074031829834e-01
2.225837260484695435e-01
1.189332723617553711e+00
3.090066313743591309e-01
2.820113301277160645e-01
0.000000000000000000e+00
1.212084814906120300e-01
2.119545191526412964e-01
1.046228051185607910e+00
5.503768920898437500e-01
3.727436065673828125e+00
9.248348325490951538e-02
3.858162164688110352e-01
1.844432950019836426e-01
3.951393961906433105e-01
4.388126373291015625e+00
1.781661987304687500e+00
2.423383146524429321e-01
1.628800868988037109e+00
1.017243385314941406e+00
3.405961394309997559e-01
1.475849986076354980e+00
1.149251707829535007e-03
3.791251182556152344e-01
0.000000000000000000e+00
5.025190114974975586e-01
1.271885037422180176e-01
5.252977013587951660e-01
0.000000000000000000e+00
3.867794573307037354e-02
1.324220448732376099e-01
2.461542040109634399e-01
2.281563170254230499e-02
3.558937311172485352e-01
3.002335131168365479e-01
1.641153544187545776e-01
2.225760556757450104e-02
2.455154657363891602e+00
1.684038192033767700e-01
5.826436355710029602e-02
3.373518884181976318e-01
7.164639234542846680e-02
0.000000000000000000e+00
0.000000000000000000e+00
2.036736607551574707e-01
6.356062740087509155e-02
1.017833054065704346e-01
4.454851746559143066e-01
2.733330130577087402e-01
4.180322647094726562e+00
2.693001031875610352e-01
0.000000000000000000e+00
6.667842715978622437e-02
2.659664630889892578e+00
3.011283278465270996e-02
1.014038622379302979e-01
2.815875530242919922e+00
1.058649122714996338e-01
1.632003113627433777e-02
0.000000000000000000e+00
1.303150057792663574e-01
1.738391071557998657e-01
0.000000000000000000e+00
0.000000000000000000e+00
7.546800374984741211e-02
2.309663146734237671e-01
5.979776978492736816e-01
0.000000000000000000e+00
4.418589547276496887e-02
4.363001510500907898e-02
4.547734856605529785e-01
5.255920290946960449e-01
1.995095610618591309e-01
7.221221327781677246e-01
2.424467122182250023e-03
2.423371523618698120e-01
0.000000000000000000e+00
2.985157489776611328e+00
5.369447469711303711e-01
4.717723652720451355e-02
7.944594621658325195e-01
8.536946028470993042e-02
0.000000000000000000e+00
6.190981343388557434e-02
1.212853044271469116e-01
4.272027313709259033e-01
3.762712180614471436e-01
1.220413327217102051e+00
1.887710690498352051e+00
3.726900322362780571e-03
4.789825677871704102e-01
2.194548696279525757e-01
4.359095692634582520e-01
6.126884371042251587e-02
3.642180263996124268e-01
4.993324279785156250e-01
1.244290992617607117e-01
1.832261383533477783e-01
4.793820381164550781e+00
3.575304746627807617e-01
2.663757324218750000e+00
3.495002388954162598e-01
1.097458228468894958e-02
2.739616483449935913e-02
2.961191534996032715e-01
0.000000000000000000e+00
3.449467122554779053e-01
6.804261207580566406e-01
6.962417364120483398e-01
1.242687106132507324e+00
2.597330324351787567e-02
1.381480842828750610e-01
5.394102931022644043e-01
3.529166460037231445e+00
5.995479822158813477e-01
1.558339118957519531e+00
0.000000000000000000e+00
4.739276692271232605e-02
6.983890384435653687e-02
4.200284183025360107e-01
2.843595743179321289e-01
2.186200395226478577e-02
1.954235196113586426e+00
2.983430922031402588e-01
3.636572062969207764e-01
2.267244458198547363e-01
0.000000000000000000e+00
1.002003192901611328e+00
1.794880777597427368e-01
1.264414340257644653e-01
3.143832981586456299e-01
7.742688059806823730e-01
2.476027756929397583e-01
2.237986803054809570e+00
4.557501792907714844e+00
9.460317492485046387e-01
1.766370795667171478e-02
5.288502434268593788e-04
0.000000000000000000e+00
6.863919552415609360e-03
0.000000000000000000e+00
1.446415305137634277e+00
2.187512069940567017e-01
4.764490574598312378e-02
0.000000000000000000e+00
3.983228653669357300e-02
1.542933702468872070e+00
4.130927920341491699e-01
6.772079318761825562e-02
2.157362222671508789e+00
1.435763835906982422e-01
2.656160295009613037e-02
5.726830363273620605e-01
5.555586814880371094e-01
1.530740559101104736e-01
1.321271527558565140e-02
3.810935616493225098e-01
0.000000000000000000e+00
5.694239586591720581e-02
2.817710638046264648e-01
2.771265339106321335e-03
3.846866786479949951e-01
3.787490427494049072e-01
8.408702015876770020e-01
6.667351126670837402e-01
1.094250753521919250e-02
1.039641380310058594e+00
5.670791864395141602e-01
4.163112640380859375e-01
5.457175374031066895e-01
1.945957541465759277e-02
1.375199407339096069e-01
1.926475763320922852e-02
3.792374730110168457e-01
0.000000000000000000e+00
4.506955146789550781e-01
1.448928952217102051e+00
3.975388780236244202e-02
1.384022235870361328e-01
1.501270830631256104e-01
1.740265250205993652e+00
4.103025794029235840e-01
1.645853370428085327e-02
4.021567106246948242e-02
4.210752248764038086e-01
3.319327235221862793e-01
2.067520022392272949e-01
7.262881845235824585e-03
7.550172805786132812e-01
2.116985432803630829e-02
6.386200338602066040e-02
7.607796578668057919e-05
1.739412844181060791e-01
2.676498651504516602e+00
2.051646709442138672e-01
5.594562888145446777e-01
0.000000000000000000e+00
3.544799517840147018e-03
2.011142969131469727e+00
4.687489196658134460e-02
4.692298471927642822e-01
0.000000000000000000e+00
2.815111875534057617e-01
9.486974030733108521e-02
1.120100498199462891e+00
3.755042552947998047e-01
4.712248966097831726e-02
1.369892716407775879e+00
0.000000000000000000e+00
3.113113529980182648e-02
0.000000000000000000e+00
0.000000000000000000e+00
5.329388976097106934e-01
3.280543908476829529e-02
3.338307887315750122e-02
5.522649884223937988e-01
4.300934076309204102e-02
1.297053098678588867e+00
1.205799132585525513e-01
1.664426028728485107e-01
6.004661917686462402e-01
3.228884637355804443e-01
5.908005237579345703e+00
2.400894910097122192e-01
1.432449936866760254e+00
2.455046325922012329e-01
2.221202850341796875e-01
1.195748224854469299e-01
0.000000000000000000e+00
4.316589832305908203e-01
4.719567671418190002e-02
8.239230513572692871e-01
1.651928424835205078e-01
6.970251910388469696e-03
4.240545034408569336e-01
2.436538785696029663e-02
9.254043102264404297e-01
1.051747322082519531e+00
2.680735588073730469e-01
1.047381997108459473e+00
4.903826862573623657e-02
1.146600469946861267e-01
2.201309800148010254e-01
1.326581239700317383e-01
4.453502595424652100e-01
4.403344690799713135e-01
2.842135354876518250e-02
6.692619994282722473e-03
1.029604375362396240e-01
2.347222864627838135e-01
0.000000000000000000e+00
1.002099990844726562e+00
1.501143813133239746e+00
1.733834743499755859e+00
7.102303504943847656e-01
2.485070526599884033e-01
3.753536641597747803e-01
3.703338205814361572e-01
1.518839746713638306e-01
4.436566829681396484e-01
4.120862856507301331e-02
5.054054856300354004e-01
6.019330024719238281e-02
6.186652556061744690e-02
7.055737078189849854e-03
3.888992071151733398e-01
3.213560581207275391e-01
1.778431795537471771e-02
3.430162966251373291e-01
8.425174355506896973e-01
0.000000000000000000e+00
2.591230571269989014e-01
1.789351850748062134e-01
1.263755708932876587e-01
4.703295975923538208e-02
2.150576412677764893e-01
1.172212064266204834e-01
1.275722861289978027e+00
2.133552357554435730e-02
3.872825205326080322e-02
4.134125232696533203e+00
1.066393733024597168e+00
3.321807861328125000e+00
1.449104491621255875e-02
7.600652426481246948e-02
0.000000000000000000e+00
4.233292937278747559e-01
1.771303415298461914e+00
2.150266766548156738e-01
1.872884780168533325e-01
3.153756558895111084e-01
0.000000000000000000e+00
1.531606018543243408e-01
3.019941747188568115e-01
0.000000000000000000e+00
7.553650140762329102e-01
5.989617854356765747e-02
8.467490226030349731e-02
2.185674384236335754e-02
3.122837543487548828e-01
1.952770650386810303e-01
1.153825759887695312e+00
2.473407685756683350e-01
5.613255873322486877e-02
3.924442231655120850e-01
1.447154045104980469e+00
6.779767870903015137e-01
4.042043983936309814e-01
1.541816443204879761e-01
8.300051093101501465e-02
1.244598031044006348e-01
0.000000000000000000e+00
0.000000000000000000e+00
7.565379142761230469e-01
2.989173121750354767e-02
2.067353129386901855e-01
4.053851664066314697e-01
6.945018656551837921e-03
1.345653682947158813e-01
6.958187371492385864e-02
3.724754601716995239e-02
1.696235872805118561e-02
2.405812263488769531e+00
1.264077723026275635e-01
4.215062260627746582e-01
9.320176839828491211e-01
1.295129776000976562e+00
1.573369383811950684e+00
3.475055396556854248e-01
4.048559069633483887e-02
3.191831111907958984e-01
6.384500265121459961e-01
9.568873643875122070e-01
4.365489780902862549e-01
4.360092282295227051e-01
2.017707191407680511e-02
2.312572114169597626e-02
1.618143767118453979e-01
1.099940061569213867e+00
0.000000000000000000e+00
1.269509941339492798e-01
2.877505321521311998e-04
2.818474531173706055e+00
1.474342048168182373e-01
3.473036736249923706e-02
2.706000506877899170e-01
1.102942153811454773e-01
3.156860768795013428e-01
1.970222592353820801e-01
4.769390523433685303e-01
0.000000000000000000e+00
3.981936350464820862e-02
1.167221441864967346e-01
8.319421857595443726e-02
8.350512981414794922e-01
8.848593384027481079e-02
4.482273578643798828e+00
2.001146078109741211e+00
5.384682491421699524e-02
7.443866133689880371e-01
7.470440119504928589e-02
5.391474962234497070e-01
4.643768817186355591e-02
1.055169582366943359e+00
6.322121620178222656e-02
2.956230938434600830e-01
1.223482966423034668e+00
4.070598632097244263e-02
3.522368520498275757e-02
5.803602337837219238e-01
6.247532963752746582e-01
6.743940114974975586e-01
1.018197536468505859e+00
3.088025152683258057e-01
5.838486552238464355e-01
2.019376726821064949e-03
4.522844552993774414e-01
2.218902409076690674e-01
2.084750682115554810e-03
0.000000000000000000e+00
1.241080611944198608e-01
1.025184392929077148e-01
4.502035975456237793e-01
1.534417569637298584e-01
4.815093576908111572e-01
8.132228255271911621e-01
6.723549962043762207e-02
4.533977061510086060e-02
2.905161976814270020e-01
7.418756186962127686e-02
1.505487561225891113e-01
1.929024219512939453e+00
3.007861137390136719e+00
7.396078854799270630e-02
1.399061381816864014e-01
3.060111775994300842e-02
4.570474922657012939e-01
1.889782585203647614e-02
8.257707953453063965e-02
2.060436308383941650e-01
3.094782233238220215e-01
3.730818033218383789e-01
5.396291613578796387e-01
1.387768834829330444e-01
1.258791238069534302e-02
7.135442923754453659e-03
2.497968822717666626e-01
3.003498613834381104e-01
0.000000000000000000e+00
2.160943113267421722e-02
1.262755692005157471e-01
8.056414723396301270e-01
3.044940903782844543e-02
8.547855168581008911e-02
2.826591432094573975e-01
3.448290377855300903e-02
0.000000000000000000e+00
0.000000000000000000e+00
2.407459914684295654e-01
1.026002541184425354e-01
0.000000000000000000e+00
6.922917962074279785e-01
2.647938966751098633e+00
8.292384743690490723e-01
1.201343536376953125e-01
3.742467164993286133e-01
6.675937771797180176e-02
1.867107599973678589e-01
2.943715155124664307e-01
5.413595438003540039e-01
7.726763486862182617e-01
1.296882168389856815e-03
0.000000000000000000e+00
4.004957973957061768e-01
1.599918156862258911e-01
1.021481513977050781e+00
0.000000000000000000e+00
3.749973373487591743e-03
4.523769319057464600e-01
2.175736427307128906e-02
2.066896677017211914e+00
2.027031183242797852e-01
1.047481894493103027e+00
1.811612963676452637e+00
6.939797103404998779e-02
2.169313281774520874e-01
1.832286715507507324e-01
1.334859132766723633e+00
1.130463555455207825e-01
2.315074019134044647e-02
1.193277188576757908e-03
2.371454378589987755e-03
4.279816150665283203e-01
1.159662101417779922e-02
1.667172759771347046e-01
7.498446106910705566e-02
1.340478897094726562e+00
2.154104858636856079e-01
1.187188386917114258e+00
1.110988974571228027e+00
1.928793452680110931e-02
1.682145714759826660e+00
2.470797002315521240e-01
3.949045017361640930e-02
2.055284939706325531e-02
3.711908102035522461e+00
1.590844988822937012e-01
1.410310864448547363e+00
1.946952939033508301e-01
5.075083971023559570e-01
4.698379710316658020e-02
2.957575023174285889e-01
2.704312093555927277e-02
8.937057107686996460e-02
0.000000000000000000e+00
0.000000000000000000e+00
4.930866882205009460e-02
0.000000000000000000e+00
6.443279385566711426e-01
2.020872086286544800e-01
2.756260335445404053e-01
3.094208240509033203e-01
2.520169317722320557e-01
1.354482173919677734e+00
5.583877116441726685e-02
1.152013063430786133e+00
6.549062132835388184e-01
2.333047389984130859e-01
2.364095747470855713e-01
2.092382870614528656e-02
0.000000000000000000e+00
3.851631581783294678e-01
9.767466783523559570e-01
6.961418688297271729e-02
1.634149812161922455e-02
2.763373255729675293e-01
7.297997474670410156e-01
6.868194043636322021e-02
2.490587085485458374e-01
2.506220042705535889e-01
3.866536617279052734e-01
0.000000000000000000e+00
1.214439868927001953e+00
4.366740584373474121e-03
9.014680981636047363e-03
2.976696789264678955e-01
1.179463043808937073e-02
4.912390559911727905e-02
0.000000000000000000e+00
0.000000000000000000e+00
2.130779027938842773e+00
1.647473126649856567e-01
5.837010219693183899e-02
1.646863482892513275e-02
1.122519820928573608e-01
1.463810950517654419e-01
1.032235383987426758e+00
0.000000000000000000e+00
3.901350200176239014e-01
3.770696818828582764e-01
2.966465950012207031e-01
1.045537948608398438e+00
2.928732335567474365e-01
3.907439112663269043e-01
6.883605718612670898e-01
9.032979011535644531e-01
7.965143769979476929e-02
6.568583846092224121e-02
0.000000000000000000e+00
1.470533609390258789e+00
8.400146961212158203e-01
0.000000000000000000e+00
2.115330398082733154e-01
2.104426622390747070e-01
1.047643184661865234e+00
1.069344021379947662e-02
8.716104179620742798e-02
1.253076922148466110e-02
4.120571315288543701e-01
1.808139681816101074e-02
3.055472373962402344e-01
1.501948237419128418e-01
3.839389383792877197e-01
1.593597412109375000e+00
0.000000000000000000e+00
2.013612091541290283e-01
2.000259906053543091e-01
1.545562688261270523e-02
1.778542809188365936e-02
1.706458210945129395e+00
1.207553625106811523e+00
3.355095982551574707e-01
4.086990654468536377e-02
1.464836597442626953e-01
8.352499455213546753e-02
3.997637033462524414e-01
5.024846196174621582e-01
3.189010079950094223e-03
1.362720131874084473e+00
6.689743399620056152e-01
2.010824233293533325e-01
3.038989603519439697e-01
9.142529219388961792e-03
1.157792136073112488e-01
1.734389513731002808e-01
1.391363024711608887e+00
0.000000000000000000e+00
7.027717232704162598e-01
5.366653949022293091e-02
3.737875521183013916e-01
6.372643262147903442e-02
3.239976987242698669e-02
1.348749279975891113e+00
1.151720657944679260e-01
2.458883076906204224e-01
1.716958761215209961e+00
7.085314393043518066e-01
3.196242153644561768e-01
5.067562460899353027e-01
0.000000000000000000e+00
2.689860343933105469e+00
2.531277656555175781e+00
4.715269897133111954e-03
0.000000000000000000e+00
5.978520512580871582e-01
6.880559772253036499e-02
8.725290298461914062e-01
2.912426590919494629e-01
9.581565856933593750e-02
0.000000000000000000e+00
7.097921371459960938e-01
8.497116565704345703e-01
2.516186982393264771e-02
0.000000000000000000e+00
4.427404701709747314e-02
3.376721171662211418e-03
1.531957387924194336e-01
1.405205130577087402e-01
8.047109246253967285e-01
1.555303037166595459e-01
1.010164924082346261e-04
4.129126667976379395e-02
6.693623065948486328e-01
0.000000000000000000e+00
1.011509075760841370e-02
2.253099530935287476e-01
2.544936239719390869e-01
4.965993016958236694e-02
5.611948370933532715e-01
1.336839701980352402e-02
3.390257060527801514e-01
1.276715248823165894e-01
3.230466842651367188e+00
6.940340399742126465e-01
1.401146054267883301e-01
1.547375414520502090e-02
4.594763219356536865e-01
1.151641964912414551e+00
0.000000000000000000e+00
0.000000000000000000e+00
1.176982164382934570e+00
1.940669864416122437e-01
4.062339290976524353e-02
1.152096167206764221e-01
6.469424068927764893e-02
1.545311957597732544e-01
9.788373112678527832e-02
7.660049200057983398e-01
5.373678207397460938e-01
2.522673830389976501e-02
2.825403213500976562e-02
0.000000000000000000e+00
7.082356214523315430e-01
9.670377969741821289e-01
5.543414875864982605e-02
1.040733098983764648e+00
0.000000000000000000e+00
1.433344930410385132e-01
1.860819756984710693e-02
0.000000000000000000e+00
3.203769922256469727e-01
1.467947065830230713e-01
1.970338970422744751e-01
2.079409122467041016e+00
4.278588667511940002e-02
4.208076000213623047e+00
9.129155278205871582e-01
2.644503414630889893e-01
2.533441185951232910e-01
1.568552136421203613e+00
1.810327023267745972e-01
7.454564422369003296e-02
1.955978274345397949e-01
2.001178562641143799e-01
5.514814257621765137e-01
7.443829178810119629e-01
4.556064307689666748e-01
4.419624209403991699e-01
1.048672348260879517e-01
8.191266655921936035e-01
6.168398857116699219e-01
4.138102233409881592e-01
1.312066167593002319e-01
3.505905345082283020e-02
1.012819260358810425e-01
4.273028671741485596e-02
1.307862877845764160e+00
0.000000000000000000e+00
4.754079040139913559e-03
0.000000000000000000e+00
3.805718719959259033e-01
9.546879678964614868e-02
0.000000000000000000e+00
1.744030117988586426e-01
1.019389510154724121e+00
4.966790974140167236e-01
0.000000000000000000e+00
4.146946430206298828e+00
2.113816142082214355e-01
9.634225964546203613e-01
0.000000000000000000e+00
7.124150544404983521e-02
2.939101755619049072e-01
1.654591560363769531e+00
1.352833956480026245e-01
2.451210748404264450e-04
0.000000000000000000e+00
2.757014036178588867e-01
2.155782422050833702e-03
1.232127308845520020e+00
2.297396957874298096e-01
3.593638539314270020e-01
2.227627038955688477e-01
4.773145675659179688e+00
4.055494964122772217e-01
3.152266517281532288e-02
8.135385811328887939e-02
6.473917365074157715e-01
4.519561771303415298e-03
1.684415787458419800e-01
0.000000000000000000e+00
3.705003857612609863e-02
2.858123183250427246e-01
2.868980169296264648e-01
1.040385365486145020e-01
7.700584083795547485e-02
1.806712597608566284e-01
0.000000000000000000e+00
5.482807159423828125e+00
5.752124264836311340e-02
4.741629660129547119e-01
6.499265432357788086e-01
0.000000000000000000e+00
2.656840682029724121e-01
5.549817085266113281e-01
3.576053678989410400e-01
3.756244182586669922e-01
2.668065726757049561e-01
9.416979551315307617e-02
5.427499413490295410e-01
1.773804277181625366e-01
3.458991646766662598e-01
2.045111730694770813e-02
5.873749256134033203e-01
6.552546024322509766e-01
1.622033268213272095e-01
6.150433421134948730e-02
3.057517290115356445e+00
2.001894414424896240e-01
2.196803092956542969e+00
1.275741606950759888e-01
2.327465452253818512e-02
6.490492820739746094e-01
2.048663139343261719e+00
1.191612243652343750e+00
1.107870340347290039e+00
2.055247686803340912e-02
2.583781182765960693e-01
7.722849249839782715e-01
1.973699629306793213e-01
2.829703390598297119e-01
4.628145694732666016e+00
2.617969177663326263e-03
5.606105327606201172e-01
1.921131834387779236e-02
3.592910990118980408e-02
4.316773712635040283e-01
4.795449227094650269e-02
1.514408141374588013e-01
6.532163824886083603e-03
2.449099421501159668e-01
3.785786032676696777e-02
1.324601054191589355e+00
9.362602233886718750e-02
3.970199823379516602e-02
3.285901620984077454e-02
1.096126716583967209e-02
1.863154619932174683e-01
3.427908122539520264e-01
1.564795733429491520e-03
1.599899828433990479e-01
2.887592315673828125e-01
7.181534171104431152e-02
2.590085566043853760e-01
8.274941891431808472e-02
4.900804907083511353e-02
1.398400217294692993e-01
8.325019478797912598e-01
2.775061130523681641e-01
1.580725163221359253e-01
6.267444044351577759e-02
1.210013702511787415e-01
6.118051409721374512e-01
5.977257490158081055e-01
2.764138877391815186e-01
5.833577156066894531e+00
3.372789546847343445e-02
1.322403311729431152e+00
4.068423807621002197e-01
1.602401137351989746e-01
1.041345968842506409e-01
1.072216153144836426e+00
0.000000000000000000e+00
6.008571982383728027e-01
2.146837674081325531e-02
7.206867933273315430e-01
5.750191211700439453e-01
1.225223317742347717e-01
6.035655140876770020e-01
3.359654426574707031e+00
6.880699992179870605e-01
1.902210116386413574e-01
6.091393232345581055e-01
5.214640125632286072e-02
3.107991942670196295e-04
1.055752579122781754e-02
5.603089332580566406e-01
1.433279991149902344e+00
7.181043028831481934e-01
2.109100222587585449e-01
3.352829022333025932e-03
5.766187906265258789e-01
1.619260013103485107e-01
1.071411091834306717e-02
2.086409926414489746e-01
7.282806038856506348e-01
6.982325315475463867e-01
9.905184805393218994e-02
5.758804082870483398e-01
1.588228344917297363e-01
5.653434782288968563e-04
1.223116993904113770e+00
0.000000000000000000e+00
9.804378263652324677e-03
3.532037138938903809e-02
1.252780675888061523e+00
4.283997043967247009e-02
2.337932109832763672e+00
1.964360475540161133e-01
8.181402832269668579e-02
9.337781369686126709e-02
7.278315722942352295e-02
6.612741271965205669e-04
3.061359643936157227e+00
5.480792522430419922e-01
1.378461837768554688e+00
1.200454309582710266e-01
1.137562513351440430e+00
4.743689298629760742e-01
9.610531926155090332e-01
1.612030625343322754e+00
1.272965192794799805e+00
8.246344923973083496e-01
3.600263893604278564e-01
7.731569409370422363e-01
1.653970360755920410e+00
2.784751653671264648e+00
1.111342385411262512e-02
1.889697089791297913e-02
2.045694589614868164e-01
1.159286722540855408e-01
1.408929824829101562e-01
2.439738273620605469e+00
8.831209689378738403e-02
2.454026341438293457e-01
4.330962002277374268e-01
4.810495302081108093e-02
1.936108767986297607e-01
9.556648880243301392e-02
1.179351210594177246e-01
9.945704368874430656e-04
6.279056668281555176e-01
1.004728674888610840e+00
1.687307834625244141e+00
5.000734329223632812e-01
7.287247180938720703e-01
0.000000000000000000e+00
3.958137333393096924e-01
3.656356334686279297e-01
7.480941414833068848e-01
1.746488362550735474e-02
0.000000000000000000e+00
0.000000000000000000e+00
4.189492166042327881e-01
0.000000000000000000e+00
1.689418703317642212e-01
5.037209019064903259e-02
4.325471520423889160e-01
1.822708249092102051e-01
6.950511783361434937e-02
7.251775860786437988e-01
9.322434663772583008e-03
1.073268800973892212e-01
8.840906620025634766e-01
2.688309848308563232e-01
6.050898227840662003e-03
4.437771141529083252e-01
6.478949189186096191e-01
2.405421584844589233e-01
0.000000000000000000e+00
2.896559238433837891e-02
3.400043398141860962e-02
2.666208744049072266e-01
3.790916800498962402e-01
0.000000000000000000e+00
2.355652675032615662e-02
1.994782835245132446e-01
9.205186963081359863e-01
3.232456371188163757e-02
1.034621596336364746e+00
1.465305387973785400e-01
5.497325062751770020e-01
0.000000000000000000e+00
7.527934014797210693e-02
7.009770721197128296e-02
9.836623817682266235e-02
7.536050677299499512e-02
2.594667971134185791e-01
3.599190711975097656e-01
7.991512119770050049e-02
7.018250972032546997e-02
1.690811216831207275e-01
2.327014803886413574e-01
3.009636513888835907e-02
1.567515134811401367e-01
4.137653708457946777e-01
0.000000000000000000e+00
0.000000000000000000e+00
1.497317552566528320e+00
5.137425661087036133e-02
1.846990346908569336e+00
1.323322951793670654e-01
0.000000000000000000e+00
1.108133435249328613e+00
1.960994005203247070e-01
2.224775850772857666e-01
2.909090518951416016e-01
1.035675685852766037e-02
2.035536468029022217e-01
1.508869230747222900e-01
5.371202155947685242e-02
1.235676705837249756e-01
7.351549267768859863e-01
6.636216491460800171e-02
1.711463809013366699e+00
9.673469066619873047e-01
4.172016382217407227e-01
1.549152582883834839e-01
6.751356124877929688e-01
3.202623605728149414e+00
2.355610132217407227e-01
3.020044229924678802e-02
7.378678321838378906e-01
4.446129798889160156e-01
3.745751827955245972e-02
2.718005180358886719e-01
2.003501355648040771e-01
0.000000000000000000e+00
1.793223619461059570e+00
0.000000000000000000e+00
2.825290858745574951e-01
6.676816344261169434e-01
2.497292608022689819e-01
9.763929992914199829e-02
1.323628664016723633e+00
5.494491383433341980e-02
1.635867506265640259e-01
0.000000000000000000e+00
1.530120614916086197e-03
1.192106455564498901e-01
1.069420725107192993e-01
2.443535625934600830e-01
1.827460378408432007e-01
7.795961499214172363e-01
0.000000000000000000e+00
0.000000000000000000e+00
1.505680978298187256e-01
2.378005385398864746e-01
9.939403831958770752e-02
4.140976443886756897e-02
5.189217254519462585e-02
1.261258721351623535e-01
0.000000000000000000e+00
0.000000000000000000e+00
5.634310245513916016e+00
1.625548154115676880e-01
6.434049457311630249e-02
5.005150437355041504e-01
0.000000000000000000e+00
1.387889385223388672e-01
3.281583786010742188e+00
4.352720454335212708e-02
7.718442082405090332e-01
1.800503432750701904e-01
8.247427940368652344e-01
0.000000000000000000e+00
7.308697104454040527e-01
1.104284077882766724e-02
7.485153079032897949e-01
1.276112794876098633e-01
5.005161166191101074e-01
2.795616388320922852e-01
4.060123115777969360e-03
7.523392438888549805e-01
0.000000000000000000e+00
1.407296061515808105e-01
3.117988705635070801e-01
7.530121207237243652e-01
3.003797233104705811e-01
3.962895274162292480e-02
1.444925516843795776e-01
8.145143836736679077e-02
2.723427722230553627e-03
1.144426345825195312e+00
1.748187184333801270e+00
1.876174449920654297e+00
0.000000000000000000e+00
4.513108432292938232e-01
0.000000000000000000e+00
2.657819092273712158e-01
1.382281631231307983e-01
4.440892934799194336e-01
2.509333491325378418e-01
8.774665743112564087e-02
3.154229223728179932e-01
4.671896398067474365e-01
5.136069655418395996e-02
1.669599056243896484e+00
1.629172116518020630e-01
7.463371753692626953e-02
3.148834407329559326e-01
5.698380470275878906e-01
2.139399014413356781e-02
9.248446673154830933e-03
3.066144585609436035e-01
1.439526770263910294e-02
3.710656762123107910e-01
8.479508161544799805e-01
1.080688671208918095e-03
9.482124820351600647e-03
1.050587445497512817e-01
7.706159353256225586e-02
7.432484067976474762e-03
2.920198738574981689e-01
6.551749259233474731e-02
5.902738571166992188e-01
1.003778457641601562e+00
0.000000000000000000e+00
1.560470312833786011e-01
2.607916891574859619e-01
2.362859487533569336e+00
8.341329693794250488e-01
1.068995445966720581e-01
1.044869899749755859e+00
1.320818252861499786e-02
2.872686646878719330e-02
4.330495372414588928e-02
1.037126779556274414e+00
4.639823436737060547e-01
6.563488841056823730e-01
2.386142732575535774e-03
2.791507244110107422e-01
5.937309563159942627e-02
1.533006429672241211e+00
2.509005665779113770e-01
4.594220519065856934e-01
1.519889943301677704e-02
0.000000000000000000e+00
3.036341071128845215e-01
1.769619137048721313e-01
1.490081429481506348e+00
9.344784617424011230e-01
8.027372509241104126e-02
1.056893393397331238e-01
4.017169475555419922e+00
1.070691466331481934e+00
4.393254593014717102e-02
0.000000000000000000e+00
2.692044526338577271e-02
6.676561385393142700e-02
8.679035902023315430e-01
9.453328698873519897e-02
9.602596610784530640e-02
2.963155135512351990e-02
0.000000000000000000e+00
0.000000000000000000e+00
4.667360782623291016e-01
1.008904501795768738e-01
9.753065556287765503e-02
1.395445942878723145e+00
3.549031913280487061e-02
1.422242969274520874e-01
8.305936455726623535e-01
7.981926798820495605e-01
2.192777395248413086e-01
5.660768970847129822e-02
1.308394432067871094e+00
1.427979707717895508e+00
2.557049691677093506e-01
1.863713115453720093e-01
3.233455121517181396e-02
2.187894731760025024e-01
5.052320361137390137e-01
0.000000000000000000e+00
4.649284109473228455e-02
2.212616503238677979e-01
8.819196820259094238e-01
2.752453088760375977e-01
3.083348870277404785e-01
1.368720978498458862e-01
2.963981330394744873e-01
4.042085260152816772e-02
8.933608531951904297e-01
1.000699400901794434e-01
2.043637186288833618e-01
1.475973278284072876e-01
1.345467448234558105e+00
1.729113578796386719e+00
0.000000000000000000e+00
1.718080341815948486e-01
1.518311649560928345e-01
2.805600643157958984e+00
5.452151894569396973e-01
1.050951890647411346e-02
1.094768568873405457e-01
1.542264129966497421e-02
8.352721482515335083e-02
3.890077769756317139e-02
2.534375786781311035e-01
6.153496503829956055e-01
1.279086589813232422e+00
2.934635616838932037e-02
4.318393766880035400e-01
1.531290560960769653e-01
3.139802217483520508e-01
8.926281929016113281e-01
1.924381852149963379e-01
6.386795639991760254e-01
1.350518018007278442e-01
1.997289806604385376e-02
3.551943898200988770e-01
1.117973327636718750e+00
3.539002835750579834e-01
8.945954963564872742e-03
7.560472488403320312e-01
4.479789733886718750e-01
8.347116708755493164e-01
7.568698525428771973e-01
1.635871455073356628e-02
2.404385954141616821e-01
1.116775035858154297e+00
2.231800258159637451e-01
7.975850999355316162e-02
2.875259844586253166e-03
1.120512336492538452e-01
3.488139063119888306e-02
3.489421904087066650e-01
5.751691386103630066e-02
3.905192017555236816e-01
3.316058158874511719e+00
3.480993807315826416e-01
1.676941514015197754e+00
2.047042362391948700e-03
1.602822303771972656e+00
1.038814242929220200e-02
7.485163956880569458e-02
2.223327010869979858e-01
4.648238122463226318e-01
3.535372018814086914e-02
4.074279963970184326e-01
2.418887853622436523e+00
4.400326907634735107e-01
4.904234111309051514e-01
1.613691687583923340e+00
2.122267335653305054e-02
1.730364263057708740e-01
4.343889951705932617e-01
5.310758203268051147e-02
2.836840972304344177e-02
3.445803001523017883e-02
2.613414544612169266e-03
1.340671658515930176e+00
2.189195603132247925e-01
5.435496568679809570e-01
1.268264532089233398e+00
2.491683326661586761e-02
0.000000000000000000e+00
5.632478594779968262e-01
2.886828482151031494e-01
1.966657638549804688e-01
3.242168724536895752e-01
7.244557142257690430e-01
2.278333902359008789e-01
6.896471381187438965e-01
0.000000000000000000e+00
4.732120409607887268e-02
1.149329915642738342e-01
5.359432101249694824e-01
7.186982035636901855e-01
8.282472938299179077e-02
3.541327416896820068e-01
8.208251744508743286e-02
1.551701724529266357e-01
1.742845624685287476e-01
2.896089255809783936e-01
1.846678256988525391e+00
3.482767343521118164e-01
3.348045796155929565e-02
8.719795150682330132e-04
4.917260706424713135e-01
0.000000000000000000e+00
1.471224278211593628e-01
0.000000000000000000e+00
4.637778550386428833e-02
1.759853512048721313e-01
3.495247066020965576e-01
4.737760722637176514e-01
4.228200763463973999e-02
0.000000000000000000e+00
3.041994757950305939e-02
6.944493055343627930e-01
1.506090283393859863e+00
5.494666099548339844e-01
3.045819513499736786e-02
7.845155894756317139e-02
2.684804499149322510e-01
7.528231292963027954e-02
0.000000000000000000e+00
1.006543993949890137e+00
1.214412450790405273e-01
1.632466167211532593e-02
0.000000000000000000e+00
0.000000000000000000e+00
4.322429187595844269e-03
4.058116674423217773e-01
5.251742899417877197e-02
9.883241355419158936e-02
1.953130811452865601e-01
6.064064055681228638e-02
4.503543674945831299e-01
2.696375176310539246e-02
1.725692600011825562e-01
3.977418243885040283e-01
9.716428816318511963e-02
0.000000000000000000e+00
3.108260333538055420e-01
8.461385965347290039e-01
2.651325166225433350e-01
9.607223421335220337e-02
1.065349113196134567e-02
1.358433365821838379e-01
8.836713433265686035e-02
4.745400846004486084e-01
2.979694902896881104e-01
8.453678339719772339e-02
1.538679655641317368e-02
1.640227809548377991e-02
5.301056057214736938e-02
1.414960861206054688e+00
3.380198776721954346e-02
4.529438316822052002e-01
2.560199499130249023e-01
1.972213983535766602e-01
1.174330040812492371e-01
1.047289252281188965e+00
2.586852550506591797e+00
2.725571161136031151e-03
6.689256429672241211e-02
1.353528201580047607e-01
4.951911419630050659e-02
9.183019399642944336e-02
5.921019706875085831e-03
1.269088387489318848e+00
1.231689378619194031e-01
1.582850366830825806e-01
2.891471683979034424e-01
