1.681891530752182007e-01
0.000000000000000000e+00
1.150331869721412659e-01
5.840773582458496094e-01
6.056195497512817383e-01
0.000000000000000000e+00
3.311132192611694336e-01
5.818957835435867310e-02
1.351521134376525879e+00
2.332540750503540039e+00
4.955898225307464600e-01
1.400145888328552246e-01
2.719843983650207520e-01
2.282392978668212891e-02
3.561860024929046631e-01
2.670995593070983887e-01
1.994800418615341187e-01
2.069330364465713501e-01
9.026985615491867065e-03
2.025183141231536865e-01
5.049745365977287292e-02
7.414501626044511795e-03
4.785916209220886230e-01
4.180631935596466064e-01
2.295615971088409424e-01
3.008262217044830322e-01
2.321258783340454102e-01
3.865071805194020271e-03
3.109780251979827881e-01
2.744312956929206848e-02
4.436485767364501953e-01
3.898436427116394043e-01
3.059854805469512939e-01
3.349841386079788208e-02
3.078270889818668365e-02
1.749420315027236938e-01
3.880972862243652344e-01
1.155406236648559570e+00
2.321995198726654053e-01
2.181826978921890259e-01
2.217268943786621094e-02
2.487671561539173126e-02
1.435092370957136154e-02
6.722562909126281738e-01
1.811094023287296295e-02
2.072578296065330505e-02
1.765149235725402832e-01
1.499171704053878784e-01
2.651512809097766876e-02
5.022614598274230957e-01
7.370148599147796631e-02
8.487150818109512329e-02
1.318466365337371826e-01
2.519506029784679413e-02
2.546969056129455566e-01
3.647640347480773926e-02
3.020922280848026276e-02
1.093160659074783325e-01
5.207476019859313965e-02
3.856679499149322510e-01
2.439862728118896484e+00
1.260284036397933960e-01
3.354033529758453369e-01
7.034885883331298828e-02
4.673577547073364258e-01
0.000000000000000000e+00
1.567261666059494019e-01
1.535260379314422607e-01
0.000000000000000000e+00
0.000000000000000000e+00
3.281000852584838867e-01
4.490143954753875732e-01
4.022983610630035400e-01
4.980196654796600342e-01
6.452779471874237061e-02
1.760986447334289551e-01
4.288711547851562500e-01
2.925563789904117584e-02
1.194240972399711609e-01
0.000000000000000000e+00
4.259532928466796875e+00
0.000000000000000000e+00
9.990105405449867249e-03
1.398755013942718506e-01
2.183775186538696289e+00
4.168795645236968994e-01
2.412221953272819519e-02
1.715042162686586380e-03
2.424240708351135254e-01
8.638186380267143250e-03
2.023122161626815796e-01
8.577621541917324066e-03
1.867012232542037964e-01
1.093550026416778564e-02
0.000000000000000000e+00
0.000000000000000000e+00
4.673665165901184082e-01
1.592150479555130005e-01
3.842445835471153259e-02
1.657537817955017090e+00
1.326542720198631287e-02
4.690650105476379395e-01
7.335666567087173462e-02
8.947809338569641113e-01
2.292335033416748047e-01
1.405115518718957901e-02
2.395519465208053589e-01
3.530586510896682739e-02
6.998923420906066895e-02
2.152115106582641602e+00
1.493034958839416504e-01
6.942045092582702637e-01
4.173841699957847595e-02
1.192894101142883301e+00
1.183394063264131546e-02
4.645941033959388733e-02
1.136012375354766846e-01
5.165813565254211426e-01
3.732990324497222900e-01
0.000000000000000000e+00
1.084460169076919556e-01
2.879390716552734375e-01
3.001485466957092285e-01
2.630270272493362427e-02
2.240319103002548218e-01
2.294368296861648560e-01
2.647791504859924316e-01
1.672220349311828613e+00
4.437534604221582413e-03
1.560582220554351807e-02
2.033896297216415405e-01
8.141928911209106445e-02
6.968101859092712402e-02
4.570779502391815186e-01
1.807919517159461975e-02
0.000000000000000000e+00
0.000000000000000000e+00
1.559229493141174316e-01
7.959289550781250000e-01
1.835832595825195312e-01
4.805562496185302734e+00
7.305819541215896606e-02
2.738266885280609131e-01
1.086860656738281250e+00
2.561745941638946533e-01
1.324875950813293457e+00
2.262140363454818726e-01
0.000000000000000000e+00
2.770379185676574707e-01
3.433083370327949524e-02
9.662187658250331879e-03
3.227468580007553101e-02
1.487270146608352661e-01
4.248995333909988403e-02
8.255884796380996704e-02
2.362095564603805542e-01
5.639049038290977478e-02
2.649616599082946777e-01
3.163158195093274117e-03
2.017854154109954834e-01
4.425632953643798828e-01
4.448783397674560547e-01
2.024328894913196564e-02
8.574287593364715576e-02
7.099531292915344238e-01
6.297265291213989258e-01
0.000000000000000000e+00
3.956614062190055847e-02
8.803273439407348633e-01
8.355873227119445801e-01
1.994701474905014038e-01
0.000000000000000000e+00
4.643366336822509766e-01
1.762402057647705078e-01
2.263475209474563599e-03
7.971461415290832520e-01
1.975375693291425705e-03
4.814370721578598022e-02
3.156120330095291138e-02
2.034626960754394531e+00
1.359451413154602051e-01
1.177046537399291992e+00
1.518941074609756470e-01
9.943033456802368164e-01
8.486504666507244110e-04
1.433308243751525879e+00
7.245327830314636230e-01
1.964210718870162964e-02
5.554735288023948669e-02
4.029048979282379150e-01
4.613492488861083984e-01
2.215711474418640137e-01
6.572682261466979980e-01
8.655744791030883789e-01
3.852451592683792114e-02
3.001242578029632568e-01
1.711927503347396851e-01
6.791343092918395996e-01
1.096256375312805176e+00
1.003049850463867188e+00
1.559329777956008911e-01
9.156163781881332397e-02
2.123385667800903320e-03
4.563998878002166748e-01
1.336299031972885132e-01
5.226755142211914062e-01
5.203099176287651062e-02
2.254130840301513672e-01
4.192708432674407959e-02
6.082027778029441833e-02
6.725377589464187622e-02
1.242340132594108582e-01
2.480422109365463257e-01
3.665934205055236816e-01
3.369776764884591103e-03
1.555052846670150757e-01
4.604641199111938477e-01
1.266482770442962646e-01
1.542918570339679718e-02
4.886131584644317627e-01
7.905022799968719482e-02
7.863852195441722870e-03
7.185243964195251465e-01
0.000000000000000000e+00
9.073041379451751709e-02
4.924225211143493652e-01
1.536445170640945435e-01
2.544308006763458252e-01
1.776776462793350220e-01
3.025948703289031982e-01
4.135289229452610016e-03
3.264732956886291504e-01
0.000000000000000000e+00
6.653324700891971588e-03
8.734042942523956299e-02
1.711667887866497040e-02
2.145939618349075317e-01
5.651012659072875977e-01
0.000000000000000000e+00
0.000000000000000000e+00
3.625893592834472656e-01
7.887926697731018066e-02
0.000000000000000000e+00
1.146765828132629395e+00
0.000000000000000000e+00
2.450267225503921509e-01
8.658844977617263794e-02
3.172626793384552002e-01
0.000000000000000000e+00
0.000000000000000000e+00
1.062545850872993469e-01
9.424804151058197021e-02
1.178313344717025757e-01
0.000000000000000000e+00
3.025326728820800781e-01
0.000000000000000000e+00
1.259890794754028320e-01
3.795122727751731873e-03
3.812970817089080811e-01
3.790642917156219482e-01
1.896175928413867950e-02
2.433998696506023407e-02
1.606338024139404297e+00
1.245826035737991333e-01
6.537643671035766602e-01
5.381027981638908386e-02
5.945120379328727722e-02
4.925377368927001953e-01
5.873234868049621582e-01
3.720502182841300964e-02
2.701539695262908936e-01
3.093464851379394531e+00
2.742838561534881592e-01
1.398779004812240601e-01
4.984483122825622559e-01
2.214180082082748413e-01
1.111275076866149902e+00
2.384103983640670776e-01
2.285791158676147461e+00
5.365539714694023132e-02
1.576951891183853149e-01
2.624541819095611572e-01
1.037527769804000854e-01
6.471091508865356445e-02
0.000000000000000000e+00
8.817585706710815430e-01
4.913475830107927322e-03
2.016312479972839355e-01
1.641955077648162842e-01
4.351417422294616699e-01
5.341861248016357422e-01
4.179481416940689087e-02
1.483423449099063873e-02
1.355991512537002563e-02
1.045295875519514084e-02
1.458145678043365479e-01
5.753051638603210449e-01
3.509657923132181168e-03
2.196236848831176758e-01
1.125296115875244141e+00
1.935859397053718567e-02
0.000000000000000000e+00
5.005067586898803711e-01
3.440055996179580688e-03
8.156103640794754028e-02
6.883745193481445312e-01
2.675108313560485840e-01
1.390438824892044067e-01
1.081757545471191406e-01
4.028851985931396484e-01
7.982016354799270630e-02
3.048637866973876953e+00
1.602326519787311554e-02
3.503168821334838867e-01
3.903466463088989258e-02
1.652607470750808716e-01
3.145165681838989258e+00
1.833747625350952148e-01
3.876759409904479980e-01
3.994511067867279053e-01
4.343098402023315430e-02
0.000000000000000000e+00
3.622583746910095215e-01
0.000000000000000000e+00
5.530516058206558228e-02
1.597902178764343262e-01
3.228552341461181641e-01
0.000000000000000000e+00
0.000000000000000000e+00
2.704382687807083130e-02
2.279876498505473137e-03
1.444567441940307617e+00
4.054866731166839600e-01
1.376793831586837769e-01
1.158867597579956055e+00
1.166030988097190857e-01
7.967503368854522705e-02
3.913917765021324158e-02
1.621295809745788574e+00
0.000000000000000000e+00
7.698779702186584473e-01
0.000000000000000000e+00
4.693996161222457886e-02
2.265581190586090088e-01
9.760038927197456360e-03
1.803329288959503174e-01
2.349285222589969635e-02
5.317361354827880859e-01
0.000000000000000000e+00
0.000000000000000000e+00
9.413160085678100586e-01
1.280519068241119385e-01
6.798878312110900879e-02
8.136507868766784668e-02
1.631877571344375610e-02
6.561087071895599365e-02
6.836695130914449692e-03
0.000000000000000000e+00
3.257120400667190552e-02
1.295893080532550812e-02
2.995516657829284668e-01
6.537458300590515137e-01
2.209789901971817017e-01
8.910233736969530582e-04
1.208727899938821793e-02
1.214729920029640198e-01
1.838901877403259277e+00
7.917366623878479004e-01
2.676095254719257355e-02
1.805867254734039307e-02
0.000000000000000000e+00
6.632169485092163086e-01
8.515137434005737305e-02
1.181601881980895996e-01
1.963558048009872437e-02
7.119169235229492188e-01
1.118193566799163818e-01
1.458034366369247437e-01
7.629647254943847656e-01
1.820742487907409668e-01
2.042374014854431152e-02
1.434326529502868652e+00
9.855471849441528320e-01
1.869901865720748901e-01
7.155492305755615234e-01
8.155435323715209961e-02
6.862813234329223633e-02
2.150513976812362671e-02
2.829628288745880127e-01
2.718045189976692200e-02
1.461289405822753906e+00
1.702153007499873638e-03
0.000000000000000000e+00
2.279423642903566360e-03
1.028896331787109375e+00
7.465662360191345215e-01
7.977472543716430664e-01
2.257581613957881927e-02
6.760159879922866821e-02
2.837868034839630127e-02
6.553220748901367188e-01
5.041165649890899658e-02
2.051650919020175934e-02
1.963944882154464722e-01
3.685373663902282715e-01
0.000000000000000000e+00
5.806641578674316406e-01
3.310789465904235840e-01
3.290874004364013672e+00
2.026732116937637329e-01
1.061320424079895020e+00
1.584190130233764648e-01
5.670484304428100586e-01
0.000000000000000000e+00
5.004409551620483398e-01
1.371635962277650833e-02
2.246755808591842651e-01
1.063441485166549683e-01
1.164201926440000534e-02
5.776318907737731934e-02
0.000000000000000000e+00
2.341659516096115112e-01
3.059633672237396240e-01
2.134611010551452637e-01
1.753537356853485107e-01
1.987820267677307129e-01
3.993910253047943115e-01
5.118644610047340393e-02
3.285464942455291748e-01
4.993382841348648071e-02
6.549275517463684082e-01
2.170404344797134399e-01
1.346945285797119141e+00
2.322037331759929657e-02
3.312410553917288780e-03
4.510225057601928711e-01
4.306774139404296875e-01
9.729287028312683105e-02
1.528717130422592163e-01
0.000000000000000000e+00
4.984442144632339478e-03
5.119235515594482422e-01
1.424850821495056152e-01
1.267920583486557007e-01
1.740190014243125916e-02
4.066843688488006592e-01
1.218888163566589355e-01
3.191049396991729736e-01
3.456004858016967773e-01
1.833371669054031372e-01
1.327572584152221680e+00
4.287554323673248291e-02
2.203590935096144676e-03
5.320335030555725098e-01
4.801174104213714600e-01
6.398975849151611328e-01
2.802425995469093323e-02
0.000000000000000000e+00
2.076284885406494141e-01
0.000000000000000000e+00
2.040210738778114319e-02
2.049159258604049683e-01
9.505227953195571899e-02
6.790120154619216919e-02
1.435394138097763062e-01
8.286764025688171387e-01
5.271991342306137085e-02
3.854928314685821533e-01
0.000000000000000000e+00
5.367242097854614258e-01
2.583933174610137939e-01
2.410757541656494141e+00
6.288348138332366943e-02
1.187219381332397461e+00
3.672490715980529785e-01
7.563706040382385254e-01
9.530313313007354736e-02
6.361935138702392578e-01
2.308657914400100708e-01
4.181799590587615967e-01
2.020882517099380493e-01
2.070757746696472168e-01
3.143928349018096924e-01
7.975678443908691406e-01
9.823967814445495605e-01
0.000000000000000000e+00
1.792732812464237213e-02
1.516173630952835083e-01
6.985391378402709961e-01
2.619354426860809326e-01
0.000000000000000000e+00
8.395879864692687988e-01
0.000000000000000000e+00
1.032487511634826660e+00
5.964234098792076111e-02
1.182832010090351105e-02
3.498055785894393921e-02
1.190382957458496094e+00
7.217754721641540527e-01
0.000000000000000000e+00
1.450734436511993408e-01
2.547289803624153137e-02
4.981244206428527832e-01
1.547935971757397056e-04
2.644416391849517822e-01
3.474221751093864441e-02
3.851137682795524597e-02
1.468567013740539551e+00
0.000000000000000000e+00
2.874653935432434082e-01
6.361033767461776733e-02
1.791893877089023590e-02
4.317389428615570068e-01
1.477751135826110840e-01
5.774313956499099731e-02
8.777939714491367340e-03
2.147353589534759521e-01
8.031434059143066406e+00
8.909716270864009857e-03
6.136512756347656250e-02
5.530747771263122559e-01
1.984454244375228882e-01
6.426005959510803223e-01
4.627853631973266602e-01
0.000000000000000000e+00
1.539561033248901367e+00
7.520874962210655212e-03
7.694354653358459473e-02
7.999818027019500732e-02
1.568139642477035522e-01
1.611590087413787842e-01
9.588884115219116211e-01
3.527095556259155273e+00
3.675369322299957275e-01
1.019364893436431885e-01
6.587504744529724121e-01
1.701599657535552979e-01
1.715980768203735352e-01
3.792235255241394043e-02
9.094601273536682129e-01
2.222499810159206390e-02
8.572673797607421875e-02
5.207110196352005005e-03
0.000000000000000000e+00
1.481515448540449142e-02
4.070021510124206543e-01
6.318251132965087891e+00
2.696648836135864258e-01
2.329560816287994385e-01
6.807232499122619629e-01
1.496588718146085739e-02
3.066210821270942688e-02
2.333415746688842773e-01
0.000000000000000000e+00
4.636363685131072998e-02
1.171807572245597839e-01
2.682593464851379395e-01
1.001450978219509125e-02
1.348423212766647339e-01
9.727449715137481689e-02
1.472291707992553711e+00
3.128433227539062500e-01
9.495216608047485352e-01
1.666427403688430786e-01
5.236919387243688107e-04
1.568996906280517578e-01
1.128943860530853271e-01
0.000000000000000000e+00
1.856303401291370392e-02
1.503018662333488464e-02
1.025820732116699219e+00
1.384928822517395020e-01
1.233479529619216919e-01
4.379638284444808960e-02
5.626568794250488281e-01
4.861855879426002502e-02
1.627138257026672363e-01
5.688483715057373047e-01
2.147490084171295166e-01
1.643498777411878109e-03
1.707032024860382080e-01
1.600060611963272095e-02
9.049262152984738350e-04
3.066286742687225342e-01
0.000000000000000000e+00
0.000000000000000000e+00
5.008093267679214478e-02
1.566985696554183960e-01
4.478513896465301514e-01
6.101022958755493164e-01
1.361550837755203247e-01
3.117994070053100586e-01
4.069355428218841553e-01
6.557196974754333496e-01
5.410108566284179688e-01
1.070392951369285583e-01
7.217444479465484619e-02
1.010307431221008301e+00
1.851135492324829102e-01
6.289045214653015137e-01
1.862807422876358032e-01
1.255442798137664795e-01
1.238232594914734364e-03
2.084474116563796997e-01
8.550094366073608398e-01
5.365309864282608032e-02
1.227026507258415222e-01
2.612785696983337402e-01
7.502990216016769409e-02
6.860974431037902832e-02
4.441967010498046875e-01
0.000000000000000000e+00
5.300899967551231384e-02
2.427456080913543701e-01
7.322359085083007812e-01
1.074033141136169434e+00
6.351251900196075439e-02
4.103659093379974365e-02
7.031326889991760254e-01
9.965171664953231812e-02
0.000000000000000000e+00
1.052545011043548584e-01
1.851117908954620361e-01
4.760248661041259766e-01
8.592258095741271973e-01
8.177201449871063232e-02
5.194523930549621582e-02
5.955966114997863770e-01
0.000000000000000000e+00
6.353687494993209839e-02
1.064121648669242859e-01
8.283450007438659668e-01
6.336058974266052246e-01
2.046381682157516479e-01
3.089208900928497314e-01
3.937278408557176590e-03
8.976531773805618286e-02
1.218514680862426758e+00
1.329125523567199707e+00
1.312319040298461914e-01
0.000000000000000000e+00
2.010802268981933594e+00
2.854538679122924805e+00
8.597618341445922852e-01
1.004030466079711914e+00
3.485425114631652832e-01
3.904548287391662598e-01
1.760284304618835449e-01
1.552002131938934326e-01
9.400664567947387695e-01
1.608222365379333496e+00
0.000000000000000000e+00
4.061238169670104980e-01
7.811501026153564453e-01
9.745724382810294628e-04
7.865048646926879883e-01
2.623056173324584961e-01
2.273463010787963867e-01
6.135849952697753906e-01
4.783582985401153564e-01
4.498420715332031250e+00
6.570438742637634277e-01
3.883410617709159851e-02
5.554490163922309875e-02
0.000000000000000000e+00
7.532368898391723633e-01
3.042107820510864258e-01
5.656562373042106628e-02
3.064273595809936523e-01
3.246681988239288330e-01
1.750980615615844727e-01
7.627480030059814453e-01
1.559595316648483276e-01
2.242881655693054199e-01
7.961204648017883301e-02
3.830992281436920166e-01
2.786019563674926758e+00
0.000000000000000000e+00
5.458731651306152344e-01
7.062945961952209473e-01
9.818185865879058838e-02
0.000000000000000000e+00
1.562932282686233521e-01
3.463981151580810547e-01
3.840628638863563538e-02
3.652103245258331299e-02
1.786389708518981934e+00
6.901907175779342651e-02
8.553697913885116577e-02
1.852991059422492981e-02
2.485333204269409180e+00
1.941653527319431305e-02
2.120088636875152588e-01
6.203775405883789062e-01
6.556381285190582275e-02
7.696173340082168579e-02
0.000000000000000000e+00
6.624699234962463379e-01
1.151201948523521423e-01
5.160034298896789551e-01
5.069270133972167969e-01
0.000000000000000000e+00
1.083479635417461395e-02
1.821935921907424927e-02
2.198382019996643066e-01
5.143465995788574219e-01
1.015851125121116638e-01
3.024923615157604218e-02
5.031095147132873535e-01
3.967140987515449524e-02
6.223346292972564697e-02
0.000000000000000000e+00
5.267475172877311707e-02
3.825931847095489502e-01
1.104548498988151550e-01
0.000000000000000000e+00
1.469835042953491211e-01
1.352693140506744385e-01
6.023980975151062012e-01
2.253919690847396851e-01
1.116996780037879944e-01
0.000000000000000000e+00
0.000000000000000000e+00
2.118192613124847412e-01
1.176100850105285645e+00
1.344858705997467041e-01
0.000000000000000000e+00
2.232901751995086670e-01
0.000000000000000000e+00
6.567686796188354492e-03
6.020678952336311340e-02
5.721892695873975754e-03
3.003063499927520752e-01
1.282238662242889404e-01
8.057216554880142212e-02
4.841741323471069336e-01
5.687081217765808105e-01
2.874882817268371582e-01
6.903011798858642578e-01
0.000000000000000000e+00
1.146336317062377930e+00
1.290624141693115234e-01
1.144737243652343750e+00
0.000000000000000000e+00
6.326266527175903320e-01
0.000000000000000000e+00
1.082930445671081543e+00
7.468060851097106934e-01
1.201110612601041794e-02
1.809758543968200684e+00
4.056802392005920410e-01
2.336701005697250366e-01
2.917483635246753693e-02
7.299782633781433105e-01
2.757216989994049072e-01
7.354950904846191406e-02
5.157727003097534180e-02
6.588194966316223145e-01
2.617124795913696289e+00
3.508063793182373047e+00
1.786223798990249634e-02
4.966366767883300781e+00
2.671679556369781494e-01
1.088334321975708008e-01
3.858350515365600586e+00
3.593586385250091553e-01
1.076971553266048431e-02
3.481104969978332520e-01
1.201892569661140442e-01
4.800710976123809814e-01
2.799872457981109619e-01
1.336066871881484985e-01
1.226845681667327881e-01
5.986803174018859863e-01
8.131902217864990234e-01
2.722191572189331055e+00
9.036404639482498169e-02
2.814681231975555420e-01
5.180957317352294922e-01
9.744775295257568359e-02
1.558445245027542114e-01
1.549851894378662109e-01
6.442726850509643555e-01
2.072201855480670929e-02
1.044345855712890625e+00
8.496329188346862793e-03
1.086682230234146118e-01
4.858102500438690186e-01
1.366975009441375732e-01
2.952302694320678711e-01
4.139483720064163208e-02
1.489264219999313354e-01
5.254992842674255371e-02
1.093174219131469727e-01
1.260987520217895508e-01
5.120595097541809082e-01
1.140905767679214478e-01
2.638222277164459229e-01
7.994375228881835938e-01
9.826935529708862305e-01
1.293152719736099243e-01
6.570211648941040039e-01
1.250177621841430664e+00
3.578564897179603577e-02
2.292964458465576172e-01
9.137834608554840088e-02
6.435865908861160278e-02
8.784450888633728027e-01
1.541407823562622070e+00
4.391025379300117493e-02
5.633487105369567871e-01
9.614533185958862305e-01
2.285230457782745361e-01
6.290338635444641113e-01
0.000000000000000000e+00
3.123963773250579834e-01
7.787705212831497192e-02
3.694718778133392334e-01
3.440016508102416992e-01
0.000000000000000000e+00
1.217552542686462402e+00
6.037522479891777039e-02
1.003490090370178223e-01
2.996776103973388672e-01
5.543690323829650879e-01
0.000000000000000000e+00
1.614274233579635620e-01
3.943116664886474609e-01
2.197198867797851562e-01
9.034113883972167969e-01
1.448450237512588501e-02
1.533378511667251587e-01
3.861908316612243652e-01
9.740040451288223267e-02
3.566250437870621681e-03
2.177189439535140991e-01
1.311629414558410645e-01
1.242607180029153824e-02
2.255999110639095306e-02
5.619539692997932434e-02
3.100359737873077393e-01
1.429614067077636719e+00
8.420280367136001587e-02
1.713677942752838135e-01
1.159378886222839355e-01
7.262041568756103516e-01
1.080204993486404419e-01
4.290612041950225830e-02
7.766949534416198730e-01
1.418107748031616211e-02
1.184754371643066406e-01
0.000000000000000000e+00
3.316276147961616516e-02
5.926305651664733887e-01
0.000000000000000000e+00
2.450102567672729492e-01
1.943287104368209839e-01
7.918538451194763184e-01
1.113756299018859863e-01
0.000000000000000000e+00
3.663528338074684143e-02
3.767411783337593079e-02
6.204780936241149902e-01
2.791580259799957275e-01
6.603044271469116211e-01
1.545772790908813477e+00
0.000000000000000000e+00
3.370868265628814697e-01
8.397969603538513184e-02
2.310219049453735352e+00
5.566931962966918945e-01
9.145277142524719238e-01
1.945427805185317993e-01
2.315092533826828003e-01
2.293050736188888550e-01
8.730053305625915527e-01
4.196515083312988281e-01
1.389803439378738403e-01
2.314879931509494781e-02
6.841232776641845703e-01
4.650609195232391357e-02
3.381533548235893250e-02
2.766059041023254395e-01
1.752579808235168457e-01
1.782221049070358276e-01
3.056719005107879639e-01
5.401802659034729004e-01
4.094929695129394531e-01
2.479320764541625977e-01
7.703994400799274445e-03
1.848644495010375977e+00
3.151400387287139893e-01
8.930631279945373535e-01
3.014865219593048096e-01
4.612727761268615723e-01
1.465514022856950760e-02
5.191687494516372681e-02
1.131956130266189575e-01
6.017758250236511230e-01
2.214803546667098999e-01
1.964084059000015259e-01
2.931581735610961914e+00
4.702345654368400574e-02
1.987118422985076904e-01
4.279646649956703186e-02
1.382908225059509277e+00
2.101036071777343750e+00
2.584562301635742188e+00
2.405470311641693115e-01
2.276001684367656708e-02
6.526129841804504395e-01
1.534935925155878067e-02
1.644847095012664795e-01
1.925246566534042358e-01
6.165385246276855469e-01
2.238119095563888550e-01
4.132633507251739502e-01
7.503752131015062332e-03
7.941675186157226562e-02
1.374466121196746826e-01
5.808559060096740723e-01
2.101617604494094849e-01
3.560068830847740173e-02
2.594022750854492188e-01
3.440903723239898682e-01
1.335191011428833008e+00
3.453549146652221680e+00
1.060966774821281433e-01
1.523503512144088745e-01
0.000000000000000000e+00
6.080622598528862000e-02
1.414988040924072266e-01
1.985766738653182983e-01
3.401446342468261719e-01
5.020057559013366699e-01
1.320979446172714233e-01
4.251425266265869141e-01
8.494020439684391022e-03
7.457364201545715332e-01
6.191376224160194397e-02
1.248102188110351562e-01
5.053986907005310059e-01
1.833673715591430664e-01
0.000000000000000000e+00
6.154284477233886719e-01
0.000000000000000000e+00
9.033893793821334839e-02
3.306607686681672931e-05
1.115332916378974915e-02
0.000000000000000000e+00
5.417602881789207458e-02
8.653360605239868164e-02
0.000000000000000000e+00
5.233841538429260254e-01
6.837648153305053711e-02
1.103305101394653320e+00
4.752159118652343750e-02
1.977329254150390625e-01
1.518120337277650833e-02
1.292555332183837891e-01
5.411412119865417480e-01
4.397146701812744141e-01
6.830617785453796387e-02
0.000000000000000000e+00
1.981356739997863770e-01
2.941899597644805908e-01
2.570615522563457489e-02
5.516351461410522461e-01
1.709044218063354492e+00
2.975173890590667725e-01
1.383926570415496826e-01
9.065380319952964783e-03
2.893656492233276367e+00
7.941356301307678223e-01
2.935056108981370926e-03
8.383966982364654541e-02
4.266493022441864014e-01
1.493412852287292480e+00
2.615897543728351593e-02
8.449081331491470337e-03
2.787882685661315918e-01
1.031337082386016846e-01
2.927066199481487274e-02
1.214078962802886963e-01
7.992009818553924561e-02
8.844716474413871765e-03
8.719196170568466187e-02
1.009854674339294434e-01
3.159207291901111603e-03
3.564782440662384033e-02
4.532197475433349609e+00
5.207225084304809570e-01
4.972241818904876709e-02
0.000000000000000000e+00
2.665936388075351715e-02
0.000000000000000000e+00
9.048748612403869629e-01
5.354540944099426270e-01
1.115216687321662903e-01
1.231505155563354492e+00
3.713079988956451416e-01
2.146071754395961761e-02
1.844693720340728760e-01
2.725154459476470947e-01
2.413637638092041016e+00
7.111036218702793121e-03
3.352477028965950012e-02
2.536616027355194092e-01
2.795078791677951813e-02
1.060614466667175293e+00
3.259967267513275146e-02
3.039219081401824951e-01
3.188980519771575928e-01
9.787993431091308594e-01
3.053756952285766602e+00
1.704157739877700806e-01
3.272890346124768257e-03
4.445316195487976074e-01
8.164840936660766602e-01
2.158593982458114624e-01
3.305421397089958191e-02
9.206536412239074707e-02
1.056356355547904968e-02
1.211673140525817871e+00
2.176920510828495026e-02
7.909233123064041138e-02
5.389484018087387085e-02
7.800709921866655350e-03
8.642773032188415527e-01
1.686332672834396362e-01
2.156222462654113770e-01
1.946058310568332672e-02
1.054828524589538574e+00
4.592657685279846191e-01
0.000000000000000000e+00
1.547420024871826172e-01
0.000000000000000000e+00
1.397393345832824707e-01
2.983417212963104248e-01
9.119722992181777954e-02
1.108606718480587006e-02
2.704977691173553467e-01
6.923616677522659302e-02
2.914498567581176758e+00
1.004815101623535156e+00
1.318426370620727539e+00
4.212647974491119385e-01
2.355175614356994629e-01
3.062595725059509277e-01
2.732647955417633057e-01
4.207002744078636169e-02
8.083505183458328247e-02
2.974913418292999268e-01
2.434442490339279175e-01
1.585349291563034058e-01
3.467579558491706848e-02
8.802712894976139069e-03
2.140683889389038086e+00
2.809241414070129395e-03
0.000000000000000000e+00
3.708666935563087463e-02
1.332330822944641113e+00
1.611162424087524414e-01
1.412416994571685791e-01
1.025276422500610352e+00
2.136875241994857788e-01
1.163285896182060242e-01
2.767302393913269043e-01
1.727676950395107269e-02
2.839808166027069092e-01
2.479532361030578613e-02
2.983558736741542816e-02
6.455229282379150391e+00
1.358947396278381348e+00
5.614115715026855469e+00
2.258525341749191284e-01
4.812879860401153564e-01
2.883397042751312256e-01
1.998071670532226562e-01
3.466443419456481934e-01
3.306072056293487549e-01
5.807376280426979065e-02
4.471227154135704041e-02
0.000000000000000000e+00
9.033590555191040039e-02
5.515449047088623047e-01
5.232677329331636429e-03
1.133202314376831055e-01
1.232804298400878906e+00
2.043043822050094604e-01
3.055967204272747040e-02
1.141461372375488281e+00
6.537071429193019867e-03
1.403641421347856522e-02
2.472962625324726105e-02
9.306084364652633667e-02
3.239120543003082275e-02
1.064986512064933777e-01
1.034880757331848145e+00
4.553877115249633789e-01
9.623549878597259521e-02
2.704246640205383301e-01
2.541194558143615723e-01
2.257095091044902802e-02
8.162842690944671631e-02
4.139609038829803467e-01
0.000000000000000000e+00
7.442870736122131348e-02
7.749540209770202637e-01
5.882940441370010376e-02
1.477560698986053467e-01
8.855524659156799316e-02
1.253343522548675537e-01
1.362872272729873657e-01
8.334645032882690430e-01
2.351858019828796387e-01
2.778718769550323486e-01
9.162821173667907715e-01
4.861882328987121582e-02
8.682997822761535645e-01
2.451209574937820435e-01
5.992820486426353455e-02
2.256374955177307129e-01
8.271042704582214355e-01
1.515260696411132812e+00
6.369364857673645020e-01
1.278655171394348145e+00
1.612032353878021240e-01
2.538147941231727600e-02
3.410462290048599243e-02
1.456764992326498032e-02
7.001740485429763794e-02
8.745416998863220215e-03
2.089679054915904999e-02
1.858418345451354980e+00
9.517570585012435913e-02
7.087757438421249390e-02
6.438621282577514648e-01
2.803536653518676758e-01
7.738602161407470703e-01
1.184188853949308395e-02
9.618381857872009277e-01
8.751799166202545166e-02
1.682367175817489624e-01
1.297430843114852905e-01
2.291568070650100708e-01
4.332867264747619629e-02
2.296610027551651001e-01
2.190477848052978516e+00
3.949497222900390625e+00
1.703691601753234863e+00
1.595567315816879272e-01
2.712658420205116272e-02
2.470565080642700195e+00
8.647719025611877441e-02
1.014255762100219727e+00
1.447802688926458359e-02
2.149081975221633911e-02
1.608007848262786865e-01
4.698490723967552185e-03
5.213464424014091492e-02
1.913277745246887207e+00
5.670886039733886719e-01
3.184912800788879395e-01
5.070244669914245605e-01
7.903180271387100220e-02
5.109810233116149902e-01
1.696562953293323517e-02
2.027496248483657837e-01
2.255951613187789917e-01
1.630198061466217041e-01
5.110197067260742188e-01
1.080919951200485229e-01
4.435300454497337341e-02
1.047518178820610046e-01
3.830209374427795410e-01
7.320698499679565430e-01
3.854030966758728027e-01
3.643881380558013916e-01
4.577072709798812866e-02
3.451504185795783997e-02
9.553536772727966309e-02
7.196732796728610992e-03
0.000000000000000000e+00
2.244559764862060547e+00
0.000000000000000000e+00
4.262659847736358643e-01
0.000000000000000000e+00
5.170220136642456055e-01
1.263662725687026978e-01
9.266874939203262329e-02
1.816091984510421753e-01
5.182222127914428711e-01
6.460323929786682129e-01
4.837031364440917969e-01
1.140475552529096603e-02
1.130674406886100769e-01
4.619488716125488281e-01
1.969613879919052124e-02
0.000000000000000000e+00
1.520527601242065430e-01
0.000000000000000000e+00
9.500299580395221710e-03
1.728390574455261230e+00
2.398141771554946899e-01
1.684796810150146484e-01
1.921290904283523560e-01
3.031353354454040527e-01
4.106477648019790649e-02
2.017152123153209686e-02
7.607877850532531738e-01
3.307753056287765503e-02
8.063637651503086090e-03
6.140789389610290527e-01
1.042813658714294434e+00
4.089586734771728516e-01
1.496757417917251587e-01
2.182537317276000977e-01
4.333825409412384033e-02
2.215499281883239746e-01
1.223196610808372498e-01
3.608657717704772949e-01
2.166536331176757812e+00
0.000000000000000000e+00
0.000000000000000000e+00
1.325303763151168823e-01
5.080970376729965210e-02
1.879924722015857697e-02
5.714307427406311035e-01
6.045375391840934753e-02
1.502590626478195190e-01
4.042773321270942688e-02
2.552490830421447754e-01
4.280344843864440918e-01
5.351199507713317871e-01
3.368573486804962158e-01
1.609390676021575928e-01
4.947424829006195068e-01
0.000000000000000000e+00
2.398308038711547852e+00
1.146809682250022888e-01
2.997383177280426025e-01
0.000000000000000000e+00
9.109481424093246460e-02
1.234464168548583984e+00
0.000000000000000000e+00
7.828466594219207764e-03
8.484955132007598877e-02
8.126440048217773438e-01
2.047998011112213135e-01
4.305398464202880859e-01
5.331893563270568848e-01
1.085544228553771973e+00
5.873291492462158203e-01
1.347198486328125000e+00
0.000000000000000000e+00
5.063785910606384277e-01
3.852757930755615234e+00
5.236718654632568359e-01
6.133760809898376465e-01
3.838372528553009033e-01
4.223078489303588867e-02
1.625366061925888062e-01
6.282665729522705078e-01
0.000000000000000000e+00
3.005235083401203156e-02
3.898172080516815186e-02
0.000000000000000000e+00
0.000000000000000000e+00
1.269475817680358887e-01
2.030551880598068237e-01
0.000000000000000000e+00
1.493710875511169434e-01
1.391531229019165039e-01
2.599699199199676514e-01
9.380585551261901855e-01
3.357749432325363159e-02
8.957129716873168945e-02
7.765893638134002686e-02
2.234289199113845825e-01
9.251615032553672791e-03
3.939601033926010132e-02
1.124089211225509644e-02
1.411071896553039551e+00
1.716256886720657349e-01
3.615039885044097900e-01
1.055140420794487000e-01
1.060117036104202271e-01
4.127659797668457031e-01
6.752861291170120239e-02
1.917590498924255371e-01
1.330736279487609863e-01
1.634784787893295288e-01
6.243013218045234680e-02
7.009655833244323730e-01
0.000000000000000000e+00
7.952803373336791992e-02
2.056964159011840820e+00
1.462640464305877686e-01
4.918690621852874756e-01
0.000000000000000000e+00
1.932682842016220093e-01
4.654244482517242432e-01
0.000000000000000000e+00
0.000000000000000000e+00
8.896576762199401855e-01
8.189982175827026367e-02
5.213254690170288086e-01
3.375501334667205811e-01
8.369524776935577393e-02
3.939036279916763306e-02
1.173051148653030396e-01
3.757711499929428101e-02
4.614649340510368347e-02
1.113504637032747269e-02
0.000000000000000000e+00
2.431345462799072266e+00
4.872133210301399231e-02
0.000000000000000000e+00
9.243612736463546753e-02
2.981744408607482910e-01
6.767915487289428711e-01
6.096531748771667480e-01
9.119682759046554565e-02
5.596397444605827332e-02
4.316442906856536865e-01
8.364510536193847656e-01
1.540028750896453857e-01
3.735308349132537842e-01
1.426108740270137787e-02
1.977880895137786865e-01
0.000000000000000000e+00
1.685996204614639282e-01
1.948265880346298218e-01
6.417541950941085815e-02
1.702969193458557129e+00
0.000000000000000000e+00
2.517753839492797852e-01
1.060123518109321594e-01
5.501475334167480469e-01
2.103159725666046143e-01
1.406121134757995605e+00
1.240382790565490723e+00
8.869755268096923828e-01
7.719196677207946777e-01
2.756374478340148926e-01
1.959363967180252075e-01
1.978387236595153809e-01
3.424429595470428467e-01
4.769632592797279358e-02
1.621935516595840454e-01
2.254566252231597900e-01
3.295785933732986450e-02
1.236542966216802597e-02
1.528719216585159302e-01
1.456260979175567627e-01
9.327363967895507812e-02
2.011991500854492188e+00
6.142193078994750977e-02
1.076738119125366211e+00
1.872433662414550781e+00
1.750196679495275021e-03
1.106666803359985352e+00
2.365160137414932251e-01
6.785545945167541504e-01
2.499202266335487366e-02
2.023638933897018433e-01
1.855599880218505859e+00
4.535745978355407715e-01
3.050836324691772461e-01
2.143255919218063354e-01
6.281414628028869629e-02
1.935026168823242188e+00
1.174249410629272461e+00
1.723394840955734253e-01
1.414825916290283203e-01
3.246382996439933777e-02
4.136964380741119385e-01
5.478769540786743164e-01
2.546507716178894043e-01
7.199477553367614746e-01
2.105795443058013916e-01
2.307181060314178467e-01
7.132077962160110474e-02
1.410516947507858276e-01
0.000000000000000000e+00
4.794827401638031006e-01
8.640114665031433105e-01
7.701290398836135864e-02
0.000000000000000000e+00
1.214217469096183777e-01
3.206446766853332520e-02
6.774142384529113770e-02
9.388096630573272705e-03
4.895931184291839600e-01
0.000000000000000000e+00
0.000000000000000000e+00
1.971144229173660278e-01
1.674692928791046143e-01
1.759784072637557983e-01
4.701339825987815857e-02
0.000000000000000000e+00
1.763858050107955933e-01
5.699590593576431274e-02
1.347026944160461426e+00
3.987549245357513428e-01
5.291673168540000916e-02
3.023270517587661743e-02
2.197649031877517700e-01
2.956640422344207764e-01
9.205286391079425812e-03
1.414528489112854004e-01
1.057708621025085449e+00
1.034322939813137054e-02
1.430121716111898422e-02
1.895748823881149292e-01
7.764393836259841919e-02
1.301468908786773682e-01
9.968812018632888794e-02
6.856487989425659180e-01
7.101498246192932129e-01
2.228606957942247391e-03
1.111805513501167297e-01
0.000000000000000000e+00
1.933773159980773926e-01
1.001265525817871094e+00
3.323920071125030518e-01
1.251336634159088135e-01
6.544814705848693848e-01
0.000000000000000000e+00
8.383943885564804077e-02
1.461641490459442139e-01
6.077619791030883789e-01
4.043037593364715576e-01
9.885447621345520020e-01
3.480107784271240234e+00
3.395877778530120850e-01
2.232843399047851562e+00
4.097634315490722656e+00
1.040934864431619644e-02
7.929717190563678741e-03
1.958592832088470459e-01
7.550362348556518555e-01
5.906578898429870605e-02
1.787564009428024292e-01
5.697484593838453293e-03
1.688493639230728149e-01
0.000000000000000000e+00
0.000000000000000000e+00
2.379810363054275513e-01
2.370716929435729980e-01
2.813060954213142395e-02
0.000000000000000000e+00
1.949955224990844727e-01
1.052051186561584473e+00
7.538601756095886230e-01
5.978589132428169250e-02
1.425741672515869141e+00
3.230635821819305420e-01
1.702233403921127319e-01
1.714861690998077393e-01
5.349720641970634460e-02
4.133988320827484131e-01
6.712615489959716797e-02
3.768648486584424973e-03
1.054945364594459534e-01
6.472762823104858398e-01
2.199660062789916992e+00
4.489428550004959106e-02
2.143539428710937500e+00
2.208234816789627075e-01
1.249210238456726074e-01
0.000000000000000000e+00
0.000000000000000000e+00
2.920059859752655029e-01
1.892870545387268066e+00
3.323864936828613281e+00
1.246221922338008881e-02
0.000000000000000000e+00
1.641317129135131836e+00
0.000000000000000000e+00
2.542660944163799286e-02
1.314879357814788818e-01
2.806317210197448730e-01
8.197876811027526855e-02
2.784578800201416016e+00
1.066199988126754761e-01
1.273887511342763901e-02
1.449470641091465950e-03
6.667292118072509766e-02
1.685253083705902100e-01
2.255055904388427734e-01
9.786007404327392578e-01
1.018764734268188477e+00
2.217705361545085907e-02
2.127080038189888000e-02
1.219195723533630371e+00
5.026810616254806519e-02
1.263685226440429688e-01
3.716928958892822266e-01
6.554222106933593750e+00
1.288679361343383789e+00
1.876842975616455078e-01
2.968796968460083008e+00
5.086216330528259277e-02
5.162922739982604980e-01
2.453014999628067017e-01
3.816938996315002441e-01
1.310830861330032349e-01
2.826019935309886932e-02
9.195887297391891479e-02
1.590782999992370605e-01
3.851361572742462158e-01
7.984772324562072754e-02
1.682724505662918091e-01
2.092214673757553101e-01
1.399382352828979492e-01
2.533438205718994141e-01
5.980147719383239746e-01
2.003936767578125000e-01
1.252337545156478882e-01
1.758680939674377441e-01
1.634555868804454803e-02
4.203362464904785156e-01
1.741057485342025757e-01
5.958001613616943359e+00
5.940787792205810547e-01
1.720050573348999023e-01
1.798415333032608032e-01
5.473158136010169983e-02
5.971588939428329468e-02
1.278069801628589630e-02
5.178377032279968262e-02
3.436445236206054688e+00
8.328247666358947754e-01
1.805855035781860352e-01
1.475322991609573364e-01
3.305704295635223389e-01
2.255810499191284180e-01
3.629137277603149414e-01
0.000000000000000000e+00
2.324331283569335938e+00
1.503308489918708801e-02
1.378529965877532959e-01
5.230010151863098145e-01
3.391637206077575684e-01
5.531646311283111572e-02
2.523295767605304718e-02
2.704359777271747589e-02
3.202407434582710266e-02
7.325649857521057129e-01
0.000000000000000000e+00
4.831573963165283203e-01
1.243789959698915482e-02
0.000000000000000000e+00
5.223474502563476562e-01
6.534428000450134277e-01
1.121331602334976196e-01
0.000000000000000000e+00
2.157856673002243042e-01
9.861482381820678711e-01
7.687121629714965820e-02
5.308749154210090637e-02
1.791944652795791626e-01
2.200191318988800049e-01
7.984863519668579102e-01
3.086085245013237000e-02
5.895734310150146484e+00
1.776741594076156616e-01
7.236603498458862305e-01
4.080350399017333984e-01
4.092758521437644958e-02
4.523571580648422241e-02
2.523056864738464355e-01
0.000000000000000000e+00
4.256528019905090332e-01
4.989988505840301514e-01
2.688053846359252930e-01
7.470439076423645020e-01
4.089190065860748291e-01
5.625045299530029297e-01
1.393975973129272461e+00
8.383890986442565918e-01
1.070696115493774414e-01
1.652971059083938599e-01
2.645609080791473389e-01
0.000000000000000000e+00
5.614443682134151459e-03
2.534831166267395020e-01
9.090577960014343262e-01
6.594029664993286133e-01
1.197118163108825684e-01
0.000000000000000000e+00
5.187528729438781738e-01
4.615557789802551270e-01
2.177972793579101562e-01
6.382344961166381836e-01
1.414227336645126343e-01
1.850916594266891479e-01
0.000000000000000000e+00
6.267102360725402832e-01
4.962645471096038818e-01
1.265327185392379761e-01
1.028137579560279846e-01
0.000000000000000000e+00
4.548187181353569031e-02
1.217583473771810532e-02
1.219813466072082520e+00
1.612784713506698608e-01
1.040514230728149414e+00
8.143430203199386597e-02
1.636586487293243408e-01
0.000000000000000000e+00
3.116561174392700195e-01
4.856058210134506226e-02
1.072601199150085449e+00
2.460461854934692383e-01
0.000000000000000000e+00
0.000000000000000000e+00
7.451891899108886719e-02
3.511479496955871582e-01
1.913480162620544434e-01
2.007167339324951172e-01
1.462813168764114380e-01
1.160901427268981934e+00
0.000000000000000000e+00
1.385656595230102539e-01
6.866493225097656250e-01
1.223078489303588867e+00
5.100957751274108887e-01
4.618155062198638916e-01
1.668894886970520020e+00
1.058120951056480408e-01
3.804105892777442932e-02
3.614712953567504883e-01
5.391825363039970398e-02
3.664647042751312256e-01
0.000000000000000000e+00
3.620050847530364990e-01
2.324156612157821655e-01
1.756080389022827148e-01
9.363999366760253906e-01
1.641544997692108154e-01
5.972680822014808655e-02
6.412773728370666504e-01
3.954265415668487549e-01
0.000000000000000000e+00
2.235955744981765747e-01
1.104801222681999207e-01
1.696738749742507935e-01
4.951743781566619873e-01
1.876282989978790283e-01
0.000000000000000000e+00
6.419000625610351562e-01
9.517800211906433105e-01
1.146554425358772278e-01
1.671957410871982574e-02
1.067509427666664124e-01
2.222791463136672974e-01
7.773807048797607422e-01
5.362385138869285583e-02
7.070956230163574219e-01
1.755862124264240265e-02
3.817386925220489502e-02
0.000000000000000000e+00
2.761169433593750000e+00
7.088808417320251465e-01
5.796283110976219177e-02
3.204525262117385864e-02
4.211671650409698486e-01
1.592208445072174072e-01
2.447250671684741974e-02
8.166416548192501068e-03
1.607337966561317444e-02
1.068045273423194885e-01
1.001870408654212952e-01
6.326637417078018188e-02
2.717981860041618347e-02
7.231310009956359863e-01
3.178597390651702881e-01
5.136556625366210938e-01
2.661226317286491394e-02
3.467614948749542236e-01
1.048223972320556641e+00
0.000000000000000000e+00
4.843398034572601318e-01
3.839627653360366821e-02
5.696216970682144165e-02
4.215609133243560791e-01
2.741440236568450928e-01
0.000000000000000000e+00
2.824209034442901611e-01
7.596729788929224014e-03
3.533870875835418701e-01
6.309018135070800781e-01
8.073993027210235596e-02
6.351951509714126587e-02
2.774601578712463379e-01
2.056514769792556763e-01
0.000000000000000000e+00
1.242077231407165527e+00
9.499162435531616211e-02
1.162284374237060547e+00
3.370836973190307617e-01
0.000000000000000000e+00
1.272964835166931152e+00
3.711408078670501709e-01
2.543584406375885010e-01
1.902467757463455200e-01
2.396256178617477417e-01
1.130436286330223083e-01
6.675793528556823730e-01
1.206664294004440308e-01
1.425384636968374252e-02
1.237243413925170898e+00
2.644173800945281982e-02
2.143220901489257812e-01
1.397709101438522339e-01
7.384219765663146973e-01
8.574492298066616058e-03
1.720309555530548096e-01
1.709091663360595703e+00
1.570110581815242767e-02
0.000000000000000000e+00
1.799172610044479370e-01
4.958274364471435547e-01
0.000000000000000000e+00
3.602029383182525635e-01
1.954683512449264526e-01
3.701517283916473389e-01
2.042336314916610718e-01
1.405547410249710083e-01
1.047528162598609924e-02
7.176939398050308228e-02
1.399794667959213257e-01
6.005745381116867065e-02
3.109010457992553711e-01
0.000000000000000000e+00
5.119120702147483826e-02
0.000000000000000000e+00
1.267948150634765625e-01
3.788953125476837158e-01
1.090378835797309875e-01
5.917566362768411636e-03
3.773428499698638916e-01
1.688622117042541504e+00
3.668878227472305298e-02
4.416276514530181885e-01
7.132773287594318390e-03
8.706052303314208984e-01
8.002385497093200684e-02
0.000000000000000000e+00
5.268547534942626953e-01
2.486494183540344238e-01
2.051224559545516968e-02
0.000000000000000000e+00
1.280874347686767578e+01
2.025696933269500732e-01
0.000000000000000000e+00
0.000000000000000000e+00
0.000000000000000000e+00
5.904020741581916809e-02
1.543265104293823242e+00
2.596642374992370605e-01
6.310061365365982056e-02
0.000000000000000000e+00
6.733930110931396484e-02
2.516907174140214920e-03
1.688557714223861694e-01
4.293493181467056274e-02
3.916601091623306274e-02
6.265331804752349854e-02
8.102945089340209961e-01
4.842750430107116699e-01
2.429928630590438843e-01
0.000000000000000000e+00
0.000000000000000000e+00
0.000000000000000000e+00
3.022837340831756592e-01
5.198395997285842896e-02
1.354431748390197754e+00
5.022247135639190674e-02
3.244636654853820801e-01
4.736268892884254456e-02
3.441238403320312500e-02
5.587458014488220215e-01
0.000000000000000000e+00
1.476960778236389160e+00
0.000000000000000000e+00
2.802792072296142578e+00
0.000000000000000000e+00
2.214618921279907227e-01
1.260655671358108521e-01
2.092613279819488525e-01
1.001386642456054688e-01
1.652138382196426392e-01
1.644102036952972412e-01
2.769694328308105469e-01
5.890834331512451172e-01
1.000562906265258789e+00
4.420043826103210449e-01
3.813668787479400635e-01
5.365828871726989746e-01
6.764729022979736328e-01
4.595045000314712524e-02
4.742326959967613220e-02
5.308659672737121582e-01
2.111705094575881958e-01
3.670031130313873291e-01
5.490248203277587891e-01
8.846918493509292603e-02
4.326712191104888916e-01
5.696098804473876953e-01
3.868795186281204224e-02
4.867606237530708313e-02
9.607403278350830078e-01
4.909484684467315674e-01
2.265137583017349243e-01
2.392749041318893433e-01
1.149792373180389404e-01
1.545950472354888916e-01
1.870400756597518921e-01
5.652592182159423828e-01
2.598338425159454346e-01
4.049819707870483398e-02
6.121989488601684570e-01
0.000000000000000000e+00
4.100488126277923584e-02
2.068634033203125000e-01
2.384670078754425049e-01
1.603548787534236908e-02
3.605006337165832520e-01
2.516946494579315186e-01
2.244679927825927734e-01
0.000000000000000000e+00
2.761318385601043701e-01
8.834432363510131836e-01
1.351421028375625610e-01
9.688358753919601440e-02
2.442843765020370483e-01
5.516067892313003540e-02
3.882679045200347900e-01
1.175869703292846680e+00
3.379295468330383301e-01
0.000000000000000000e+00
0.000000000000000000e+00
1.140326499938964844e+00
2.590629458427429199e-01
1.224913168698549271e-02
1.276043802499771118e-01
8.652607351541519165e-02
0.000000000000000000e+00
1.791802495718002319e-01
6.889877375215291977e-03
1.854409575462341309e-01
2.950283586978912354e-01
2.799885580316185951e-03
9.963025897741317749e-02
2.577278316020965576e-01
2.312579937279224396e-02
2.453679889440536499e-01
5.673725605010986328e-01
1.136266291141510010e-01
4.018777608871459961e-02
6.345059275627136230e-01
7.915140986442565918e-01
5.891083553433418274e-02
9.849454276263713837e-03
2.126046717166900635e-01
1.085216403007507324e+00
2.111270651221275330e-02
2.497795224189758301e-02
5.714716762304306030e-02
9.728699326515197754e-01
1.026148080825805664e+00
9.755103848874568939e-03
2.875739037990570068e-01
2.086985111236572266e+00
1.624601364135742188e+00
8.894825726747512817e-02
1.543238312005996704e-01
4.737469553947448730e-02
4.143127053976058960e-02
5.354931950569152832e-02
5.753717422485351562e-01
3.499669432640075684e-01
3.054199516773223877e-01
7.928764820098876953e-02
5.013449788093566895e-01
9.373546391725540161e-02
1.529183834791183472e-01
7.602328062057495117e-02
1.062089856714010239e-02
2.061080373823642731e-02
4.629699885845184326e-01
2.098544389009475708e-01
3.268241882324218750e-02
4.624379053711891174e-02
3.241682425141334534e-02
2.372112125158309937e-01
5.636383593082427979e-02
3.892619907855987549e-02
3.013953864574432373e-01
6.266008317470550537e-02
6.317005027085542679e-03
0.000000000000000000e+00
4.086291193962097168e-01
8.463594317436218262e-01
1.159822717308998108e-01
0.000000000000000000e+00
1.587716341018676758e-01
4.309168457984924316e-01
1.623499244451522827e-01
0.000000000000000000e+00
3.655597567558288574e-01
1.426723599433898926e-01
4.056980311870574951e-01
7.373584806919097900e-02
1.629412770271301270e-01
2.122799456119537354e-01
0.000000000000000000e+00
6.256750226020812988e-01
5.742486715316772461e-01
6.932681202888488770e-01
5.151659250259399414e-01
2.727273292839527130e-02
1.210042238235473633e-01
0.000000000000000000e+00
6.613015383481979370e-02
1.663691699504852295e-01
9.183981092064641416e-06
2.374246597290039062e+00
2.403531968593597412e-01
4.603617191314697266e-01
2.390441149473190308e-01
6.132146120071411133e-01
7.961391806602478027e-01
6.158351302146911621e-01
1.241727918386459351e-01
3.818352818489074707e-01
2.589588761329650879e-01
9.505177140235900879e-01
2.153780460357666016e-01
1.659147143363952637e-01
1.183901801705360413e-01
1.304088473320007324e+00
2.252499945461750031e-02
1.438370645046234131e-01
9.088401496410369873e-02
0.000000000000000000e+00
2.372890412807464600e-01
4.831198602914810181e-02
5.135792121291160583e-02
4.335061013698577881e-01
4.846360683441162109e-01
5.204848945140838623e-02
4.478790462017059326e-01
1.069066300988197327e-01
2.288658767938613892e-01
6.847431659698486328e-01
1.582885086536407471e-01
5.106385052204132080e-02
5.395922437310218811e-02
7.659332752227783203e-01
1.638864278793334961e-01
8.594497442245483398e-01
1.781816333532333374e-01
8.610118031501770020e-01
2.592691779136657715e-01
4.457400143146514893e-01
6.411705613136291504e-01
1.396075934171676636e-01
4.757327139377593994e-01
1.944921016693115234e-01
0.000000000000000000e+00
2.062172651290893555e+00
7.282473891973495483e-02
1.588030457496643066e-01
4.742996096611022949e-01
3.075236640870571136e-02
1.539127826690673828e-01
7.884495258331298828e-01
2.792771905660629272e-02
1.143527869135141373e-02
9.675921499729156494e-02
1.479777097702026367e-01
1.135754305869340897e-02
0.000000000000000000e+00
0.000000000000000000e+00
1.318612694740295410e-01
4.521337896585464478e-02
3.148072957992553711e-02
2.155832052230834961e-01
3.515027523040771484e+00
1.168422028422355652e-02
1.377971023321151733e-01
0.000000000000000000e+00
5.412303726188838482e-04
2.485776990652084351e-01
6.937774270772933960e-02
9.986422657966613770e-01
2.081967443227767944e-01
2.783153578639030457e-02
1.759434677660465240e-02
2.090103365480899811e-02
1.371701061725616455e-02
0.000000000000000000e+00
2.964262366294860840e-01
4.534829258918762207e-01
0.000000000000000000e+00
1.899890154600143433e-01
6.940174102783203125e-02
2.968567423522472382e-02
5.987662822008132935e-03
5.545808747410774231e-02
3.656494319438934326e-01
1.148566678166389465e-01
7.087505422532558441e-03
6.181760877370834351e-02
2.268687337636947632e-01
1.356907282024621964e-02
4.619485232979059219e-03
1.290759537369012833e-02
5.736422166228294373e-02
5.520732402801513672e-01
1.545316874980926514e-01
1.061569303274154663e-01
4.713501781225204468e-02
2.285502254962921143e-01
1.115881558507680893e-02
1.291989088058471680e+00
6.820856127887964249e-03
1.536977291107177734e+00
9.925396442413330078e-01
1.860468536615371704e-01
4.849268496036529541e-02
6.887767463922500610e-02
8.034199476242065430e-01
0.000000000000000000e+00
5.554039776325225830e-02
0.000000000000000000e+00
5.020495504140853882e-02
8.875265717506408691e-02
5.022012814879417419e-02
3.736857175827026367e+00
3.861887454986572266e-01
2.902257442474365234e-01
4.249471426010131836e-01
