3.504473567008972168e-01
2.285156250000000000e-01
0.000000000000000000e+00
1.558569520711898804e-01
1.977613866329193115e-01
4.364471137523651123e-02
0.000000000000000000e+00
4.301315918564796448e-02
3.000383853912353516e+00
3.606490373611450195e+00
4.010256230831146240e-01
1.751783490180969238e-01
6.609215140342712402e-01
4.808507561683654785e-01
1.696164309978485107e-01
3.009981475770473480e-02
5.577414482831954956e-02
4.778526425361633301e-01
5.628201961517333984e-01
1.216118931770324707e+00
9.501536488533020020e-01
2.242620587348937988e-01
4.486755132675170898e-01
2.132921665906906128e-01
2.753256261348724365e-01
4.241845309734344482e-01
1.428503096103668213e-01
7.084663957357406616e-03
1.023177430033683777e-01
1.251369267702102661e-01
1.026078462600708008e-01
2.122910171747207642e-01
2.378439664840698242e+00
3.987531065940856934e-01
8.832078427076339722e-02
6.266886591911315918e-01
1.419270690530538559e-02
3.251451730728149414e+00
3.308969736099243164e-02
2.855528295040130615e-01
8.373894691467285156e-01
5.699067115783691406e-01
3.997960388660430908e-01
7.073046565055847168e-01
8.098274469375610352e-02
7.276391983032226562e-01
7.274577617645263672e-01
2.283946275711059570e-01
2.448825165629386902e-02
2.636454343795776367e+00
1.167062759399414062e+00
2.060215175151824951e-01
2.776137292385101318e-01
2.333074063062667847e-01
1.251427888870239258e+00
1.940226107835769653e-01
0.000000000000000000e+00
1.873369663953781128e-01
9.221429377794265747e-02
5.898219943046569824e-01
1.311945438385009766e+00
0.000000000000000000e+00
2.115702182054519653e-01
7.021315693855285645e-01
1.008268356323242188e+00
8.399751037359237671e-02
1.013908982276916504e+00
1.128840148448944092e-01
1.831290572881698608e-01
2.647808790206909180e+00
3.499897122383117676e-01
1.705656290054321289e+00
4.726422484964132309e-03
2.590949833393096924e-01
8.974418789148330688e-02
2.161691904067993164e+00
0.000000000000000000e+00
3.767131567001342773e-01
1.077961921691894531e-02
1.440088152885437012e-01
1.951315551996231079e-01
1.342724710702896118e-01
0.000000000000000000e+00
2.916333377361297607e-01
3.055497109889984131e-01
2.273743972182273865e-02
6.804474592208862305e-01
0.000000000000000000e+00
1.504934877157211304e-01
6.768829226493835449e-01
6.164472699165344238e-01
9.997052550315856934e-01
6.418336629867553711e-01
0.000000000000000000e+00
5.295185446739196777e-01
2.089396715164184570e-01
1.177531123161315918e+00
1.125601232051849365e-01
6.054442524909973145e-01
9.492738842964172363e-01
0.000000000000000000e+00
9.170145392417907715e-01
5.766452312469482422e+00
6.364053487777709961e-02
7.413694262504577637e-02
8.060608506202697754e-01
5.112117528915405273e-02
9.292685240507125854e-02
5.625850334763526917e-02
1.133192300796508789e+00
6.642259657382965088e-02
7.723407149314880371e-01
5.943707227706909180e-01
4.340771675109863281e+00
4.353126585483551025e-01
1.072886064648628235e-01
7.634784560650587082e-03
8.633659482002258301e-01
5.041080117225646973e-01
5.689209792762994766e-03
0.000000000000000000e+00
1.244435086846351624e-01
1.051407814025878906e+00
4.969781637191772461e-02
7.769226282835006714e-02
3.818977475166320801e-01
1.274443984031677246e+00
1.133685037493705750e-01
1.157437562942504883e-01
7.858551144599914551e-01
2.718070149421691895e-01
1.064295053482055664e+00
3.680025637149810791e-01
2.388465106487274170e-01
1.126465439796447754e+00
8.339377492666244507e-02
2.057610154151916504e-01
5.662361979484558105e-01
8.125813007354736328e-01
3.154430091381072998e-01
1.124659895896911621e+00
6.933087110519409180e-02
7.024057507514953613e-01
1.256282925605773926e+00
6.115663647651672363e-01
3.478538393974304199e-01
3.441978216171264648e+00
1.355190634727478027e+00
4.809192419052124023e-01
4.511322453618049622e-02
8.845487982034683228e-02
4.227966070175170898e-01
1.724843531847000122e-01
0.000000000000000000e+00
2.057733058929443359e+00
4.034097492694854736e-02
7.044298052787780762e-01
3.137464448809623718e-02
5.111217126250267029e-02
1.999404132366180420e-01
2.265200138092041016e+00
8.946499228477478027e-01
5.856221914291381836e-01
6.767928600311279297e-01
5.235996842384338379e-01
1.132107079029083252e-01
4.013929963111877441e-01
0.000000000000000000e+00
1.286976039409637451e-01
4.241845309734344482e-01
4.791775047779083252e-01
4.750639498233795166e-01
2.168196916580200195e+00
5.989100039005279541e-02
2.869613170623779297e-01
1.014013290405273438e-01
3.136758506298065186e-01
8.267938494682312012e-01
2.279495634138584137e-02
4.758272469043731689e-01
3.225100040435791016e-02
4.722537845373153687e-02
0.000000000000000000e+00
4.274821281433105469e-01
0.000000000000000000e+00
2.986800074577331543e-01
1.666537374258041382e-01
3.795393407344818115e-01
1.997931599617004395e-01
6.170123219490051270e-01
7.938265204429626465e-01
1.169278621673583984e+00
1.567439287900924683e-01
4.408274292945861816e-01
1.168134585022926331e-01
1.394898891448974609e+00
2.354574203491210938e-02
9.522129893302917480e-01
1.505828022956848145e+00
1.261223077774047852e+00
1.163236141204833984e+00
3.794466853141784668e-01
6.684184819459915161e-02
2.678546905517578125e-01
1.855711787939071655e-01
5.123543143272399902e-01
3.838414847850799561e-01
1.498679995536804199e+00
3.630055114626884460e-02
1.209488272666931152e+00
0.000000000000000000e+00
9.820207953453063965e-01
3.331123292446136475e-02
1.272794157266616821e-01
8.734741806983947754e-02
6.585105657577514648e-01
5.213313698768615723e-01
1.548988372087478638e-01
0.000000000000000000e+00
9.766411185264587402e-01
2.277553677558898926e-01
3.199440240859985352e-02
5.803315639495849609e-01
0.000000000000000000e+00
6.090608835220336914e-01
1.179039571434259415e-02
1.575395762920379639e-01
2.651411294937133789e+00
1.176895737648010254e+00
7.407972216606140137e-01
5.556679680012166500e-04
1.115200042724609375e+00
8.581098318099975586e-01
3.797074556350708008e-01
1.286360740661621094e+00
1.966565996408462524e-01
1.454762667417526245e-01
1.802598536014556885e-01
0.000000000000000000e+00
2.816823124885559082e-01
1.027694344520568848e-01
1.031430363655090332e+00
1.369670778512954712e-01
9.497255682945251465e-01
3.263961672782897949e-01
4.668620973825454712e-02
4.164241850376129150e-01
1.995271593332290649e-01
8.681496977806091309e-02
4.904433786869049072e-01
3.938131034374237061e-02
1.019970849156379700e-01
9.684821963310241699e-01
8.306460380554199219e-01
9.924363344907760620e-02
1.856696419417858124e-02
3.742612600326538086e-01
5.767846107482910156e-01
2.018990367650985718e-02
5.026926845312118530e-02
2.328655123710632324e-01
1.240030303597450256e-01
8.075215220451354980e-01
4.358890354633331299e-01
8.015186786651611328e-01
1.170905977487564087e-01
9.117349982261657715e-02
8.850483894348144531e-01
3.043975114822387695e+00
2.047411918640136719e+00
6.322979927062988281e-03
4.112337827682495117e-01
2.256200276315212250e-02
1.135145276784896851e-01
1.070501059293746948e-01
1.998994469642639160e+00
1.453435420989990234e-01
2.752985246479511261e-02
3.943526744842529297e-01
4.133568704128265381e-01
8.797941207885742188e-01
3.288793563842773438e-02
2.600488439202308655e-02
1.093847528100013733e-01
1.015700340270996094e+00
4.305219948291778564e-01
1.923072785139083862e-01
1.501394510269165039e-01
0.000000000000000000e+00
5.392736196517944336e-01
2.508173584938049316e-01
2.699670195579528809e-01
2.088891267776489258e+00
2.202223241329193115e-01
8.054735139012336731e-03
8.793897926807403564e-02
4.792360216379165649e-02
0.000000000000000000e+00
3.468074649572372437e-02
9.295029565691947937e-03
5.799762159585952759e-02
2.054483294486999512e-01
1.322827022522687912e-02
2.699025869369506836e-01
3.007668852806091309e-01
1.578280702233314514e-02
2.944333255290985107e-01
1.595092862844467163e-01
5.613988637924194336e-01
3.836502432823181152e-01
4.363537132740020752e-01
6.875409483909606934e-01
3.473219648003578186e-02
1.371086001396179199e+00
0.000000000000000000e+00
1.911862790584564209e-01
1.530312061309814453e+00
1.074426770210266113e+00
6.082860752940177917e-02
9.317854046821594238e-01
1.536734104156494141e-01
1.141068432480096817e-02
1.208080202341079712e-01
4.515862092375755310e-02
1.343322992324829102e-01
1.219801604747772217e-01
2.031653225421905518e-01
1.812278628349304199e-01
5.881285294890403748e-02
1.352029561996459961e+00
5.628590583801269531e-01
2.313374757766723633e+00
3.051346242427825928e-01
3.427016139030456543e-01
2.669394016265869141e-01
7.939285598695278168e-03
2.561970651149749756e-01
2.916662197094410658e-04
1.624361872673034668e-01
5.400176644325256348e-01
5.475212261080741882e-02
0.000000000000000000e+00
2.419379949569702148e-01
1.964110136032104492e-01
1.874484680593013763e-02
5.156492069363594055e-02
2.322752401232719421e-02
3.038559854030609131e-01
6.586940288543701172e-01
4.638271629810333252e-01
8.983690738677978516e-01
0.000000000000000000e+00
4.696734547615051270e-01
8.796956539154052734e-01
9.049499034881591797e-02
2.987087517976760864e-02
6.202298775315284729e-02
2.589605093002319336e+00
1.720570027828216553e-02
8.689045161008834839e-02
1.765605211257934570e-01
1.746023178100585938e+00
1.574731916189193726e-01
0.000000000000000000e+00
3.498932719230651855e-02
2.901925519108772278e-02
1.597311377525329590e+00
1.534195542335510254e+00
3.236224176362156868e-03
3.767469823360443115e-01
1.336108326911926270e+00
1.088476300239562988e+00
3.098056316375732422e-01
6.135956197977066040e-02
1.746695041656494141e-01
2.626519203186035156e-01
2.083834074437618256e-02
9.342083707451820374e-03
9.637436270713806152e-01
1.533854752779006958e-01
5.898272395133972168e-01
1.280987262725830078e+00
3.752128481864929199e-01
4.139301478862762451e-01
3.180096149444580078e-01
1.624510884284973145e-01
1.183004006743431091e-01
4.267442226409912109e-01
6.761883385479450226e-03
1.011862680315971375e-01
2.472452163696289062e+00
2.222765237092971802e-03
5.121968314051628113e-02
1.953454464673995972e-01
8.306127786636352539e-01
8.844754695892333984e-01
2.991621196269989014e-02
1.930958926677703857e-01
2.877126038074493408e-01
2.214492797851562500e+00
3.228408396244049072e-01
1.172879636287689209e-01
1.018663048744201660e-01
1.038097381591796875e+00
1.296897325664758682e-02
1.591762453317642212e-01
1.130374968051910400e-01
1.445430517196655273e+00
2.959557294845581055e+00
4.389409422874450684e-01
1.961437016725540161e-01
2.781622409820556641e-01
3.826827928423881531e-02
8.729785084724426270e-01
8.273105323314666748e-02
0.000000000000000000e+00
3.395970910787582397e-02
1.737877577543258667e-01
2.034675776958465576e-01
5.583619698882102966e-03
0.000000000000000000e+00
3.891089260578155518e-01
3.626566231250762939e-01
2.717645466327667236e-01
1.828390955924987793e-01
3.373723030090332031e-01
1.294429004192352295e-01
9.479163587093353271e-02
0.000000000000000000e+00
3.201074004173278809e-01
1.094371080398559570e+00
1.426998674869537354e-01
8.572247461415827274e-04
0.000000000000000000e+00
4.654580727219581604e-02
9.785237908363342285e-02
2.322300821542739868e-01
4.207799434661865234e-01
5.395082235336303711e-01
9.836778640747070312e-01
3.488508462905883789e-01
2.440704591572284698e-02
8.358096480369567871e-01
0.000000000000000000e+00
1.941108703613281250e+00
1.535077571868896484e+00
3.169315159320831299e-01
9.059602618217468262e-01
5.268306657671928406e-02
4.556286614388227463e-03
9.691851213574409485e-03
1.741723865270614624e-01
2.331646531820297241e-01
1.961006164550781250e+00
5.774439126253128052e-02
1.108499616384506226e-01
7.526513189077377319e-02
6.790093332529067993e-02
2.409498691558837891e-01
2.607361227273941040e-02
7.727567106485366821e-02
6.743366718292236328e-01
2.704996243119239807e-02
5.847022309899330139e-02
1.563707441091537476e-01
7.812362313270568848e-01
1.776734180748462677e-02
1.346997261047363281e+00
0.000000000000000000e+00
6.250529736280441284e-02
6.163862999528646469e-03
2.811630249023437500e+00
3.810315728187561035e-01
1.219070032238960266e-01
8.701224923133850098e-01
9.044674634933471680e-01
1.331536918878555298e-01
4.082600772380828857e-01
5.614063739776611328e-01
1.788411855697631836e+00
8.925161361694335938e-01
2.810028195381164551e-01
6.839599609375000000e-01
3.043860755860805511e-02
1.770426988601684570e+00
0.000000000000000000e+00
3.315217047929763794e-02
3.300320729613304138e-02
4.252389371395111084e-01
6.696609854698181152e-01
9.066708385944366455e-02
5.397087931632995605e-01
8.936753496527671814e-03
7.367528229951858521e-02
2.663738965988159180e+00
1.162397146224975586e+00
3.911608755588531494e-01
1.856414198875427246e+00
9.792580008506774902e-01
7.882425785064697266e-01
1.459741741418838501e-01
7.925834506750106812e-02
5.362457036972045898e-01
4.179720580577850342e-01
2.628355026245117188e+00
2.432610273361206055e+00
9.422211647033691406e-01
5.198902636766433716e-02
2.588676691055297852e+00
0.000000000000000000e+00
1.285794973373413086e+00
6.963070631027221680e-01
1.282792210578918457e+00
2.404426783323287964e-01
1.248916387557983398e+00
3.973888605833053589e-02
3.058851659297943115e-01
9.213205575942993164e-01
3.934781849384307861e-01
2.308262884616851807e-02
2.272527515888214111e-01
6.055840253829956055e-01
6.263033747673034668e-01
2.814399957656860352e+00
4.828490689396858215e-02
4.161129474639892578e+00
4.951357841491699219e-01
5.346637368202209473e-01
1.366874575614929199e+00
3.238458037376403809e-01
1.121717095375061035e+00
9.491664171218872070e-01
2.680440187454223633e+00
3.834501653909683228e-02
2.269428730010986328e+00
2.882519245147705078e+00
5.084441900253295898e-01
2.949079871177673340e-01
9.778373837471008301e-01
5.870310068130493164e-01
1.202445268630981445e+00
1.255458593368530273e-01
2.736147940158843994e-01
5.335097908973693848e-01
0.000000000000000000e+00
8.175399899482727051e-01
4.143213272094726562e+00
1.235276181250810623e-02
4.187240302562713623e-01
7.313784956932067871e-02
6.034054234623908997e-02
4.129461050033569336e-01
6.052294000983238220e-02
7.410261314362287521e-03
3.849717378616333008e-01
7.900170236825942993e-02
6.476324200630187988e-01
2.017487026751041412e-02
7.829075306653976440e-02
4.605334997177124023e-02
1.700451731681823730e+00
7.745612412691116333e-02
4.347392022609710693e-01
2.129999250173568726e-01
4.732331261038780212e-03
8.040024042129516602e-01
1.462559029459953308e-02
2.912498451769351959e-02
4.621575400233268738e-02
2.212357968091964722e-01
9.412501454353332520e-01
1.901099085807800293e-01
4.454784095287322998e-01
4.350353498011827469e-03
2.322923243045806885e-01
1.218081861734390259e-01
4.626396000385284424e-01
3.893771441653370857e-03
1.389392018318176270e+00
5.334698595106601715e-03
6.346659064292907715e-01
3.272898197174072266e-01
8.415751457214355469e-01
3.747478127479553223e-01
3.545232117176055908e-02
1.315155811607837677e-02
7.517809271812438965e-01
3.046420216560363770e-01
2.087052106857299805e+00
3.349570930004119873e-02
1.636146903038024902e+00
1.127887964248657227e+00
1.063818410038948059e-01
5.006455183029174805e-01
3.060114383697509766e-01
1.159013509750366211e+00
9.887547045946121216e-02
1.095205545425415039e+00
1.273325234651565552e-01
8.133208751678466797e-01
1.359791040420532227e+00
5.675085820257663727e-03
7.623112760484218597e-03
1.331598758697509766e+00
1.450561642646789551e+00
8.369251736439764500e-04
0.000000000000000000e+00
7.805811762809753418e-01
2.062217891216278076e-01
1.279410868883132935e-01
0.000000000000000000e+00
2.882557809352874756e-01
2.569187432527542114e-02
4.292535483837127686e-01
1.268552064895629883e+00
1.504116654396057129e+00
4.206597506999969482e-01
0.000000000000000000e+00
6.971159577369689941e-02
1.787922978401184082e-01
8.664996027946472168e-01
2.207707166671752930e-01
2.368237823247909546e-01
5.277209281921386719e-01
2.467468678951263428e-01
3.855381906032562256e-02
2.339544892311096191e-01
8.231902122497558594e-01
3.673622012138366699e-01
7.720919251441955566e-01
5.169310048222541809e-02
2.766249142587184906e-02
1.703225225210189819e-01
1.641395688056945801e-01
1.701201647520065308e-01
6.231690943241119385e-02
3.528766334056854248e-01
8.348196148872375488e-01
1.470110654830932617e+00
1.026873290538787842e-01
2.940602302551269531e+00
6.728413701057434082e-01
2.742990255355834961e+00
5.567032098770141602e-01
2.538193225860595703e+00
4.941419512033462524e-02
1.560019254684448242e-01
3.643261641263961792e-02
4.348574206233024597e-03
1.268917620182037354e-01
4.911758303642272949e-01
6.099246069788932800e-02
1.714837789535522461e+00
6.691836833953857422e+00
1.716928243637084961e+00
2.388499975204467773e+00
9.919063746929168701e-02
5.304732173681259155e-02
6.697273999452590942e-02
4.775245189666748047e-01
3.693683862686157227e+00
5.447099804878234863e-01
1.299923658370971680e+00
3.291551396250724792e-02
8.024483919143676758e-02
0.000000000000000000e+00
5.944289565086364746e-01
3.222000002861022949e-01
9.135048389434814453e-01
6.409373879432678223e-01
2.838716208934783936e-01
5.039853572845458984e+00
4.511366784572601318e-01
2.897831201553344727e+00
3.306181430816650391e-01
1.608747243881225586e-01
1.405150771141052246e+00
6.539672613143920898e-01
2.072578109800815582e-02
9.452726244926452637e-01
1.182004332542419434e+00
2.958306372165679932e-01
2.446056455373764038e-01
8.628618121147155762e-01
3.190284371376037598e-01
2.554782032966613770e-01
3.503874177113175392e-03
8.986840257421135902e-04
7.636670768260955811e-02
1.329352855682373047e-01
8.163422346115112305e-01
1.992632150650024414e-01
8.663600683212280273e-02
9.710715413093566895e-01
0.000000000000000000e+00
4.230961799621582031e-01
7.358824014663696289e-01
2.150464206933975220e-01
1.429846584796905518e-01
1.018493995070457458e-01
1.461969494819641113e+00
7.232010364532470703e-02
1.239166036248207092e-01
7.678172588348388672e-01
4.651718437671661377e-01
5.965060740709304810e-02
6.937278807163238525e-02
2.869748473167419434e-01
1.573713541030883789e+00
4.686385095119476318e-01
1.563300378620624542e-02
1.707260608673095703e+00
9.002324193716049194e-02
0.000000000000000000e+00
1.323224045336246490e-02
1.733728349208831787e-01
1.523468792438507080e-01
4.468431174755096436e-01
1.165321469306945801e+00
1.615621447563171387e-01
4.483779519796371460e-02
1.327024996280670166e-01
5.403901934623718262e-01
1.415992677211761475e-01
2.562775373458862305e+00
3.878070414066314697e-01
1.405023783445358276e-01
2.542753815650939941e-01
5.808874368667602539e-01
4.862363040447235107e-01
1.118474900722503662e-01
2.765937447547912598e-01
1.142720431089401245e-01
2.303394556045532227e+00
2.690513134002685547e-01
7.794538736343383789e-01
3.876256227493286133e+00
1.084226965904235840e+00
1.041046261787414551e+00
3.492249920964241028e-02
1.398134708404541016e+00
7.379702925682067871e-01
5.153414011001586914e-01
3.291586041450500488e-02
2.510518729686737061e-01
1.034342199563980103e-01
3.838221430778503418e-01
1.677928328514099121e+00
0.000000000000000000e+00
2.007806003093719482e-01
5.784891247749328613e-01
3.870732784271240234e-01
1.482685953378677368e-01
2.531200647354125977e-01
1.500561535358428955e-01
7.239133119583129883e-02
9.349635988473892212e-02
1.861138492822647095e-01
1.179702758789062500e+00
2.367006391286849976e-01
1.484320163726806641e-01
5.524334907531738281e-01
3.504927158355712891e-01
3.563220798969268799e-02
6.655590534210205078e-01
7.021169662475585938e-01
4.585038423538208008e-01
2.982591986656188965e-01
9.884244799613952637e-01
3.027623295783996582e-01
1.489200145006179810e-01
4.932837560772895813e-02
5.608447268605232239e-02
1.554203867912292480e+00
2.389735937118530273e+00
1.001629829406738281e+00
5.016463994979858398e-02
2.379058599472045898e-01
2.385947704315185547e+00
1.484403014183044434e-01
2.078190445899963379e-02
1.492561213672161102e-02
0.000000000000000000e+00
1.083704233169555664e+00
5.805967450141906738e-01
9.620162099599838257e-02
5.028222203254699707e-01
9.249305725097656250e-01
8.793880939483642578e-01
9.183279275894165039e-01
6.934441626071929932e-02
1.435176432132720947e-01
2.679781801998615265e-02
7.285127043724060059e-02
6.570536494255065918e-01
1.493455529212951660e+00
1.091544985771179199e+00
7.681971788406372070e-02
1.131646484136581421e-01
0.000000000000000000e+00
5.759372711181640625e-01
6.496401131153106689e-02
6.159629821777343750e-01
9.973555058240890503e-02
7.413432002067565918e-01
0.000000000000000000e+00
2.284957766532897949e-01
6.296777725219726562e-01
2.681177556514739990e-01
3.052344918251037598e-01
1.895212829113006592e-01
3.699704408645629883e-01
2.543536126613616943e-01
4.098223056644201279e-03
9.891478717327117920e-02
6.960087418556213379e-01
6.773021221160888672e-01
9.941653609275817871e-01
8.219169825315475464e-02
1.079299524426460266e-01
8.325258642435073853e-02
4.145812690258026123e-01
2.392449229955673218e-01
0.000000000000000000e+00
1.496281772851943970e-01
3.602002859115600586e-01
1.777765303850173950e-01
2.923884429037570953e-02
0.000000000000000000e+00
2.816037654876708984e+00
1.793806254863739014e-01
2.136565297842025757e-01
4.480361938476562500e-01
3.414891958236694336e-01
3.020265325903892517e-02
2.781524360179901123e-01
1.370671749114990234e+00
5.251315981149673462e-02
1.593575358390808105e+00
4.857984185218811035e-01
2.107172608375549316e-01
2.293537139892578125e+00
9.475746750831604004e-01
0.000000000000000000e+00
5.810267925262451172e-01
5.219295978546142578e+00
4.252509772777557373e-01
0.000000000000000000e+00
1.516902446746826172e-01
0.000000000000000000e+00
5.714765787124633789e-01
0.000000000000000000e+00
1.523758657276630402e-02
1.438739150762557983e-01
0.000000000000000000e+00
2.925804555416107178e-01
3.687351644039154053e-01
6.890727281570434570e-01
2.000713199377059937e-01
4.497197270393371582e-01
3.692327141761779785e-01
1.084113717079162598e+00
6.547644734382629395e-01
1.312474012374877930e+00
6.659135967493057251e-02
1.816964149475097656e+00
1.920863986015319824e-01
2.524704337120056152e-01
3.339739143848419189e-02
2.788620233535766602e+00
1.083336234092712402e+00
5.575750470161437988e-01
1.359210729598999023e+00
6.500945985317230225e-02
4.598792791366577148e-01
4.539841711521148682e-01
2.999630272388458252e-01
9.002177417278289795e-02
0.000000000000000000e+00
0.000000000000000000e+00
2.297231229022145271e-03
4.841745644807815552e-02
9.350261092185974121e-01
3.822675943374633789e-01
6.879676878452301025e-02
3.406403064727783203e-01
3.439801633358001709e-01
2.156873047351837158e-01
3.079348206520080566e-01
4.111210703849792480e-01
1.531229496002197266e+00
1.829899996519088745e-01
6.493489742279052734e+00
2.394400537014007568e-03
9.317846037447452545e-03
5.278834700584411621e-02
2.952677011489868164e-01
1.456368863582611084e-01
1.325122714042663574e-01
9.099337458610534668e-01
2.710630372166633606e-02
1.986833095550537109e+00
9.962205588817596436e-02
1.749342679977416992e+00
7.156758755445480347e-02
2.432603597640991211e+00
4.758616089820861816e-01
3.321362733840942383e-01
2.897968590259552002e-01
4.165083542466163635e-02
1.554876659065485001e-02
3.141728928312659264e-03
4.094589710235595703e+00
1.783011853694915771e-01
3.336679041385650635e-01
4.326742589473724365e-01
1.019507646560668945e-01
3.832346946001052856e-02
2.091243565082550049e-01
0.000000000000000000e+00
9.274730831384658813e-02
1.411379966884851456e-02
4.485133662819862366e-02
2.402620792388916016e+00
5.936470627784729004e-01
2.781498134136199951e-01
9.301458597183227539e-01
1.322101354598999023e-01
3.903127908706665039e-01
1.107105538249015808e-01
6.240535154938697815e-02
3.489255607128143311e-01
6.325213704258203506e-03
1.653615832328796387e-01
9.640190005302429199e-01
4.126386940479278564e-01
4.011683166027069092e-02
1.653178036212921143e-01
7.049097418785095215e-01
8.309291303157806396e-02
9.171518683433532715e-02
1.933282911777496338e-01
1.608735203742980957e+00
2.943262271583080292e-02
1.508814454078674316e+00
1.441912502050399780e-01
1.643608063459396362e-01
1.014193534851074219e+00
1.413787841796875000e+00
5.575940608978271484e-01
2.246405333280563354e-01
2.667335867881774902e-01
5.547583103179931641e-03
7.194604873657226562e-01
2.499942779541015625e-01
3.110440671443939209e-01
3.830072879791259766e-01
1.931494832038879395e+00
2.324139326810836792e-01
3.283675014972686768e-01
7.020319700241088867e-01
3.857279121875762939e-01
9.031234383583068848e-01
2.932023722678422928e-03
1.303498074412345886e-02
9.642638266086578369e-02
4.878418147563934326e-02
2.242995023727416992e+00
3.622414350509643555e+00
2.271634489297866821e-01
5.337540507316589355e-01
3.464351177215576172e+00
1.526437550783157349e-01
1.610879600048065186e-02
0.000000000000000000e+00
2.772152610123157501e-02
8.094945549964904785e-01
8.975305557250976562e-01
1.142033338546752930e-01
0.000000000000000000e+00
0.000000000000000000e+00
5.393294095993041992e-01
5.536200478672981262e-02
1.164306551218032837e-01
4.806642830371856689e-01
1.360500305891036987e-01
1.573956906795501709e-01
3.551431745290756226e-02
4.177500307559967041e-01
0.000000000000000000e+00
1.525774240493774414e+00
5.308781191706657410e-02
1.283030152320861816e+00
2.075655460357666016e-01
2.406753785908222198e-02
7.500954438000917435e-03
6.883287429809570312e-01
1.105850096791982651e-02
4.070605039596557617e-01
2.694359540939331055e+00
1.071635365486145020e+00
8.456198126077651978e-02
7.532501816749572754e-01
1.383377313613891602e-01
2.927258491516113281e+00
9.354721405543386936e-04
0.000000000000000000e+00
1.243626236915588379e+00
9.067987650632858276e-02
2.500167369842529297e+00
5.136444568634033203e-01
2.204634547233581543e-01
5.603621602058410645e-01
9.971705079078674316e-01
5.506634235382080078e+00
1.385332196950912476e-01
8.274935483932495117e-01
0.000000000000000000e+00
2.547871589660644531e+00
1.364011615514755249e-01
1.099081039428710938e-01
1.166047334671020508e+00
2.997232675552368164e-01
9.672014117240905762e-01
2.518008947372436523e-01
1.936533153057098389e-01
1.915192157030105591e-01
0.000000000000000000e+00
2.252975463867187500e+00
1.995922774076461792e-01
2.951811850070953369e-01
5.580017566680908203e-01
1.844382844865322113e-02
4.394419491291046143e-02
5.060162544250488281e-01
1.045311570167541504e+00
3.027048408985137939e-01
2.938857078552246094e-01
4.185001552104949951e-01
4.608077704906463623e-01
1.899637840688228607e-02
2.353250235319137573e-02
3.737174570560455322e-01
2.024225145578384399e-01
1.499523520469665527e-01
3.738822042942047119e-01
1.862349063158035278e-01
5.139175653457641602e-01
2.789933681488037109e-01
4.700154960155487061e-01
0.000000000000000000e+00
5.088290572166442871e-01
0.000000000000000000e+00
0.000000000000000000e+00
1.330128669738769531e+00
3.864008486270904541e-01
3.848761618137359619e-01
3.183277547359466553e-01
1.635331630706787109e+00
4.505448415875434875e-02
1.996078938245773315e-01
1.986834287643432617e+00
1.539784073829650879e-01
4.998745322227478027e-01
0.000000000000000000e+00
4.545323550701141357e-02
1.260088682174682617e-01
2.590806782245635986e-02
9.661477804183959961e-02
2.624993085861206055e+00
4.392740726470947266e-01
1.569819897413253784e-01
1.251662492752075195e+00
4.139044582843780518e-01
1.722634583711624146e-01
7.218403369188308716e-02
3.356496989727020264e-01
8.852358907461166382e-02
1.839579701423645020e+00
7.855679839849472046e-02
3.159509003162384033e-01
2.917363941669464111e-01
4.126663506031036377e-01
0.000000000000000000e+00
1.421079318970441818e-02
6.374486535787582397e-02
3.069649040699005127e-01
9.327465295791625977e-02
7.181054353713989258e-02
8.421891368925571442e-03
1.970709264278411865e-01
6.767479777336120605e-01
2.901190146803855896e-02
2.587918281555175781e+00
7.504063099622726440e-02
1.894782483577728271e-02
6.860048323869705200e-02
2.124154865741729736e-01
1.375696301460266113e+00
2.827544212341308594e-01
8.257517814636230469e-01
2.842179834842681885e-01
1.880045235157012939e-02
3.684642612934112549e-01
5.263798832893371582e-01
2.785115540027618408e-01
0.000000000000000000e+00
2.997802495956420898e-01
9.293482899665832520e-01
1.242020819336175919e-02
5.010824203491210938e-01
2.067433893680572510e-01
1.980310492217540741e-02
4.383577778935432434e-02
5.356107354164123535e-01
3.903949558734893799e-01
1.112292528152465820e+00
7.596061825752258301e-01
7.147953510284423828e-01
2.629020891617983580e-04
2.455113828182220459e-01
7.332542538642883301e-01
8.809109330177307129e-01
9.393488168716430664e-01
1.897913217544555664e+00
0.000000000000000000e+00
2.432641386985778809e-01
7.788599133491516113e-01
6.080431938171386719e-01
3.899492621421813965e-01
9.356454610824584961e-01
2.554979622364044189e-01
1.551149040460586548e-01
1.633336991071701050e-01
2.806993961334228516e+00
3.291450440883636475e-01
1.295947879552841187e-01
1.073531508445739746e+00
5.113774538040161133e-01
8.920609951019287109e-02
0.000000000000000000e+00
1.958487033843994141e+00
1.700562089681625366e-01
0.000000000000000000e+00
4.355382323265075684e-01
5.359774231910705566e-01
8.732335567474365234e-01
3.879421576857566833e-02
1.368010044097900391e+00
2.768883481621742249e-02
7.591324448585510254e-01
1.605876326560974121e+00
1.248858869075775146e-01
8.142724037170410156e-01
5.835027992725372314e-02
7.092995196580886841e-02
2.751037478446960449e-01
2.015307545661926270e-01
3.927538156509399414e+00
4.302304983139038086e-01
1.307993173599243164e+00
7.942020893096923828e-01
4.536265134811401367e-01
0.000000000000000000e+00
1.028288960456848145e+00
1.085678339004516602e+00
1.377735733985900879e+00
0.000000000000000000e+00
9.497922658920288086e-02
2.953471243381500244e-01
3.016696572303771973e-01
1.758953034877777100e-01
3.450543284416198730e-01
6.253757327795028687e-02
6.998467445373535156e-01
3.584642708301544189e-02
1.080546140670776367e+00
5.785517096519470215e-01
0.000000000000000000e+00
1.226294189691543579e-01
7.166663557291030884e-02
4.465440213680267334e-01
2.794770300388336182e-01
3.042637825012207031e+00
5.774726867675781250e-01
6.598390638828277588e-02
4.973364248871803284e-02
5.726302266120910645e-01
5.328598022460937500e-01
2.147357165813446045e-01
8.123240470886230469e-01
1.165072396397590637e-01
1.300108790397644043e+00
2.596831135451793671e-02
3.916058838367462158e-01
1.715747416019439697e-01
1.326229143887758255e-02
9.864390641450881958e-02
4.527638554573059082e-01
1.016549393534660339e-02
0.000000000000000000e+00
9.860211610794067383e-02
1.786662936210632324e-01
6.779678463935852051e-01
2.654178142547607422e-01
1.385056674480438232e-01
5.201089382171630859e-01
4.470780491828918457e-01
1.275165379047393799e-01
5.947864055633544922e-01
5.194106698036193848e-01
3.130423724651336670e-01
3.598956167697906494e-01
2.764970064163208008e+00
5.259046077728271484e+00
1.548433542251586914e+00
1.144532442092895508e+00
1.045840382575988770e+00
4.411495327949523926e-01
1.158513069152832031e+00
2.210421264171600342e-01
6.387096643447875977e-01
1.845647215843200684e+00
3.480271399021148682e-01
1.307164430618286133e-01
1.644696593284606934e-01
3.208284452557563782e-02
2.175849676132202148e+00
1.048807382583618164e+00
8.062670007348060608e-03
6.194603443145751953e-01
1.296531558036804199e-01
3.796837329864501953e-01
1.007317192852497101e-02
7.866271734237670898e-01
4.517584741115570068e-01
1.973534226417541504e-01
1.120779886841773987e-01
1.364661097526550293e+00
2.049895375967025757e-01
6.722158193588256836e-01
4.591115713119506836e-01
2.700932323932647705e-01
5.094070434570312500e-01
7.412800788879394531e-01
1.062447950243949890e-01
1.468074023723602295e-01
2.331789255142211914e+00
1.175727844238281250e-01
4.383710324764251709e-01
4.920887351036071777e-01
4.240619242191314697e-01
1.665409803390502930e+00
1.560584187507629395e+00
2.967755496501922607e-01
4.434395954012870789e-02
2.021111100912094116e-01
3.215651512145996094e+00
2.658017873764038086e-01
3.698149919509887695e+00
8.168952167034149170e-02
2.972494363784790039e-01
2.731662392616271973e-01
0.000000000000000000e+00
4.634528234601020813e-02
3.066891729831695557e-01
4.918680712580680847e-02
7.335046529769897461e-01
9.185902029275894165e-02
3.629329502582550049e-01
2.477023005485534668e-02
2.386825323104858398e+00
4.781951755285263062e-02
2.504605986177921295e-02
2.748711220920085907e-02
5.442650616168975830e-02
2.018864303827285767e-01
2.927671670913696289e+00
2.808135151863098145e-01
7.418022155761718750e-01
5.535950064659118652e-01
5.092979073524475098e-01
7.071495652198791504e-01
1.216738820075988770e+00
2.087438553571701050e-01
2.800176385790109634e-03
9.527033567428588867e-02
2.045543491840362549e-01
0.000000000000000000e+00
1.035996228456497192e-01
4.678772762417793274e-02
5.663445591926574707e-01
2.138096094131469727e+00
6.428646296262741089e-02
9.160163402557373047e-01
6.814542412757873535e-02
5.835183858871459961e-01
6.621551513671875000e-01
1.031097531318664551e+00
1.559344530105590820e-01
4.578449949622154236e-02
4.190943017601966858e-02
5.682103037834167480e-01
1.599553972482681274e-01
1.355460882186889648e-01
1.036064773797988892e-01
3.971186280250549316e-02
2.498456835746765137e-01
7.130280137062072754e-01
2.060904651880264282e-01
9.414932876825332642e-02
2.247405052185058594e-02
2.239716947078704834e-01
1.523524403572082520e+00
7.192540168762207031e-01
3.375266790390014648e-01
6.176589131355285645e-01
8.634777367115020752e-02
6.327109783887863159e-02
4.150387942790985107e-01
2.943312525749206543e-01
3.250513374805450439e-01
1.848702132701873779e-01
2.204577066004276276e-02
1.065382286906242371e-01
5.656225085258483887e-01
1.920441389083862305e-01
1.137543469667434692e-01
5.989190936088562012e-01
4.000850766897201538e-02
3.617605865001678467e-01
1.054496169090270996e+00
6.254633069038391113e-01
7.034182548522949219e-03
1.086660102009773254e-02
2.217132449150085449e-01
2.103308886289596558e-01
2.307986021041870117e-01
1.151418611407279968e-01
9.390546083450317383e-01
5.645241141319274902e-01
2.159371137619018555e+00
3.773805201053619385e-01
9.309155941009521484e-01
7.103703022003173828e-01
4.213458895683288574e-01
5.905295535922050476e-02
7.158833742141723633e-01
1.642303943634033203e+00
1.062689065933227539e+00
3.109757900238037109e-01
3.158053159713745117e-01
1.134981870651245117e+00
2.165586687624454498e-02
9.211214184761047363e-01
4.701782464981079102e-01
1.688760042190551758e+00
6.019039750099182129e-01
3.543483912944793701e-01
4.596412181854248047e-01
3.020230531692504883e-01
3.970946967601776123e-01
6.352767348289489746e-02
6.581399589776992798e-02
4.159864783287048340e-01
6.745963096618652344e-01
3.682673573493957520e-01
9.154958128929138184e-01
1.313985586166381836e+00
1.519590467214584351e-01
3.361104130744934082e-01
6.063307449221611023e-02
9.639582633972167969e-01
6.458315849304199219e-01
8.057881146669387817e-02
7.224745303392410278e-02
5.058318749070167542e-02
3.521280735731124878e-02
2.475466877222061157e-01
1.345181763172149658e-01
8.075110614299774170e-03
2.831904776394367218e-02
0.000000000000000000e+00
8.858858942985534668e-01
7.880815863609313965e-02
4.277012050151824951e-01
1.968028306961059570e+00
1.806051284074783325e-01
3.881101906299591064e-01
1.757386922836303711e-01
2.160830944776535034e-01
4.979681968688964844e-02
2.981401085853576660e-01
7.530262321233749390e-02
1.861244291067123413e-01
7.060424685478210449e-01
7.648742794990539551e-01
2.272293269634246826e-01
1.568709611892700195e-01
3.450467810034751892e-02
1.107676848769187927e-01
8.963547646999359131e-02
2.658268809318542480e-01
2.520349025726318359e-01
4.307351708412170410e-01
1.898165702819824219e+00
6.700374931097030640e-02
6.407881975173950195e-01
5.337941050529479980e-01
3.860236704349517822e-02
7.108581811189651489e-02
0.000000000000000000e+00
2.151764154434204102e+00
7.623399794101715088e-02
3.708199560642242432e-01
1.642508059740066528e-01
2.989536337554454803e-02
4.044750332832336426e-01
1.840232729911804199e+00
3.267628699541091919e-02
7.042040675878524780e-02
2.253376878798007965e-02
7.337517738342285156e-01
1.386151462793350220e-01
2.147572994232177734e+00
6.203598976135253906e-01
1.179167479276657104e-01
5.306087136268615723e-01
7.040997147560119629e-01
1.474259495735168457e-01
2.404262125492095947e-02
5.905479788780212402e-01
7.612692117691040039e-01
2.394663393497467041e-01
1.163391828536987305e+00
1.074812531471252441e+00
2.986005544662475586e-01
3.512468576431274414e+00
2.741036891937255859e+00
5.154128670692443848e-01
2.529791323468089104e-03
2.816220521926879883e-01
6.848236322402954102e-01
1.762409880757331848e-02
2.161190658807754517e-01
1.093652844429016113e+00
4.578018486499786377e-01
3.613854944705963135e-01
2.771990895271301270e-01
4.411528632044792175e-02
2.024429477751255035e-02
2.635300457477569580e-01
0.000000000000000000e+00
3.022375106811523438e-01
2.666537836194038391e-02
0.000000000000000000e+00
2.649313807487487793e-01
1.392113804817199707e+00
1.220749497413635254e+00
1.215666383504867554e-01
4.877603799104690552e-02
0.000000000000000000e+00
1.908908188343048096e-01
8.450810313224792480e-01
0.000000000000000000e+00
4.354498982429504395e-01
1.047126531600952148e+00
1.690992593765258789e+00
1.137774705886840820e+00
1.589982770383358002e-02
2.419018931686878204e-02
6.136973500251770020e-01
1.486815363168716431e-01
4.427075684070587158e-01
8.033708930015563965e-01
2.813952445983886719e+00
6.424829959869384766e-01
2.925528772175312042e-02
6.690353620797395706e-03
4.376177191734313965e-01
6.135702505707740784e-02
0.000000000000000000e+00
4.755817726254463196e-02
3.304303288459777832e-01
6.805562227964401245e-02
4.130431652069091797e+00
2.201134338974952698e-03
5.655989423394203186e-02
1.322819471359252930e+00
2.195248305797576904e-01
1.051610410213470459e-01
2.304634265601634979e-02
3.009731769561767578e-01
5.451352894306182861e-02
1.037882193922996521e-01
7.615830302238464355e-01
4.758265316486358643e-01
7.423515915870666504e-01
1.184238214045763016e-02
1.243263006210327148e+00
9.604644179344177246e-01
1.731128931045532227e+00
1.227431058883666992e+00
5.234435796737670898e-01
3.214511671103537083e-04
4.307200387120246887e-02
2.912994623184204102e+00
5.391861870884895325e-02
1.352431058883666992e+00
1.580431461334228516e-01
2.523275613784790039e-01
4.233634948730468750e+00
4.391590952873229980e-01
4.989528357982635498e-01
3.639974892139434814e-01
6.824270486831665039e-01
2.649332582950592041e-01
8.952409625053405762e-01
4.384112060070037842e-01
7.036644220352172852e-01
5.088608860969543457e-01
2.405121088027954102e+00
5.984433889389038086e-01
3.193548619747161865e-01
5.224022865295410156e-01
6.264926195144653320e-01
7.752727717161178589e-03
1.281473636627197266e+00
6.197362542152404785e-01
9.483407437801361084e-02
1.432391405105590820e+00
2.640616148710250854e-02
1.652204543352127075e-01
2.735084772109985352e+00
1.368131190538406372e-01
1.484548207372426987e-02
4.450316354632377625e-02
1.601237505674362183e-01
8.235222697257995605e-01
3.665782809257507324e-01
1.185044050216674805e-01
1.168783828616142273e-01
8.408505469560623169e-02
7.665435075759887695e-01
5.338639020919799805e-02
2.853775024414062500e-02
6.949940323829650879e-01
1.254607439041137695e-01
5.007039755582809448e-02
1.597204245626926422e-02
8.953941464424133301e-01
6.565444916486740112e-02
8.246492743492126465e-01
1.447524596005678177e-02
3.113002777099609375e-01
1.032054781913757324e+00
9.248802065849304199e-01
8.546402454376220703e-01
2.241646349430084229e-01
6.052770465612411499e-02
2.491451948881149292e-01
4.166096914559602737e-03
9.142252206802368164e-01
3.105038106441497803e-01
4.359366893768310547e-01
6.749911904335021973e-01
7.531778812408447266e-01
4.809034824371337891e+00
3.589196205139160156e-01
7.867518663406372070e-01
5.830738320946693420e-02
4.957040250301361084e-01
1.121122956275939941e+00
1.106712698936462402e+00
1.553282618522644043e+00
1.693499684333801270e+00
0.000000000000000000e+00
5.998248457908630371e-01
2.185385301709175110e-02
5.088177919387817383e-01
7.314926385879516602e-01
3.357514142990112305e+00
1.337330102920532227e+00
1.540771573781967163e-01
6.184616684913635254e-02
0.000000000000000000e+00
1.527671813964843750e-01
2.011847198009490967e-01
1.116284355521202087e-01
7.246308960020542145e-03
3.775866627693176270e-01
1.355120420455932617e+00
1.702510863542556763e-01
1.555413752794265747e-01
5.583708882331848145e-01
3.890663087368011475e-01
2.053855955600738525e-01
1.869238257408142090e+00
3.192477822303771973e-01
2.134984016418457031e+00
1.366871595382690430e-01
1.947898715734481812e-01
1.266677528619766235e-01
1.019133925437927246e-01
2.448572032153606415e-02
6.249159201979637146e-02
5.211250185966491699e-01
1.544386744499206543e+00
1.546986848115921021e-01
6.997269392013549805e-02
0.000000000000000000e+00
3.009634278714656830e-02
6.831808947026729584e-03
1.229440942406654358e-01
2.033761888742446899e-02
4.700169563293457031e+00
3.389014482498168945e+00
1.424337744712829590e+00
1.075493469834327698e-01
9.003179073333740234e-01
4.432883486151695251e-02
0.000000000000000000e+00
5.661047101020812988e-01
2.593811511993408203e+00
1.144989609718322754e+00
8.163727819919586182e-02
9.167483448982238770e-01
2.712932109832763672e+00
1.920088291168212891e+00
1.555830147117376328e-02
3.309931755065917969e-01
9.424428455531597137e-03
3.264667987823486328e-01
1.467694789171218872e-01
6.540220379829406738e-01
4.738159477710723877e-01
3.203433007001876831e-02
0.000000000000000000e+00
4.813128709793090820e-02
1.416698843240737915e-01
4.603342413902282715e-01
2.771430015563964844e-01
1.450017392635345459e-01
2.289877176284790039e+00
1.358813047409057617e+00
4.428410902619361877e-02
2.328333556652069092e-01
9.470271319150924683e-02
6.627336144447326660e-02
1.219831824302673340e+00
4.857424646615982056e-02
2.061386346817016602e+00
4.088887274265289307e-01
2.183348238468170166e-01
3.762370049953460693e-01
8.430192619562149048e-02
6.412951648235321045e-02
1.140338778495788574e-01
5.101281683892011642e-03
5.130001306533813477e-01
0.000000000000000000e+00
3.961392343044281006e-01
9.335429221391677856e-02
4.351188540458679199e-01
3.130400180816650391e-01
2.569817304611206055e+00
1.253340989351272583e-01
3.865380883216857910e-01
5.104020610451698303e-02
9.115059375762939453e-01
8.818062543869018555e-01
5.825053900480270386e-02
1.833947300910949707e-01
4.820687770843505859e-01
1.649192124605178833e-01
2.753959298133850098e-01
2.230287492275238037e-01
1.102402359247207642e-01
1.362185925245285034e-01
3.499485254287719727e+00
1.006024405360221863e-01
9.732232093811035156e-01
8.390382528305053711e-01
1.773047566413879395e+00
8.679967373609542847e-03
1.655436307191848755e-01
4.301832243800163269e-02
2.461800813674926758e+00
1.212173178791999817e-01
4.532250016927719116e-02
2.160539776086807251e-01
7.809316515922546387e-01
1.262884736061096191e-01
2.548878081142902374e-02
3.528344631195068359e-01
2.372579425573348999e-01
1.567840129137039185e-01
0.000000000000000000e+00
2.599204182624816895e-01
2.265882678329944611e-02
1.382610082626342773e+00
5.982107520103454590e-01
1.366517543792724609e-01
1.208618134260177612e-01
0.000000000000000000e+00
1.153197064995765686e-01
2.402022182941436768e-01
3.813869655132293701e-01
4.805005788803100586e-01
1.235625371336936951e-01
1.761958360671997070e+00
4.630221128463745117e-01
4.619276225566864014e-01
1.290659457445144653e-01
1.588500142097473145e-01
0.000000000000000000e+00
1.157795488834381104e-01
1.897108107805252075e-01
4.753575623035430908e-01
3.856779336929321289e-01
3.539509326219558716e-02
8.001909852027893066e-01
0.000000000000000000e+00
1.330390125513076782e-01
1.177082300186157227e+00
4.429215490818023682e-01
2.811606168746948242e+00
2.688123285770416260e-01
1.730363816022872925e-01
3.971607685089111328e-01
2.890892699360847473e-02
2.568076364696025848e-02
1.813568621873855591e-01
9.220616817474365234e-01
4.927819967269897461e-01
1.944217532873153687e-01
4.867138862609863281e-01
5.334686040878295898e-01
7.442682236433029175e-02
2.807594090700149536e-02
7.474844157695770264e-02
1.233078360557556152e+00
3.287718072533607483e-02
5.614081025123596191e-01
1.179862737655639648e+00
9.504432231187820435e-02
6.563787460327148438e-01
2.759908735752105713e-01
4.993107318878173828e-01
6.435178518295288086e-01
8.428385108709335327e-02
6.289044022560119629e-01
4.000648856163024902e-01
0.000000000000000000e+00
0.000000000000000000e+00
3.236898183822631836e-01
7.448412775993347168e-01
1.756453067064285278e-01
4.496512413024902344e-01
5.271744355559349060e-02
1.073230385780334473e+00
7.643198966979980469e-02
2.869825344532728195e-03
2.020538151264190674e-01
1.741510443389415741e-02
4.223849773406982422e-01
1.467742800712585449e+00
3.028404712677001953e-01
6.500754952430725098e-01
0.000000000000000000e+00
0.000000000000000000e+00
4.567310586571693420e-02
1.209095120429992676e+00
3.662302717566490173e-02
2.740030884742736816e-01
6.090208142995834351e-02
9.216496348381042480e-02
2.507559061050415039e-01
8.305278420448303223e-02
1.621907353401184082e-01
1.291511535644531250e+00
5.883759856224060059e-01
2.250355333089828491e-01
3.002012521028518677e-02
4.944068938493728638e-02
3.478198051452636719e-01
3.704786598682403564e-01
5.915485024452209473e-01
4.467694088816642761e-03
0.000000000000000000e+00
1.681575737893581390e-02
6.817506551742553711e-01
5.955823659896850586e-01
3.668630123138427734e-01
9.104359745979309082e-01
5.194196701049804688e-01
6.387619376182556152e-01
1.828834041953086853e-02
3.016397356986999512e-02
5.825379490852355957e-01
2.399420291185379028e-01
1.104272902011871338e-01
8.221526145935058594e-01
7.992131114006042480e-01
7.342612743377685547e-02
1.324236869812011719e+00
1.470831274986267090e+00
1.162241548299789429e-01
3.064199984073638916e-01
2.219133526086807251e-01
2.744675874710083008e-01
9.014182686805725098e-01
7.210461497306823730e-01
3.914785087108612061e-01
5.236716568470001221e-02
5.328851193189620972e-02
0.000000000000000000e+00
2.439588010311126709e-01
2.466200113296508789e+00
3.704163432121276855e-02
1.547724008560180664e-01
9.190942160785198212e-03
9.305254220962524414e-01
1.256729215383529663e-01
6.861029565334320068e-02
2.799524366855621338e-01
7.005795836448669434e-01
0.000000000000000000e+00
1.013472557067871094e+00
1.492194652557373047e+00
3.787322714924812317e-02
1.810590982437133789e+00
7.406476736068725586e-01
1.875230073928833008e+00
1.506504509598016739e-02
1.529924198985099792e-02
5.176753923296928406e-02
6.038350462913513184e-01
1.309582352638244629e+00
9.904105216264724731e-03
8.934663236141204834e-02
3.020159602165222168e-01
1.212755441665649414e+00
7.169083356857299805e-01
2.399322390556335449e-02
2.120594829320907593e-01
5.085827708244323730e-01
5.953461170196533203e+00
0.000000000000000000e+00
3.276338875293731689e-01
4.977691546082496643e-02
0.000000000000000000e+00
1.489176899194717407e-01
4.101249575614929199e-01
1.583313584327697754e+00
1.931341886520385742e-01
1.485492289066314697e-01
7.504953145980834961e-01
3.745105266571044922e-01
8.308673650026321411e-02
1.791592985391616821e-01
1.403510093688964844e+00
1.793061047792434692e-01
5.163611099123954773e-02
1.043439805507659912e-01
1.290322542190551758e+00
3.972397744655609131e-01
2.983121573925018311e-01
2.157022476196289062e+00
1.598967313766479492e+00
2.204784378409385681e-02
2.703370898962020874e-02
3.668555021286010742e-01
9.819161295890808105e-01
1.695498079061508179e-01
1.788584947586059570e+00
0.000000000000000000e+00
1.455450773239135742e+00
5.574978590011596680e-01
4.860901236534118652e-01
2.455058991909027100e-01
6.317573189735412598e-01
4.671794772148132324e-01
9.498394727706909180e-01
1.954283833503723145e+00
1.538353115320205688e-01
1.527252316474914551e+00
5.243861675262451172e-01
9.198475480079650879e-01
3.258854746818542480e-01
2.126472294330596924e-01
2.632576599717140198e-02
1.161304190754890442e-01
4.280337095260620117e-01
3.447384759783744812e-02
8.371413499116897583e-02
1.380397975444793701e-01
0.000000000000000000e+00
1.833542287349700928e-01
1.857349574565887451e-01
7.055094242095947266e-01
1.575877368450164795e-01
1.143389821052551270e+00
4.224885404109954834e-01
2.189833819866180420e-01
7.366792559623718262e-01
1.239337325096130371e+00
2.055204391479492188e+00
6.583279967308044434e-01
7.435740232467651367e-01
2.634586691856384277e-01
2.452549785375595093e-01
1.956108957529067993e-01
0.000000000000000000e+00
9.861883521080017090e-02
4.514028131961822510e-01
1.956423759460449219e+00
1.134517118334770203e-01
1.969465613365173340e+00
1.544236421585083008e+00
0.000000000000000000e+00
2.357755154371261597e-01
3.321706295013427734e+00
1.771311908960342407e-01
4.771042764186859131e-01
2.940337657928466797e-01
7.783420383930206299e-02
4.284544587135314941e-01
1.390095502138137817e-01
5.017983317375183105e-01
3.711591288447380066e-02
1.143589258193969727e+00
1.540267467498779297e-01
7.376244068145751953e-01
2.820526659488677979e-01
1.908773422241210938e+00
6.767188906669616699e-01
1.190554738044738770e+00
3.661453723907470703e-01
2.368921488523483276e-01
2.524355947971343994e-01
6.066427230834960938e-01
9.937441349029541016e-02
4.604217782616615295e-02
4.581461101770401001e-02
2.349450111389160156e+00
4.400842487812042236e-01
7.221586108207702637e-01
3.813288211822509766e-01
4.173253774642944336e-01
1.013558059930801392e-01
1.904594898223876953e-01
1.045180931687355042e-01
5.539574027061462402e-01
4.410132300108671188e-03
8.837536573410034180e-01
2.678948938846588135e-01
1.102208048105239868e-01
3.624539449810981750e-02
1.730493642389774323e-02
6.058411002159118652e-01
1.965728551149368286e-01
5.356177687644958496e-01
3.365021944046020508e-01
2.982950508594512939e-01
1.325044035911560059e-01
5.173333883285522461e-01
4.376009702682495117e-01
1.297975659370422363e+00
3.017622232437133789e-01
1.192018270492553711e+00
6.225375831127166748e-02
4.600101709365844727e-01
7.406979799270629883e-01
1.405479968525469303e-03
4.253236949443817139e-01
1.286952495574951172e-01
2.026480436325073242e+00
7.018414139747619629e-01
6.803211569786071777e-02
7.935118675231933594e-01
0.000000000000000000e+00
2.393147706985473633e+00
4.481149017810821533e-01
4.367881454527378082e-03
9.655300527811050415e-02
8.926838636398315430e-01
2.140284143388271332e-02
1.320068717002868652e+00
1.611181348562240601e-01
3.260941058397293091e-02
3.379797339439392090e-01
1.477138996124267578e-01
2.679816722869873047e+00
8.038911968469619751e-02
1.108004093170166016e+00
2.242478281259536743e-01
2.174786031246185303e-01
5.886016488075256348e-01
1.244918256998062134e-01
6.745702773332595825e-02
1.610412299633026123e-01
0.000000000000000000e+00
0.000000000000000000e+00
1.442912518978118896e-01
6.863369047641754150e-02
5.736291408538818359e-01
4.853661656379699707e-01
3.192779123783111572e-01
0.000000000000000000e+00
2.528943717479705811e-01
6.323858499526977539e-01
1.327587962150573730e-01
3.859863579273223877e-01
7.584912776947021484e-01
4.089502096176147461e-01
5.497908219695091248e-02
6.765993237495422363e-01
5.571381449699401855e-01
7.393482923507690430e-01
2.632219791412353516e-01
2.117882482707500458e-02
4.885842502117156982e-01
0.000000000000000000e+00
1.022540926933288574e-01
9.185034036636352539e-02
8.961928486824035645e-01
7.477146983146667480e-01
7.998478412628173828e-01
5.089873671531677246e-01
1.202915757894515991e-01
1.244189590215682983e-01
4.279116094112396240e-01
5.456900596618652344e-01
8.380795828998088837e-03
5.221364498138427734e-01
2.448112726211547852e+00
3.046984672546386719e-01
1.062126874923706055e+00
6.436930596828460693e-02
1.213545322418212891e+00
7.651960104703903198e-02
0.000000000000000000e+00
4.197581112384796143e-02
1.175198793411254883e+00
9.432880580425262451e-02
8.008763790130615234e-01
6.922619789838790894e-02
