3.199806436896324158e-02
2.277129888534545898e-01
2.044085115194320679e-01
3.226128339767456055e+00
0.000000000000000000e+00
1.288686990737915039e-01
7.471919655799865723e-01
3.087871149182319641e-02
4.981326758861541748e-01
6.876863837242126465e-01
2.489129602909088135e-01
1.069480895996093750e+00
6.026391871273517609e-03
6.820653215982019901e-04
5.133649110794067383e-01
2.511182785034179688e+00
0.000000000000000000e+00
2.187090873718261719e+00
0.000000000000000000e+00
0.000000000000000000e+00
4.754623770713806152e-01
0.000000000000000000e+00
6.104678381234407425e-03
0.000000000000000000e+00
1.090683564543724060e-01
3.061288297176361084e-01
5.760709643363952637e-01
4.168583545833826065e-03
5.916180834174156189e-02
3.796067535877227783e-01
1.957344889640808105e+00
3.470290899276733398e-01
4.771334528923034668e-01
0.000000000000000000e+00
0.000000000000000000e+00
2.935629189014434814e-01
0.000000000000000000e+00
6.962147951126098633e-01
0.000000000000000000e+00
5.145000815391540527e-01
6.310394406318664551e-01
5.260712504386901855e-01
3.189304098486900330e-02
1.146442294120788574e-01
6.940256804227828979e-03
0.000000000000000000e+00
3.304139673709869385e-01
3.186327517032623291e-01
1.447219308465719223e-02
1.773156523704528809e-01
8.633540570735931396e-02
1.017515584826469421e-01
5.503549799323081970e-02
7.712420821189880371e-01
0.000000000000000000e+00
8.075196295976638794e-03
6.843490600585937500e-01
3.717596642673015594e-03
5.619860887527465820e-01
2.332431674003601074e-01
6.197913169860839844e+00
5.871127545833587646e-02
4.217608571052551270e-01
4.901755154132843018e-01
4.924923777580261230e-01
3.220129609107971191e-01
7.272153496742248535e-01
1.895414479076862335e-02
9.490723162889480591e-02
1.365940868854522705e-01
5.044630169868469238e-01
1.811494469642639160e+00
0.000000000000000000e+00
0.000000000000000000e+00
4.066608846187591553e-01
1.468135476112365723e+00
1.367821693420410156e-01
7.123510241508483887e-01
1.950706005096435547e+00
5.245408415794372559e-02
3.059369564056396484e+00
1.046379357576370239e-01
1.007856011390686035e+00
0.000000000000000000e+00
3.602283716201782227e+00
2.839074730873107910e-01
6.235429085791110992e-03
1.078112572431564331e-01
8.049479126930236816e-01
4.345464054495096207e-03
0.000000000000000000e+00
0.000000000000000000e+00
2.986435033380985260e-02
0.000000000000000000e+00
1.083264231681823730e+00
8.468625694513320923e-02
6.002885699272155762e-01
1.127471566200256348e+00
3.538371622562408447e-01
1.246997594833374023e+00
7.908460684120655060e-03
1.108330368995666504e+00
2.029726028442382812e+00
8.843775093555450439e-02
0.000000000000000000e+00
2.610349096357822418e-02
1.330432295799255371e-01
1.031848639249801636e-01
1.735343933105468750e-01
2.502564430236816406e+00
2.046750625595450401e-03
2.389242202043533325e-01
3.761890828609466553e-01
1.711451530456542969e+00
1.425022929906845093e-01
1.060529649257659912e-01
3.674560785293579102e-01
1.259903050959110260e-02
0.000000000000000000e+00
5.868842601776123047e-01
2.912766218185424805e+00
2.893248498439788818e-01
2.029401779174804688e+00
2.417458454146981239e-03
6.277031302452087402e-01
8.476753282593563199e-05
1.481414437294006348e+00
2.437987178564071655e-01
2.389621734619140625e-01
1.771298237144947052e-02
6.179159283638000488e-01
7.908522337675094604e-02
0.000000000000000000e+00
2.626358270645141602e-01
1.055932283401489258e+00
1.281853169202804565e-01
8.227531313896179199e-01
0.000000000000000000e+00
1.029070854187011719e+00
1.640804648399353027e+00
1.248351216316223145e+00
9.009565412998199463e-02
6.142132729291915894e-02
7.525172233581542969e-01
1.637058891355991364e-02
1.453991681337356567e-01
3.028311729431152344e-01
1.304984744638204575e-02
4.300447106361389160e-01
1.474257707595825195e-01
3.845874965190887451e-02
0.000000000000000000e+00
0.000000000000000000e+00
2.666142303496599197e-03
1.469888836145401001e-01
2.804794013500213623e-01
0.000000000000000000e+00
8.519963920116424561e-02
0.000000000000000000e+00
6.572618484497070312e-01
8.254345655441284180e-01
9.344497323036193848e-01
6.721396930515766144e-03
3.830349445343017578e-01
1.592578649520874023e+00
1.099393010139465332e+00
1.729321628808975220e-01
1.898670047521591187e-01
3.465451955795288086e+00
4.760931432247161865e-01
1.682269573211669922e-01
6.281174719333648682e-02
1.839914917945861816e+00
1.813010215759277344e+00
5.137624684721231461e-03
0.000000000000000000e+00
3.365427553653717041e-01
5.720870941877365112e-02
6.629661470651626587e-02
9.362243115901947021e-02
1.125088483095169067e-01
1.014530539512634277e+00
8.292393684387207031e-01
4.320496618747711182e-01
0.000000000000000000e+00
3.179782867431640625e+00
6.203031539916992188e-01
1.538597941398620605e-01
5.159554257988929749e-02
1.324967622756958008e+00
4.082788228988647461e-01
5.658914446830749512e-01
1.596308797597885132e-01
2.225233316421508789e+00
0.000000000000000000e+00
6.368200778961181641e-01
2.678517103195190430e-01
1.312493532896041870e-01
6.732940673828125000e-01
3.731306493282318115e-01
1.358976811170578003e-01
3.168229758739471436e-01
0.000000000000000000e+00
6.133354902267456055e-01
0.000000000000000000e+00
2.282264947891235352e+00
4.399100691080093384e-02
3.537484705448150635e-01
0.000000000000000000e+00
1.119646728038787842e-01
1.091985590755939484e-02
2.982027530670166016e-01
4.750066399574279785e-01
2.213630676269531250e-01
0.000000000000000000e+00
2.278251387178897858e-02
1.347106099128723145e-01
9.865464270114898682e-02
1.990970596671104431e-02
2.241463810205459595e-01
1.044274047017097473e-01
0.000000000000000000e+00
4.211825847625732422e+00
6.311496719717979431e-03
4.538717865943908691e-02
1.571949422359466553e-01
2.468149922788143158e-02
1.091625571250915527e+00
0.000000000000000000e+00
6.808367967605590820e-01
0.000000000000000000e+00
1.257674098014831543e-01
2.793018147349357605e-02
7.359145879745483398e-01
3.434225171804428101e-02
0.000000000000000000e+00
9.598112851381301880e-02
4.814509302377700806e-02
3.588837105780839920e-03
0.000000000000000000e+00
7.248840332031250000e-01
1.292579054832458496e+00
9.529414772987365723e-02
3.580373525619506836e-01
2.220623195171356201e-01
2.456644922494888306e-01
2.268746495246887207e-01
2.344632625579833984e+00
3.738627210259437561e-02
9.814525395631790161e-02
1.491348147392272949e-01
5.372289419174194336e-01
1.224185585975646973e+00
7.358484864234924316e-01
0.000000000000000000e+00
1.599748879671096802e-01
7.559026777744293213e-02
0.000000000000000000e+00
2.021022796630859375e+00
1.880621910095214844e-02
4.620007053017616272e-02
4.572020053863525391e+00
1.735899806022644043e+00
4.804860800504684448e-02
1.514643311500549316e+00
7.381069939583539963e-03
0.000000000000000000e+00
1.439142823219299316e+00
3.499066233634948730e-01
2.556199207901954651e-02
2.619554996490478516e-01
4.348208382725715637e-02
1.168722212314605713e-01
3.948377966880798340e-01
1.244884610176086426e+00
6.620743125677108765e-02
7.861498743295669556e-02
7.228997945785522461e-01
3.179571628570556641e+00
0.000000000000000000e+00
1.397244930267333984e-01
1.430113427340984344e-02
1.428966075181961060e-01
4.091360270977020264e-01
1.535039395093917847e-01
1.855831265449523926e+00
0.000000000000000000e+00
0.000000000000000000e+00
1.045300483703613281e+00
1.564337760210037231e-01
3.286403715610504150e-01
2.807109653949737549e-01
2.171405106782913208e-01
2.592236734926700592e-02
2.472971007227897644e-02
2.393535375595092773e-01
1.881773352622985840e+00
2.081196904182434082e-01
4.518231749534606934e-01
6.869640946388244629e-02
3.453075885772705078e-01
1.354286074638366699e-01
8.657251596450805664e-01
2.646118402481079102e-01
1.328657865524291992e-01
1.986935436725616455e-01
8.244257420301437378e-02
1.463556140661239624e-01
0.000000000000000000e+00
5.377168059349060059e-01
1.485683768987655640e-01
1.307752490043640137e+00
5.353035405278205872e-02
8.933711051940917969e-01
0.000000000000000000e+00
3.013375699520111084e-01
1.830258131027221680e+00
0.000000000000000000e+00
3.722155690193176270e-01
7.862580567598342896e-02
0.000000000000000000e+00
0.000000000000000000e+00
9.782967567443847656e-01
2.648665942251682281e-02
1.227352544665336609e-01
6.912633031606674194e-02
3.669613599777221680e-02
6.967096775770187378e-02
1.063178665935993195e-02
6.335802078247070312e-01
0.000000000000000000e+00
5.123072266578674316e-01
1.132239699363708496e-01
4.160895347595214844e+00
8.080394268035888672e-01
0.000000000000000000e+00
5.340577363967895508e-01
0.000000000000000000e+00
3.264255821704864502e-01
9.547004103660583496e-01
0.000000000000000000e+00
5.369169116020202637e-01
5.142674446105957031e-01
2.756279408931732178e-01
9.977983310818672180e-03
4.289548099040985107e-02
3.418281674385070801e-02
1.817969083786010742e+00
8.688718080520629883e-02
0.000000000000000000e+00
4.100546836853027344e-01
1.240735650062561035e-01
5.020851135253906250e+00
3.644786775112152100e-01
0.000000000000000000e+00
2.516673877835273743e-03
2.168725989758968353e-02
0.000000000000000000e+00
3.139128684997558594e-01
8.399400860071182251e-02
3.106024814769625664e-03
5.260695219039916992e-01
2.601183354854583740e-01
0.000000000000000000e+00
1.542436238378286362e-02
0.000000000000000000e+00
7.697642326354980469e+00
1.038198769092559814e-01
0.000000000000000000e+00
4.376327246427536011e-02
1.335415244102478027e+00
1.002635359764099121e+00
8.841142058372497559e-02
6.359048187732696533e-02
1.845866292715072632e-01
7.639526575803756714e-02
4.353782534599304199e-02
0.000000000000000000e+00
8.634735941886901855e-01
8.624413013458251953e-01
6.646600961685180664e-01
1.111255526542663574e+00
1.536539196968078613e+00
2.887062169611454010e-02
2.435144633054733276e-01
6.411726027727127075e-02
3.669137880206108093e-02
4.219615831971168518e-03
7.343043088912963867e-01
7.846920192241668701e-02
6.390285491943359375e-02
5.530326962471008301e-01
8.475176990032196045e-02
3.791939839720726013e-02
4.148822426795959473e-01
3.676960945129394531e+00
1.631121486425399780e-01
1.713510602712631226e-01
1.499294489622116089e-01
0.000000000000000000e+00
1.259594917297363281e+00
2.064782530069351196e-01
7.592776417732238770e-01
2.047100543975830078e+00
0.000000000000000000e+00
0.000000000000000000e+00
5.123338699340820312e-01
1.976875782012939453e+00
6.600300669670104980e-01
1.099467352032661438e-01
7.549425959587097168e-02
1.776970624923706055e-01
6.326860785484313965e-01
0.000000000000000000e+00
3.760689258575439453e+00
3.592773526906967163e-02
1.820047758519649506e-02
3.191069141030311584e-02
0.000000000000000000e+00
8.520148396492004395e-01
2.299600653350353241e-02
2.396031141281127930e+00
6.771010160446166992e-02
9.071378968656063080e-03
1.587914347648620605e+00
1.630163073539733887e+00
1.143395066261291504e+00
1.495451778173446655e-01
9.460138082504272461e-01
9.090410172939300537e-02
1.181842446327209473e+00
4.111936315894126892e-02
4.595328807830810547e+00
2.690894007682800293e-01
4.446106404066085815e-02
3.697181940078735352e-01
2.907657921314239502e-01
8.675821125507354736e-02
2.246973067522048950e-01
0.000000000000000000e+00
1.420895196497440338e-02
0.000000000000000000e+00
0.000000000000000000e+00
1.609385944902896881e-02
9.289547055959701538e-02
0.000000000000000000e+00
1.805479824542999268e-01
2.069777995347976685e-01
4.098676145076751709e-01
3.440454304218292236e-01
8.246249556541442871e-01
5.538558959960937500e-02
6.126351356506347656e-01
4.746509492397308350e-01
0.000000000000000000e+00
7.120109796524047852e-01
4.215196520090103149e-02
1.323215514421463013e-01
4.884265661239624023e-01
0.000000000000000000e+00
3.533286154270172119e-01
4.347955435514450073e-02
3.479843139648437500e-01
4.170074462890625000e-01
1.160133361816406250e+00
6.382728815078735352e-01
4.902449548244476318e-01
4.803813248872756958e-02
1.173172295093536377e-01
1.317113786935806274e-01
1.423565205186605453e-02
1.890019059181213379e+00
1.829529553651809692e-02
1.490147829055786133e+00
4.531548023223876953e-01
4.202810823917388916e-01
2.352728545665740967e-01
9.607481956481933594e-01
6.999599456787109375e+00
4.412643313407897949e-01
0.000000000000000000e+00
2.852914854884147644e-02
1.789733767509460449e-01
5.001088380813598633e-01
6.703854084014892578e+00
1.469165459275245667e-02
0.000000000000000000e+00
3.286571800708770752e-01
2.416030406951904297e+00
9.637012332677841187e-02
3.794837594032287598e-01
1.597425341606140137e-01
2.510201930999755859e-01
1.273742318153381348e+00
3.910877704620361328e-01
2.619566917419433594e-01
0.000000000000000000e+00
8.638391494750976562e+00
5.693659186363220215e-01
1.682252883911132812e-01
0.000000000000000000e+00
1.952181197702884674e-02
6.974024176597595215e-01
1.032330617308616638e-01
1.868813157081604004e+00
2.087224870920181274e-01
1.212325930595397949e+00
2.131180837750434875e-02
7.030650228261947632e-02
2.151248753070831299e-01
1.542090296745300293e+00
3.978277742862701416e-01
6.785944700241088867e-01
1.970670938491821289e+00
3.669414997100830078e+00
2.760745584964752197e-01
2.527580022811889648e+00
3.030118465423583984e+00
1.475625485181808472e-01
7.816226780414581299e-02
0.000000000000000000e+00
5.527353286743164062e-01
1.075358510017395020e+00
1.572275310754776001e-01
1.378521770238876343e-01
3.074172973632812500e+00
2.059713378548622131e-02
0.000000000000000000e+00
1.650082916021347046e-01
2.111555039882659912e-01
1.326068788766860962e-01
1.325347542762756348e+00
2.356801986694335938e+00
1.187621951103210449e+00
2.638514712452888489e-02
7.160875797271728516e-01
0.000000000000000000e+00
9.658206105232238770e-01
3.422252833843231201e-02
1.338546276092529297e+00
3.398790955543518066e-01
3.289653733372688293e-02
1.225656986236572266e+00
6.112175434827804565e-02
1.832547038793563843e-02
1.151129454374313354e-01
2.526285886764526367e+00
5.107711553573608398e-01
2.074838848784565926e-03
5.725973471999168396e-02
0.000000000000000000e+00
8.724714815616607666e-02
9.487237930297851562e-01
0.000000000000000000e+00
1.462295353412628174e-01
5.401736497879028320e-01
1.401377767324447632e-01
6.312702316790819168e-03
4.901498556137084961e-01
1.369655411690473557e-02
2.146739244461059570e+00
5.908211469650268555e-01
1.102572560310363770e+00
2.430272102355957031e+00
0.000000000000000000e+00
1.037629127502441406e+00
0.000000000000000000e+00
4.648860543966293335e-03
3.273177742958068848e-01
2.583117187023162842e-01
7.552641034126281738e-01
1.570132851600646973e+00
3.724069893360137939e-02
2.268531592562794685e-03
1.790746092796325684e+00
2.112963944673538208e-01
0.000000000000000000e+00
3.645289540290832520e-01
7.342538833618164062e-01
6.835040450096130371e-02
0.000000000000000000e+00
2.104876786470413208e-01
1.261637091636657715e+00
4.934697225689888000e-02
0.000000000000000000e+00
3.543508052825927734e-01
0.000000000000000000e+00
0.000000000000000000e+00
9.119977355003356934e-01
1.477354764938354492e-01
2.926379814743995667e-02
1.247272826731204987e-02
0.000000000000000000e+00
6.531029473990201950e-03
0.000000000000000000e+00
8.152176737785339355e-01
4.053349420428276062e-02
6.079408526420593262e-01
2.638019084930419922e+00
4.691474437713623047e-01
9.520584344863891602e-02
2.632060348987579346e-01
8.142867684364318848e-02
2.800517797470092773e+00
9.447023868560791016e-01
0.000000000000000000e+00
1.244749903678894043e+00
1.873965002596378326e-02
2.449835240840911865e-01
9.961130023002624512e-01
3.201391696929931641e-01
1.122971922159194946e-01
1.725096628069877625e-02
1.053993582725524902e+00
7.072359323501586914e-02
2.025211334228515625e+00
6.604968104511499405e-03
5.560466274619102478e-02
1.473462820053100586e+00
1.066901326179504395e+00
0.000000000000000000e+00
5.559977889060974121e-02
6.541723757982254028e-02
0.000000000000000000e+00
4.300184249877929688e+00
8.321616798639297485e-02
1.111423820257186890e-01
4.374827146530151367e-01
0.000000000000000000e+00
6.998605094850063324e-03
3.876815557479858398e+00
3.682709634304046631e-01
3.907472372055053711e+00
5.796239152550697327e-02
2.180359363555908203e-01
4.189903736114501953e-01
0.000000000000000000e+00
1.527344346046447754e+00
1.328655004501342773e+00
0.000000000000000000e+00
5.567102879285812378e-02
1.497546285390853882e-01
9.304024577140808105e-01
6.397524703061208129e-05
3.246748685836791992e+00
1.791298738680779934e-03
2.248374074697494507e-01
2.024187892675399780e-02
1.083763122558593750e+00
2.634199261665344238e-01
1.137766480445861816e+00
0.000000000000000000e+00
9.796326160430908203e-01
1.065851569175720215e+00
2.565912436693906784e-03
3.892804086208343506e-01
8.320764303207397461e-01
1.297623291611671448e-02
0.000000000000000000e+00
4.094568729400634766e+00
3.425106525421142578e+00
0.000000000000000000e+00
4.258697852492332458e-02
4.905071854591369629e-02
0.000000000000000000e+00
5.598737001419067383e-01
0.000000000000000000e+00
0.000000000000000000e+00
1.169751644134521484e+00
6.779739856719970703e-01
6.936996709555387497e-03
1.596698164939880371e-02
1.110970377922058105e+00
2.026323974132537842e-02
1.658072918653488159e-01
2.767587006092071533e-01
6.445261836051940918e-02
2.018401622772216797e+00
1.041602611541748047e+00
3.741710782051086426e-01
0.000000000000000000e+00
1.177667230367660522e-01
2.159059643745422363e-01
6.733000874519348145e-01
8.863585442304611206e-02
1.170398816466331482e-01
2.770631313323974609e-01
1.179357290267944336e+00
0.000000000000000000e+00
1.137872710824012756e-01
2.668564915657043457e-01
2.131775468587875366e-01
7.926719188690185547e-01
6.071499586105346680e-01
8.525536954402923584e-02
0.000000000000000000e+00
3.521382063627243042e-02
1.209841370582580566e+00
0.000000000000000000e+00
7.157479226589202881e-02
3.965854644775390625e-01
3.451535105705261230e-01
9.309396147727966309e-02
0.000000000000000000e+00
9.061362594366073608e-02
7.295385748147964478e-02
0.000000000000000000e+00
5.759000778198242188e-02
2.504293024539947510e-01
8.702724240720272064e-03
1.305123805999755859e+00
4.242590427398681641e+00
1.818407513201236725e-02
1.521345879882574081e-02
0.000000000000000000e+00
1.957220286130905151e-01
1.972967293113470078e-03
9.744688868522644043e-02
6.716647744178771973e-01
1.663055457174777985e-02
8.099194616079330444e-02
6.870483979582786560e-03
1.166393637657165527e+00
0.000000000000000000e+00
1.232152581214904785e+00
1.018241979181766510e-02
8.017079234123229980e-01
1.551666259765625000e+00
5.673850178718566895e-01
7.306563854217529297e-02
9.631747752428054810e-02
1.956985294818878174e-01
8.570605516433715820e-01
7.268661260604858398e-01
4.276613593101501465e-01
1.239094361662864685e-01
1.549507677555084229e-01
1.127639651298522949e+00
7.308092713356018066e-02
1.738279970595613122e-04
2.144342422485351562e+00
5.955447554588317871e-01
2.592624425888061523e-01
1.945548951625823975e-01
3.100811839103698730e-01
0.000000000000000000e+00
5.709095597267150879e-01
4.123172461986541748e-01
4.115958809852600098e-01
1.594446659088134766e+00
1.272478342056274414e+00
1.874264627695083618e-01
5.823595523834228516e-01
0.000000000000000000e+00
9.747337698936462402e-01
0.000000000000000000e+00
2.993334233760833740e-01
0.000000000000000000e+00
1.475508093833923340e+00
2.908598661422729492e+00
1.061189696192741394e-01
2.523019075393676758e+00
4.629296958446502686e-01
2.451022714376449585e-02
8.277274370193481445e-01
1.130826324224472046e-01
5.583076924085617065e-02
2.720073461532592773e-01
5.478404164314270020e-01
3.517782211303710938e+00
2.639506570994853973e-02
2.308111339807510376e-01
6.003078818321228027e-01
1.469597339630126953e+00
1.574896693229675293e+00
3.014196395874023438e+00
1.319447517395019531e+00
3.421432524919509888e-02
5.901677012443542480e-01
1.039738580584526062e-02
0.000000000000000000e+00
1.277940254658460617e-02
9.005877971649169922e-01
0.000000000000000000e+00
7.682741880416870117e-01
0.000000000000000000e+00
2.873646616935729980e-01
2.354818433523178101e-01
6.860951185226440430e-01
1.679952256381511688e-02
3.794842660427093506e-01
0.000000000000000000e+00
1.098613217473030090e-01
5.525301676243543625e-04
3.675066232681274414e-01
8.600593209266662598e-01
5.994637608528137207e-01
1.208779290318489075e-01
1.407835166901350021e-02
1.688966304063796997e-01
2.016788162291049957e-02
3.511569797992706299e-01
1.381073951721191406e+00
4.878757521510124207e-02
2.810125472024083138e-03
1.079820394515991211e+00
3.186761960387229919e-02
2.377265214920043945e+00
2.390242815017700195e+00
2.871843874454498291e-01
1.836572140455245972e-01
3.045546114444732666e-01
1.164712905883789062e-01
6.594372987747192383e-01
2.034502103924751282e-02
2.240701019763946533e-01
1.086041778326034546e-01
2.274353653192520142e-01
0.000000000000000000e+00
3.516380190849304199e-01
0.000000000000000000e+00
2.059274353086948395e-02
0.000000000000000000e+00
2.159804105758666992e-01
1.641355082392692566e-02
0.000000000000000000e+00
6.271084770560264587e-03
3.319312930107116699e-01
0.000000000000000000e+00
2.031259298324584961e+00
1.848260313272476196e-01
2.173296809196472168e-01
1.119054779410362244e-01
2.341769635677337646e-01
1.806331127882003784e-01
1.687413007020950317e-01
1.759952306747436523e-01
1.291647851467132568e-01
1.140596121549606323e-01
6.444672346115112305e-01
2.517059087753295898e+00
2.492586135864257812e+00
5.113032460212707520e-02
0.000000000000000000e+00
7.508694529533386230e-01
1.055972218513488770e+00
4.310205206274986267e-02
1.778246164321899414e-01
1.797515511512756348e+00
2.086128294467926025e-01
1.685613542795181274e-01
4.718734622001647949e-01
5.541426315903663635e-02
7.789393514394760132e-02
2.393971234560012817e-01
1.080039069056510925e-01
6.314031779766082764e-02
3.372028470039367676e-02
8.744872808456420898e-01
1.915003918111324310e-02
9.691228270530700684e-01
1.654636412858963013e-01
1.146090626716613770e+00
6.087199449539184570e-01
1.880030520260334015e-02
1.021591573953628540e-02
4.785562399774789810e-03
7.564560174942016602e-01
0.000000000000000000e+00
2.205658197402954102e+00
2.415217161178588867e+00
8.786506950855255127e-02
1.297157853841781616e-01
6.578739881515502930e-01
0.000000000000000000e+00
0.000000000000000000e+00
0.000000000000000000e+00
1.028206467628479004e+00
5.060904026031494141e-01
2.437601804733276367e+00
2.363168478012084961e+00
4.659911990165710449e-02
9.608647972345352173e-02
0.000000000000000000e+00
6.702238321304321289e-01
0.000000000000000000e+00
2.171427309513092041e-01
8.411645144224166870e-02
4.349520206451416016e-01
2.373593114316463470e-02
1.779194474220275879e+00
3.413167595863342285e-01
5.992062762379646301e-02
9.034942388534545898e-01
3.068905696272850037e-02
8.245811797678470612e-03
1.311501979827880859e+00
1.690320730209350586e+00
8.554500937461853027e-01
8.256512135267257690e-02
1.483499109745025635e-01
3.569020703434944153e-02
0.000000000000000000e+00
1.192300170660018921e-01
1.551786363124847412e-01
3.646353185176849365e-01
1.242861866950988770e+00
2.325187921524047852e+00
5.415343865752220154e-02
0.000000000000000000e+00
6.217511892318725586e-01
8.864044398069381714e-02
2.795420885086059570e-01
1.203510046005249023e+00
3.047887086868286133e+00
2.298182100057601929e-01
2.522130608558654785e-01
3.406025096774101257e-02
0.000000000000000000e+00
5.929601192474365234e-01
1.511585116386413574e-01
6.557324528694152832e-01
4.491280019283294678e-02
0.000000000000000000e+00
6.667867302894592285e-01
4.975467205047607422e+00
6.476678848266601562e+00
1.602957546710968018e-01
9.076792001724243164e-02
1.129442732781171799e-02
1.172824144363403320e+00
5.633407831192016602e-01
7.497867941856384277e-02
1.866355836391448975e-01
1.204402565956115723e+00
6.029688715934753418e-01
3.590324521064758301e-02
0.000000000000000000e+00
6.956716775894165039e-01
8.637844026088714600e-02
6.596207618713378906e-01
2.922534465789794922e+00
3.389517366886138916e-01
8.972083330154418945e-01
1.391746997833251953e+00
3.157231807708740234e-01
3.041930794715881348e-01
2.000299692153930664e-01
1.386157870292663574e+00
7.490270771086215973e-03
4.411726724356412888e-03
3.458859920501708984e-01
3.092102408409118652e-01
8.804911375045776367e-01
0.000000000000000000e+00
1.384186744689941406e+00
6.634747982025146484e-01
0.000000000000000000e+00
5.623352527618408203e-01
2.166543621569871902e-03
0.000000000000000000e+00
3.475277423858642578e-01
5.485087633132934570e-01
5.677006244659423828e-01
3.277270793914794922e-01
3.191418051719665527e-01
4.059310555458068848e-01
1.728720664978027344e+00
4.001620411872863770e-01
6.067506968975067139e-02
6.342141330242156982e-02
3.404103517532348633e-01
1.888645738363265991e-01
4.935851991176605225e-01
3.330822885036468506e-01
8.144459687173366547e-03
2.688017785549163818e-01
9.170357137918472290e-02
4.436246454715728760e-01
0.000000000000000000e+00
7.945128679275512695e-01
2.358998637646436691e-03
7.727544307708740234e-01
1.353943347930908203e-01
8.081311583518981934e-01
7.927557229995727539e-01
1.117072463035583496e+00
1.926425695419311523e-01
0.000000000000000000e+00
0.000000000000000000e+00
2.748898029327392578e+00
1.409207433462142944e-01
2.079265750944614410e-02
0.000000000000000000e+00
2.852306142449378967e-02
1.610948890447616577e-01
1.777685999870300293e+00
6.303663831204175949e-03
5.233291536569595337e-02
3.044702291488647461e+00
2.411662191152572632e-01
0.000000000000000000e+00
0.000000000000000000e+00
9.648495167493820190e-02
3.318726420402526855e-01
2.610045969486236572e-01
9.334235638380050659e-02
9.920837879180908203e-01
0.000000000000000000e+00
1.151785776019096375e-01
0.000000000000000000e+00
9.562931209802627563e-02
2.654109895229339600e-01
4.979875311255455017e-02
1.855790019035339355e+00
0.000000000000000000e+00
3.977322578430175781e-01
7.081406116485595703e-01
1.834133118391036987e-01
5.741503834724426270e-01
6.250414252281188965e-02
1.526616811752319336e+00
2.827455401420593262e-01
5.855146646499633789e-01
2.496799528598785400e-01
0.000000000000000000e+00
2.296144515275955200e-01
0.000000000000000000e+00
3.607252985239028931e-02
1.719681918621063232e-01
9.902112185955047607e-03
1.054623007774353027e+00
5.297084450721740723e-01
7.973738014698028564e-02
1.284119486808776855e-01
1.018807291984558105e+00
1.983879655599594116e-01
7.446072995662689209e-02
8.191151171922683716e-02
0.000000000000000000e+00
1.944349706172943115e-01
8.136719465255737305e-01
4.033963680267333984e-01
2.903032302856445312e-01
5.499976277351379395e-01
6.185124516487121582e-01
5.313716530799865723e-01
5.120819434523582458e-02
2.571559548377990723e-01
9.165818095207214355e-01
1.413077116012573242e-01
3.786168336868286133e+00
1.197615265846252441e-01
6.112040877342224121e-01
0.000000000000000000e+00
5.542327836155891418e-02
5.385636091232299805e-01
4.210837483406066895e-01
8.087115734815597534e-02
3.301468491554260254e-02
0.000000000000000000e+00
2.228622198104858398e+00
4.353874325752258301e-01
2.806026339530944824e-01
5.642665028572082520e-01
3.191926702857017517e-02
1.044869542121887207e+00
0.000000000000000000e+00
2.174519896507263184e-01
1.979663610458374023e+00
0.000000000000000000e+00
3.346756994724273682e-01
6.456093788146972656e+00
1.598724365234375000e+00
3.474018096923828125e+00
0.000000000000000000e+00
3.785049319267272949e-01
0.000000000000000000e+00
8.285999298095703125e-02
6.555420398712158203e+00
2.125826030969619751e-01
2.404907532036304474e-02
5.312535166740417480e-01
0.000000000000000000e+00
3.131455183029174805e-01
6.533342599868774414e-01
0.000000000000000000e+00
5.771493315696716309e-01
6.714150309562683105e-02
5.131556093692779541e-02
1.117195010185241699e+00
8.128920793533325195e-01
2.335087507963180542e-01
2.750387191772460938e-01
1.875429302453994751e-01
5.616183206439018250e-02
1.915929913520812988e-01
1.905396461486816406e+00
3.153999149799346924e-01
3.777040243148803711e-01
0.000000000000000000e+00
0.000000000000000000e+00
2.768213860690593719e-02
9.851610520854592323e-04
5.345776677131652832e-02
2.542017936706542969e+00
0.000000000000000000e+00
1.700471192598342896e-01
2.993172779679298401e-02
6.119801476597785950e-02
0.000000000000000000e+00
0.000000000000000000e+00
1.920439898967742920e-01
2.582848370075225830e-01
3.336503982543945312e+00
1.423045992851257324e-01
0.000000000000000000e+00
2.312581241130828857e-01
8.364809751510620117e-01
2.505903959274291992e+00
1.907477855682373047e+00
0.000000000000000000e+00
0.000000000000000000e+00
3.310452401638031006e-01
2.885197699069976807e-01
5.337275862693786621e-01
2.252086400985717773e-01
3.885813355445861816e-01
1.864464394748210907e-02
0.000000000000000000e+00
1.335098266601562500e+00
7.578345537185668945e-01
0.000000000000000000e+00
5.462486296892166138e-02
2.389386653900146484e+00
6.398328542709350586e-01
1.920675784349441528e-01
1.213613271713256836e+00
0.000000000000000000e+00
1.338052302598953247e-01
1.856868863105773926e-01
4.971015732735395432e-03
1.382223069667816162e-01
1.189438179135322571e-01
5.646033287048339844e-01
0.000000000000000000e+00
8.268382400274276733e-02
0.000000000000000000e+00
1.508105516433715820e+00
2.747483491897583008e+00
4.648071229457855225e-01
5.955494195222854614e-02
0.000000000000000000e+00
4.925350546836853027e-01
0.000000000000000000e+00
7.427681684494018555e-01
2.789210975170135498e-01
7.636187672615051270e-01
0.000000000000000000e+00
9.807831794023513794e-02
0.000000000000000000e+00
2.602300420403480530e-02
1.865670084953308105e-01
1.649054408073425293e+00
2.083252817392349243e-01
5.685793757438659668e-01
3.329908847808837891e-01
6.847785115242004395e-01
4.687858819961547852e-01
4.531842470169067383e-01
8.169136643409729004e-01
0.000000000000000000e+00
4.494553059339523315e-02
2.103333175182342529e-02
3.614944219589233398e-02
0.000000000000000000e+00
1.864176541566848755e-01
4.969320595264434814e-01
6.240390613675117493e-02
6.827306002378463745e-03
3.548471927642822266e-01
9.664290398359298706e-02
1.191611513495445251e-01
9.651509113609790802e-03
5.778162956237792969e+00
3.248614817857742310e-02
4.230808317661285400e-01
2.240009903907775879e-01
7.314720749855041504e-02
1.443753242492675781e-01
3.957291841506958008e-01
0.000000000000000000e+00
9.780078530311584473e-01
5.848004221916198730e-01
2.441616296768188477e+00
1.595799624919891357e-01
1.680822610855102539e+00
5.355859398841857910e-01
1.436610147356987000e-02
1.142777353525161743e-01
7.127130031585693359e-02
8.393491804599761963e-02
2.063109725713729858e-01
8.220133781433105469e-01
6.159545737318694592e-04
0.000000000000000000e+00
1.274441331624984741e-01
1.633086986839771271e-02
2.820045948028564453e-01
0.000000000000000000e+00
2.989780426025390625e+00
0.000000000000000000e+00
3.314400091767311096e-02
1.351224780082702637e+00
2.103306055068969727e-01
5.144904181361198425e-02
7.964774966239929199e-02
4.502941370010375977e-01
8.490277528762817383e-01
1.911413669586181641e+00
2.016991615295410156e+00
4.805676639080047607e-02
3.586257994174957275e-01
0.000000000000000000e+00
0.000000000000000000e+00
1.892364919185638428e-01
3.884850069880485535e-02
2.760659754276275635e-01
0.000000000000000000e+00
0.000000000000000000e+00
3.765590488910675049e-01
1.441511791199445724e-02
7.429255247116088867e-01
3.796448931097984314e-02
4.803203642368316650e-01
6.161740779876708984e+00
1.196492671966552734e+00
2.900288999080657959e-02
9.285697937011718750e-01
1.324842214584350586e+00
0.000000000000000000e+00
0.000000000000000000e+00
1.324214786291122437e-01
6.085966154932975769e-02
1.595606327056884766e+00
0.000000000000000000e+00
7.076060771942138672e-02
0.000000000000000000e+00
1.475425124168395996e+00
9.224522858858108521e-02
8.849795162677764893e-02
1.687382102012634277e+00
1.944234967231750488e-01
5.358157157897949219e-01
3.227272927761077881e-01
6.261455710045993328e-04
0.000000000000000000e+00
9.862956404685974121e-01
1.837939955294132233e-02
2.657831907272338867e-01
0.000000000000000000e+00
3.838709592819213867e-01
1.503580212593078613e-01
4.869136959314346313e-02
0.000000000000000000e+00
6.143372505903244019e-02
0.000000000000000000e+00
0.000000000000000000e+00
2.033171616494655609e-02
0.000000000000000000e+00
4.573669284582138062e-02
1.052833497524261475e-01
4.579623043537139893e-02
2.432387828826904297e+00
6.288537383079528809e-02
3.105259418487548828e+00
0.000000000000000000e+00
3.955959677696228027e-01
6.829757690429687500e-01
4.127171933650970459e-01
2.056919336318969727e-01
3.078905344009399414e-01
0.000000000000000000e+00
1.221685886383056641e+00
1.773997426033020020e+00
4.831570088863372803e-01
0.000000000000000000e+00
6.956978440284729004e-01
4.518922328948974609e+00
1.731243729591369629e-01
5.492736771702766418e-02
0.000000000000000000e+00
2.407836727797985077e-02
0.000000000000000000e+00
5.979548692703247070e-01
7.758417725563049316e-02
0.000000000000000000e+00
1.395562052726745605e+00
3.045862317085266113e-01
7.491666674613952637e-01
7.475452870130538940e-02
0.000000000000000000e+00
1.446256875991821289e+00
1.068288803100585938e+00
1.626733690500259399e-02
3.231009244918823242e-01
5.585879087448120117e-03
0.000000000000000000e+00
2.394491910934448242e+00
5.336081609129905701e-02
4.947991669178009033e-02
2.525084093213081360e-02
7.051976323127746582e-01
7.631142139434814453e-01
0.000000000000000000e+00
8.563086390495300293e-02
8.757734298706054688e-01
1.588948130607604980e+00
4.815158247947692871e-02
0.000000000000000000e+00
1.863603144884109497e-01
2.358755350112915039e+00
1.480551481246948242e+00
1.256218850612640381e-01
1.358371526002883911e-01
5.187126398086547852e-01
5.282568335533142090e-01
3.753108903765678406e-02
7.213964313268661499e-02
7.178168743848800659e-02
1.870530843734741211e-01
4.041712880134582520e-01
2.135576494038105011e-02
4.902998358011245728e-02
4.554730653762817383e-02
2.314649343490600586e+00
1.211073715239763260e-02
3.255294263362884521e-02
2.324508726596832275e-01
8.203265815973281860e-02
1.535173654556274414e-01
1.409150719642639160e+00
1.772717475891113281e+00
6.250940561294555664e-01
3.363230824470520020e-01
6.015620827674865723e-01
1.217955946922302246e+00
2.764632940292358398e+00
1.869287341833114624e-01
5.998099222779273987e-02
3.078199625015258789e-01
0.000000000000000000e+00
5.340533331036567688e-02
1.322260975837707520e+00
4.034735560417175293e-01
4.651637077331542969e-01
1.021444946527481079e-01
1.377221822738647461e+00
6.633495539426803589e-02
1.317437171936035156e+00
6.358904838562011719e-01
1.012867331504821777e+00
4.058182239532470703e-01
4.586390405893325806e-02
5.453711748123168945e-01
1.065820932388305664e+00
3.285796567797660828e-02
5.294483184814453125e+00
2.155431509017944336e-01
2.510682865977287292e-02
4.231874644756317139e-02
0.000000000000000000e+00
2.795584201812744141e+00
1.393559336662292480e+00
2.479163408279418945e-01
2.077066004276275635e-01
3.917802274227142334e-01
1.729764491319656372e-01
1.437092423439025879e+00
4.374474883079528809e-01
1.015208601951599121e+00
0.000000000000000000e+00
0.000000000000000000e+00
2.337524592876434326e-01
6.297056563198566437e-03
5.127878189086914062e-01
4.781723022460937500e-01
8.173308372497558594e-01
7.122107781469821930e-03
2.060070484876632690e-01
2.542458772659301758e-01
3.654752075672149658e-01
0.000000000000000000e+00
4.035131633281707764e-01
3.188858926296234131e-01
4.868159294128417969e-01
3.664263188838958740e-01
1.933674444444477558e-03
4.948545619845390320e-02
0.000000000000000000e+00
1.761076226830482483e-02
1.012874860316514969e-02
7.396662235260009766e-02
4.968032240867614746e-02
1.065857028961181641e+01
1.148328110575675964e-01
4.906303882598876953e-01
7.131595164537429810e-02
1.451797503978013992e-02
1.512879133224487305e-01
5.968584418296813965e-01
0.000000000000000000e+00
8.320870399475097656e-01
2.678438834846019745e-02
2.112944275140762329e-01
1.439168900251388550e-01
0.000000000000000000e+00
8.470980823040008545e-02
0.000000000000000000e+00
1.128624916076660156e+00
1.194930791854858398e+00
0.000000000000000000e+00
2.822151482105255127e-01
5.635519325733184814e-02
5.119522213935852051e-01
5.066193938255310059e-01
4.263452254235744476e-03
6.128739193081855774e-02
2.223459005355834961e+00
0.000000000000000000e+00
0.000000000000000000e+00
0.000000000000000000e+00
6.923983991146087646e-02
0.000000000000000000e+00
1.187754198908805847e-01
2.664716482162475586e+00
6.604194641113281250e-04
1.412423014640808105e+00
1.698300093412399292e-01
6.361711025238037109e-01
9.773212671279907227e-02
8.700831234455108643e-02
5.547071099281311035e-01
1.813398115336894989e-02
4.456968605518341064e-01
0.000000000000000000e+00
9.560588002204895020e-02
4.401080906391143799e-01
2.690027654170989990e-01
2.257421493530273438e+00
1.035071983933448792e-01
6.164499372243881226e-02
2.004036679863929749e-02
1.031896620988845825e-01
1.073199212551116943e-01
4.055159389972686768e-01
0.000000000000000000e+00
8.626044392585754395e-01
1.776572316884994507e-01
0.000000000000000000e+00
2.120552659034729004e-01
8.728779554367065430e-01
9.194521903991699219e-01
1.833677850663661957e-02
9.703426808118820190e-02
4.604524075984954834e-01
9.463091194629669189e-02
3.717836737632751465e-01
2.260432392358779907e-02
1.424172997474670410e+00
3.809222877025604248e-01
1.704760454595088959e-02
4.282569885253906250e-02
8.880228549242019653e-02
1.171087503433227539e+00
1.192435026168823242e+00
2.914348384365439415e-03
1.165313124656677246e-01
2.057538330554962158e-01
1.025547742843627930e+00
3.163547813892364502e-01
7.912446856498718262e-01
6.377990245819091797e-01
9.617370367050170898e-01
2.788422070443630219e-02
4.005225181579589844e+00
3.339611291885375977e-01
0.000000000000000000e+00
1.367307901382446289e-01
1.202409267425537109e+00
6.786923040635883808e-04
1.476510465145111084e-01
4.366414546966552734e-01
1.235453970730304718e-02
0.000000000000000000e+00
8.580586910247802734e-01
7.557169198989868164e-01
0.000000000000000000e+00
8.405151963233947754e-01
1.596508175134658813e-01
2.746725082397460938e+00
1.823088049888610840e+00
8.091568946838378906e-01
1.945882320404052734e+00
1.115800589323043823e-01
2.555509656667709351e-02
4.188986718654632568e-01
6.750810742378234863e-01
2.899081110954284668e-01
6.086232885718345642e-02
0.000000000000000000e+00
7.074460387229919434e-02
0.000000000000000000e+00
9.151786565780639648e-01
2.176788896322250366e-01
1.962301284074783325e-01
4.372781217098236084e-01
1.352028965950012207e+00
5.183471366763114929e-02
5.727620124816894531e+00
3.237552195787429810e-02
2.350257635116577148e-01
2.667541801929473877e-01
1.349578499794006348e+00
0.000000000000000000e+00
2.031414985656738281e+00
2.349259376525878906e+00
8.189811110496520996e-01
0.000000000000000000e+00
3.700570762157440186e-01
8.419220894575119019e-02
6.706713438034057617e-01
2.864796817302703857e-01
4.434154987335205078e+00
6.042024120688438416e-02
2.027088999748229980e-01
0.000000000000000000e+00
8.115603923797607422e-01
2.918751910328865051e-02
3.899504542350769043e-01
2.819207310676574707e-01
2.971152067184448242e-01
6.626627873629331589e-03
0.000000000000000000e+00
1.691043138504028320e+00
1.627734303474426270e-01
4.461799189448356628e-02
4.484623298048973083e-02
1.201725602149963379e-01
2.905474416911602020e-02
5.107004046440124512e-01
4.254010692238807678e-02
1.401015650480985641e-02
5.915381480008363724e-03
0.000000000000000000e+00
4.202365875244140625e-01
0.000000000000000000e+00
0.000000000000000000e+00
0.000000000000000000e+00
1.442745029926300049e-01
3.483424782752990723e-01
5.616195797920227051e-01
2.130846120417118073e-02
1.415457278490066528e-01
1.468833982944488525e-01
3.704990744590759277e-01
3.650853335857391357e-01
2.869411468505859375e+00
0.000000000000000000e+00
3.080983638763427734e+00
6.030758619308471680e-01
0.000000000000000000e+00
1.254725605249404907e-01
5.291957855224609375e-01
0.000000000000000000e+00
2.705255337059497833e-02
6.942304223775863647e-02
0.000000000000000000e+00
1.544169187545776367e+00
1.223705932497978210e-01
2.385010272264480591e-01
1.819022446870803833e-01
0.000000000000000000e+00
3.746253550052642822e-01
0.000000000000000000e+00
7.198035717010498047e-02
0.000000000000000000e+00
7.602352648973464966e-02
5.357243418693542480e-01
1.496584266424179077e-01
2.220332860946655273e+00
2.001922130584716797e-01
3.191348016262054443e-01
2.159727364778518677e-02
8.272969722747802734e-01
0.000000000000000000e+00
1.707000657916069031e-02
0.000000000000000000e+00
0.000000000000000000e+00
0.000000000000000000e+00
6.817827820777893066e-01
7.169739007949829102e-01
6.765002757310867310e-02
6.731104105710983276e-02
2.757063694298267365e-02
3.053947910666465759e-02
6.555208936333656311e-03
7.667200565338134766e-01
1.610252857208251953e+00
1.425094962120056152e+00
6.211366653442382812e-01
3.395684957504272461e-01
1.228276640176773071e-01
2.787312567234039307e-01
3.081777393817901611e-01
2.351571798324584961e+00
5.680905580520629883e-01
1.398711085319519043e+00
0.000000000000000000e+00
0.000000000000000000e+00
1.262846589088439941e+00
3.690004646778106689e-01
6.744584441184997559e-02
2.328653812408447266e+00
5.391023755073547363e-01
0.000000000000000000e+00
5.877097696065902710e-02
0.000000000000000000e+00
6.254779100418090820e-01
1.752297133207321167e-01
9.819388985633850098e-01
1.297276496887207031e+00
4.834659993648529053e-01
1.074560824781656265e-02
2.196001768112182617e+00
0.000000000000000000e+00
3.772946307435631752e-03
4.035149887204170227e-02
5.865082889795303345e-02
7.027561664581298828e-01
2.438110858201980591e-01
0.000000000000000000e+00
0.000000000000000000e+00
2.266142606735229492e+00
7.024423480033874512e-01
4.269942760467529297e+00
3.140027448534965515e-02
3.751490116119384766e-01
0.000000000000000000e+00
2.323825836181640625e+00
0.000000000000000000e+00
2.648315625265240669e-03
9.976990520954132080e-03
4.323946535587310791e-01
4.944177344441413879e-03
5.682879686355590820e-01
0.000000000000000000e+00
1.403424501419067383e+00
0.000000000000000000e+00
5.849210619926452637e-01
1.048743650317192078e-01
6.793234031647443771e-03
3.168890476226806641e-01
0.000000000000000000e+00
0.000000000000000000e+00
2.776155769824981689e-01
1.343728542327880859e+00
0.000000000000000000e+00
1.984000355005264282e-01
3.625676631927490234e-01
6.384155899286270142e-02
4.988193511962890625e-01
4.169036634266376495e-03
3.157780766487121582e-01
1.258000016212463379e+00
4.429217278957366943e-01
8.985853940248489380e-02
1.098344087600708008e+00
3.442422151565551758e-01
1.220592111349105835e-02
2.230365574359893799e-02
6.703762412071228027e-01
1.294488191604614258e+00
1.778331585228443146e-02
1.038608908653259277e+00
7.585589289665222168e-01
1.367417629808187485e-02
2.080116420984268188e-01
2.453071475028991699e-01
7.437741756439208984e-02
0.000000000000000000e+00
4.200360178947448730e-01
6.109672784805297852e-02
0.000000000000000000e+00
6.974537670612335205e-02
2.411250397562980652e-02
6.293353438377380371e-01
9.368495345115661621e-01
1.444786135107278824e-02
1.484348177909851074e-01
1.529506444931030273e+00
6.374727189540863037e-02
6.608003616333007812e+00
1.387777179479598999e-01
8.288270235061645508e-02
1.363097969442605972e-02
1.521156430244445801e-01
5.435203313827514648e-01
2.356898970901966095e-02
1.106971353292465210e-01
1.234141178429126740e-02
2.791658043861389160e-01
7.071366310119628906e-01
9.972897171974182129e-02
1.756959110498428345e-01
0.000000000000000000e+00
1.818984389305114746e+00
3.177860498428344727e+00
3.657493591308593750e-01
2.541738152503967285e-01
1.366209745407104492e+00
1.836089968681335449e+00
0.000000000000000000e+00
1.857933700084686279e-01
2.630081772804260254e-01
1.367890834808349609e-01
3.786215558648109436e-03
4.185476899147033691e-01
5.563122034072875977e-02
6.779725849628448486e-02
9.832549095153808594e-01
0.000000000000000000e+00
4.338899254798889160e-02
0.000000000000000000e+00
3.544698953628540039e-01
2.843565344810485840e-01
1.782969236373901367e-01
6.098656356334686279e-02
3.983902335166931152e-01
0.000000000000000000e+00
6.586413383483886719e-01
6.907326579093933105e-01
6.299566477537155151e-02
5.054365396499633789e-01
1.326562315225601196e-01
5.805211067199707031e-01
2.040839344263076782e-01
1.015822410583496094e+00
1.435471773147583008e-01
1.816971898078918457e-01
1.939282268285751343e-01
7.826297730207443237e-02
7.636672258377075195e-02
5.071809291839599609e-01
4.861257076263427734e-01
0.000000000000000000e+00
6.576365470886230469e+00
4.542438313364982605e-03
5.767016410827636719e-01
2.090989798307418823e-02
9.782203473150730133e-03
9.594010114669799805e-01
2.340668439865112305e+00
8.338152547366917133e-04
3.995476067066192627e-01
0.000000000000000000e+00
6.294025480747222900e-02
5.104152560234069824e-01
1.486459255218505859e+00
1.037411093711853027e-01
0.000000000000000000e+00
2.286478877067565918e-01
1.546322554349899292e-01
2.067329362034797668e-02
4.771259799599647522e-02
5.793836116790771484e-01
0.000000000000000000e+00
2.764876931905746460e-02
1.212951540946960449e-01
7.500839233398437500e-01
1.000156998634338379e+00
3.490048646926879883e-02
9.216149151325225830e-02
5.548347905278205872e-02
1.190235763788223267e-01
8.557645678520202637e-01
3.843763377517461777e-03
1.791650772094726562e+00
0.000000000000000000e+00
6.063353419303894043e-01
0.000000000000000000e+00
0.000000000000000000e+00
2.188720941543579102e+00
1.294971704483032227e-01
7.789716720581054688e-01
1.638152301311492920e-01
1.408702041953802109e-02
1.240613818168640137e+00
7.428791373968124390e-02
3.395542621612548828e+00
1.361069828271865845e-01
3.803515434265136719e-02
6.560977101325988770e-01
1.584816455841064453e+00
1.212594747543334961e+00
1.832247525453567505e-01
0.000000000000000000e+00
2.247231081128120422e-02
2.634816169738769531e-01
5.032145977020263672e+00
8.024928718805313110e-02
1.215080499649047852e+00
4.095538854598999023e-01
4.292713105678558350e-01
2.188981324434280396e-01
1.488256007432937622e-01
1.948708146810531616e-01
1.465239971876144409e-01
3.550305366516113281e-01
3.878032267093658447e-01
3.651305139064788818e-01
2.068262174725532532e-02
1.261021614074707031e+00
8.322876691818237305e-01
5.138858407735824585e-02
1.119451999664306641e+00
2.273456938564777374e-02
2.166839689016342163e-01
6.823708862066268921e-02
4.248726367950439453e-01
2.376626729965209961e+00
4.232587218284606934e-01
1.212650239467620850e-01
3.334727287292480469e+00
9.685414284467697144e-02
6.780865192413330078e-01
0.000000000000000000e+00
9.660264849662780762e-01
0.000000000000000000e+00
1.385083515197038651e-02
3.587809391319751740e-03
2.954994328320026398e-02
4.044459342956542969e+00
5.455815792083740234e-01
1.309990435838699341e-01
1.793418288230895996e+00
6.700764656066894531e+00
1.834333777427673340e+00
0.000000000000000000e+00
1.003236845135688782e-01
0.000000000000000000e+00
8.280838839709758759e-03
2.260473556816577911e-02
5.140628200024366379e-03
1.350086331367492676e-01
7.569537311792373657e-02
0.000000000000000000e+00
6.284856051206588745e-02
1.204284906387329102e+00
6.523181200027465820e-01
0.000000000000000000e+00
2.349610567092895508e+00
7.221413403749465942e-02
1.891409009695053101e-01
4.873455464839935303e-01
2.079794168472290039e+00
6.612480282783508301e-01
3.171129152178764343e-02
2.584819123148918152e-02
4.699277505278587341e-02
0.000000000000000000e+00
4.526070952415466309e-01
0.000000000000000000e+00
9.792745113372802734e-01
1.171275973320007324e+00
7.204116880893707275e-02
2.996000647544860840e-01
1.062998473644256592e-01
1.119799852371215820e+00
7.299946993589401245e-02
4.745218157768249512e-02
2.729150056838989258e+00
2.233835935592651367e+00
1.961662471294403076e-01
4.352932423353195190e-02
2.650801539421081543e-01
1.256726682186126709e-01
0.000000000000000000e+00
3.920078277587890625e-01
1.454591393470764160e+00
1.456201523542404175e-01
2.248639427125453949e-02
0.000000000000000000e+00
2.751265764236450195e+00
2.139821290969848633e+00
9.691018611192703247e-02
3.627356290817260742e-01
7.968761920928955078e-01
0.000000000000000000e+00
1.735251247882843018e-01
1.195670843124389648e+00
2.389672398567199707e-01
1.695002056658267975e-02
2.303745299577713013e-01
3.241812437772750854e-02
2.769267559051513672e-01
1.685302108526229858e-01
2.800646781921386719e+00
0.000000000000000000e+00
1.754458248615264893e-01
3.769285917282104492e+00
0.000000000000000000e+00
3.459663867950439453e+00
1.104488134384155273e+00
6.730343401432037354e-02
1.307108163833618164e+00
1.530979394912719727e+00
9.077602624893188477e-02
2.510069869458675385e-02
2.797079324722290039e+00
2.271602749824523926e-01
0.000000000000000000e+00
5.349307060241699219e-01
2.333971500396728516e+00
1.033073812723159790e-01
5.799178481101989746e-01
0.000000000000000000e+00
3.130270540714263916e-01
1.657023072242736816e+00
0.000000000000000000e+00
5.237749814987182617e-01
2.907309770584106445e+00
2.958651781082153320e+00
1.223529100418090820e+00
2.542130881920456886e-03
4.433119773864746094e+00
1.222567036747932434e-01
8.514850139617919922e-01
2.357119172811508179e-01
3.338882001116871834e-03
2.343645878136157990e-02
1.004857540130615234e+00
7.667732238769531250e-01
5.847026407718658447e-02
5.615117773413658142e-02
9.881787896156311035e-01
3.047880902886390686e-02
1.863484680652618408e-01
5.343393683433532715e-01
9.360858052968978882e-02
3.211153447628021240e-01
8.340167999267578125e-02
2.913165837526321411e-02
2.749329328536987305e+00
2.355188280344009399e-01
0.000000000000000000e+00
1.058806777000427246e+00
0.000000000000000000e+00
3.115416169166564941e-01
1.395239591598510742e+00
5.265199542045593262e-01
5.581865552812814713e-04
0.000000000000000000e+00
4.289612174034118652e-01
5.721565485000610352e-01
8.579291701316833496e-01
1.646984927356243134e-02
9.982818365097045898e-01
6.006819605827331543e-01
1.632863998413085938e+00
1.159535884857177734e+00
3.218626370653510094e-04
7.588586211204528809e-02
1.108773469924926758e+00
2.620160393416881561e-02
8.901891857385635376e-02
7.988043944351375103e-04
2.089099138975143433e-01
1.629161089658737183e-01
3.845258057117462158e-01
0.000000000000000000e+00
0.000000000000000000e+00
5.388399958610534668e-02
5.608884692192077637e-01
0.000000000000000000e+00
8.115291595458984375e-03
4.114293456077575684e-01
1.848688698373734951e-03
3.116697967052459717e-01
0.000000000000000000e+00
3.760995566844940186e-01
1.839331537485122681e-01
5.417069196701049805e-01
1.199903249740600586e+00
6.982764601707458496e-02
3.800009563565254211e-02
8.386652469635009766e-01
3.976222127676010132e-02
2.177882939577102661e-01
5.627491045743227005e-04
3.312872409820556641e+00
1.170847043395042419e-01
4.319160878658294678e-01
4.917492270469665527e-01
0.000000000000000000e+00
1.046123504638671875e-01
1.580713987350463867e+00
0.000000000000000000e+00
3.304576501250267029e-02
8.919714950025081635e-03
2.533166669309139252e-02
3.994338810443878174e-01
0.000000000000000000e+00
0.000000000000000000e+00
7.817190140485763550e-03
2.502793967723846436e-01
1.018637642264366150e-01
3.773407340049743652e-01
3.138800263404846191e-01
8.699656277894973755e-02
7.532116770744323730e-01
1.659957766532897949e-01
1.286922246217727661e-01
0.000000000000000000e+00
2.450430393218994141e-02
9.838607311248779297e-01
3.075253218412399292e-02
2.594706416130065918e-01
0.000000000000000000e+00
0.000000000000000000e+00
4.086784720420837402e-01
5.520635247230529785e-01
3.902370110154151917e-02
2.015451431274414062e+00
5.660569667816162109e-01
2.307560443878173828e+00
3.977948427200317383e-01
2.222670078277587891e+00
1.885240315459668636e-03
1.072097453288733959e-03
1.520393602550029755e-02
1.636432409286499023e-01
4.163837432861328125e-01
0.000000000000000000e+00
3.324826717376708984e+00
3.242890596389770508e+00
1.567449718713760376e-01
4.932751655578613281e-01
