1.718863993883132935e-01
4.959413036704063416e-02
4.346487298607826233e-02
1.004179835319519043e+00
1.450859475880861282e-03
1.578625887632369995e-01
2.119643539190292358e-01
1.571456789970397949e-01
1.993064999580383301e+00
4.065681934356689453e+00
1.560466140508651733e-01
4.728851616382598877e-01
4.088485538959503174e-01
8.699274621903896332e-03
4.661156330257654190e-03
7.538494467735290527e-01
6.330318003892898560e-02
7.732592225074768066e-01
0.000000000000000000e+00
2.821688055992126465e-01
0.000000000000000000e+00
6.990804523229598999e-02
9.582180380821228027e-01
1.569706201553344727e-01
2.298741489648818970e-01
3.070442676544189453e-01
4.237938299775123596e-02
1.740817576646804810e-01
1.551719568669795990e-02
1.743953227996826172e-01
3.432670235633850098e-01
3.358876705169677734e-01
4.108873903751373291e-01
1.983679771423339844e+00
0.000000000000000000e+00
1.821174472570419312e-01
0.000000000000000000e+00
3.340152740478515625e+00
3.305784240365028381e-02
1.145144701004028320e-01
5.710349082946777344e-01
8.427967131137847900e-02
3.371982574462890625e-01
1.075812220573425293e+00
1.302450597286224365e-01
5.488520860671997070e-01
2.120614349842071533e-01
2.878184914588928223e-01
1.987746655941009521e-01
1.146516084671020508e+00
8.938694954849779606e-04
1.374702900648117065e-01
1.543368846178054810e-01
2.634671330451965332e-02
5.684741213917732239e-02
2.844851277768611908e-02
1.609578579664230347e-01
1.351438522338867188e+00
1.512362658977508545e-01
1.583531200885772705e-01
4.872261524200439453e+00
3.558955714106559753e-02
1.155180409550666809e-01
5.729757547378540039e-01
1.505607485771179199e+00
2.276874631643295288e-01
5.663291215896606445e-01
1.243579030036926270e+00
0.000000000000000000e+00
3.977721929550170898e-02
4.800896048545837402e-01
1.119829535484313965e+00
1.235579475760459900e-01
9.292441606521606445e-02
3.138144612312316895e-01
1.139415979385375977e+00
4.125426411628723145e-01
1.067819967865943909e-01
1.477898359298706055e-01
8.806452155113220215e-02
3.894963741302490234e+00
3.978159427642822266e-01
0.000000000000000000e+00
2.411301061511039734e-02
2.983422040939331055e+00
1.445046663284301758e-01
2.193512953817844391e-02
0.000000000000000000e+00
2.209289371967315674e-01
4.746562615036964417e-02
1.048113226890563965e+00
3.000855743885040283e-01
8.989027701318264008e-03
1.321571972221136093e-02
2.158069163560867310e-01
7.690989412367343903e-03
6.134247407317161560e-02
4.231903329491615295e-02
5.958058834075927734e-01
1.272376298904418945e+00
1.127863526344299316e-01
8.614272475242614746e-01
6.026906371116638184e-01
1.001753687858581543e+00
0.000000000000000000e+00
0.000000000000000000e+00
1.219034474343061447e-02
1.746715456247329712e-01
1.964146830141544342e-02
3.656103849411010742e+00
1.256192624568939209e-01
1.611891150474548340e+00
1.156169474124908447e-01
2.596597671508789062e+00
0.000000000000000000e+00
2.228255942463874817e-02
1.269042491912841797e-01
5.183440819382667542e-02
3.553079962730407715e-01
5.132097005844116211e-01
1.762305021286010742e+00
4.507809132337570190e-02
7.827726602554321289e-01
3.357196450233459473e-01
3.610770776867866516e-02
1.842729598283767700e-01
3.955799043178558350e-01
1.689643226563930511e-02
8.704719692468643188e-02
2.101985812187194824e-01
7.989791631698608398e-01
2.246221750974655151e-01
1.375588476657867432e-01
3.635073304176330566e-01
4.381673038005828857e-01
0.000000000000000000e+00
1.245556846261024475e-01
1.276181936264038086e-01
2.486540079116821289e+00
4.226293861865997314e-01
1.345710307359695435e-01
4.550637900829315186e-01
4.800291955471038818e-01
5.339364707469940186e-02
6.936054676771163940e-02
6.688957102596759796e-03
8.597873896360397339e-02
0.000000000000000000e+00
3.783824741840362549e-01
1.025200858712196350e-01
5.177846178412437439e-02
3.681389093399047852e-01
3.544414043426513672e-01
0.000000000000000000e+00
1.419272422790527344e-01
0.000000000000000000e+00
4.573894441127777100e-01
1.903652250766754150e-01
1.358662452548742294e-02
1.563205003738403320e+00
2.516712546348571777e-01
3.685320168733596802e-02
1.905871182680130005e-01
0.000000000000000000e+00
3.594948053359985352e-01
1.530735492706298828e-01
0.000000000000000000e+00
2.579373717308044434e-01
8.060612678527832031e-01
1.241149157285690308e-01
2.005832735449075699e-03
1.404177024960517883e-02
1.661820650100708008e+00
3.787239640951156616e-02
7.507170736789703369e-02
8.339017629623413086e-03
4.387953504920005798e-02
6.246816366910934448e-02
6.467546224594116211e-01
0.000000000000000000e+00
2.135499119758605957e-01
2.740569412708282471e-01
5.672141313552856445e-01
2.406463027000427246e-01
0.000000000000000000e+00
2.888939142227172852e+00
1.143477797508239746e+00
4.370653331279754639e-01
1.202406287193298340e-01
8.976646065711975098e-01
7.760007679462432861e-02
2.220376482000574470e-04
3.543602302670478821e-02
6.766158342361450195e-01
7.619214802980422974e-02
8.361445069313049316e-01
2.460462599992752075e-01
3.477625250816345215e-01
1.233063936233520508e-01
6.639214158058166504e-01
4.688781499862670898e-01
1.512719667516648769e-03
1.075326502323150635e-01
1.650709956884384155e-01
2.616518735885620117e-01
6.342409253120422363e-01
8.045904338359832764e-02
7.818168401718139648e-01
0.000000000000000000e+00
3.300361931324005127e-01
0.000000000000000000e+00
8.806064724922180176e-03
5.325297117233276367e-01
5.206111073493957520e-02
3.048174316063523293e-03
5.228552594780921936e-02
0.000000000000000000e+00
2.660432815551757812e+00
1.237401604652404785e+00
2.331622503697872162e-02
8.958882093429565430e-02
1.837719380855560303e-01
1.620115160942077637e+00
5.314855277538299561e-02
1.190885305404663086e-01
1.386243820190429688e+00
1.099168881773948669e-01
1.574069261550903320e-01
5.548164248466491699e-01
9.118030071258544922e-01
0.000000000000000000e+00
1.156853884458541870e-01
3.401322960853576660e-01
2.341054938733577728e-02
1.032884046435356140e-01
3.143377006053924561e-01
8.551116101443767548e-03
8.634004592895507812e-01
0.000000000000000000e+00
2.609422244131565094e-02
5.040107369422912598e-01
2.278774231672286987e-01
1.753241419792175293e-01
9.782069325447082520e-01
6.284990310668945312e-01
2.095553129911422729e-01
1.378466747701168060e-02
0.000000000000000000e+00
4.279233515262603760e-01
5.357685685157775879e-01
9.707214683294296265e-02
3.537907004356384277e-01
7.866236567497253418e-02
1.797251343727111816e+00
1.130513772368431091e-01
2.542223930358886719e-01
1.258080303668975830e-01
3.163194954395294189e-01
6.493238210678100586e-01
0.000000000000000000e+00
7.258946299552917480e-01
1.225620865821838379e+00
1.391162514686584473e+00
1.872752904891967773e-01
1.071445345878601074e-01
7.272898405790328979e-02
1.353878434747457504e-02
1.004071712493896484e+00
3.885043859481811523e-01
1.283088445663452148e+00
1.449298392981290817e-02
8.217644691467285156e-01
5.723213776946067810e-02
5.293461680412292480e-02
1.128427624702453613e+00
6.032939553260803223e-01
1.610744893550872803e-01
0.000000000000000000e+00
1.588796138763427734e+00
0.000000000000000000e+00
2.464680522680282593e-01
6.404448300600051880e-03
3.290488943457603455e-02
0.000000000000000000e+00
1.052356600761413574e+00
1.501109957695007324e+00
2.015904337167739868e-01
5.306854844093322754e-01
1.692316770553588867e+00
1.081756204366683960e-01
5.878494381904602051e-01
7.239196896553039551e-01
1.485661566257476807e-01
3.092215061187744141e-01
0.000000000000000000e+00
2.142103910446166992e-01
7.718147039413452148e-01
2.243483811616897583e-01
1.624856710433959961e+00
1.637899428606033325e-01
6.864668801426887512e-03
7.245386019349098206e-03
4.776093661785125732e-01
4.221355170011520386e-02
3.724754229187965393e-02
8.436001837253570557e-03
4.068576917052268982e-02
1.435255259275436401e-01
2.880463898181915283e-01
1.837839722633361816e+00
3.453917205333709717e-01
2.227032423019409180e+00
5.023459792137145996e-01
5.636704564094543457e-01
9.534693956375122070e-01
3.501903265714645386e-02
1.809721231460571289e+00
1.792958565056324005e-02
0.000000000000000000e+00
2.359825074672698975e-01
0.000000000000000000e+00
0.000000000000000000e+00
6.282775998115539551e-01
3.063562512397766113e-02
0.000000000000000000e+00
2.883810177445411682e-02
5.569712519645690918e-01
0.000000000000000000e+00
0.000000000000000000e+00
4.970726072788238525e-01
4.724681377410888672e-01
3.508362054824829102e+00
7.104881107807159424e-02
9.485226273536682129e-01
9.482647776603698730e-01
1.401603221893310547e-03
0.000000000000000000e+00
2.903563976287841797e-01
2.375569380819797516e-02
4.778249561786651611e-01
1.249076202511787415e-01
1.734014786779880524e-02
9.367151260375976562e-01
3.299527764320373535e-01
2.205387502908706665e-02
1.512303203344345093e-02
1.526888310909271240e-01
7.407315373420715332e-01
3.000521063804626465e-01
3.937958274036645889e-03
6.567385792732238770e-01
1.384999901056289673e-01
5.334774851799011230e-01
8.579948544502258301e-01
4.904879629611968994e-01
3.147484734654426575e-03
8.214665651321411133e-01
7.159841060638427734e-01
1.120386496186256409e-01
3.944808151572942734e-03
4.231221228837966919e-02
6.014594435691833496e-01
3.649583831429481506e-02
1.032624393701553345e-02
7.438331842422485352e-01
0.000000000000000000e+00
5.042930245399475098e-01
6.160367727279663086e-01
0.000000000000000000e+00
4.939147531986236572e-01
2.966612875461578369e-01
1.407659053802490234e-01
9.904252365231513977e-04
1.396898329257965088e-01
1.854067668318748474e-03
6.004655733704566956e-02
0.000000000000000000e+00
0.000000000000000000e+00
1.341187357902526855e+00
2.575670182704925537e-01
2.538882493972778320e+00
1.115358918905258179e-01
1.388376057147979736e-01
8.668898791074752808e-02
4.716416820883750916e-02
6.756839156150817871e-01
0.000000000000000000e+00
0.000000000000000000e+00
7.066236436367034912e-02
1.117212295532226562e+00
3.048593103885650635e-01
6.704600900411605835e-02
1.587821841239929199e-01
0.000000000000000000e+00
3.822254240512847900e-01
4.418014049530029297e+00
5.050404667854309082e-01
1.093446984887123108e-01
3.833773732185363770e-01
1.149594411253929138e-01
8.049491047859191895e-01
2.977908402681350708e-02
8.828340768814086914e-01
6.265280842781066895e-01
1.585738956928253174e-01
5.827338248491287231e-02
3.073562383651733398e-01
2.165552616119384766e+00
8.085048198699951172e-01
1.072268187999725342e-01
3.122153878211975098e-01
1.637849956750869751e-01
6.912007331848144531e-01
3.517602384090423584e-02
1.712405800819396973e+00
1.461585164070129395e-01
8.199943229556083679e-03
1.004681363701820374e-01
1.170280694961547852e+00
8.316842913627624512e-01
0.000000000000000000e+00
0.000000000000000000e+00
3.873648643493652344e-01
3.617647662758827209e-02
3.147834539413452148e-02
1.633194804191589355e+00
3.666155099868774414e+00
2.301415801048278809e-01
1.231024861335754395e-01
0.000000000000000000e+00
1.071472764015197754e+00
3.190761804580688477e-01
8.478236198425292969e-01
3.685798943042755127e-01
0.000000000000000000e+00
1.119705513119697571e-01
1.125962495803833008e+00
1.308720260858535767e-01
1.250246614217758179e-01
4.461595416069030762e-02
4.908455014228820801e-01
6.521517783403396606e-02
1.157227251678705215e-02
2.623033523559570312e-01
1.350068092346191406e+00
2.955711483955383301e-01
2.451157271862030029e-01
4.486056864261627197e-01
5.763342380523681641e-01
0.000000000000000000e+00
4.823991954326629639e-01
5.609330534934997559e-02
1.084086060523986816e+00
1.550966978073120117e+00
6.422978639602661133e-02
6.077000498771667480e-01
1.295177340507507324e+00
0.000000000000000000e+00
7.495843768119812012e-01
1.579376161098480225e-01
1.647460274398326874e-02
3.457448482513427734e-01
9.148125536739826202e-03
3.691612184047698975e-01
1.242367148399353027e+00
4.349897801876068115e-01
3.883027732372283936e-01
2.937113679945468903e-02
2.423772774636745453e-02
4.298596680164337158e-01
7.029158622026443481e-02
3.568736076354980469e+00
3.333233296871185303e-01
1.112174630165100098e+00
5.521503090858459473e-01
6.885909438133239746e-01
3.707101047039031982e-01
4.763913154602050781e-01
3.155599594116210938e+00
4.250541329383850098e-02
3.837922811508178711e-01
1.259973496198654175e-01
5.655898451805114746e-01
1.017655014991760254e+00
4.103553295135498047e+00
0.000000000000000000e+00
1.705744420178234577e-03
9.939637184143066406e-01
1.565399527549743652e+00
0.000000000000000000e+00
6.507048010826110840e-01
4.990865886211395264e-01
1.261921077966690063e-01
1.008968278765678406e-01
3.533382177352905273e+00
1.252791404724121094e+00
9.935959577560424805e-01
5.198146820068359375e+00
8.277128338813781738e-01
8.694867789745330811e-02
3.867924958467483521e-02
4.873341415077447891e-03
2.193019092082977295e-01
0.000000000000000000e+00
3.227874994277954102e+00
1.221639588475227356e-01
2.055214166641235352e+00
1.717114299535751343e-01
2.187440693378448486e-01
2.022110819816589355e-01
7.836534380912780762e-01
2.402796968817710876e-02
3.204661905765533447e-01
2.133556157350540161e-01
2.835273981094360352e+00
4.288049042224884033e-01
2.196175813674926758e+00
3.309822559356689453e+00
6.008649244904518127e-03
3.358727693557739258e-01
2.095926254987716675e-01
1.062416806817054749e-01
2.005985379219055176e-02
2.301535367965698242e+00
0.000000000000000000e+00
2.750689506530761719e+00
1.188856810331344604e-01
5.886696577072143555e-01
4.315899312496185303e-02
7.896564006805419922e-01
2.489697039127349854e-01
1.053299382328987122e-01
1.105430722236633301e+00
8.941840380430221558e-03
1.752364039421081543e+00
2.130695581436157227e-01
2.868964709341526031e-02
1.161373481154441833e-01
2.125430665910243988e-02
1.598613142967224121e+00
0.000000000000000000e+00
3.180472850799560547e-01
2.862278819084167480e-01
0.000000000000000000e+00
1.773038357496261597e-01
2.204004079103469849e-01
1.122227907180786133e+00
1.715725660324096680e-01
1.520464867353439331e-01
4.995520412921905518e-01
1.333593484014272690e-02
7.585667818784713745e-02
4.085963368415832520e-01
1.446027010679244995e-01
0.000000000000000000e+00
1.587386056780815125e-02
1.304305195808410645e+00
7.988941669464111328e-02
0.000000000000000000e+00
0.000000000000000000e+00
0.000000000000000000e+00
2.028810791671276093e-02
7.192202657461166382e-02
1.439110875129699707e+00
6.674312800168991089e-02
9.080237708985805511e-03
0.000000000000000000e+00
4.227149486541748047e-01
0.000000000000000000e+00
3.605845570564270020e-01
6.767935752868652344e-01
1.196308970451354980e+00
1.136985495686531067e-01
2.447865158319473267e-01
1.250623941421508789e+00
1.141415815800428391e-02
1.179282553493976593e-03
1.943713985383510590e-02
1.575499773025512695e-01
8.734980225563049316e-02
6.033797264099121094e-01
4.167595207691192627e-01
2.862830646336078644e-03
1.751812547445297241e-01
3.940882161259651184e-02
9.479846358299255371e-01
3.911116719245910645e-01
4.611956179141998291e-01
1.088817834854125977e+00
2.594167925417423248e-02
4.475635886192321777e-01
1.857362389564514160e+00
1.463024504482746124e-02
3.045060336589813232e-01
1.044394820928573608e-01
8.578349351882934570e-01
4.754055142402648926e-01
2.882200479507446289e+00
8.654269576072692871e-02
2.105147123336791992e+00
1.977278292179107666e-01
0.000000000000000000e+00
7.219231338240206242e-05
2.349264383316040039e+00
2.908742129802703857e-01
5.806552171707153320e-01
5.863476544618606567e-03
2.688110172748565674e-01
2.551968097686767578e-01
8.884249329566955566e-01
8.173702955245971680e-01
2.587276697158813477e-01
4.574756920337677002e-01
6.186705827713012695e-01
1.900913119316101074e-01
1.874303579330444336e+00
5.703082680702209473e-01
2.415674366056919098e-02
1.139966845512390137e+00
8.642272651195526123e-02
0.000000000000000000e+00
5.440118312835693359e-01
0.000000000000000000e+00
7.301669120788574219e-01
1.616284847259521484e+00
1.030509024858474731e-01
7.920016646385192871e-01
9.709121584892272949e-01
0.000000000000000000e+00
1.424153521656990051e-02
1.291658878326416016e+00
4.132601022720336914e-01
1.370736002922058105e+00
1.077683828771114349e-02
8.263155221939086914e-01
0.000000000000000000e+00
0.000000000000000000e+00
8.798742294311523438e-01
7.661156058311462402e-01
0.000000000000000000e+00
4.627026915550231934e-01
8.109405040740966797e-01
3.419466495513916016e+00
1.725368946790695190e-01
4.193406581878662109e+00
4.505521059036254883e-01
1.487080752849578857e-01
2.378689311444759369e-02
2.077311724424362183e-01
7.553365826606750488e-01
6.653749942779541016e-01
6.281545013189315796e-02
5.185076594352722168e-02
1.466321706771850586e+00
4.338724613189697266e-01
9.772654175758361816e-01
4.327677190303802490e-01
2.420922815799713135e-01
2.971435785293579102e-01
1.501124739646911621e+00
1.199054360389709473e+00
8.074705488979816437e-03
2.198206424713134766e+00
1.950593665242195129e-02
3.044804558157920837e-02
1.047049641609191895e+00
3.187922388315200806e-02
6.645454764366149902e-01
1.317887902259826660e+00
6.466214060783386230e-01
0.000000000000000000e+00
1.033381223678588867e+00
8.551458120346069336e-01
7.956483960151672363e-01
1.395183503627777100e-01
3.327194601297378540e-02
2.760938644409179688e+00
6.804235279560089111e-02
2.419520765542984009e-01
7.552975416183471680e-02
2.759285271167755127e-01
3.750714361667633057e-01
2.083791792392730713e-01
1.593096256256103516e-01
1.187374144792556763e-01
2.244268078356981277e-03
5.868128538131713867e-01
5.071029663085937500e-01
3.559601902961730957e-01
5.476478487253189087e-02
7.029513716697692871e-01
0.000000000000000000e+00
1.009148359298706055e-01
6.853451132774353027e-01
3.404260054230690002e-02
0.000000000000000000e+00
0.000000000000000000e+00
1.984532624483108521e-01
3.446475416421890259e-02
1.651238679885864258e+00
3.300467252731323242e+00
3.957158327102661133e-01
2.271357774734497070e-01
3.667314946651458740e-01
1.034246757626533508e-01
2.515942789614200592e-02
0.000000000000000000e+00
1.809647381305694580e-01
1.670302987098693848e+00
3.652154281735420227e-02
0.000000000000000000e+00
5.062267184257507324e-02
9.600509703159332275e-02
1.195295691490173340e+00
3.176086246967315674e-01
6.052160635590553284e-02
1.803464144468307495e-01
0.000000000000000000e+00
1.491803769022226334e-02
1.630309969186782837e-01
0.000000000000000000e+00
8.184279501438140869e-02
7.816196233034133911e-02
5.917678400874137878e-02
9.780777096748352051e-01
5.986055135726928711e-01
3.897349238395690918e-01
8.964200615882873535e-01
1.306545883417129517e-01
0.000000000000000000e+00
4.624957963824272156e-02
3.834587335586547852e-02
5.161646008491516113e-01
7.353132367134094238e-01
1.943451613187789917e-01
4.244800508022308350e-01
2.522922754287719727e+00
8.886297047138214111e-02
5.533622205257415771e-02
2.720708772540092468e-02
1.924726665019989014e-01
5.757756233215332031e-01
1.005363371223211288e-02
1.366570685058832169e-02
6.536357849836349487e-02
7.002227753400802612e-02
7.875493168830871582e-01
4.110304355621337891e+00
4.546099901199340820e-02
3.595309257507324219e+00
2.182994842529296875e+00
5.067417398095130920e-02
9.175309538841247559e-02
4.643650352954864502e-01
1.172792017459869385e-01
0.000000000000000000e+00
4.448881447315216064e-01
1.788214035332202911e-02
5.788854360580444336e-01
4.367784023284912109e+00
0.000000000000000000e+00
2.061970472335815430e+00
3.196996450424194336e-01
2.279142290353775024e-01
1.845829129219055176e+00
9.324934333562850952e-02
0.000000000000000000e+00
4.922530651092529297e-01
3.202233612537384033e-01
1.410624027252197266e+00
1.130151227116584778e-01
1.559871882200241089e-01
1.081414937973022461e+00
2.979147434234619141e-01
3.985304832458496094e-01
2.532954216003417969e+00
3.270257711410522461e-01
3.436623811721801758e-01
1.409858584403991699e+00
0.000000000000000000e+00
2.903110384941101074e-01
1.775849163532257080e-01
2.884396910667419434e-01
9.354637004435062408e-03
5.146036148071289062e-01
2.158857323229312897e-02
3.605632483959197998e-01
3.360344171524047852e-01
1.422255873680114746e+00
2.818449735641479492e-01
1.699647307395935059e-01
0.000000000000000000e+00
5.843222513794898987e-02
3.456132113933563232e-01
7.562410235404968262e-01
7.575929164886474609e-02
1.393319219350814819e-01
1.534934341907501221e-01
3.539692759513854980e-01
4.742348194122314453e-01
1.927338600158691406e+00
3.149479925632476807e-01
3.763586759567260742e+00
1.982782334089279175e-01
1.275076717138290405e-01
3.355490565299987793e-01
5.189458727836608887e-01
7.660405635833740234e-01
1.475216746330261230e+00
0.000000000000000000e+00
3.615220487117767334e-01
9.436927437782287598e-01
0.000000000000000000e+00
3.741373419761657715e-01
8.805464953184127808e-02
1.275383681058883667e-01
9.746596962213516235e-02
8.155722171068191528e-02
5.053981393575668335e-02
1.825194507837295532e-01
0.000000000000000000e+00
0.000000000000000000e+00
3.444096818566322327e-02
3.060451745986938477e-01
3.669638335704803467e-01
5.338179320096969604e-02
2.403216063976287842e-02
9.994335472583770752e-02
6.555533409118652344e-01
2.604234457015991211e+00
0.000000000000000000e+00
1.465308596380054951e-03
3.927456736564636230e-01
0.000000000000000000e+00
6.441397219896316528e-02
6.630773097276687622e-02
1.344798356294631958e-01
1.256088763475418091e-01
4.024665355682373047e-01
2.762615382671356201e-01
1.441529750823974609e+00
6.205644607543945312e-01
1.787851572036743164e+00
0.000000000000000000e+00
3.078422322869300842e-02
7.077548503875732422e-01
8.922421336174011230e-01
6.804941296577453613e-01
4.416144192218780518e-01
6.128523349761962891e-01
1.612585186958312988e-01
2.228970825672149658e-02
4.904147237539291382e-02
3.244919180870056152e-01
1.371842473745346069e-01
8.012758195400238037e-02
3.597555309534072876e-02
2.396661974489688873e-02
2.045719772577285767e-01
6.054366379976272583e-02
0.000000000000000000e+00
0.000000000000000000e+00
3.911262452602386475e-01
1.782316863536834717e-01
1.833516955375671387e+00
1.636786907911300659e-01
2.195922136306762695e-01
1.900973170995712280e-01
0.000000000000000000e+00
5.613116264343261719e+00
4.243577718734741211e-01
5.303931832313537598e-01
3.293591439723968506e-01
0.000000000000000000e+00
0.000000000000000000e+00
4.615476354956626892e-02
1.238688752055168152e-01
9.332094341516494751e-02
3.719049692153930664e-01
6.726433038711547852e-01
3.407567262649536133e+00
1.670447587966918945e-01
1.535471677780151367e+00
3.303411006927490234e-01
1.955010890960693359e-01
4.841703176498413086e-01
1.658560633659362793e-01
0.000000000000000000e+00
6.126268506050109863e-01
2.839269638061523438e-01
2.750495195388793945e+00
6.427229940891265869e-02
1.753024935722351074e+00
1.591321639716625214e-02
0.000000000000000000e+00
7.691906690597534180e-01
2.435986280441284180e+00
1.377194076776504517e-01
1.155697107315063477e-01
8.222755789756774902e-02
4.009731709957122803e-01
6.459103524684906006e-02
5.180872678756713867e-01
2.383589297533035278e-01
4.690361917018890381e-01
2.802868843078613281e+00
2.475772380828857422e+00
2.806683540344238281e+00
0.000000000000000000e+00
2.154707722365856171e-02
6.703959703445434570e-01
5.868496298789978027e-01
3.265079259872436523e-01
1.255139559507369995e-01
1.186351384967565536e-02
3.975601121783256531e-02
3.368992730975151062e-02
1.524374634027481079e-01
1.995411515235900879e-02
1.440736889839172363e+00
2.327107340097427368e-01
2.704838812351226807e-01
6.501676440238952637e-01
1.500269323587417603e-01
1.175623461604118347e-01
1.703065514564514160e+00
1.897801876068115234e+00
7.486242055892944336e-02
3.082528477534651756e-03
7.640478760004043579e-02
8.654253324493765831e-04
6.976792961359024048e-02
3.625398874282836914e-02
9.767881780862808228e-02
2.164024829864501953e+00
1.717672348022460938e-01
2.294201636686921120e-03
3.198156058788299561e-01
2.650521993637084961e-01
3.123488277196884155e-02
1.353773921728134155e-01
1.339516878128051758e+00
2.723533809185028076e-01
1.118184626102447510e-02
5.995675921440124512e-01
0.000000000000000000e+00
3.577790558338165283e-01
2.030198089778423309e-02
2.058154344558715820e+00
0.000000000000000000e+00
1.211593896150588989e-01
8.734446763992309570e-01
1.292817592620849609e-01
9.225616455078125000e-01
3.147745132446289062e-01
2.881183326244354248e-01
6.397141218185424805e-01
4.332252719905227423e-04
3.772266209125518799e-01
6.337794065475463867e-01
2.479270845651626587e-01
4.174932241439819336e-01
1.442709803581237793e+00
7.598114609718322754e-01
2.240419387817382812e-02
1.993020921945571899e-01
0.000000000000000000e+00
9.351574629545211792e-02
1.463345885276794434e+00
1.501739144325256348e+00
2.614696502685546875e+00
7.662724256515502930e-01
8.191425800323486328e-01
6.494087576866149902e-01
2.532078884541988373e-03
2.692533656954765320e-03
1.520624399185180664e+00
4.386070743203163147e-02
1.089863851666450500e-01
1.691982522606849670e-02
6.907707452774047852e-01
7.152418047189712524e-02
7.946225814521312714e-03
2.726205587387084961e-01
1.159444749355316162e-01
3.587194681167602539e-01
2.855661213397979736e-01
9.727070927619934082e-01
5.008363164961338043e-03
0.000000000000000000e+00
6.579908132553100586e-01
1.078046783804893494e-01
6.807701289653778076e-02
1.443378329277038574e-01
6.891530007123947144e-02
4.767596125602722168e-01
1.541997790336608887e+00
9.352806024253368378e-03
1.870267838239669800e-02
2.089974641799926758e+00
0.000000000000000000e+00
2.396666258573532104e-02
0.000000000000000000e+00
7.673710584640502930e-02
3.293966129422187805e-02
3.594760596752166748e-02
0.000000000000000000e+00
4.582231342792510986e-01
0.000000000000000000e+00
6.310122609138488770e-01
8.423960208892822266e-01
2.511789798736572266e-01
1.240135207772254944e-01
6.011544540524482727e-02
4.849232673645019531e+00
5.493360757827758789e-02
5.931822210550308228e-02
4.120698198676109314e-02
4.469087421894073486e-01
4.577402770519256592e-01
0.000000000000000000e+00
5.178932547569274902e-01
1.084285452961921692e-01
1.418925076723098755e-01
1.258192062377929688e-01
5.262236595153808594e-01
1.283947527408599854e-01
5.129439290612936020e-03
8.293997049331665039e-01
8.947585821151733398e-01
3.176739811897277832e-01
5.058734863996505737e-02
6.495144367218017578e-01
8.406087011098861694e-02
2.501063644886016846e-01
3.279206454753875732e-01
3.181181669235229492e+00
4.370285943150520325e-02
2.012882977724075317e-01
9.765958040952682495e-02
3.330426514148712158e-01
3.452263772487640381e-02
8.635473996400833130e-02
1.221837997436523438e+00
7.122679948806762695e-01
8.683412671089172363e-01
1.124644768424332142e-03
1.355802058242261410e-03
4.154946506023406982e-01
1.356956601142883301e+00
1.394485473632812500e+00
9.332240223884582520e-01
5.329878926277160645e-01
1.495643109083175659e-01
5.407474562525749207e-02
0.000000000000000000e+00
4.041648805141448975e-01
5.963967442512512207e-01
0.000000000000000000e+00
2.220293879508972168e-01
2.663386054337024689e-02
4.761987924575805664e-01
0.000000000000000000e+00
6.986732780933380127e-02
2.585191726684570312e-01
0.000000000000000000e+00
2.314109802246093750e-01
1.086051389575004578e-02
1.943476381711661816e-03
4.108864307403564453e+00
2.124366723001003265e-02
1.450441330671310425e-01
3.239017486572265625e+00
1.337879776954650879e+00
1.415819168090820312e+00
0.000000000000000000e+00
4.225900173187255859e-01
1.688998006284236908e-02
7.396596670150756836e-01
2.888097286224365234e+00
1.477452814579010010e-01
1.482099201530218124e-02
6.643922626972198486e-02
5.475847050547599792e-02
4.105612635612487793e-02
1.463040560483932495e-01
7.022533100098371506e-03
0.000000000000000000e+00
3.884001374244689941e-01
4.418777823448181152e-01
6.207740306854248047e-01
1.383029222488403320e-01
3.662493228912353516e-01
1.118017509579658508e-01
0.000000000000000000e+00
5.728920698165893555e-01
2.833166420459747314e-01
6.194759011268615723e-01
8.679718710482120514e-03
6.483985781669616699e-01
1.542832970619201660e+00
1.132439970970153809e-01
0.000000000000000000e+00
3.167342022061347961e-02
1.359240338206291199e-02
2.489829361438751221e-01
5.038352310657501221e-02
1.029900833964347839e-01
1.224369704723358154e-01
1.216346025466918945e-01
2.797270892187952995e-03
5.003607869148254395e-01
2.508867979049682617e-01
7.427970170974731445e-01
1.302264928817749023e+00
0.000000000000000000e+00
3.161224722862243652e-01
3.679832816123962402e-02
8.612004518508911133e-01
8.341064453125000000e-01
1.832744777202606201e-01
2.786180675029754639e-01
8.735597729682922363e-01
4.578779935836791992e-01
3.380524814128875732e-01
3.794484734535217285e-01
7.723279595375061035e-01
2.987134754657745361e-01
2.264865189790725708e-01
0.000000000000000000e+00
5.571706891059875488e-01
2.545980811119079590e-01
2.597202546894550323e-02
1.769680529832839966e-01
3.725430250167846680e+00
2.906158566474914551e-03
5.513976812362670898e-01
1.022167563438415527e+00
1.970903426408767700e-01
3.855878114700317383e-02
1.080370228737592697e-02
2.207062840461730957e-01
1.718011200428009033e-01
2.426408976316452026e-01
6.630524396896362305e-01
0.000000000000000000e+00
1.092944860458374023e+00
1.865219920873641968e-01
9.319220483303070068e-02
2.362705320119857788e-01
9.428879022598266602e-01
2.600332498550415039e-01
4.638153314590454102e-01
3.655671700835227966e-02
0.000000000000000000e+00
7.352280020713806152e-01
2.405165433883666992e-01
4.702624976634979248e-01
1.749961495399475098e+00
9.162387251853942871e-02
8.156873285770416260e-02
1.591434925794601440e-01
9.588111639022827148e-01
1.129998207092285156e+00
8.422829955816268921e-02
5.133714079856872559e-01
3.666705191135406494e-01
0.000000000000000000e+00
4.404211342334747314e-01
1.042516380548477173e-01
5.081222057342529297e-01
0.000000000000000000e+00
4.775436222553253174e-02
6.841789484024047852e-01
3.498305752873420715e-02
0.000000000000000000e+00
8.436056375503540039e-01
1.704203844070434570e+00
1.369707565754652023e-02
0.000000000000000000e+00
8.995689153671264648e-01
0.000000000000000000e+00
1.147202253341674805e+00
3.759222328662872314e-01
1.435788154602050781e+00
4.438777267932891846e-02
1.435800343751907349e-01
0.000000000000000000e+00
7.264590859413146973e-01
1.151316519826650620e-02
7.788672447204589844e-01
0.000000000000000000e+00
5.999365448951721191e-01
7.864896655082702637e-01
8.478234522044658661e-03
8.570012450218200684e-02
2.039707638323307037e-02
2.846917212009429932e-01
3.836476802825927734e-01
2.814762853085994720e-02
1.002711504697799683e-01
2.405101433396339417e-02
7.456029206514358521e-02
1.255704164505004883e-01
5.330547690391540527e-01
4.000647068023681641e-01
1.662538498640060425e-01
3.644445240497589111e-01
3.232398033142089844e-01
4.658192992210388184e-01
3.638771474361419678e-01
6.245131418108940125e-02
1.578009221702814102e-03
9.826596975326538086e-01
2.013704180717468262e-01
1.171361058950424194e-01
1.008154172450304031e-02
2.848699092864990234e-01
8.791027218103408813e-02
5.375103950500488281e-01
2.032333612442016602e-01
1.020442366600036621e+00
1.652957201004028320e-01
4.779648184776306152e-01
1.645866967737674713e-02
1.539251059293746948e-01
5.889376997947692871e-01
1.340048760175704956e-01
3.055165708065032959e-01
2.415846846997737885e-02
6.304101943969726562e-01
4.665000438690185547e-01
4.636041164398193359e+00
1.554264575242996216e-01
6.927490830421447754e-01
1.468563795089721680e+00
2.466848343610763550e-01
0.000000000000000000e+00
7.917059063911437988e-01
2.291710376739501953e+00
2.533577010035514832e-02
0.000000000000000000e+00
0.000000000000000000e+00
7.909406721591949463e-02
9.676836133003234863e-01
1.066256873309612274e-02
3.762609660625457764e-01
0.000000000000000000e+00
1.460192203521728516e+00
2.526817023754119873e-01
1.375161409378051758e+00
2.487102031707763672e+00
5.425179004669189453e-01
1.494076490402221680e+00
9.977555274963378906e-01
2.411345019936561584e-02
1.935533285140991211e-01
5.241946697235107422e+00
2.296051010489463806e-03
9.523389935493469238e-01
4.402164369821548462e-02
4.929808080196380615e-01
3.149120211601257324e-01
5.844198465347290039e-01
9.305404126644134521e-02
3.569860160350799561e-01
6.392235308885574341e-02
2.697499692440032959e-01
2.239355891942977905e-01
0.000000000000000000e+00
2.169844210147857666e-01
0.000000000000000000e+00
1.906205713748931885e-02
1.005322098731994629e+00
8.707352727651596069e-02
2.121462821960449219e+00
1.159232780337333679e-01
2.115743160247802734e-01
1.504841893911361694e-01
2.886486053466796875e-02
4.374725520610809326e-01
2.256574109196662903e-03
2.511049155145883560e-03
2.035961866378784180e+00
2.737770974636077881e-01
0.000000000000000000e+00
1.825212314724922180e-02
7.383833080530166626e-02
2.718648910522460938e-01
0.000000000000000000e+00
3.303509950637817383e-02
8.806909918785095215e-01
2.752070548012852669e-03
7.864198833703994751e-02
2.334743022918701172e+00
1.147204995155334473e+00
0.000000000000000000e+00
5.665879249572753906e-01
3.430169522762298584e-01
9.240548312664031982e-02
1.187553256750106812e-02
2.108402103185653687e-01
1.361382126808166504e+00
3.764252662658691406e-01
4.863643087446689606e-03
7.134854048490524292e-02
1.144637353718280792e-02
1.081169024109840393e-01
1.356548666954040527e+00
6.001336127519607544e-02
3.350567817687988281e-01
1.231578513979911804e-01
5.791679769754409790e-02
1.594294905662536621e+00
2.415359718725085258e-03
1.279885768890380859e-01
5.551514625549316406e-01
3.752125203609466553e-01
4.595049619674682617e-01
2.937747836112976074e-01
2.064824551343917847e-01
1.004516720771789551e+00
1.709591001272201538e-01
1.482370495796203613e-01
2.548376843333244324e-02
6.670244932174682617e-01
2.844574213027954102e+00
6.113938987255096436e-02
1.226461082696914673e-01
4.202825129032135010e-01
4.003268182277679443e-01
2.553363516926765442e-02
3.307388350367546082e-02
5.516239441931247711e-03
1.333118796348571777e+00
1.030377745628356934e+00
0.000000000000000000e+00
1.297946721315383911e-01
3.418657481670379639e-01
4.523824155330657959e-01
2.561199665069580078e-01
1.742269039154052734e+00
9.752675145864486694e-02
1.252717494964599609e+00
4.033511877059936523e-01
2.689582407474517822e-01
1.857603490352630615e-01
1.301522493362426758e+00
2.932162210345268250e-02
1.226521469652652740e-02
8.601489663124084473e-01
1.185097172856330872e-01
3.089945204555988312e-02
1.754103787243366241e-02
3.048984706401824951e-02
8.303289115428924561e-02
7.116655260324478149e-02
1.692001968622207642e-01
1.557102799415588379e-01
1.320980429649353027e+00
5.827201604843139648e-01
1.768918991088867188e+00
8.656052350997924805e-01
9.290415048599243164e-02
1.926488399505615234e+00
7.981595396995544434e-02
3.951282501220703125e-01
1.014260172843933105e+00
2.950040623545646667e-02
7.770528197288513184e-01
6.098619699478149414e-01
0.000000000000000000e+00
2.951040744781494141e+00
2.179720401763916016e+00
2.383014559745788574e-01
1.630196720361709595e-01
1.518423706293106079e-01
0.000000000000000000e+00
5.760014057159423828e-01
9.121206589043140411e-03
1.874929368495941162e-01
0.000000000000000000e+00
2.214382886886596680e+00
2.192203551530838013e-01
9.384976625442504883e-01
4.584587216377258301e-01
1.111412793397903442e-01
2.692667722702026367e+00
3.449201583862304688e-02
9.797972440719604492e-02
2.968512475490570068e-01
5.106485262513160706e-02
9.145988821983337402e-01
1.556841135025024414e-01
6.064102649688720703e-01
8.242800831794738770e-03
4.732701554894447327e-02
4.513718485832214355e-01
2.159526199102401733e-01
0.000000000000000000e+00
5.082698464393615723e-01
0.000000000000000000e+00
6.292409896850585938e-01
0.000000000000000000e+00
5.378208160400390625e+00
3.868124186992645264e-01
2.787924408912658691e-01
0.000000000000000000e+00
4.139119088649749756e-01
9.836242198944091797e-01
4.103514179587364197e-02
1.714557781815528870e-02
4.776278138160705566e-01
2.767252922058105469e-01
2.540701813995838165e-02
6.875630468130111694e-02
0.000000000000000000e+00
3.298820853233337402e-01
2.097780406475067139e-01
3.006955087184906006e-01
5.123489722609519958e-02
2.858554013073444366e-02
2.701284363865852356e-02
1.477101352065801620e-02
1.061277985572814941e+00
3.080286979675292969e-01
7.408974226564168930e-03
1.186227321624755859e+00
5.467149242758750916e-02
5.467029754072427750e-03
3.895492991432547569e-03
0.000000000000000000e+00
1.418649435043334961e+00
7.872645743191242218e-03
4.351724088191986084e-01
2.842232942581176758e+00
7.559674978256225586e-02
2.660137176513671875e+00
2.209829568862915039e+00
0.000000000000000000e+00
1.560701578855514526e-01
1.061903715133666992e+00
2.137172967195510864e-02
1.534602046012878418e-01
5.207849144935607910e-01
4.278339818120002747e-02
6.964334249496459961e-01
5.077049136161804199e-01
1.427278965711593628e-01
1.342635899782180786e-01
2.602026760578155518e-01
0.000000000000000000e+00
7.582246512174606323e-02
1.049878820776939392e-01
2.197534218430519104e-02
7.575164735317230225e-02
2.234870009124279022e-02
4.461945891380310059e-01
7.232368588447570801e-01
1.346412394195795059e-02
6.140309944748878479e-02
3.056961297988891602e-01
6.613538414239883423e-02
1.194983124732971191e-01
3.700696229934692383e-01
1.785288929939270020e+00
4.824531376361846924e-01
2.880644202232360840e-01
0.000000000000000000e+00
2.295993328094482422e+00
3.593958914279937744e-01
1.790152639150619507e-01
2.204400114715099335e-02
5.286654829978942871e-02
3.806304633617401123e-01
1.127343654632568359e+00
1.570620089769363403e-01
1.442193519324064255e-02
3.434864804148674011e-02
8.395891785621643066e-01
1.066078841686248779e-01
8.832711726427078247e-02
1.438512653112411499e-01
1.748955547809600830e-01
1.700083538889884949e-02
3.178832054138183594e+00
1.175320744514465332e-01
0.000000000000000000e+00
3.311225473880767822e-01
4.379075020551681519e-02
4.343633726239204407e-02
6.900907307863235474e-02
5.126595869660377502e-02
3.053311705589294434e-01
2.369396835565567017e-01
1.357607364654541016e+00
1.332274172455072403e-02
4.652400314807891846e-02
0.000000000000000000e+00
5.764675140380859375e-01
2.410644531250000000e+00
8.005617260932922363e-01
5.409702062606811523e-01
9.104463458061218262e-01
1.771830581128597260e-02
2.738999724388122559e-01
1.049404069781303406e-01
7.705569267272949219e-01
1.284068971872329712e-01
9.995112419128417969e-01
6.094846725463867188e-01
4.112836122512817383e-01
6.465226411819458008e-01
1.483638584613800049e-01
6.557762622833251953e-01
2.964618504047393799e-01
4.633268117904663086e-01
2.779600143432617188e+00
9.626001864671707153e-02
2.575187206268310547e+00
0.000000000000000000e+00
5.832779407501220703e-01
2.097116410732269287e-01
8.811416476964950562e-02
6.159299612045288086e-02
9.967729449272155762e-01
1.002260208129882812e+00
9.405743479728698730e-01
9.869852662086486816e-02
1.284274816513061523e+00
6.593694686889648438e-01
9.406823664903640747e-02
5.106518790125846863e-02
6.059499263763427734e+00
1.525646299123764038e-01
4.166455566883087158e-01
4.642396420240402222e-02
7.290028333663940430e-01
1.332799792289733887e-01
2.734815180301666260e-01
0.000000000000000000e+00
0.000000000000000000e+00
2.429271489381790161e-01
0.000000000000000000e+00
7.163610458374023438e-01
0.000000000000000000e+00
3.225252628326416016e-01
7.974881678819656372e-02
1.720474809408187866e-01
3.968597576022148132e-02
1.630622334778308868e-02
7.741280645132064819e-02
3.130435571074485779e-02
2.215677201747894287e-01
1.884097009897232056e-01
1.142271161079406738e+00
0.000000000000000000e+00
3.978191316127777100e-01
0.000000000000000000e+00
1.256194472312927246e+00
3.742636740207672119e-01
1.155091047286987305e+00
6.170999631285667419e-02
3.692486882209777832e-01
2.546425722539424896e-02
8.980190753936767578e-01
8.859789371490478516e-01
8.454743385314941406e+00
4.707342386245727539e-02
3.441384434700012207e-01
3.912366330623626709e-01
1.700531840324401855e-01
3.094919919967651367e-01
4.389774203300476074e-01
7.447807192802429199e-01
5.233666300773620605e-02
4.816141724586486816e-02
1.193386688828468323e-02
2.858200967311859131e-01
0.000000000000000000e+00
8.122935146093368530e-02
2.702828168869018555e+00
5.746562480926513672e-01
4.017049074172973633e-02
1.969898818060755730e-03
2.553124725818634033e-01
0.000000000000000000e+00
2.388528883457183838e-01
6.309027075767517090e-01
1.372618675231933594e+00
3.772027790546417236e-01
6.470032334327697754e-01
7.883673161268234253e-02
6.574553251266479492e-02
4.587590694427490234e-01
7.220596540719270706e-03
5.908701103180646896e-03
1.710997670888900757e-01
0.000000000000000000e+00
1.747304350137710571e-01
3.454296290874481201e-02
2.691356837749481201e-02
1.059460282325744629e+00
0.000000000000000000e+00
0.000000000000000000e+00
4.378994554281234741e-02
3.705740347504615784e-02
1.628584742546081543e+00
1.294089406728744507e-01
2.063969612121582031e+00
1.034416928887367249e-01
4.743976891040802002e-01
2.665599286556243896e-01
5.014195442199707031e-01
1.743064820766448975e-01
2.649179458618164062e+00
4.179996252059936523e-02
6.089408993721008301e-01
1.284516900777816772e-01
5.656750500202178955e-02
4.110588505864143372e-02
1.451210856437683105e+00
5.873240903019905090e-02
1.825127452611923218e-01
1.899828203022480011e-02
5.835536494851112366e-02
0.000000000000000000e+00
0.000000000000000000e+00
1.781229257583618164e+00
3.913584351539611816e-02
9.037176370620727539e-01
8.926218748092651367e-02
8.910941332578659058e-02
1.117903828620910645e+00
9.204851984977722168e-01
6.704649329185485840e-02
6.558050960302352905e-02
7.847997546195983887e-01
1.100702509284019470e-01
2.521853148937225342e-01
2.634220123291015625e-01
7.290173172950744629e-01
0.000000000000000000e+00
4.654891788959503174e-01
2.401325702667236328e+00
2.551475763320922852e+00
1.304810773581266403e-02
1.005913987755775452e-01
0.000000000000000000e+00
2.283967100083827972e-02
4.307496249675750732e-01
1.386315464973449707e+00
0.000000000000000000e+00
1.866545528173446655e-02
0.000000000000000000e+00
1.562701016664505005e-01
0.000000000000000000e+00
3.889229148626327515e-02
3.794100834056735039e-03
7.465843558311462402e-01
7.720478773117065430e-01
1.927546262741088867e-01
7.510935068130493164e-01
0.000000000000000000e+00
3.023141324520111084e-01
7.429932355880737305e-01
1.003628373146057129e+00
3.062359988689422607e-01
1.456172466278076172e-01
0.000000000000000000e+00
3.088307380676269531e-01
0.000000000000000000e+00
4.527133423835039139e-03
1.022395715117454529e-01
1.233689859509468079e-01
2.091393023729324341e-01
0.000000000000000000e+00
2.361128926277160645e-01
7.164787501096725464e-02
6.314499378204345703e-01
2.274168878793716431e-01
1.605990827083587646e-01
3.133673191070556641e+00
1.017012223601341248e-01
2.790671586990356445e-01
4.294335544109344482e-01
0.000000000000000000e+00
9.296422600746154785e-01
2.774078771471977234e-02
6.937653422355651855e-01
1.399260312318801880e-01
1.324042957276105881e-02
5.509696155786514282e-02
6.104071438312530518e-02
5.575128793716430664e-01
2.375666946172714233e-01
6.007140874862670898e-01
2.132189273834228516e-01
0.000000000000000000e+00
1.550187021493911743e-01
1.007495880126953125e+00
7.238305173814296722e-03
2.866703510284423828e+00
0.000000000000000000e+00
3.058738410472869873e-01
5.591155290603637695e-01
2.023928910493850708e-01
3.403540700674057007e-02
1.667274683713912964e-01
7.401045411825180054e-02
1.182562947273254395e+00
1.407785862684249878e-01
3.321551904082298279e-02
3.401713818311691284e-02
4.293610453605651855e-01
1.094871833920478821e-01
2.591521501541137695e+00
1.338968873023986816e+00
1.324231177568435669e-01
7.991061210632324219e-01
1.168128196150064468e-02
2.439661741256713867e+00
1.236963924020528793e-02
6.283233314752578735e-02
1.318584799766540527e+00
8.037222027778625488e-01
2.172687053680419922e-01
2.067456394433975220e-01
1.183459386229515076e-01
3.616171181201934814e-01
9.155203104019165039e-01
0.000000000000000000e+00
4.404905065894126892e-02
3.056123852729797363e-02
3.564460873603820801e-01
5.367205739021301270e-01
4.417328834533691406e+00
0.000000000000000000e+00
3.474111109972000122e-02
2.710744142532348633e-01
2.300398647785186768e-01
1.182606965303421021e-01
6.553652137517929077e-02
9.681393951177597046e-02
1.095218434929847717e-01
2.285638809204101562e+00
1.375354826450347900e-01
1.579750329256057739e-01
3.492598654702305794e-03
2.439563751220703125e+00
0.000000000000000000e+00
3.092832304537296295e-02
9.710490703582763672e-02
3.341856598854064941e-02
1.455821096897125244e-01
1.208981275558471680e-01
4.655321598052978516e+00
8.163841557689011097e-04
1.133672427386045456e-02
6.991567015647888184e-01
3.471288084983825684e-02
6.707701683044433594e-01
5.713849663734436035e-01
3.107842057943344116e-03
1.120691061019897461e+00
0.000000000000000000e+00
9.071636199951171875e-02
1.844574660062789917e-01
6.250269412994384766e-01
0.000000000000000000e+00
1.379674315452575684e+00
0.000000000000000000e+00
9.147309511899948120e-02
1.120510399341583252e-01
4.321064427495002747e-02
1.399033546447753906e+00
2.825431525707244873e-02
1.219905912876129150e-01
2.150912761688232422e+00
1.435686826705932617e+00
6.846702098846435547e-01
7.129183411598205566e-01
2.138725109398365021e-02
9.117948412895202637e-01
1.172429099678993225e-01
5.420247316360473633e-01
7.095603346824645996e-01
4.326420307159423828e+00
1.179693173617124557e-02
1.905748620629310608e-02
2.654559351503849030e-02
2.261840850114822388e-01
7.363388538360595703e-01
1.501834988594055176e-01
4.748218357563018799e-01
1.323975920677185059e-01
4.501361399888992310e-02
2.087372541427612305e+00
2.112649008631706238e-02
2.329645872116088867e+00
2.022888362407684326e-01
0.000000000000000000e+00
6.148476004600524902e-01
7.896318435668945312e-01
9.348986297845840454e-02
2.812271714210510254e-01
8.832538127899169922e-02
2.884266078472137451e-01
0.000000000000000000e+00
8.459796309471130371e-01
4.274314641952514648e-02
2.813316583633422852e-01
1.456802785396575928e-01
1.332947462797164917e-01
7.359620183706283569e-02
9.423556923866271973e-02
1.675246953964233398e-01
4.498021304607391357e-02
8.944709300994873047e-01
3.624047338962554932e-01
1.088308811187744141e+00
4.662926197052001953e-01
1.759914517402648926e+00
6.697552651166915894e-02
5.917340517044067383e-02
2.589875936508178711e+00
2.168419305235147476e-03
6.658891588449478149e-02
4.808778464794158936e-01
2.247644901275634766e+00
1.103291749954223633e+00
1.547983288764953613e-01
3.420206904411315918e-01
1.786569237709045410e+00
3.677452504634857178e-01
3.306217491626739502e-01
0.000000000000000000e+00
1.214293465018272400e-01
2.851796746253967285e-01
5.346614122390747070e-01
8.375968337059020996e-01
0.000000000000000000e+00
1.928136825561523438e+00
1.917800903320312500e+00
3.119654022157192230e-02
4.738516733050346375e-02
9.487093687057495117e-01
1.237975001335144043e+00
5.213674902915954590e-02
0.000000000000000000e+00
5.266536474227905273e-01
0.000000000000000000e+00
2.345502614974975586e+00
0.000000000000000000e+00
7.069163322448730469e-01
1.291558861732482910e+00
4.578396677970886230e-02
1.442174776457250118e-03
5.700714588165283203e-01
5.385755300521850586e-01
3.807132542133331299e-01
1.260349631309509277e+00
0.000000000000000000e+00
1.093094795942306519e-01
8.885176777839660645e-01
1.162658691406250000e+00
2.356237620115280151e-01
1.133385486900806427e-02
5.618619918823242188e-02
5.455612540245056152e-01
1.932478994131088257e-01
0.000000000000000000e+00
2.736182808876037598e-01
8.017048239707946777e-01
1.463549971580505371e+00
1.841093413531780243e-02
4.061458408832550049e-01
1.434271186590194702e-01
5.114890933036804199e-01
1.941912472248077393e-01
2.126575708389282227e-01
1.298644542694091797e+00
2.064729630947113037e-01
2.399922609329223633e-01
4.034251868724822998e-01
5.225702524185180664e-01
1.026983499526977539e+00
3.137838542461395264e-01
2.367803603410720825e-01
3.451250493526458740e-01
7.320851832628250122e-02
1.138371825218200684e-01
7.701648864895105362e-03
1.899852395057678223e+00
2.095701396465301514e-01
5.231061205267906189e-02
2.222096920013427734e-01
5.966874212026596069e-02
0.000000000000000000e+00
0.000000000000000000e+00
7.492205500602722168e-02
6.231552362442016602e-01
6.683548688888549805e-01
2.208919031545519829e-03
5.734790563583374023e-01
4.332824349403381348e-01
0.000000000000000000e+00
1.713810920715332031e+00
7.555668242275714874e-03
2.170839905738830566e-01
1.979363150894641876e-02
4.741130471229553223e-01
3.786763548851013184e-01
4.404875338077545166e-01
0.000000000000000000e+00
6.237829476594924927e-02
3.532264232635498047e-01
0.000000000000000000e+00
1.006724461913108826e-01
5.364148139953613281e+00
5.797819793224334717e-02
4.584826156497001648e-02
1.722743868827819824e+00
4.209103807806968689e-02
1.704078465700149536e-01
9.080209732055664062e-01
0.000000000000000000e+00
8.219113573431968689e-03
2.337705194950103760e-01
5.724089592695236206e-02
1.734095998108386993e-02
3.174791097640991211e+00
7.439651489257812500e-01
6.680048108100891113e-01
7.929653674364089966e-02
3.721277713775634766e-01
1.576884686946868896e-01
1.759848743677139282e-01
2.379836142063140869e-02
0.000000000000000000e+00
0.000000000000000000e+00
2.630946040153503418e-01
3.537074089050292969e+00
1.284428536891937256e-01
9.728409051895141602e-01
7.200078368186950684e-01
8.030084371566772461e-01
4.114660024642944336e-01
2.789127230644226074e-01
1.016257032752037048e-01
5.215100049972534180e-01
4.853484034538269043e-02
6.758608669042587280e-02
5.648924708366394043e-01
2.316612303256988525e-01
6.224885582923889160e-02
2.105315476655960083e-01
0.000000000000000000e+00
1.526368409395217896e-02
9.212577939033508301e-01
2.454247325658798218e-01
2.515614330768585205e-01
4.729358255863189697e-01
1.312891602516174316e+00
1.349908947944641113e+00
1.232047915458679199e+00
0.000000000000000000e+00
7.374596595764160156e-01
3.336726725101470947e-01
4.660597145557403564e-01
4.479753077030181885e-01
1.035166382789611816e+00
3.631728515028953552e-02
2.007840573787689209e-01
0.000000000000000000e+00
1.173893213272094727e+00
4.842588901519775391e-01
1.291691184043884277e+00
3.795966506004333496e-02
1.467155218124389648e-01
2.088220119476318359e-01
0.000000000000000000e+00
1.378280282020568848e+00
4.877379536628723145e-01
0.000000000000000000e+00
1.646017879247665405e-01
6.244245767593383789e-01
1.620207540690898895e-02
4.162017405033111572e-01
8.448936045169830322e-03
0.000000000000000000e+00
2.800628840923309326e-01
1.153686642646789551e+00
6.136405467987060547e-01
5.740135908126831055e-01
8.024348020553588867e-01
3.729993402957916260e-01
2.190522402524948120e-01
0.000000000000000000e+00
5.682318657636642456e-02
7.980293631553649902e-01
6.802130937576293945e-01
0.000000000000000000e+00
3.018447570502758026e-02
1.412759125232696533e-01
1.485936902463436127e-02
2.306484729051589966e-01
2.125963270664215088e-01
1.290499418973922729e-01
2.186010777950286865e-01
0.000000000000000000e+00
6.547186970710754395e-01
1.734059751033782959e-01
2.130073606967926025e-01
1.689974800683557987e-03
7.476880401372909546e-02
0.000000000000000000e+00
2.856363542377948761e-02
1.186940431594848633e+00
5.003380402922630310e-02
0.000000000000000000e+00
1.188259455375373363e-03
1.791349202394485474e-01
3.145079314708709717e-01
4.371998365968465805e-03
8.949801325798034668e-01
1.642530858516693115e-01
3.050046861171722412e-01
1.118807569146156311e-01
0.000000000000000000e+00
3.328895866870880127e-01
7.202079053968191147e-03
6.623773276805877686e-02
6.539317220449447632e-02
0.000000000000000000e+00
1.773178204894065857e-02
3.488962948322296143e-01
4.820685863494873047e+00
3.000532865524291992e+00
2.732329964637756348e-01
3.478885293006896973e-01
2.098719822242856026e-03
4.703447818756103516e-01
1.302111987024545670e-02
2.413575410842895508e+00
2.177127897739410400e-01
5.673443078994750977e-01
1.338251978158950806e-01
