3.882168233394622803e-01
5.097242817282676697e-02
4.204159677028656006e-01
2.583353817462921143e-01
1.794259995222091675e-01
1.886120289564132690e-01
1.257396817207336426e+00
9.099595248699188232e-03
9.945383667945861816e-01
4.636487007141113281e+00
0.000000000000000000e+00
1.058024819940328598e-02
9.997637011110782623e-03
0.000000000000000000e+00
0.000000000000000000e+00
7.795728743076324463e-02
1.609018817543983459e-02
4.855784177780151367e-01
1.242296472191810608e-01
1.902471482753753662e-01
4.857587516307830811e-01
0.000000000000000000e+00
3.058268427848815918e-01
4.031142219901084900e-03
9.184125065803527832e-02
4.481004476547241211e-01
1.239742398262023926e+00
3.750789463520050049e-01
5.145629048347473145e-01
2.024138867855072021e-01
2.455823659896850586e+00
1.096265390515327454e-01
1.234422251582145691e-01
3.292160108685493469e-02
0.000000000000000000e+00
2.514107227325439453e+00
1.056817322969436646e-01
6.493477225303649902e-01
2.597170136868953705e-02
6.615499258041381836e-01
1.117372155189514160e+00
6.032437682151794434e-01
6.083856225013732910e-01
2.343713998794555664e+00
3.213092684745788574e-02
0.000000000000000000e+00
6.327739357948303223e-01
2.115770876407623291e-01
0.000000000000000000e+00
4.779766872525215149e-02
1.638151258230209351e-01
1.146432906389236450e-01
6.954832375049591064e-02
0.000000000000000000e+00
1.020214483141899109e-01
5.149085074663162231e-02
6.950947642326354980e-01
1.049461960792541504e+00
1.958057999610900879e+00
1.457518432289361954e-02
1.486255288124084473e+00
2.944794595241546631e-01
1.980152875185012817e-01
1.324202120304107666e-01
4.993557929992675781e-03
1.610656231641769409e-01
2.901473283767700195e+00
1.144617915153503418e+00
1.776967346668243408e-01
4.876191318035125732e-01
1.988300442695617676e+00
3.857781887054443359e-01
0.000000000000000000e+00
2.943888008594512939e-01
5.740424394607543945e-01
1.437151908874511719e+00
1.586893081665039062e+00
1.012888625264167786e-01
2.174452304840087891e+00
0.000000000000000000e+00
9.084326028823852539e-01
1.012895256280899048e-01
8.414556384086608887e-01
8.656986057758331299e-02
1.324727296829223633e+00
3.493212223052978516e+00
3.562947735190391541e-02
0.000000000000000000e+00
1.993961483240127563e-01
2.694729566574096680e-01
5.826614499092102051e-01
9.761819988489151001e-02
1.067333761602640152e-02
4.735981822013854980e-01
6.100147962570190430e-02
2.269696630537509918e-02
8.367841243743896484e-01
2.082869783043861389e-02
3.682948648929595947e-01
2.927257418632507324e-01
1.794239729642868042e-01
3.552837073802947998e-01
1.303051590919494629e+00
0.000000000000000000e+00
6.458030641078948975e-02
6.578261852264404297e-01
3.912112675607204437e-03
3.107007741928100586e-01
1.253753248602151871e-02
9.819498062133789062e+00
0.000000000000000000e+00
1.223367333412170410e+00
3.507292985916137695e+00
1.637040853500366211e+00
7.790029048919677734e-01
2.988604605197906494e-01
1.676895469427108765e-02
6.637462973594665527e-02
1.427983790636062622e-01
5.188876986503601074e-01
2.117401838302612305e+00
1.112219572067260742e+00
1.092876493930816650e-01
1.404560506343841553e-01
4.783555492758750916e-02
5.574700608849525452e-02
6.112622618675231934e-01
5.563769936561584473e-01
5.606633797287940979e-02
4.422006905078887939e-01
3.299953341484069824e-01
1.730048060417175293e-01
0.000000000000000000e+00
4.071642756462097168e-01
1.266157031059265137e+00
7.229482382535934448e-02
7.985380291938781738e-01
0.000000000000000000e+00
2.828712224960327148e+00
2.331350296735763550e-01
0.000000000000000000e+00
4.823499321937561035e-01
2.488977313041687012e-01
4.575179424136877060e-03
2.408382296562194824e-01
8.027368038892745972e-02
2.144387960433959961e-01
0.000000000000000000e+00
3.150362372398376465e-01
0.000000000000000000e+00
1.515312679111957550e-02
0.000000000000000000e+00
1.844891533255577087e-02
2.309634163975715637e-02
1.608770787715911865e-01
3.807848691940307617e-02
0.000000000000000000e+00
4.866919517517089844e-01
0.000000000000000000e+00
3.683561086654663086e-02
1.446906924247741699e+00
0.000000000000000000e+00
7.972159385681152344e-01
1.726758718490600586e+00
1.739059567451477051e+00
1.631896972656250000e+00
7.462745159864425659e-02
1.431018263101577759e-01
2.024993658065795898e+00
6.031306087970733643e-02
6.140381563454866409e-03
1.393557759001851082e-03
9.529152512550354004e-01
7.413753867149353027e-01
0.000000000000000000e+00
6.680157780647277832e-01
2.307196408510208130e-01
3.276356160640716553e-01
4.988473653793334961e-01
1.137128397822380066e-01
8.080408573150634766e-01
2.010303288698196411e-01
1.090620875358581543e+00
1.467284709215164185e-01
0.000000000000000000e+00
3.548822402954101562e+00
6.210066080093383789e-01
7.856793999671936035e-01
0.000000000000000000e+00
1.874501466751098633e+00
1.719938278198242188e+00
0.000000000000000000e+00
2.855608165264129639e-01
8.673553355038166046e-03
5.912405997514724731e-02
9.735532999038696289e-01
9.893618226051330566e-01
0.000000000000000000e+00
1.149447679519653320e+00
2.417080104351043701e-01
5.759689211845397949e-01
3.048926293849945068e-01
0.000000000000000000e+00
1.541275531053543091e-01
6.812556646764278412e-03
1.320877909660339355e+00
1.050352212041616440e-02
3.037103414535522461e+00
1.200273819267749786e-02
3.705259561538696289e-01
4.225169122219085693e-01
1.761467814445495605e+00
2.540781795978546143e-01
2.434724755585193634e-02
1.421436481177806854e-02
2.162473499774932861e-01
1.069494962692260742e+00
0.000000000000000000e+00
8.600642085075378418e-01
2.709324099123477936e-02
4.926544614136219025e-03
1.351095288991928101e-01
2.536107540130615234e+00
8.492802828550338745e-02
0.000000000000000000e+00
1.812663435935974121e+00
1.714549958705902100e-02
1.015137910842895508e+00
7.845802307128906250e-01
3.199396133422851562e-01
0.000000000000000000e+00
9.538631141185760498e-02
9.276675581932067871e-01
2.779437005519866943e-01
1.563633382320404053e-01
1.501318365335464478e-01
1.059197634458541870e-02
1.707325577735900879e-01
0.000000000000000000e+00
0.000000000000000000e+00
4.011435210704803467e-01
8.357681334018707275e-02
1.403533518314361572e-01
1.646991632878780365e-02
5.604338645935058594e-02
8.959048390388488770e-01
3.820336237549781799e-02
1.146097660064697266e+00
1.334477774798870087e-02
1.035839691758155823e-01
0.000000000000000000e+00
1.348936080932617188e+00
1.633071422576904297e+00
9.525951743125915527e-01
1.259333491325378418e-01
1.959905624389648438e-01
8.648834377527236938e-02
1.294759213924407959e-01
1.273592114448547363e+00
3.776963949203491211e-01
1.043483763933181763e-01
5.136542320251464844e+00
2.338963747024536133e-01
2.877257391810417175e-02
9.808857440948486328e-01
0.000000000000000000e+00
0.000000000000000000e+00
1.466725468635559082e-01
3.503857374191284180e+00
6.113105416297912598e-01
4.148550629615783691e-01
1.507523953914642334e-01
7.989972233772277832e-01
2.615202665328979492e-01
1.722053885459899902e+00
8.516451716423034668e-01
1.991648226976394653e-01
0.000000000000000000e+00
5.970242023468017578e-01
4.610578715801239014e-02
7.408886402845382690e-02
1.597790569067001343e-01
8.585421442985534668e-01
5.047727227210998535e-01
4.497999846935272217e-01
7.805277109146118164e-01
3.014313988387584686e-02
1.869190037250518799e-01
2.497786045074462891e+00
1.827611684799194336e+00
1.007518649101257324e+00
3.477782011032104492e-01
7.960052490234375000e-01
6.264576911926269531e-01
0.000000000000000000e+00
0.000000000000000000e+00
5.715792775154113770e-01
1.357216954231262207e+00
4.829986691474914551e-01
1.091524809598922729e-01
0.000000000000000000e+00
0.000000000000000000e+00
2.711670637130737305e+00
3.278995677828788757e-02
3.968420624732971191e-01
0.000000000000000000e+00
5.317512750625610352e-01
6.866540759801864624e-02
3.451862633228302002e-01
7.823942601680755615e-02
7.161393165588378906e-01
1.202253103256225586e-01
2.900861501693725586e-01
1.211904585361480713e-01
3.135021775960922241e-02
1.152638554573059082e+00
5.426824688911437988e-01
0.000000000000000000e+00
3.341100215911865234e-01
1.931883394718170166e-01
2.305929921567440033e-02
4.703830461949110031e-03
6.637249588966369629e-01
1.600126363337039948e-02
0.000000000000000000e+00
1.919480413198471069e-01
3.199578030034899712e-03
2.900137193500995636e-02
0.000000000000000000e+00
1.318528056144714355e+00
6.224932670593261719e-01
4.728798940777778625e-02
5.339698195457458496e-01
2.394219398498535156e+00
6.754622459411621094e-01
0.000000000000000000e+00
1.988804936408996582e-01
7.514167577028274536e-02
6.169067025184631348e-01
4.504254460334777832e-01
0.000000000000000000e+00
2.255066782236099243e-01
0.000000000000000000e+00
3.210095465183258057e-01
0.000000000000000000e+00
0.000000000000000000e+00
2.801090478897094727e-01
3.151444494724273682e-01
6.514771375805139542e-03
1.041406020522117615e-02
2.526897788047790527e-01
1.286722347140312195e-02
6.792985439300537109e+00
1.305442601442337036e-01
0.000000000000000000e+00
1.984923124313354492e+00
0.000000000000000000e+00
5.965629220008850098e-01
5.059786885976791382e-02
7.871239632368087769e-02
2.836753726005554199e-01
3.437607884407043457e-01
1.341364085674285889e-01
6.232360377907752991e-02
8.032056689262390137e-01
1.107266545295715332e-01
4.630994319915771484e+00
3.419588506221771240e-01
0.000000000000000000e+00
2.356637865304946899e-01
2.257991552352905273e+00
2.239250577986240387e-02
5.902330204844474792e-02
9.558438658714294434e-01
6.321203708648681641e-02
1.967097260057926178e-02
5.556051731109619141e-01
6.478505581617355347e-02
1.120000600814819336e+00
1.203655526041984558e-01
6.748038530349731445e-01
2.846282958984375000e+00
6.005482673645019531e-01
1.103178739547729492e+00
1.440649181604385376e-01
2.745975852012634277e-01
9.028958529233932495e-02
0.000000000000000000e+00
5.476691201329231262e-02
1.930851861834526062e-02
6.729841232299804688e-03
2.044729292392730713e-01
1.306790709495544434e-01
0.000000000000000000e+00
4.837672114372253418e-01
4.128297328948974609e+00
2.668946050107479095e-02
1.953689455986022949e-01
5.010979622602462769e-02
0.000000000000000000e+00
6.294049024581909180e-01
6.060334295034408569e-02
9.098981022834777832e-01
1.010149359703063965e+00
4.057654738426208496e-02
7.739217951893806458e-03
1.137807145714759827e-01
1.521031618118286133e+00
3.033849876374006271e-03
7.196540385484695435e-02
1.523394942283630371e+00
0.000000000000000000e+00
9.227264523506164551e-01
8.570101857185363770e-01
3.436658859252929688e+00
6.912735700607299805e-01
0.000000000000000000e+00
8.014116287231445312e-01
0.000000000000000000e+00
5.381297469139099121e-01
0.000000000000000000e+00
2.684507966041564941e-01
1.745584607124328613e-01
7.471787333488464355e-01
3.139482140541076660e-01
1.142380118370056152e+00
1.901558518409729004e+00
5.737254619598388672e-01
7.427197694778442383e-01
3.525613248348236084e-02
8.674118518829345703e-01
4.543023183941841125e-02
2.501688957214355469e+00
9.337759017944335938e-01
5.125798657536506653e-02
6.539914011955261230e-01
3.922889232635498047e+00
0.000000000000000000e+00
8.592556715011596680e-01
2.606201171875000000e-01
4.994076490402221680e-02
0.000000000000000000e+00
0.000000000000000000e+00
8.416437506675720215e-01
6.118002161383628845e-02
2.774980366230010986e-01
0.000000000000000000e+00
4.923910647630691528e-02
2.814902365207672119e-01
1.578480601310729980e-01
2.835639715194702148e-01
4.279160872101783752e-02
2.905221283435821533e-01
8.709134459495544434e-01
1.612357348203659058e-01
5.788213610649108887e-01
1.844672113656997681e-01
8.863458782434463501e-02
1.336499005556106567e-01
4.537746682763099670e-02
0.000000000000000000e+00
1.869745105504989624e-01
1.209038972854614258e+00
5.910359621047973633e-01
1.559959203004837036e-01
0.000000000000000000e+00
3.285680413246154785e-01
1.253349240869283676e-02
1.402691006660461426e-01
2.996450066566467285e-01
1.102385640144348145e+00
1.395836353302001953e+00
4.655856192111968994e-01
4.350357949733734131e-01
9.615325927734375000e-01
1.576506376266479492e+00
9.892384707927703857e-02
4.351805150508880615e-01
4.135756492614746094e+00
8.895815350115299225e-03
0.000000000000000000e+00
0.000000000000000000e+00
4.745732620358467102e-02
5.190231800079345703e-01
6.253346920013427734e+00
2.267294079065322876e-01
2.936848104000091553e-01
0.000000000000000000e+00
1.195547103881835938e+00
1.463180184364318848e-01
7.798631787300109863e-01
4.813352823257446289e-01
2.890152037143707275e-01
5.596947669982910156e-02
3.186286449432373047e+00
1.930184662342071533e-01
4.576691985130310059e-02
6.537247657775878906e+00
7.487116847187280655e-03
4.143654704093933105e-01
0.000000000000000000e+00
3.933505713939666748e-01
7.829815894365310669e-02
2.640902809798717499e-02
2.285182714462280273e+00
3.645560741424560547e-01
2.749234199523925781e+00
2.980328863486647606e-03
2.941741049289703369e-01
0.000000000000000000e+00
1.716227382421493530e-01
4.505183696746826172e-01
4.987654387950897217e-01
2.061990499496459961e+00
4.049546718597412109e+00
0.000000000000000000e+00
1.287464380264282227e+00
2.187806606292724609e+00
3.218245506286621094e-01
2.809098660945892334e-01
1.194839358329772949e+00
4.187623560428619385e-01
3.172563314437866211e-01
4.221203029155731201e-01
9.687948226928710938e-02
4.873539209365844727e-01
1.489981543272733688e-03
1.745838969945907593e-01
2.332067815586924553e-03
7.403702288866043091e-02
0.000000000000000000e+00
2.048635005950927734e+00
5.059176087379455566e-01
5.439251288771629333e-02
4.963130652904510498e-01
8.012802004814147949e-01
1.814542524516582489e-02
4.377754230517894030e-04
6.086269393563270569e-03
1.442686319351196289e+00
7.976325228810310364e-03
7.861648499965667725e-02
8.341240137815475464e-02
5.498799029737710953e-03
1.306794285774230957e-01
6.537404656410217285e-01
4.106538295745849609e-01
9.691960811614990234e-01
0.000000000000000000e+00
2.861851155757904053e-01
4.957810044288635254e-02
1.649478673934936523e-01
3.325150907039642334e-01
4.500775411725044250e-02
8.282728493213653564e-03
4.872608184814453125e-02
1.991543173789978027e+00
0.000000000000000000e+00
8.195857703685760498e-02
8.837834000587463379e-02
2.170228242874145508e+00
2.113407477736473083e-02
1.821435093879699707e-01
2.361086368560791016e+00
5.429937038570642471e-03
9.116438031196594238e-01
9.725996293127536774e-03
1.607006937265396118e-01
0.000000000000000000e+00
0.000000000000000000e+00
2.050766706466674805e+00
2.971240043640136719e+00
1.283412054181098938e-02
6.162312626838684082e-02
4.992081522941589355e-01
1.977705657482147217e-01
0.000000000000000000e+00
2.081822305917739868e-01
0.000000000000000000e+00
1.216816380620002747e-01
0.000000000000000000e+00
9.715960621833801270e-01
9.694480299949645996e-01
1.186054199934005737e-02
2.741736769676208496e-01
2.068079560995101929e-01
0.000000000000000000e+00
1.470139324665069580e-01
3.724869787693023682e-01
5.812166333198547363e-01
1.444691270589828491e-01
3.318082392215728760e-01
0.000000000000000000e+00
4.793778657913208008e-01
0.000000000000000000e+00
1.690432190895080566e+00
6.876723468303680420e-02
1.370310306549072266e+00
6.186684966087341309e-01
3.845059275627136230e-01
0.000000000000000000e+00
7.972134947776794434e-01
4.567554220557212830e-02
2.099978923797607422e+00
1.160922884941101074e+00
0.000000000000000000e+00
7.068367600440979004e-01
3.366046845912933350e-01
2.356071025133132935e-01
5.076375603675842285e-01
5.258757248520851135e-02
0.000000000000000000e+00
2.527983486652374268e-01
1.258697152137756348e+00
1.125481486320495605e+00
6.470630168914794922e-01
6.504934281110763550e-02
0.000000000000000000e+00
0.000000000000000000e+00
3.183640837669372559e-01
0.000000000000000000e+00
3.031130693852901459e-02
1.141951456665992737e-01
0.000000000000000000e+00
2.354254961013793945e+00
3.867584466934204102e-01
6.045647859573364258e-01
8.660832047462463379e-01
6.314927339553833008e-02
2.640120871365070343e-02
4.661303520202636719e+00
1.205596420913934708e-02
8.005963563919067383e-01
6.125534325838088989e-02
4.265562593936920166e-01
2.218287467956542969e+00
1.282703224569559097e-02
3.842367410659790039e+00
2.760679483413696289e+00
0.000000000000000000e+00
1.562930196523666382e-01
4.688538238406181335e-02
1.249383669346570969e-02
4.612938165664672852e-01
9.104017168283462524e-02
6.502823829650878906e-01
7.246116995811462402e-01
4.238708913326263428e-01
1.937634050846099854e-01
3.128182291984558105e-01
4.215566813945770264e-01
5.616701245307922363e-01
6.890652179718017578e-01
2.379453182220458984e-01
1.028111800551414490e-01
1.489795446395874023e+00
6.193339228630065918e-01
0.000000000000000000e+00
4.691275209188461304e-02
3.787710964679718018e-01
1.354866623878479004e-01
0.000000000000000000e+00
1.211858272552490234e+00
0.000000000000000000e+00
6.464513018727302551e-03
1.480293393135070801e+00
6.396455764770507812e-01
0.000000000000000000e+00
4.731205403804779053e-01
0.000000000000000000e+00
1.335132420063018799e-01
1.170479655265808105e+00
1.235335350036621094e+00
0.000000000000000000e+00
3.130177557468414307e-01
7.476063072681427002e-02
4.804595708847045898e-01
3.023971021175384521e-01
5.139462649822235107e-03
1.314567327499389648e-01
2.705856263637542725e-01
1.537662863731384277e+00
5.873947739601135254e-01
2.581901252269744873e-01
4.080678150057792664e-02
3.752658609300851822e-03
4.937679171562194824e-01
1.358364224433898926e-01
2.742317616939544678e-01
2.622371912002563477e-01
1.449569344520568848e+00
1.419581845402717590e-02
9.249762892723083496e-01
3.378031253814697266e-01
2.469955245032906532e-03
4.893582761287689209e-01
0.000000000000000000e+00
1.831281036138534546e-01
4.609019160270690918e-01
2.842094302177429199e-01
2.938727140426635742e+00
6.674722768366336823e-03
2.939204312860965729e-02
1.062204599380493164e+00
3.803692162036895752e-01
3.796897083520889282e-02
1.373230945318937302e-02
6.569822430610656738e-01
1.161043643951416016e+00
2.181180054321885109e-03
4.745483398437500000e-01
7.519030570983886719e+00
0.000000000000000000e+00
2.323942631483078003e-01
0.000000000000000000e+00
9.391120076179504395e-02
7.853509485721588135e-02
2.145896200090646744e-03
5.577239394187927246e-01
0.000000000000000000e+00
0.000000000000000000e+00
1.296078413724899292e-02
6.534443497657775879e-01
0.000000000000000000e+00
7.676567137241363525e-02
5.957815051078796387e-01
9.215580672025680542e-02
2.245285987854003906e+00
1.138824224472045898e-01
1.106678366661071777e+00
2.832089550793170929e-02
1.606632024049758911e-01
1.155155539512634277e+00
1.546762943267822266e+00
1.407935470342636108e-01
1.055470705032348633e+00
3.669531643390655518e-01
4.466708302497863770e-01
0.000000000000000000e+00
0.000000000000000000e+00
7.067885994911193848e-02
4.753916263580322266e-01
2.264891117811203003e-01
1.066163301467895508e+00
2.827168405055999756e-01
1.858384720981121063e-02
9.495390951633453369e-02
1.220749020576477051e-01
1.376880425959825516e-02
2.248429536819458008e+00
7.190971374511718750e-01
1.581532239913940430e+00
6.464105844497680664e-01
3.500368446111679077e-02
1.474146008491516113e+00
0.000000000000000000e+00
1.853829175233840942e-01
5.862716436386108398e-01
1.497718393802642822e-01
1.766208291053771973e+00
1.681489683687686920e-02
1.268617808818817139e-01
1.243593767285346985e-01
6.141051650047302246e-01
5.422266721725463867e-01
5.171946831978857517e-04
2.929429411888122559e-01
9.768839478492736816e-01
4.332391079515218735e-03
4.575602531433105469e+00
2.302474230527877808e-01
2.425593411317095160e-04
1.369668722152709961e+00
1.784990549087524414e+00
1.198476076126098633e+00
6.791582703590393066e-01
8.990167826414108276e-02
3.031889200210571289e-01
9.047680497169494629e-01
0.000000000000000000e+00
5.707080364227294922e-01
8.284711092710494995e-02
6.652336716651916504e-01
2.903412282466888428e-01
2.001027107238769531e+00
0.000000000000000000e+00
2.696162462234497070e-01
6.289387345314025879e-01
1.804792881011962891e-01
1.120604947209358215e-01
1.271676272153854370e-01
1.224418878555297852e-01
1.787975281476974487e-01
0.000000000000000000e+00
1.231543064117431641e+00
3.251751065254211426e-01
1.245079994201660156e+00
3.848321139812469482e-01
5.529920384287834167e-02
1.955785989761352539e+00
8.602157980203628540e-02
5.151063576340675354e-02
2.682037055492401123e-01
1.677166111767292023e-02
2.094949185848236084e-01
1.582688927650451660e+00
1.131431832909584045e-01
1.368588805198669434e+00
1.717112064361572266e+00
1.542806506156921387e+00
4.812395870685577393e-01
1.062952950596809387e-01
9.939776360988616943e-02
3.207741677761077881e-01
5.873636007308959961e-01
0.000000000000000000e+00
4.114436209201812744e-01
0.000000000000000000e+00
1.039319932460784912e-01
0.000000000000000000e+00
6.530452370643615723e-01
2.575124502182006836e-01
0.000000000000000000e+00
3.214408397674560547e+00
0.000000000000000000e+00
0.000000000000000000e+00
8.650283329188823700e-03
6.555585265159606934e-01
5.178084373474121094e-01
3.540075302124023438e+00
6.232193708419799805e-01
2.056481599807739258e+00
6.476217508316040039e-02
2.034014910459518433e-01
0.000000000000000000e+00
3.234394490718841553e-01
1.366630494594573975e-01
2.616069018840789795e-01
1.105814874172210693e-01
2.831580400466918945e+00
9.301536083221435547e-01
3.642670926637947559e-04
2.754125595092773438e-01
2.964075282216072083e-02
3.487992286682128906e-01
2.959366083145141602e+00
1.626895368099212646e-01
3.081577122211456299e-01
4.822015464305877686e-01
0.000000000000000000e+00
9.882899373769760132e-02
4.529267549514770508e-02
8.650500327348709106e-02
9.564496874809265137e-01
0.000000000000000000e+00
1.079153642058372498e-01
1.501427870243787766e-02
5.092408061027526855e-01
6.810231208801269531e-01
0.000000000000000000e+00
2.488613128662109375e+00
5.094391852617263794e-02
1.253320455551147461e+00
3.542332649230957031e+00
6.954530626535415649e-02
1.370467096567153931e-01
0.000000000000000000e+00
2.941921055316925049e-01
3.626117249950766563e-03
3.864571809768676758e+00
5.489418506622314453e-01
1.209027528762817383e+00
6.512843966484069824e-01
9.549638256430625916e-03
0.000000000000000000e+00
2.036021053791046143e-01
6.629763171076774597e-03
1.557969897985458374e-01
1.503597013652324677e-02
1.867019087076187134e-01
4.740559756755828857e-01
0.000000000000000000e+00
9.291201233863830566e-01
1.216554418206214905e-01
2.500330097973346710e-02
1.379194408655166626e-01
4.724249616265296936e-02
5.619927868247032166e-02
1.950267553329467773e-01
4.112181365489959717e-01
2.956881523132324219e+00
3.524694740772247314e-01
2.593705654144287109e-01
1.009109377861022949e+00
1.414882421493530273e+00
0.000000000000000000e+00
2.242137789726257324e-01
2.202144384384155273e+00
3.094459474086761475e-01
7.127571105957031250e-01
8.566457629203796387e-01
1.815692186355590820e-01
0.000000000000000000e+00
0.000000000000000000e+00
0.000000000000000000e+00
9.646937251091003418e-01
2.384973526000976562e+00
4.401480674743652344e+00
6.709532737731933594e-01
8.927947282791137695e-02
1.013874113559722900e-01
1.997753977775573730e+00
2.458477765321731567e-01
1.703850179910659790e-02
3.444829940795898438e+00
2.407196015119552612e-01
1.835462749004364014e-01
2.452847734093666077e-02
2.008298873901367188e+00
7.587268948554992676e-02
3.208369910717010498e-01
1.418074369430541992e+00
0.000000000000000000e+00
8.123196661472320557e-02
5.323020219802856445e-01
5.410217761993408203e+00
9.499608278274536133e-01
1.472926735877990723e-01
0.000000000000000000e+00
1.378786414861679077e-01
1.501627359539270401e-02
8.378763198852539062e-01
1.072427511215209961e+00
2.065181583166122437e-01
9.529008865356445312e-01
2.481178998947143555e+00
0.000000000000000000e+00
4.764289408922195435e-02
2.446775674819946289e+00
1.195916607975959778e-01
2.814792394638061523e-01
2.998376131057739258e+00
6.728058457374572754e-01
1.819630414247512817e-01
9.298559427261352539e-01
3.032198548316955566e-01
2.562784962356090546e-02
5.444517135620117188e-01
4.868241250514984131e-01
3.878632932901382446e-02
0.000000000000000000e+00
1.689040303230285645e+00
4.342772960662841797e-01
6.507917493581771851e-02
9.700152277946472168e-02
2.530936479568481445e+00
3.749960660934448242e-01
2.139152437448501587e-01
5.811107344925403595e-03
4.267656803131103516e-01
3.437589168548583984e+00
1.000602468848228455e-01
4.146790131926536560e-02
2.639268040657043457e-01
3.950258344411849976e-02
2.858925342559814453e+00
1.051101312041282654e-01
6.065280437469482422e+00
1.220912709832191467e-01
1.847873255610466003e-02
2.095528841018676758e-01
1.508655399084091187e-01
1.401563048362731934e+00
8.172273635864257812e-01
0.000000000000000000e+00
2.197627723217010498e-02
9.037234783172607422e-01
3.344044322147965431e-03
2.769037783145904541e-01
0.000000000000000000e+00
8.248281478881835938e-01
1.070846915245056152e+00
9.611245989799499512e-01
5.442481487989425659e-02
7.725006341934204102e-02
1.921087026596069336e+00
7.489473819732666016e-01
2.554329931735992432e-01
4.990695714950561523e-01
6.196996197104454041e-02
2.953096926212310791e-01
1.536382436752319336e-01
6.736829280853271484e-01
0.000000000000000000e+00
4.973313510417938232e-01
1.249295949935913086e+00
1.782684445381164551e+00
1.300351768732070923e-01
3.647126723080873489e-03
8.517156839370727539e-01
1.511014252901077271e-01
9.279645048081874847e-03
9.787838906049728394e-03
0.000000000000000000e+00
5.069770291447639465e-02
1.004668593406677246e+00
9.056091308593750000e-03
2.736993789672851562e+00
2.412662468850612640e-02
4.932452365756034851e-02
1.131194755434989929e-01
9.974777102470397949e-01
1.322085022926330566e+00
9.167885035276412964e-02
1.628162980079650879e+00
1.383443246595561504e-03
1.189082786440849304e-01
2.335713207721710205e-01
3.942122682929039001e-02
3.353950977325439453e-01
5.609121872112154961e-04
8.730124831199645996e-01
3.946506977081298828e-01
4.301788210868835449e-01
1.628492921590805054e-01
1.148750260472297668e-01
1.219622269272804260e-01
0.000000000000000000e+00
1.809129565954208374e-01
1.665511867031455040e-03
5.954290926456451416e-02
1.349164098501205444e-01
2.304322242736816406e+00
0.000000000000000000e+00
9.624235033988952637e-01
1.346542358398437500e+00
6.015434861183166504e-01
9.898957610130310059e-02
1.553006023168563843e-01
2.606346644461154938e-02
1.012543030083179474e-02
7.240080833435058594e-01
0.000000000000000000e+00
3.990245461463928223e-01
6.666081547737121582e-01
2.589743956923484802e-02
1.106205463409423828e+00
4.362390562891960144e-02
3.603862524032592773e-01
8.546587228775024414e-01
2.792393207550048828e+00
3.589333772659301758e+00
3.926554024219512939e-01
0.000000000000000000e+00
0.000000000000000000e+00
1.319674998521804810e-01
9.953284859657287598e-01
3.182758390903472900e-01
0.000000000000000000e+00
0.000000000000000000e+00
0.000000000000000000e+00
1.189464449882507324e+00
1.111166715621948242e+00
0.000000000000000000e+00
1.812223531305789948e-02
4.417942464351654053e-02
7.093423604965209961e-01
3.099234700202941895e-01
4.482454096432775259e-05
6.028716564178466797e-01
1.218455657362937927e-01
5.264258980751037598e-01
2.493405580520629883e+00
1.874770373106002808e-01
8.587704300880432129e-01
0.000000000000000000e+00
1.017100095748901367e+00
2.333984225988388062e-01
7.968650460243225098e-01
6.530556201934814453e+00
1.055920124053955078e+00
2.295927852392196655e-01
9.877026081085205078e-02
1.726969331502914429e-02
0.000000000000000000e+00
5.703139305114746094e-01
0.000000000000000000e+00
3.580201566219329834e-01
1.274730086326599121e+00
8.613942563533782959e-02
2.397811226546764374e-02
5.715281963348388672e-01
3.189088776707649231e-02
6.531403064727783203e-01
8.966042399406433105e-01
2.133850008249282837e-02
4.129912331700325012e-02
5.312997698783874512e-01
8.528086543083190918e-01
4.290471076965332031e-01
1.222723051905632019e-01
1.327787637710571289e-01
0.000000000000000000e+00
1.907543092966079712e-01
1.316318750381469727e+00
6.786547601222991943e-02
1.522731333971023560e-01
6.330035328865051270e-01
2.235822379589080811e-03
0.000000000000000000e+00
1.691854298114776611e-01
1.055850759148597717e-01
0.000000000000000000e+00
5.716560482978820801e-01
5.017315149307250977e-01
3.767347633838653564e-01
8.664617687463760376e-02
9.517043232917785645e-01
7.658694386482238770e-01
9.436651468276977539e-01
3.768234252929687500e-01
3.897900460287928581e-03
0.000000000000000000e+00
9.171670675277709961e-01
5.919616222381591797e-01
5.514407157897949219e-01
4.758463799953460693e-01
4.335687961429357529e-03
6.553831696510314941e-02
0.000000000000000000e+00
2.670706033706665039e+00
1.029717326164245605e+00
4.897462669759988785e-03
3.314397763460874557e-03
1.854880928993225098e+00
9.920182228088378906e-01
4.235747456550598145e-01
2.184562206268310547e+00
8.355941176414489746e-01
0.000000000000000000e+00
2.688555717468261719e-01
6.838242709636688232e-02
8.896905637811869383e-05
3.906131684780120850e-01
0.000000000000000000e+00
2.167077921330928802e-02
0.000000000000000000e+00
0.000000000000000000e+00
1.329298496246337891e+00
1.190894126892089844e+00
1.089998602867126465e+00
4.320319890975952148e-01
5.349819362163543701e-02
0.000000000000000000e+00
9.542557597160339355e-02
1.395354419946670532e-01
5.596770644187927246e-01
7.726733088493347168e-01
4.337256252765655518e-01
0.000000000000000000e+00
4.988729581236839294e-02
3.304288908839225769e-02
2.020112611353397369e-02
9.610916972160339355e-01
5.868442729115486145e-02
5.378863215446472168e-01
0.000000000000000000e+00
9.592466801404953003e-02
3.088552653789520264e-01
0.000000000000000000e+00
1.189820528030395508e+00
3.434894979000091553e-01
1.532348394393920898e-01
4.305281341075897217e-01
1.532155573368072510e-01
9.634882956743240356e-02
7.488415390253067017e-02
9.454590678215026855e-01
3.492274284362792969e-01
1.497083604335784912e-01
4.831242859363555908e-01
3.583328798413276672e-02
1.631128787994384766e-01
1.276036649942398071e-01
1.746224284172058105e+00
0.000000000000000000e+00
1.514474302530288696e-01
9.640432894229888916e-02
2.708798348903656006e-01
1.187999770045280457e-01
1.592482328414916992e-01
1.502013485878705978e-02
7.898666858673095703e-01
5.475636720657348633e-01
3.636146783828735352e-01
5.010910332202911377e-02
1.910568356513977051e+00
3.195099234580993652e-01
2.230423539876937866e-01
0.000000000000000000e+00
1.370896250009536743e-01
1.448498964309692383e-01
1.086382746696472168e+00
2.851095497608184814e-01
8.457203395664691925e-03
1.270524859428405762e-01
2.698317468166351318e-01
1.867479085922241211e-01
8.356134295463562012e-01
1.471904516220092773e-01
6.930148005485534668e-01
0.000000000000000000e+00
4.718313515186309814e-01
1.800241231918334961e+00
9.160880446434020996e-01
2.108662277460098267e-01
3.732689023017883301e-01
8.260080218315124512e-01
1.403593301773071289e+00
1.145676851272583008e+00
1.434080600738525391e+00
4.189346134662628174e-01
6.709697246551513672e-01
0.000000000000000000e+00
0.000000000000000000e+00
0.000000000000000000e+00
0.000000000000000000e+00
2.983553111553192139e-01
3.565855920314788818e-01
5.995407700538635254e-01
5.296315550804138184e-01
0.000000000000000000e+00
9.150408506393432617e-01
1.629489660263061523e-01
1.881056427955627441e-01
6.247889995574951172e+00
2.748178690671920776e-02
1.281584352254867554e-01
1.022283077239990234e+00
1.171764373779296875e+00
4.985217154026031494e-01
3.929860889911651611e-03
3.310838341712951660e-01
3.355068853124976158e-03
2.679948508739471436e-01
0.000000000000000000e+00
8.203880488872528076e-02
1.126637682318687439e-01
8.714730143547058105e-01
1.974248886108398438e-01
3.914542436599731445e+00
4.061873257160186768e-01
1.498543540947139263e-03
4.710445702075958252e-01
0.000000000000000000e+00
7.081741094589233398e-02
3.743503093719482422e-01
2.841619968414306641e+00
0.000000000000000000e+00
1.698164194822311401e-01
4.002863075584173203e-03
2.491507083177566528e-01
1.631702303886413574e+00
4.034802690148353577e-02
1.129413172602653503e-01
8.464281260967254639e-02
3.776950538158416748e-01
0.000000000000000000e+00
1.133339852094650269e-01
0.000000000000000000e+00
1.078886911273002625e-01
2.357943654060363770e-01
0.000000000000000000e+00
1.922032713890075684e+00
4.505419731140136719e-01
1.843778371810913086e+00
3.312664330005645752e-01
2.287306822836399078e-02
4.430815950036048889e-02
3.954982385039329529e-02
2.102626264095306396e-01
0.000000000000000000e+00
8.720490150153636932e-03
1.317624926567077637e+00
2.027172088623046875e+00
6.330523490905761719e-01
2.753734588623046875e-04
1.256855130195617676e+00
2.451499700546264648e+00
8.225429058074951172e-02
9.616116434335708618e-02
8.673194050788879395e-01
0.000000000000000000e+00
7.544729858636856079e-02
8.239957503974437714e-03
2.594881132245063782e-02
7.914089560508728027e-01
2.459448575973510742e-01
8.682439327239990234e-01
1.952752590179443359e+00
1.324814260005950928e-01
0.000000000000000000e+00
7.965332269668579102e-01
5.058985948562622070e-01
2.540674991905689240e-02
1.757954992353916168e-02
2.131547182798385620e-01
0.000000000000000000e+00
6.659284830093383789e-01
7.356948405504226685e-02
1.657197773456573486e-01
9.399595856666564941e-02
1.154863715171813965e+00
3.418205678462982178e-01
3.640450537204742432e-01
3.720935583114624023e-01
6.802872419357299805e-01
4.675416469573974609e+00
9.804931879043579102e-01
1.352839618921279907e-01
1.415888309478759766e+00
1.135900139808654785e+00
1.672586560249328613e+00
1.477958727627992630e-02
8.872727304697036743e-02
0.000000000000000000e+00
7.229659706354141235e-02
0.000000000000000000e+00
6.694969534873962402e-02
5.664560198783874512e-01
0.000000000000000000e+00
1.926196515560150146e-01
0.000000000000000000e+00
2.419239096343517303e-02
0.000000000000000000e+00
2.650555670261383057e-01
6.399148702621459961e-02
4.406879842281341553e-01
1.721833944320678711e-01
1.914445459842681885e-01
5.448655486106872559e-01
1.936827182769775391e+00
4.921669065952301025e-01
1.055586814880371094e+00
9.246788173913955688e-02
3.159456849098205566e-01
2.032119750976562500e+00
4.073577880859375000e+00
0.000000000000000000e+00
0.000000000000000000e+00
2.068165302276611328e+00
0.000000000000000000e+00
8.834569156169891357e-02
2.019541025161743164e+00
9.817163348197937012e-01
3.614734411239624023e-01
0.000000000000000000e+00
2.757308006286621094e+00
1.286098122596740723e+00
1.893761754035949707e+00
1.943532824516296387e-01
1.076061367988586426e+00
8.405452221632003784e-02
2.620864845812320709e-02
2.564332485198974609e-01
3.059918880462646484e+00
6.332672238349914551e-01
5.235558986663818359e+00
3.051100075244903564e-01
0.000000000000000000e+00
4.864087104797363281e-01
7.793623208999633789e-02
1.915905237197875977e+00
1.442695617675781250e+00
9.812594205141067505e-02
3.685057759284973145e-01
8.575875163078308105e-01
3.022975288331508636e-02
8.696177005767822266e-01
0.000000000000000000e+00
3.531907498836517334e-01
0.000000000000000000e+00
3.997999429702758789e-02
2.732087969779968262e-01
0.000000000000000000e+00
1.339093744754791260e-01
3.015675544738769531e-01
3.123106956481933594e-01
8.245712518692016602e-02
2.201215773820877075e-01
2.733804285526275635e-01
5.380664393305778503e-02
1.139232367277145386e-01
8.845685720443725586e-01
3.380847871303558350e-01
3.966563045978546143e-01
1.925215683877468109e-02
2.611321210861206055e-01
8.106518536806106567e-03
0.000000000000000000e+00
0.000000000000000000e+00
0.000000000000000000e+00
1.580873280763626099e-01
1.609944254159927368e-01
6.989115715026855469e+00
1.122967362403869629e+00
1.015523552894592285e+00
0.000000000000000000e+00
2.723016440868377686e-01
4.357024729251861572e-01
7.950617000460624695e-03
0.000000000000000000e+00
9.432584643363952637e-01
1.835263669490814209e-01
2.853732705116271973e-01
6.295000314712524414e-01
1.148055307567119598e-02
6.396639943122863770e-01
5.591028928756713867e-01
2.116602420806884766e+00
3.217173740267753601e-02
5.854618735611438751e-03
0.000000000000000000e+00
0.000000000000000000e+00
2.875123918056488037e-02
1.717998623847961426e+00
0.000000000000000000e+00
1.461847499012947083e-02
1.100961923599243164e+00
3.791096433997154236e-02
5.821539163589477539e-01
5.460748216137290001e-04
2.384286671876907349e-01
4.130956903100013733e-02
9.128857254981994629e-01
1.869087815284729004e+00
0.000000000000000000e+00
8.706363290548324585e-02
7.555465102195739746e-01
3.866879269480705261e-02
1.286651939153671265e-01
2.099169343709945679e-01
9.891724586486816406e-01
2.202643901109695435e-01
2.655117586255073547e-02
0.000000000000000000e+00
2.015114575624465942e-01
4.151373803615570068e-01
1.696782000362873077e-02
5.747796297073364258e-01
0.000000000000000000e+00
0.000000000000000000e+00
5.021247267723083496e-01
9.114463627338409424e-02
4.807752132415771484e+00
6.392548084259033203e-01
0.000000000000000000e+00
4.776493906974792480e-01
6.310107558965682983e-02
7.077515870332717896e-02
3.728116154670715332e-01
2.648096382617950439e-01
2.071084499359130859e+00
1.761001706123352051e+00
1.794550061225891113e+00
1.348167300224304199e+00
7.596567869186401367e-01
7.319352775812149048e-02
0.000000000000000000e+00
2.621466219425201416e-01
8.486506342887878418e-02
1.922230585478246212e-03
0.000000000000000000e+00
1.578284054994583130e-02
8.687128424644470215e-01
1.293297410011291504e+00
0.000000000000000000e+00
0.000000000000000000e+00
5.599979311227798462e-03
1.315607786178588867e+00
1.390783786773681641e+00
1.790941059589385986e-01
3.697776794433593750e-01
0.000000000000000000e+00
4.062453657388687134e-02
3.997095301747322083e-02
5.143309831619262695e-01
6.180062517523765564e-02
5.269101262092590332e-01
1.788659811019897461e+00
0.000000000000000000e+00
1.600174754858016968e-01
2.681397497653961182e-01
6.805898994207382202e-02
0.000000000000000000e+00
7.626963313668966293e-03
0.000000000000000000e+00
5.024429410696029663e-02
5.246222615242004395e-01
3.222813606262207031e-01
1.588446833193302155e-02
2.783728949725627899e-02
1.192648895084857941e-02
6.365466713905334473e-01
1.811064124107360840e+00
2.084510922431945801e-01
6.849446892738342285e-01
4.503335356712341309e-01
0.000000000000000000e+00
3.957200348377227783e-01
0.000000000000000000e+00
4.048629105091094971e-02
7.195395827293395996e-01
1.148730635643005371e+00
2.344277799129486084e-01
3.763013985008001328e-03
1.695172488689422607e-02
1.690627694129943848e+00
1.628165505826473236e-02
6.005030632019042969e+00
8.839510381221771240e-03
4.355208575725555420e-02
2.077559381723403931e-01
0.000000000000000000e+00
4.252533987164497375e-02
1.776178181171417236e-01
1.381054669618606567e-01
6.406005620956420898e-01
6.045358180999755859e-01
4.486542940139770508e-01
0.000000000000000000e+00
1.466317176818847656e+00
3.540008664131164551e-01
2.507863998413085938e+00
3.158292174339294434e-01
0.000000000000000000e+00
7.517028599977493286e-02
1.274617910385131836e+00
1.084306240081787109e+00
7.878267765045166016e-02
6.049415469169616699e-01
2.079764157533645630e-01
0.000000000000000000e+00
0.000000000000000000e+00
2.782865464687347412e-01
1.133512705564498901e-01
1.760984212160110474e-01
2.622373998165130615e-01
0.000000000000000000e+00
0.000000000000000000e+00
1.524342317134141922e-02
0.000000000000000000e+00
2.464393526315689087e-02
1.139577925205230713e-01
3.609311766922473907e-03
2.453106045722961426e-01
9.733478073030710220e-04
2.850391436368227005e-03
0.000000000000000000e+00
3.341329284012317657e-03
8.037720620632171631e-02
4.781434834003448486e-01
3.319573998451232910e-01
2.743791341781616211e-01
4.001169651746749878e-02
7.229343056678771973e-01
4.205636084079742432e-01
1.038029074668884277e+00
0.000000000000000000e+00
2.209239482879638672e+00
3.704482793807983398e+00
6.617906689643859863e-01
0.000000000000000000e+00
1.465275406837463379e+00
0.000000000000000000e+00
1.286402195692062378e-01
1.401824597269296646e-02
0.000000000000000000e+00
2.733313083648681641e+00
9.306526184082031250e-02
1.319861412048339844e-01
7.477588057518005371e-01
5.353935435414314270e-02
5.500778555870056152e-01
0.000000000000000000e+00
2.027841657400131226e-02
0.000000000000000000e+00
9.578830003738403320e-02
7.670105695724487305e-01
1.215214371681213379e+00
3.002728462219238281e+00
6.722834426909685135e-03
1.933903805911540985e-02
7.483489811420440674e-03
2.047173023223876953e+00
0.000000000000000000e+00
0.000000000000000000e+00
4.842970073223114014e-01
1.260552555322647095e-01
0.000000000000000000e+00
5.406339764595031738e-01
4.735628515481948853e-02
1.431571841239929199e+00
0.000000000000000000e+00
4.087511301040649414e-01
2.543557435274124146e-02
1.868563331663608551e-02
0.000000000000000000e+00
2.339937210083007812e+00
1.706394702196121216e-01
1.704643368721008301e-01
9.590566754341125488e-01
3.030213713645935059e-01
2.172075062990188599e-01
3.118127351626753807e-03
2.479139804840087891e+00
2.155911922454833984e-01
1.282680153846740723e+00
0.000000000000000000e+00
3.207756280899047852e-01
6.508491635322570801e-01
1.967064380645751953e+00
5.129373669624328613e-01
1.815016627311706543e+00
5.412440896034240723e-01
2.050591260194778442e-01
0.000000000000000000e+00
1.250791549682617188e-01
1.768068552017211914e+00
0.000000000000000000e+00
5.386569499969482422e-01
5.586447715759277344e-01
0.000000000000000000e+00
0.000000000000000000e+00
1.575972676277160645e+00
0.000000000000000000e+00
0.000000000000000000e+00
5.472242459654808044e-02
0.000000000000000000e+00
8.559979200363159180e-01
6.633178144693374634e-02
1.164781004190444946e-01
0.000000000000000000e+00
1.928401112556457520e+00
2.139066010713577271e-01
1.935325503349304199e+00
3.509803116321563721e-02
5.527279153466224670e-02
1.982749253511428833e-01
2.494632720947265625e+00
7.176204025745391846e-02
8.832238614559173584e-02
0.000000000000000000e+00
1.339901238679885864e-01
0.000000000000000000e+00
4.481057226657867432e-01
2.503376267850399017e-02
0.000000000000000000e+00
6.439414620399475098e-02
1.734748840332031250e+00
4.326124489307403564e-01
6.989614665508270264e-02
1.638280749320983887e+00
1.209257096052169800e-01
4.061335325241088867e-01
1.878139615058898926e+00
7.767537832260131836e-01
0.000000000000000000e+00
6.885382812470197678e-03
4.396353289484977722e-02
0.000000000000000000e+00
4.818565249443054199e-01
2.371541596949100494e-02
0.000000000000000000e+00
1.349194943904876709e-01
1.635751686990261078e-02
1.248100847005844116e-01
6.809798479080200195e-01
7.898091524839401245e-02
6.390892714262008667e-02
6.751455068588256836e-01
1.561457514762878418e-01
3.773018717765808105e-01
5.310978740453720093e-02
9.275245666503906250e-01
1.092581272125244141e+00
7.599427103996276855e-01
6.567545980215072632e-02
1.476666182279586792e-01
2.339196763932704926e-02
0.000000000000000000e+00
1.781122684478759766e-01
0.000000000000000000e+00
7.803483307361602783e-02
0.000000000000000000e+00
1.179463028907775879e+00
3.495150059461593628e-02
5.992068052291870117e-01
4.778756946325302124e-02
1.143184065818786621e+00
6.958162784576416016e-01
8.670336008071899414e-02
8.455207824707031250e+00
1.035613939166069031e-01
1.289869546890258789e+00
0.000000000000000000e+00
1.235320195555686951e-01
1.238043546676635742e+00
7.400386333465576172e-01
0.000000000000000000e+00
0.000000000000000000e+00
8.769963681697845459e-02
1.249033451080322266e+00
4.124207422137260437e-02
4.592279791831970215e-01
1.831918805837631226e-01
2.376455545425415039e+00
2.001033306121826172e+00
4.747823625802993774e-02
7.113544940948486328e-01
4.577040076255798340e-01
4.568026363849639893e-01
0.000000000000000000e+00
2.834721803665161133e-01
3.343248963356018066e-01
0.000000000000000000e+00
2.982050776481628418e-01
8.948708176612854004e-01
0.000000000000000000e+00
7.387161850929260254e-01
2.039549350738525391e-01
8.014675974845886230e-02
1.173002878203988075e-03
1.697944849729537964e-01
3.942926228046417236e-01
4.268768429756164551e-01
7.301856577396392822e-02
8.046635985374450684e-01
2.173610448837280273e+00
5.100353956222534180e-01
8.661412596702575684e-01
7.919640541076660156e-01
5.377677083015441895e-01
1.013680249452590942e-01
2.047340869903564453e+00
3.896849453449249268e-01
1.083298563957214355e+00
2.422624081373214722e-01
8.348681777715682983e-02
4.215247631072998047e-01
8.721292950212955475e-03
1.331367939710617065e-01
4.808344244956970215e-01
4.848316609859466553e-01
3.712591826915740967e-01
0.000000000000000000e+00
2.065616846084594727e+00
8.290437608957290649e-02
3.330211341381072998e-01
0.000000000000000000e+00
5.863339081406593323e-02
1.876638650894165039e+00
9.272375106811523438e-01
2.176790386438369751e-01
1.780991675332188606e-03
1.432736366987228394e-01
1.446261405944824219e-01
3.434112668037414551e-01
4.036707878112792969e-01
0.000000000000000000e+00
7.607783675193786621e-01
3.744653165340423584e-01
1.648834794759750366e-01
2.916602417826652527e-02
1.016510836780071259e-02
0.000000000000000000e+00
7.735420018434524536e-03
4.016158580780029297e-01
2.956909537315368652e-01
8.101316094398498535e-01
8.533222675323486328e-01
3.059362769126892090e-01
4.384651482105255127e-01
1.015107154846191406e+00
1.516333408653736115e-02
8.016562089323997498e-03
0.000000000000000000e+00
2.021211832761764526e-01
0.000000000000000000e+00
1.833712816238403320e+00
0.000000000000000000e+00
0.000000000000000000e+00
4.154400348663330078e+00
5.686561465263366699e-01
6.811317801475524902e-01
2.111082077026367188e-01
3.169345483183860779e-02
1.314296603202819824e+00
2.235366255044937134e-01
2.959859371185302734e+00
1.515620350837707520e-01
9.115076623857021332e-03
8.158726096153259277e-01
1.491893887519836426e+00
1.195946574211120605e+00
0.000000000000000000e+00
1.242946982383728027e+00
2.310331463813781738e-01
1.205751299858093262e-01
2.506419897079467773e+00
2.951428294181823730e-01
0.000000000000000000e+00
9.484931230545043945e-01
1.928164064884185791e-02
0.000000000000000000e+00
1.000821828842163086e+00
3.577784821391105652e-02
2.536510862410068512e-02
7.110857367515563965e-01
5.334978103637695312e-01
9.243083745241165161e-02
3.399824798107147217e-01
1.361880660057067871e+00
1.023814640939235687e-02
0.000000000000000000e+00
1.532397508621215820e+00
0.000000000000000000e+00
1.141580045223236084e-01
2.140084356069564819e-01
9.066597223281860352e-01
2.840524435043334961e+00
1.880232214927673340e+00
1.098982151597738266e-02
2.964664064347743988e-02
0.000000000000000000e+00
2.350688427686691284e-01
1.825214736163616180e-02
5.761220678687095642e-02
2.131871134042739868e-01
3.806855976581573486e-01
1.626739054918289185e-01
0.000000000000000000e+00
3.592382669448852539e+00
1.332835435867309570e+00
1.582629978656768799e-01
2.128973007202148438e+00
4.162919044494628906e+00
1.549209803342819214e-01
2.436599880456924438e-02
0.000000000000000000e+00
0.000000000000000000e+00
5.124820163473486900e-04
2.527043521404266357e-01
4.666473716497421265e-03
5.479017645120620728e-02
0.000000000000000000e+00
1.921014674007892609e-02
7.432466000318527222e-02
1.842411875724792480e+00
9.336504340171813965e-02
1.704078465700149536e-01
1.063518643379211426e+00
7.794125080108642578e-01
4.347528815269470215e-01
7.549118995666503906e-01
1.957561850547790527e+00
5.516982078552246094e-01
0.000000000000000000e+00
1.465630173683166504e+00
1.682203650474548340e+00
1.073474884033203125e-01
0.000000000000000000e+00
0.000000000000000000e+00
4.518269374966621399e-02
1.671276241540908813e-02
5.064727067947387695e-01
1.021437942981719971e-01
2.309893608093261719e+00
5.055654644966125488e-01
7.874784618616104126e-02
1.190397977828979492e+00
3.475347042083740234e+00
1.842244625091552734e+00
5.463032722473144531e-01
2.042878605425357819e-02
5.828800797462463379e-01
2.228344827890396118e-01
1.971815675497055054e-01
1.712895154953002930e+00
1.725722193717956543e+00
4.323209226131439209e-01
1.117442771792411804e-01
0.000000000000000000e+00
1.708694815635681152e+00
3.008360624313354492e+00
0.000000000000000000e+00
9.170203208923339844e-01
5.865175276994705200e-02
1.049494519829750061e-01
0.000000000000000000e+00
0.000000000000000000e+00
3.855408728122711182e-01
1.129929423332214355e+00
3.444383619353175163e-03
5.968826636672019958e-02
2.493051625788211823e-02
0.000000000000000000e+00
1.342382311820983887e+00
3.326736390590667725e-02
3.375520464032888412e-03
1.600199937820434570e+00
0.000000000000000000e+00
3.501369059085845947e-02
5.950530171394348145e-01
1.625801920890808105e-01
2.727346718311309814e-01
2.270650863647460938e+00
8.204551413655281067e-03
1.058146730065345764e-01
3.121633529663085938e+00
0.000000000000000000e+00
4.245859980583190918e-01
3.609305620193481445e+00
6.522478461265563965e-01
4.650730490684509277e-01
3.640549182891845703e-01
1.023017764091491699e-01
1.038210913538932800e-01
3.574028015136718750e-01
1.776374061591923237e-03
4.107078164815902710e-02
3.668665409088134766e+00
2.670443654060363770e-01
2.352965623140335083e-01
1.257937848567962646e-01
5.412809371948242188e+00
2.506143748760223389e-01
3.590759634971618652e-01
3.657387793064117432e-01
5.978718996047973633e-01
4.169973731040954590e-02
1.820274889469146729e-01
3.203398585319519043e-01
7.086402922868728638e-02
7.814674079418182373e-02
4.416147470474243164e-01
2.907147407531738281e-01
2.013386338949203491e-01
0.000000000000000000e+00
2.055650800466537476e-01
4.526019990444183350e-01
3.067993186414241791e-02
9.560385718941688538e-03
1.613152503967285156e+00
5.270265340805053711e-01
4.327200949192047119e-01
2.903807461261749268e-01
0.000000000000000000e+00
4.252659976482391357e-01
0.000000000000000000e+00
2.356451272964477539e+00
1.199790611863136292e-01
2.607727348804473877e-01
6.814513802528381348e-01
0.000000000000000000e+00
7.331591099500656128e-02
1.754990220069885254e-02
1.235293865203857422e+00
1.299791097640991211e+00
1.549160957336425781e+00
3.995355963706970215e-01
6.486058831214904785e-01
3.349508941173553467e-01
5.635358691215515137e-01
4.162379726767539978e-02
5.228809714317321777e-01
0.000000000000000000e+00
3.372914195060729980e-01
6.018427014350891113e-02
0.000000000000000000e+00
0.000000000000000000e+00
0.000000000000000000e+00
1.110017776489257812e+00
1.130832791328430176e+00
0.000000000000000000e+00
1.194726973772048950e-01
6.361353211104869843e-03
0.000000000000000000e+00
0.000000000000000000e+00
0.000000000000000000e+00
5.448913946747779846e-02
0.000000000000000000e+00
7.961696982383728027e-01
4.422187805175781250e-02
1.190853476524353027e+00
1.754336208105087280e-01
7.803520560264587402e-01
5.802282094955444336e-01
4.195278584957122803e-01
8.048759698867797852e-01
2.731520652770996094e+00
1.146040439605712891e+00
1.043043360114097595e-01
3.697915673255920410e-01
0.000000000000000000e+00
3.859759122133255005e-02
1.212387323379516602e+00
8.451928943395614624e-02
0.000000000000000000e+00
1.668184101581573486e-01
1.131531298160552979e-01
5.507598444819450378e-02
1.117122620344161987e-01
1.425670832395553589e-01
5.208452418446540833e-02
6.242336705327033997e-02
7.775493264198303223e-01
2.551237106323242188e+00
1.150418519973754883e+00
2.179429233074188232e-01
8.516845107078552246e-02
0.000000000000000000e+00
4.164572060108184814e-02
0.000000000000000000e+00
4.374920725822448730e-01
0.000000000000000000e+00
1.274232149124145508e+00
0.000000000000000000e+00
0.000000000000000000e+00
4.433706700801849365e-01
2.269667863845825195e+00
1.299211978912353516e+00
0.000000000000000000e+00
3.099637031555175781e+00
7.269815206527709961e-01
3.749866962432861328e+00
9.206335991621017456e-02
2.103486776351928711e+00
7.122173905372619629e-01
0.000000000000000000e+00
4.110859334468841553e-02
0.000000000000000000e+00
8.220304548740386963e-02
1.769557744264602661e-01
1.623796582221984863e+00
2.338526211678981781e-02
1.163554862141609192e-01
3.198397159576416016e-01
