1.190871000289916992e-01
2.932625412940979004e-01
5.717434883117675781e-01
1.008828401565551758e+00
1.397919803857803345e-01
1.824205815792083740e-01
1.193281292915344238e+00
1.811727881431579590e-02
8.975524902343750000e-01
3.005937576293945312e+00
7.910186052322387695e-02
4.218115285038948059e-02
2.551238834857940674e-01
3.344925940036773682e-01
2.203561812639236450e-01
1.252905607223510742e+00
6.329907476902008057e-02
4.315506219863891602e-01
3.793791830539703369e-01
3.260077163577079773e-02
3.255948424339294434e-01
8.483475446701049805e-02
1.572260409593582153e-01
9.663766622543334961e-02
1.808518320322036743e-01
4.433708190917968750e-01
4.978764951229095459e-01
6.313235163688659668e-01
3.333192169666290283e-01
7.864203453063964844e-01
4.306882619857788086e-01
0.000000000000000000e+00
3.484433591365814209e-01
4.193540662527084351e-02
6.673305034637451172e-01
3.041905462741851807e-01
2.416169941425323486e-01
4.993593990802764893e-01
3.153427690267562866e-02
0.000000000000000000e+00
3.713857829570770264e-01
9.040425419807434082e-01
4.309042394161224365e-01
1.448827505111694336e+00
7.236288487911224365e-02
4.037629067897796631e-01
1.271267771720886230e+00
1.654000163078308105e+00
4.554810002446174622e-03
7.243485450744628906e-01
3.920661807060241699e-01
2.899939119815826416e-01
1.482343524694442749e-01
1.455371499061584473e+00
2.366471588611602783e-01
2.815957367420196533e-01
1.993808299303054810e-01
3.472347557544708252e-01
2.034409157931804657e-02
1.023106217384338379e+00
1.541383266448974609e+00
1.035639178007841110e-02
1.517309546470642090e+00
3.397823572158813477e-01
1.357005119323730469e+00
3.596132099628448486e-01
3.189795613288879395e-01
7.520809769630432129e-02
4.496362432837486267e-02
2.240386486053466797e+00
7.760810852050781250e-01
2.232237905263900757e-01
1.811269968748092651e-01
0.000000000000000000e+00
3.200235068798065186e-01
8.435151726007461548e-02
1.073369741439819336e+00
1.348734796047210693e-01
2.042075544595718384e-01
1.928782314062118530e-01
4.485640525817871094e-01
1.221018910408020020e+00
7.350095361471176147e-02
7.817693352699279785e-01
2.399529218673706055e-01
2.074957489967346191e-01
4.029378294944763184e-02
1.980369687080383301e-01
2.845748662948608398e-01
3.729819357395172119e-01
3.497194647789001465e-01
8.690646290779113770e-02
1.574858874082565308e-01
1.931118667125701904e-01
1.390364170074462891e+00
1.752931773662567139e-01
1.064433082938194275e-01
5.600149631500244141e-01
2.728587985038757324e-01
1.089243054389953613e+00
5.109701156616210938e-01
1.029362082481384277e+00
4.295539855957031250e-02
2.851608395576477051e-02
0.000000000000000000e+00
4.706514179706573486e-01
1.093186065554618835e-01
1.337198773398995399e-03
3.596045821905136108e-02
4.875360965728759766e+00
0.000000000000000000e+00
5.510118603706359863e-01
1.387449979782104492e+00
2.561167180538177490e-01
3.417979925870895386e-02
4.999734833836555481e-02
8.335651457309722900e-02
4.291987046599388123e-02
3.753598928451538086e-01
2.745728254318237305e+00
1.368424743413925171e-01
1.253006309270858765e-01
1.745030045509338379e+00
6.123166084289550781e-01
5.028759837150573730e-01
1.387429475784301758e+00
3.520642757415771484e+00
7.660230398178100586e-01
4.006253778934478760e-01
1.473410241305828094e-02
1.459257900714874268e-01
5.080251693725585938e-01
1.975067704916000366e-02
2.779136300086975098e-01
1.668266177177429199e+00
0.000000000000000000e+00
2.863930761814117432e-01
2.896906733512878418e-01
3.110501766204833984e+00
9.773628413677215576e-02
4.301865100860595703e-01
0.000000000000000000e+00
1.720770955085754395e+00
1.361769676208496094e+00
3.030636608600616455e-01
1.192682608962059021e-01
8.439628481864929199e-01
4.258805811405181885e-01
2.644514739513397217e-01
3.407521247863769531e-01
2.250333875417709351e-02
3.063657879829406738e-02
1.176480110734701157e-02
2.601550333201885223e-02
7.873100638389587402e-01
0.000000000000000000e+00
4.323967173695564270e-02
4.689067602157592773e-02
0.000000000000000000e+00
6.537844538688659668e-01
2.599446773529052734e-01
2.449270784854888916e-01
2.105588912963867188e-01
1.064607858657836914e+00
3.225013911724090576e-01
1.300758570432662964e-01
7.102080434560775757e-02
1.342391371726989746e+00
1.739672869443893433e-01
2.909153699874877930e-01
7.168694585561752319e-02
6.631116867065429688e-01
6.396966576576232910e-01
5.763419866561889648e-01
2.544854283332824707e-01
8.512721955776214600e-02
9.061515331268310547e-02
1.857534497976303101e-01
3.101119995117187500e-01
7.190294563770294189e-02
1.297294646501541138e-01
1.757675647735595703e+00
6.329091638326644897e-02
1.256212741136550903e-01
2.761563472449779510e-02
4.634100794792175293e-01
1.675323694944381714e-01
3.708291351795196533e-01
0.000000000000000000e+00
1.266103982925415039e+00
5.887459516525268555e-01
3.187341988086700439e-01
4.574262723326683044e-02
1.528742909431457520e-01
5.581381544470787048e-02
2.206001520156860352e+00
3.163367742672562599e-03
3.516631722450256348e-01
5.711268186569213867e-01
4.170406162738800049e-01
6.537505388259887695e-01
1.005900382995605469e+00
1.411148309707641602e-01
2.952029183506965637e-02
1.582985930144786835e-02
2.803932905197143555e+00
4.633318781852722168e-01
6.336810588836669922e-01
2.479368820786476135e-02
4.405626654624938965e-01
1.584519296884536743e-01
1.891001313924789429e-01
1.488434821367263794e-01
1.214595556259155273e+00
1.719578504562377930e-01
6.127969622611999512e-01
4.876530170440673828e-01
5.302081704139709473e-01
1.417944133281707764e-01
1.644286274909973145e+00
1.104427695274353027e+00
1.280999043956398964e-03
1.082519650459289551e+00
6.933065056800842285e-01
1.826091110706329346e-01
1.204357147216796875e+00
1.259712688624858856e-02
6.719459891319274902e-01
2.209258526563644409e-01
1.855079084634780884e-01
1.032071858644485474e-01
5.607169866561889648e-01
1.738561153411865234e+00
7.485375553369522095e-02
6.251848340034484863e-01
1.334587931632995605e+00
5.423265099525451660e-01
5.809201672673225403e-02
2.363732755184173584e-01
0.000000000000000000e+00
8.237548917531967163e-02
5.763117074966430664e-01
0.000000000000000000e+00
4.275855720043182373e-01
3.092608600854873657e-02
7.453438639640808105e-01
3.380935490131378174e-01
3.884603977203369141e-01
3.447777628898620605e-01
1.978752017021179199e+00
0.000000000000000000e+00
8.296252042055130005e-02
6.129207015037536621e-01
2.056388705968856812e-01
6.999117881059646606e-02
3.827802836894989014e-01
9.191709756851196289e-01
2.294167689979076385e-02
7.524105906486511230e-01
6.650058031082153320e-01
2.815620005130767822e-01
3.399567008018493652e-01
2.148541361093521118e-01
3.764436542987823486e-01
8.223865181207656860e-02
8.003393188118934631e-03
7.329191267490386963e-02
1.040687263011932373e-01
6.491882324218750000e+00
2.215007305145263672e+00
6.173571348190307617e-01
8.157506585121154785e-02
8.777742385864257812e-01
1.039589762687683105e+00
2.667065858840942383e-01
7.258056402206420898e-01
1.889850012958049774e-02
2.148813486099243164e+00
4.573520421981811523e-01
3.919694200158119202e-02
2.840759456157684326e-01
2.437676191329956055e-01
1.965253353118896484e-01
1.303261160850524902e+00
6.976117491722106934e-01
1.886333674192428589e-01
1.402133703231811523e-01
1.478444188833236694e-01
0.000000000000000000e+00
3.593640029430389404e-02
2.431356906890869141e-01
2.990594506263732910e-01
5.866348370909690857e-02
3.052697777748107910e-01
4.365862905979156494e-01
2.291374653577804565e-01
3.271904960274696350e-02
0.000000000000000000e+00
0.000000000000000000e+00
9.306357800960540771e-02
1.810174882411956787e-01
2.088721543550491333e-01
1.844547390937805176e-01
4.173067584633827209e-02
1.687734574079513550e-01
2.794454395771026611e-01
2.062351405620574951e-01
1.365399122238159180e+00
1.167347908020019531e+00
3.727467060089111328e-01
7.560931891202926636e-02
6.633253097534179688e-01
9.156739339232444763e-03
2.099109739065170288e-01
7.102699279785156250e-01
1.181664243340492249e-01
5.470887422561645508e-01
2.961975336074829102e-01
2.471942901611328125e-01
1.020224094390869141e+00
3.846398368477821350e-02
6.623400002717971802e-02
3.758389949798583984e-01
4.147557914257049561e-02
1.120315790176391602e-01
1.732272863388061523e+00
2.615169882774353027e-01
3.311507636681199074e-03
0.000000000000000000e+00
2.204962253570556641e+00
2.529422640800476074e-01
1.846741318702697754e+00
5.788607597351074219e-01
5.145297646522521973e-01
1.162328645586967468e-01
2.638894133269786835e-02
5.955848097801208496e-01
0.000000000000000000e+00
8.700675368309020996e-01
2.508091330528259277e-01
2.389387041330337524e-01
9.886152148246765137e-01
1.128095388412475586e+00
5.090724229812622070e-01
0.000000000000000000e+00
1.745763868093490601e-01
4.174086079001426697e-02
9.706357866525650024e-02
3.789423704147338867e-01
1.667167842388153076e-01
6.787728071212768555e-01
4.937823861837387085e-02
7.635220885276794434e-01
1.207669019699096680e+00
2.421967238187789917e-01
2.133369445800781250e-03
6.848808377981185913e-02
2.037958621978759766e+00
4.204946160316467285e-01
3.016613423824310303e-01
1.385779380798339844e-01
4.330823719501495361e-01
0.000000000000000000e+00
7.893240451812744141e-02
1.389371901750564575e-01
1.263238117098808289e-02
1.684458971023559570e+00
1.041322231292724609e+00
0.000000000000000000e+00
1.545553058385848999e-01
1.495782136917114258e-01
1.040202260017395020e+00
3.367766737937927246e-02
1.834232010878622532e-03
1.672971993684768677e-02
0.000000000000000000e+00
1.569145560264587402e+00
1.584233045578002930e-01
2.898176908493041992e+00
2.464466840028762817e-01
1.471094369888305664e+00
3.123423457145690918e-01
1.326419115066528320e-01
4.439335167407989502e-01
5.076267719268798828e-01
3.461562842130661011e-02
2.632165094837546349e-03
2.029601484537124634e-01
3.683061361312866211e+00
3.784610331058502197e-01
2.276046752929687500e+00
4.032427668571472168e-01
0.000000000000000000e+00
7.834586501121520996e-02
2.036328762769699097e-01
1.063608455657958984e+01
6.494918838143348694e-03
6.650107502937316895e-01
2.741100266575813293e-03
5.697096139192581177e-02
3.174633383750915527e-01
3.860419988632202148e-01
2.180015444755554199e-01
9.924912452697753906e-01
3.415941894054412842e-01
3.915748596191406250e-01
3.276349306106567383e-01
4.058060050010681152e-01
4.389078617095947266e-01
2.056705355644226074e-01
0.000000000000000000e+00
2.549049258232116699e-01
1.045286059379577637e-01
0.000000000000000000e+00
9.803600609302520752e-02
7.400037050247192383e-01
3.836387991905212402e-01
0.000000000000000000e+00
2.382460832595825195e-01
2.152651399374008179e-01
5.208211485296487808e-03
1.235590100288391113e+00
6.725250184535980225e-02
4.135151803493499756e-01
1.090510129928588867e+00
4.364238977432250977e-01
1.129221200942993164e+00
3.505487143993377686e-01
1.441332232207059860e-02
3.549152985215187073e-02
2.845265269279479980e-01
9.979458451271057129e-01
0.000000000000000000e+00
3.739112913608551025e-01
3.418108820915222168e-01
1.306033492088317871e+00
1.181005358695983887e+00
1.837875810451805592e-03
2.941564321517944336e-01
9.083772897720336914e-01
1.278772950172424316e-03
6.129584833979606628e-02
8.334841728210449219e-01
5.272955168038606644e-03
1.005951404571533203e+00
2.260201215744018555e+00
1.147362664341926575e-01
7.835657596588134766e-01
3.154848143458366394e-02
3.606037199497222900e-01
2.891750335693359375e-01
1.614465564489364624e-01
6.269769370555877686e-02
3.724832057952880859e+00
1.598121523857116699e-01
3.318344429135322571e-02
1.882239133119583130e-01
2.247685343027114868e-01
1.698745369911193848e+00
0.000000000000000000e+00
1.485803574323654175e-01
2.060852646827697754e-01
4.768519401550292969e-01
0.000000000000000000e+00
3.519901335239410400e-01
9.188484400510787964e-03
1.453555226325988770e-01
2.296719074249267578e+00
1.083231806755065918e+00
2.650396525859832764e-01
2.418896928429603577e-02
1.149717092514038086e+00
3.814890682697296143e-01
1.901076585054397583e-01
4.683710932731628418e-01
1.473720788955688477e+00
8.856680989265441895e-02
2.025169581174850464e-01
8.565652966499328613e-01
6.115766167640686035e-01
1.870784536004066467e-02
7.486675977706909180e-01
1.465949535369873047e+00
3.250655829906463623e-01
7.974131703376770020e-01
2.139272689819335938e-01
9.800593554973602295e-02
1.893665492534637451e-01
5.123678445816040039e-01
5.430098176002502441e-01
2.116954326629638672e-01
1.163845285773277283e-01
1.429515928030014038e-01
3.746977746486663818e-01
5.452557802200317383e-01
1.405315995216369629e-01
3.455228567123413086e+00
5.000977993011474609e+00
3.742893040180206299e-01
6.544172167778015137e-01
4.605902731418609619e-01
1.602927446365356445e-01
1.453696470707654953e-02
0.000000000000000000e+00
3.473196923732757568e-01
1.099362730979919434e+00
2.187415510416030884e-01
1.299719512462615967e-01
2.387281954288482666e-01
4.719730019569396973e-01
7.696920037269592285e-01
1.160745844244956970e-01
1.554430872201919556e-01
9.493707418441772461e-01
5.093750953674316406e-01
2.657540142536163330e-01
6.991263628005981445e-01
4.399256408214569092e-01
5.883348584175109863e-01
3.811790943145751953e-01
2.616764903068542480e-01
3.587626934051513672e+00
4.110337495803833008e-01
2.026084959506988525e-01
3.155388236045837402e-01
1.140431165695190430e+00
2.177953720092773438e-03
1.102705836296081543e+00
3.117006123065948486e-01
6.836157292127609253e-02
2.627705633640289307e-01
7.834602594375610352e-01
3.146570324897766113e-01
3.968476653099060059e-01
3.859103679656982422e+00
2.922199368476867676e-01
1.809887439012527466e-01
7.438427805900573730e-01
3.887004852294921875e-01
9.265133738517761230e-01
1.304255705326795578e-02
9.060695171356201172e-01
1.139489710330963135e-01
2.291237562894821167e-01
9.000200079753994942e-04
5.441439896821975708e-02
2.359480857849121094e+00
1.232815831899642944e-01
5.718687772750854492e-01
1.181856751441955566e+00
7.351368200033903122e-03
8.991531096398830414e-03
1.688106060028076172e-01
5.888249725103378296e-03
3.915159702301025391e-01
1.866398900747299194e-01
1.217967033386230469e+00
1.366771012544631958e-02
1.126983761787414551e+00
1.471334397792816162e-01
1.294040560722351074e+00
4.016344249248504639e-02
4.972890615463256836e-01
2.187127992510795593e-02
3.112436830997467041e-02
1.065133333206176758e+00
1.090349435806274414e+00
4.784007966518402100e-01
1.017556414008140564e-01
2.227139919996261597e-01
2.889387607574462891e-01
3.755559772253036499e-02
3.611875176429748535e-01
1.293452382087707520e-01
2.734577655792236328e-01
1.936339586973190308e-01
7.338149845600128174e-02
1.201492190361022949e+00
5.992777347564697266e-01
1.317460536956787109e+00
2.490094006061553955e-01
2.046762228012084961e+00
2.123415946960449219e+00
3.917243778705596924e-01
8.989240042865276337e-03
1.830392479896545410e+00
1.955932006239891052e-02
4.289910495281219482e-01
1.064733982086181641e+00
4.082653224468231201e-01
6.821662187576293945e-02
7.932388782501220703e-01
1.818237304687500000e-01
1.141989827156066895e+00
5.832014679908752441e-01
2.531334638595581055e+00
2.031023502349853516e-01
1.650245547294616699e+00
1.836321502923965454e-02
1.162954568862915039e+00
1.467620730400085449e+00
3.689146637916564941e-01
2.292341180145740509e-02
1.277659535408020020e+00
1.626597166061401367e+00
0.000000000000000000e+00
1.754847168922424316e-01
3.945873677730560303e-02
6.057476401329040527e-01
1.303988099098205566e+00
2.331536412239074707e-01
8.520441055297851562e-01
3.160288929939270020e-01
1.054749965667724609e+00
1.080035209655761719e+00
3.489372134208679199e-02
1.562550663948059082e-02
2.444702982902526855e-01
8.131872415542602539e-01
8.331182003021240234e-01
4.877691715955734253e-02
2.940328419208526611e-01
1.277002543210983276e-01
1.799822598695755005e-01
3.927526772022247314e-01
1.955044567584991455e-01
0.000000000000000000e+00
1.222592115402221680e+00
6.293237805366516113e-01
1.033835291862487793e+00
1.386069059371948242e+00
2.877709865570068359e-01
6.474581360816955566e-01
4.758338928222656250e-01
1.286541074514389038e-01
7.460076212882995605e-01
2.530494928359985352e-01
2.029338836669921875e+00
1.879723429679870605e+00
3.486333787441253662e-02
1.145811304450035095e-01
9.647153615951538086e-01
5.617973804473876953e-01
6.544928550720214844e-01
1.473783254623413086e-01
1.618910580873489380e-01
8.108392953872680664e-01
7.210066914558410645e-01
9.098744392395019531e-01
3.874943852424621582e-01
2.592397332191467285e-01
3.003897704184055328e-02
7.032648921012878418e-01
5.098848342895507812e-01
1.824368834495544434e-01
4.388996064662933350e-01
4.640105068683624268e-01
5.673470348119735718e-02
2.189609557390213013e-01
1.331665068864822388e-01
2.661571979522705078e+00
3.509836643934249878e-02
2.898122072219848633e+00
4.564197733998298645e-02
5.161064490675926208e-02
2.180818021297454834e-01
6.515871882438659668e-01
1.678639501333236694e-01
9.784654378890991211e-01
1.118525385856628418e+00
5.202596783638000488e-01
7.004366517066955566e-01
1.238405853509902954e-01
2.150209665298461914e+00
7.952224463224411011e-03
1.932784169912338257e-01
9.006760120391845703e-01
1.198813505470752716e-02
4.438549280166625977e-01
4.479731321334838867e-01
4.284853935241699219e-01
3.706728816032409668e-01
6.161742210388183594e-01
3.447570800781250000e-01
8.653846383094787598e-01
5.790632963180541992e-01
3.781407773494720459e-01
3.101475909352302551e-02
8.448218554258346558e-02
4.089539051055908203e-01
6.745682358741760254e-01
4.959144592285156250e-01
0.000000000000000000e+00
3.149914145469665527e-01
3.166379928588867188e-01
1.908655613660812378e-01
1.555195301771163940e-01
3.082308173179626465e-01
1.540945619344711304e-01
7.810035943984985352e-01
7.498070597648620605e-01
0.000000000000000000e+00
1.027184575796127319e-01
9.956889152526855469e-01
7.448947429656982422e-01
8.466680534183979034e-03
1.088853850960731506e-01
0.000000000000000000e+00
6.465202197432518005e-03
1.803881824016571045e-01
0.000000000000000000e+00
5.811980366706848145e-01
1.405290514230728149e-01
4.855278506875038147e-02
1.247958168387413025e-01
4.546386897563934326e-01
0.000000000000000000e+00
1.974399536848068237e-01
3.157315731048583984e+00
3.001009225845336914e-01
1.947856843471527100e-01
1.130053520202636719e+00
4.407179951667785645e-01
5.336543172597885132e-02
1.058684945106506348e+00
3.566980957984924316e-01
3.816758841276168823e-02
1.760581612586975098e+00
5.469073653221130371e-01
7.589410543441772461e-01
1.387199610471725464e-01
1.399474591016769409e-01
3.635814189910888672e-01
2.346330434083938599e-01
0.000000000000000000e+00
8.289176225662231445e-01
2.437827438116073608e-01
7.079413533210754395e-01
8.942145109176635742e-02
6.920746713876724243e-02
6.431088317185640335e-03
2.432091161608695984e-02
2.386472672224044800e-01
2.460190504789352417e-01
9.818585515022277832e-01
1.265248298645019531e+00
4.919564127922058105e-01
8.172935843467712402e-01
1.023543104529380798e-01
8.636825084686279297e-01
7.577876001596450806e-02
6.887448430061340332e-01
3.495782613754272461e-01
1.509452223777770996e+00
8.424960076808929443e-03
3.111039996147155762e-01
9.463562369346618652e-01
4.305955022573471069e-03
7.697797417640686035e-01
3.406532049179077148e+00
2.530452907085418701e-01
2.317967712879180908e-01
3.348245844244956970e-02
2.477270215749740601e-01
7.720983028411865234e-01
1.402025222778320312e+00
7.745625376701354980e-01
7.522119879722595215e-01
6.073065996170043945e-01
4.591318607330322266e+00
1.424027681350708008e+00
0.000000000000000000e+00
3.960660099983215332e-01
1.491453886032104492e+00
5.793974995613098145e-01
2.298539161682128906e+00
9.272483587265014648e-01
6.665366888046264648e-01
3.970360040664672852e+00
2.349167615175247192e-01
3.089262843132019043e-01
1.037872955203056335e-02
9.666954278945922852e-01
5.194399952888488770e-01
1.529097080230712891e+00
2.037086933851242065e-01
9.112624526023864746e-01
0.000000000000000000e+00
8.301322460174560547e-01
5.298824906349182129e-01
1.263895750045776367e+00
1.697083711624145508e+00
2.109562605619430542e-01
7.245973497629165649e-02
0.000000000000000000e+00
5.213277935981750488e-01
3.079472482204437256e-01
5.971503909677267075e-03
7.332506775856018066e-01
1.131036430597305298e-01
1.265474915504455566e+00
2.630221247673034668e-01
9.287189841270446777e-01
4.664179086685180664e-01
2.290156036615371704e-01
2.350718080997467041e-01
6.860976815223693848e-01
2.489101886749267578e+00
1.509457945823669434e+00
7.712949812412261963e-02
1.420416235923767090e+00
6.419840455055236816e-01
2.011104375123977661e-01
1.623338460922241211e+00
3.458505868911743164e-02
1.893215626478195190e-01
6.276857852935791016e-01
1.193158268928527832e+00
3.050251677632331848e-02
1.609019488096237183e-01
1.652339696884155273e-01
2.486827075481414795e-01
9.694508463144302368e-02
1.053998589515686035e+00
5.713647603988647461e-01
6.923485547304153442e-03
1.379144430160522461e+00
2.274950742721557617e-01
0.000000000000000000e+00
4.421878755092620850e-01
6.692220270633697510e-02
2.200751006603240967e-01
2.361696660518646240e-01
5.033151432871818542e-02
2.241574525833129883e-01
2.554221153259277344e-01
2.110017091035842896e-02
4.133935272693634033e-01
5.084172487258911133e-01
6.792551875114440918e-01
3.187738731503486633e-02
5.460012555122375488e-01
5.237162709236145020e-01
9.938769973814487457e-03
0.000000000000000000e+00
1.450560688972473145e+00
3.438964486122131348e-01
1.389384508132934570e+00
2.864766716957092285e-01
0.000000000000000000e+00
5.107668638229370117e-01
2.342143505811691284e-01
7.257162332534790039e-01
3.436942398548126221e-02
0.000000000000000000e+00
7.237650919705629349e-03
5.520890951156616211e-01
1.157807372510433197e-02
0.000000000000000000e+00
1.130717754364013672e+00
2.025401443243026733e-01
1.309280395507812500e+00
4.378111362457275391e-01
2.166198730468750000e+00
1.878354549407958984e+00
2.072540044784545898e+00
0.000000000000000000e+00
8.535397648811340332e-01
0.000000000000000000e+00
3.084809303283691406e+00
6.852804422378540039e-01
5.195904970169067383e-01
1.346630454063415527e+00
0.000000000000000000e+00
2.671089470386505127e-01
0.000000000000000000e+00
9.536644816398620605e-01
1.199331656098365784e-01
1.393227428197860718e-01
1.348696798086166382e-01
2.113295942544937134e-01
1.106437966227531433e-01
1.007708668708801270e+00
1.939751207828521729e-02
1.476699709892272949e-01
1.808620393276214600e-01
2.502350807189941406e-01
6.329631805419921875e-01
1.849298596382141113e+00
7.117132097482681274e-02
5.743237137794494629e-01
2.775924801826477051e-01
1.523650765419006348e+00
2.681736350059509277e-01
1.343693584203720093e-01
8.157597184181213379e-01
3.880270719528198242e-01
1.912675857543945312e+00
7.442140579223632812e-02
5.613576769828796387e-01
2.084490358829498291e-01
8.226016908884048462e-02
9.081315994262695312e-02
4.396653473377227783e-01
1.970195531845092773e+00
5.111466050148010254e-01
1.956215381622314453e+00
2.258654117584228516e+00
6.305164694786071777e-01
1.332958880811929703e-02
2.069783397018909454e-02
1.910948455333709717e-01
3.079447746276855469e-01
1.180678699165582657e-02
4.096942901611328125e+00
8.425648212432861328e-01
5.807672739028930664e-01
2.116690427064895630e-01
4.122606515884399414e-01
2.307633310556411743e-01
7.471726089715957642e-02
2.739132940769195557e-01
3.074208498001098633e-01
5.725745558738708496e-01
8.688738942146301270e-01
2.901769161224365234e+00
2.210712581872940063e-01
3.828878700733184814e-01
0.000000000000000000e+00
3.457493335008621216e-02
8.964744396507740021e-03
6.282666325569152832e-02
8.000416755676269531e-01
4.961731433868408203e+00
2.236510992050170898e+00
1.471164971590042114e-01
2.403969615697860718e-01
7.208323478698730469e-01
3.524831533432006836e-01
7.493824511766433716e-02
1.420915424823760986e-01
1.332390606403350830e-01
8.762079477310180664e-01
8.661958388984203339e-03
9.345386028289794922e-01
6.382230520248413086e-01
4.833738133311271667e-02
5.332431197166442871e-01
2.710769176483154297e-01
1.168415974825620651e-02
5.569698754698038101e-03
5.145468711853027344e-01
5.558259040117263794e-02
1.464233845472335815e-01
8.821167051792144775e-02
6.140547990798950195e-01
6.082867383956909180e-01
1.023534655570983887e+00
1.250910013914108276e-01
2.710708789527416229e-02
1.176586389541625977e+00
6.658955812454223633e-01
1.967907190322875977e+00
2.703494727611541748e-01
1.653801202774047852e-01
2.145723581314086914e+00
1.856219023466110229e-02
2.945955470204353333e-02
3.184215068817138672e+00
1.837235130369663239e-02
8.425959348678588867e-01
2.986371219158172607e-01
5.903733521699905396e-02
2.703662514686584473e-01
3.183749318122863770e-02
1.018453478813171387e+00
5.099220275878906250e-01
3.113906681537628174e-01
0.000000000000000000e+00
0.000000000000000000e+00
2.565218806266784668e-01
1.046128988265991211e+00
8.372585773468017578e-01
1.099489256739616394e-01
9.912170469760894775e-03
3.001335561275482178e-01
2.219896577298641205e-02
2.970763742923736572e-01
3.700076639652252197e-01
7.110208272933959961e-03
3.654659032821655273e+00
4.718895070254802704e-03
5.682169795036315918e-01
1.230567097663879395e-01
6.258613467216491699e-01
3.255048990249633789e-01
1.936364322900772095e-01
1.702054031193256378e-02
1.261094570159912109e+00
2.156489849090576172e+00
4.372792243957519531e-01
0.000000000000000000e+00
6.515462398529052734e-01
2.708235383033752441e-01
7.124662399291992188e-01
2.535739839076995850e-01
2.445627301931381226e-01
1.985732674598693848e+00
8.643962144851684570e-01
1.151561141014099121e+00
1.123993918299674988e-01
2.938283979892730713e-01
1.662261843681335449e+00
4.218205343931913376e-03
2.421279668807983398e+00
0.000000000000000000e+00
3.702518045902252197e-01
6.959131918847560883e-03
3.532051444053649902e-01
5.520783066749572754e-01
2.419133931398391724e-01
3.240896463394165039e-01
5.255662798881530762e-01
2.860501408576965332e-01
8.794711530208587646e-02
6.575477123260498047e-02
5.105822682380676270e-01
0.000000000000000000e+00
1.571726351976394653e-01
2.225491963326931000e-02
2.353832125663757324e-01
3.172445297241210938e+00
4.473679959774017334e-01
6.622694432735443115e-03
2.681809961795806885e-01
0.000000000000000000e+00
7.685519456863403320e-01
1.195740625262260437e-01
2.636100351810455322e-01
1.487148106098175049e-01
1.394663751125335693e-01
3.192733526229858398e-01
5.008388161659240723e-01
8.661521673202514648e-01
4.735937714576721191e-01
6.629476547241210938e-01
6.548319458961486816e-01
5.633947849273681641e-01
1.675194203853607178e-01
6.113672852516174316e-01
2.044410072267055511e-02
2.571073055267333984e+00
7.876479066908359528e-03
1.682516634464263916e-01
8.443122357130050659e-02
0.000000000000000000e+00
3.022566139698028564e-01
3.115443885326385498e-01
1.104509737342596054e-02
9.271398782730102539e-01
3.543193340301513672e-01
6.691718474030494690e-03
6.943759322166442871e-01
1.540180854499340057e-02
2.954739890992641449e-02
4.126266017556190491e-02
0.000000000000000000e+00
9.313502311706542969e-01
1.330181956291198730e+00
5.651875138282775879e-01
3.369835019111633301e-01
3.654529452323913574e-01
1.823865294456481934e+00
1.012868642807006836e+00
1.986972093582153320e+00
2.731385827064514160e-01
8.360936641693115234e-01
2.631702423095703125e-01
3.491352319717407227e+00
1.820573210716247559e-01
1.136184096336364746e+00
1.085270866751670837e-01
1.512261182069778442e-01
4.062839150428771973e-01
3.402002388611435890e-03
2.113838642835617065e-01
0.000000000000000000e+00
5.232656374573707581e-02
6.787688732147216797e-01
1.171037089079618454e-02
3.234637901186943054e-02
7.766525745391845703e-01
8.767731189727783203e-01
1.659958243370056152e+00
0.000000000000000000e+00
7.560344785451889038e-02
3.792488947510719299e-02
0.000000000000000000e+00
7.160179316997528076e-02
4.009260535240173340e-01
2.224687784910202026e-01
1.393709611147642136e-02
4.980203509330749512e-02
2.013668060302734375e+00
0.000000000000000000e+00
8.424555063247680664e-01
2.129006944596767426e-02
4.198214411735534668e-01
6.364114284515380859e-01
3.299760520458221436e-01
1.002454996109008789e+00
1.655542850494384766e-01
4.565935730934143066e-01
1.338902562856674194e-01
5.450071811676025391e+00
4.388036131858825684e-01
0.000000000000000000e+00
6.525245904922485352e-01
3.211035430431365967e-01
2.751159667968750000e-02
1.145002897828817368e-02
2.203937023878097534e-01
3.303905725479125977e-01
3.194825351238250732e-01
1.191674947738647461e+00
3.559382259845733643e-01
4.725799560546875000e-01
4.248489737510681152e-01
9.058972448110580444e-02
3.038040399551391602e+00
2.873240411281585693e-01
1.017682999372482300e-01
8.038756251335144043e-02
1.093624472618103027e+00
8.737604618072509766e-01
8.333896100521087646e-02
1.683785319328308105e-01
2.964160442352294922e+00
1.618609279394149780e-01
2.396048158407211304e-01
4.500240385532379150e-01
4.683447480201721191e-01
1.130200177431106567e-02
6.443087756633758545e-02
3.172402977943420410e-01
4.152330756187438965e-01
2.372234165668487549e-01
0.000000000000000000e+00
5.222541689872741699e-01
9.303212761878967285e-01
2.330164052546024323e-02
3.299169242382049561e-02
3.776867091655731201e-01
2.886396944522857666e-01
5.120922625064849854e-02
6.997402757406234741e-02
2.866607010364532471e-01
1.547613382339477539e+00
8.693929761648178101e-02
3.107423707842826843e-02
2.774230539798736572e-01
5.606076121330261230e-01
4.461500644683837891e-01
7.565633058547973633e-01
1.308047652244567871e+00
9.419460892677307129e-01
1.791247010231018066e+00
4.794133901596069336e-01
5.286789536476135254e-01
1.463048458099365234e-01
3.761954903602600098e-01
0.000000000000000000e+00
1.794685423374176025e-01
8.200132846832275391e-02
1.751141846179962158e-01
1.522637754678726196e-01
2.782208442687988281e+00
2.485943436622619629e-01
4.682019352912902832e-01
1.001886650919914246e-01
2.588172554969787598e-01
1.899868249893188477e-01
0.000000000000000000e+00
1.330172777175903320e+00
5.023456215858459473e-01
3.145771473646163940e-02
5.062314271926879883e-01
2.745743468403816223e-02
4.634099960327148438e+00
2.045770436525344849e-01
0.000000000000000000e+00
1.426623940467834473e+00
4.821605682373046875e-01
2.166787683963775635e-01
5.597957223653793335e-02
4.248225092887878418e-01
5.842912793159484863e-01
2.694209292531013489e-02
1.075681112706661224e-02
1.798947900533676147e-02
7.384770512580871582e-01
0.000000000000000000e+00
3.417763113975524902e-01
3.745877265930175781e+00
2.421323806047439575e-01
5.615405738353729248e-02
4.673372805118560791e-01
6.117361783981323242e-01
5.224004983901977539e-01
9.278160333633422852e-02
4.392217099666595459e-01
2.247277051210403442e-01
0.000000000000000000e+00
5.505750179290771484e-01
7.989170551300048828e-01
3.009255647659301758e+00
1.543863117694854736e-01
1.884173899888992310e-01
6.305183768272399902e-01
1.893956065177917480e+00
9.394531846046447754e-01
1.570718526840209961e+00
9.478694200515747070e-02
4.998406022787094116e-02
6.769736111164093018e-02
3.555310368537902832e-01
2.525405883789062500e-01
5.373767614364624023e-01
4.280682802200317383e-01
7.239508442580699921e-03
3.222610652446746826e-01
3.992924466729164124e-02
1.071658134460449219e+00
1.264286786317825317e-01
3.855893909931182861e-01
6.554614305496215820e-01
4.467968940734863281e-01
1.098277330398559570e+00
2.023077249526977539e+00
1.412929892539978027e+00
1.166605353355407715e-01
8.535209298133850098e-01
3.487389534711837769e-02
3.225283026695251465e-01
8.820894360542297363e-01
5.168069154024124146e-02
0.000000000000000000e+00
1.103380098938941956e-01
4.898549988865852356e-02
1.177862882614135742e-01
4.307968616485595703e-01
5.728950500488281250e-01
7.994780540466308594e-01
6.329497694969177246e-01
6.580681204795837402e-01
1.988810747861862183e-01
8.784604817628860474e-02
1.182404756546020508e+00
1.398577243089675903e-01
2.377903461456298828e+00
2.228222936391830444e-01
1.506011843681335449e+00
1.438461989164352417e-01
6.242370605468750000e-02
8.674866706132888794e-02
3.297095000743865967e-01
0.000000000000000000e+00
0.000000000000000000e+00
7.001791000366210938e-01
1.468311846256256104e-01
7.797750830650329590e-02
4.887019470334053040e-02
2.698898874223232269e-02
5.569909811019897461e-01
1.198620438575744629e+00
1.989256978034973145e+00
0.000000000000000000e+00
3.081945180892944336e-01
4.357990324497222900e-01
7.361092567443847656e-01
1.132276177406311035e+00
1.865464001893997192e-01
5.462036281824111938e-02
2.064801216125488281e+00
3.762545287609100342e-01
3.793849945068359375e-01
2.405853122472763062e-01
1.287022978067398071e-01
8.615601062774658203e-01
1.106593571603298187e-02
0.000000000000000000e+00
0.000000000000000000e+00
3.680328279733657837e-02
5.537454411387443542e-02
7.701066732406616211e-01
1.993542164564132690e-01
8.145781606435775757e-02
1.470578074455261230e+00
4.444014132022857666e-01
1.126628443598747253e-01
0.000000000000000000e+00
3.859745264053344727e-01
2.977862954139709473e-02
5.431923866271972656e-01
1.047086000442504883e+00
9.745048731565475464e-02
2.506522238254547119e-01
4.562506079673767090e-02
6.863941550254821777e-01
8.158247917890548706e-03
4.790529981255531311e-02
7.290970683097839355e-01
1.065895780920982361e-01
1.648671925067901611e-01
1.838445514440536499e-01
1.897948265075683594e+00
3.577119112014770508e+00
2.160034894943237305e+00
6.779676675796508789e-02
3.931138813495635986e-01
2.947744429111480713e-01
2.404793947935104370e-01
6.827797293663024902e-01
9.851434081792831421e-02
6.830378174781799316e-01
1.171950101852416992e-01
1.025383591651916504e+00
2.088275253772735596e-01
1.290552139282226562e+00
9.054549038410186768e-02
6.861358135938644409e-02
3.738345950841903687e-02
8.557335734367370605e-01
3.068335652351379395e-01
0.000000000000000000e+00
7.173163890838623047e-01
8.165885806083679199e-01
4.128673300147056580e-02
2.551969885826110840e-01
3.500577509403228760e-01
4.271001741290092468e-02
4.062528908252716064e-01
4.011418223381042480e-01
1.038317203521728516e+00
1.551155090332031250e+00
1.262892603874206543e+00
1.248090192675590515e-01
7.513785958290100098e-01
3.065053462982177734e+00
5.176094174385070801e-01
1.831053644418716431e-01
4.898736178874969482e-01
2.512088418006896973e-01
7.558253407478332520e-01
3.213470220565795898e+00
4.552371799945831299e-01
3.333977609872817993e-02
5.539949536323547363e-01
0.000000000000000000e+00
1.157070845365524292e-01
5.346383899450302124e-02
2.045844793319702148e+00
9.951114654541015625e-02
3.541332483291625977e-01
5.528712868690490723e-01
1.144396215677261353e-01
4.952081143856048584e-01
9.711745977401733398e-01
1.245389342308044434e+00
3.709587156772613525e-01
4.901335537433624268e-01
5.029311776161193848e-01
8.492884039878845215e-01
9.907974004745483398e-01
9.006804972887039185e-02
2.381363650783896446e-03
1.208232522010803223e+00
7.123560309410095215e-01
0.000000000000000000e+00
4.707028269767761230e-01
9.759138226509094238e-01
1.715818196535110474e-01
9.410534501075744629e-01
1.051573753356933594e+00
1.105669606477022171e-02
1.598178148269653320e-01
2.913984060287475586e-01
2.396863419562578201e-03
2.186402678489685059e-01
1.711759418249130249e-01
8.878131955862045288e-02
2.129868716001510620e-01
8.309018015861511230e-01
1.048682570457458496e+00
9.331443905830383301e-01
7.860330492258071899e-02
3.811665475368499756e-01
6.715746521949768066e-01
1.869670271873474121e+00
9.908867627382278442e-02
8.222673088312149048e-03
2.604608237743377686e-02
5.936045572161674500e-02
1.920555233955383301e-01
2.852992534637451172e+00
9.622716307640075684e-01
1.309012621641159058e-01
1.255031973123550415e-01
1.746534854173660278e-01
1.618620008230209351e-01
0.000000000000000000e+00
0.000000000000000000e+00
1.017852306365966797e+00
1.842295564711093903e-02
2.769130766391754150e-01
4.240051507949829102e-01
2.523897588253021240e-01
3.556576371192932129e-02
1.428016126155853271e-01
3.081719279289245605e-01
3.243541419506072998e-01
2.374522760510444641e-02
6.743697524070739746e-01
1.103670001029968262e-01
1.331919789314270020e+00
1.098364710807800293e+00
0.000000000000000000e+00
3.158393383026123047e+00
5.040193796157836914e-01
1.518340110778808594e+00
8.163900673389434814e-02
1.505861524492502213e-03
7.977164387702941895e-01
4.462207853794097900e-01
1.714844852685928345e-01
9.873965382575988770e-01
7.818340510129928589e-02
1.297446846961975098e+00
3.680007457733154297e-01
8.658246397972106934e-01
8.273406028747558594e-01
1.268301963806152344e+00
5.961062908172607422e-01
5.921295960433781147e-04
8.678315579891204834e-02
1.544863939285278320e+00
2.682185173034667969e-01
2.609435796737670898e+00
3.517766594886779785e-01
6.252142190933227539e-01
7.649203389883041382e-02
2.913118340075016022e-02
8.676680922508239746e-01
1.222688198089599609e+00
5.510223507881164551e-01
2.141112238168716431e-01
5.556181538850069046e-03
7.121455669403076172e-01
1.003103852272033691e-01
3.003044426441192627e-01
1.234691888093948364e-01
6.482936143875122070e-01
1.278540790081024170e-01
1.128464937210083008e+00
0.000000000000000000e+00
1.049012780189514160e+00
7.663325667381286621e-01
1.999371945858001709e-01
2.672422528266906738e-01
0.000000000000000000e+00
4.279576838016510010e-01
2.783309668302536011e-02
8.011533878743648529e-03
0.000000000000000000e+00
2.057972103357315063e-01
1.262426972389221191e+00
6.615446209907531738e-01
0.000000000000000000e+00
7.406429201364517212e-02
2.499732971191406250e-01
1.230097293853759766e+00
1.975329965353012085e-02
3.259907007217407227e+00
5.025804638862609863e-01
1.934453547000885010e-01
1.132798314094543457e+00
8.575838804244995117e-02
0.000000000000000000e+00
6.658378839492797852e-01
4.622020199894905090e-02
9.291072934865951538e-02
1.057226881384849548e-01
0.000000000000000000e+00
1.098497286438941956e-01
7.654572278261184692e-02
2.779720723628997803e-01
1.035134196281433105e+00
3.765663504600524902e-02
1.059321612119674683e-01
7.964066267013549805e-01
1.919599771499633789e+00
5.988641977310180664e-01
4.143226146697998047e-01
6.256533265113830566e-01
7.546548843383789062e-01
6.026694774627685547e-01
2.214220762252807617e+00
1.957084774971008301e+00
6.834413409233093262e-01
8.562284708023071289e-02
1.029038548469543457e+00
1.870861172676086426e+00
4.044370949268341064e-01
5.854512453079223633e-01
0.000000000000000000e+00
3.433795869350433350e-01
1.226667687296867371e-02
1.692101061344146729e-01
1.850295960903167725e-01
2.763617932796478271e-01
3.386108875274658203e-01
5.132181048393249512e-01
0.000000000000000000e+00
1.497434377670288086e-01
4.459225535392761230e-01
1.709581494331359863e+00
1.532042026519775391e+00
1.029164064675569534e-02
6.871525645256042480e-01
1.292243599891662598e-01
1.385107357054948807e-02
1.231279224157333374e-02
2.675571739673614502e-01
1.314017653465270996e+00
1.839773207902908325e-01
9.216420054435729980e-01
0.000000000000000000e+00
1.181785985827445984e-01
3.636577427387237549e-01
2.374333292245864868e-01
3.817729949951171875e-01
6.922889035195112228e-03
0.000000000000000000e+00
4.167742431163787842e-01
1.485741138458251953e-01
2.362883388996124268e-01
9.662157297134399414e-02
4.676998779177665710e-02
3.655060827732086182e-01
1.299757659435272217e-01
2.861635945737361908e-02
6.766561418771743774e-02
3.970203399658203125e-01
4.884523898363113403e-02
1.092560648918151855e+00
5.534600019454956055e-01
1.689382553100585938e+00
4.747093617916107178e-01
1.301855295896530151e-01
6.049620360136032104e-02
6.585016250610351562e-01
0.000000000000000000e+00
1.238699723035097122e-02
3.364408910274505615e-01
2.749545499682426453e-02
1.634471774101257324e+00
7.991657853126525879e-01
3.692013263702392578e+00
0.000000000000000000e+00
1.222478508949279785e+00
1.418841183185577393e-01
3.477413356304168701e-01
8.230273425579071045e-02
2.782979249954223633e+00
7.647611498832702637e-01
3.746279180049896240e-01
9.404293894767761230e-01
8.041563034057617188e-01
4.687661230564117432e-01
7.664410471916198730e-01
4.961644709110260010e-01
4.771140098571777344e+00
6.955846548080444336e-01
3.650396317243576050e-02
5.816011130809783936e-02
0.000000000000000000e+00
3.220552206039428711e-01
2.812823951244354248e-01
9.410923719406127930e-01
6.006805226206779480e-02
1.703025341033935547e+00
1.170244533568620682e-02
1.159659400582313538e-01
3.038952350616455078e-01
8.562579751014709473e-01
2.375879138708114624e-01
1.764545679092407227e+00
5.891911387443542480e-01
2.245645523071289062e-01
2.994456887245178223e-02
4.972051978111267090e-01
3.301198184490203857e-01
2.943743169307708740e-01
4.389947280287742615e-02
5.718503519892692566e-02
3.534542396664619446e-02
6.539417058229446411e-02
7.468616962432861328e-02
5.178584456443786621e-01
2.684383392333984375e+00
0.000000000000000000e+00
1.030374169349670410e-01
8.699807524681091309e-02
1.297050863504409790e-01
3.254859745502471924e-01
7.505112290382385254e-01
1.223464369773864746e+00
6.538996696472167969e+00
7.790058851242065430e-01
2.847528271377086639e-02
1.961726546287536621e-01
1.014004722237586975e-01
1.427782058715820312e+00
1.795255064964294434e+00
1.562684059143066406e+00
5.056217312812805176e-02
8.055902719497680664e-01
7.801119685173034668e-01
1.606128334999084473e+00
9.357290714979171753e-02
2.112571597099304199e-01
5.037859678268432617e-01
5.458601117134094238e-01
8.913937211036682129e-02
9.496617913246154785e-01
2.110611498355865479e-01
3.286395072937011719e-01
1.697355270385742188e+00
1.032102331519126892e-01
1.529927253723144531e-01
3.339353799819946289e-01
3.088639816269278526e-03
1.366771161556243896e-01
9.384207725524902344e-01
1.710780262947082520e-01
6.808131933212280273e-02
5.055174827575683594e-01
7.467713356018066406e-01
9.113391488790512085e-02
1.770033091306686401e-01
3.760196566581726074e-01
3.517896831035614014e-01
1.547804027795791626e-01
5.366751924157142639e-02
1.507045794278383255e-02
1.723745584487915039e+00
1.769591569900512695e-01
1.765961498022079468e-01
0.000000000000000000e+00
9.959182143211364746e-02
3.582238852977752686e-01
1.362581849098205566e-01
7.569304704666137695e-01
1.945034861564636230e-01
8.996260911226272583e-02
4.640559852123260498e-01
9.278622269630432129e-02
2.604064643383026123e-01
1.756895631551742554e-01
2.200772985816001892e-02
2.056725323200225830e-01
7.455756515264511108e-02
6.482578068971633911e-02
9.439607858657836914e-01
2.755174875259399414e+00
1.453963398933410645e+00
1.140734273940324783e-02
1.594524085521697998e-01
2.327011674642562866e-01
3.107047080993652344e-01
5.069360733032226562e-01
2.193918943405151367e+00
1.558176755905151367e+00
1.043620467185974121e+00
3.569014370441436768e-01
5.584894418716430664e-01
7.543612271547317505e-02
3.049457073211669922e-01
2.482053786516189575e-01
2.961633503437042236e-01
1.440436244010925293e-01
1.198915719985961914e+00
4.672382175922393799e-01
5.237557291984558105e-01
1.482803970575332642e-01
0.000000000000000000e+00
4.561208561062812805e-02
8.278821706771850586e-01
1.964055448770523071e-01
0.000000000000000000e+00
7.734033465385437012e-01
5.097783803939819336e-01
2.644079737365245819e-02
9.071003794670104980e-01
3.988961130380630493e-02
2.661758065223693848e-01
5.541154742240905762e-01
1.099098250269889832e-01
2.607176542282104492e+00
1.914262533187866211e+00
1.467850923538208008e+00
1.292168200016021729e-01
2.752609491348266602e+00
1.039336472749710083e-01
3.040971159934997559e-01
1.976194530725479126e-01
1.538155227899551392e-01
3.640587031841278076e-01
2.007178217172622681e-01
8.530989289283752441e-02
1.812476366758346558e-01
2.243260383605957031e+00
0.000000000000000000e+00
4.961327090859413147e-02
1.346642971038818359e+00
3.860630095005035400e-01
8.473910391330718994e-02
7.268257737159729004e-01
3.104161322116851807e-01
2.328841984272003174e-01
2.970601558685302734e+00
3.704359754920005798e-02
1.336965799331665039e+00
1.249727606773376465e-01
0.000000000000000000e+00
1.158178374171257019e-01
1.200364112854003906e+00
9.920746684074401855e-01
0.000000000000000000e+00
3.378929495811462402e-01
8.117969334125518799e-02
9.751854538917541504e-01
0.000000000000000000e+00
1.231775879859924316e+00
4.837442040443420410e-01
2.020794600248336792e-01
2.056793272495269775e-01
1.123555541038513184e+00
7.549625635147094727e-02
9.644580483436584473e-01
0.000000000000000000e+00
1.356947124004364014e-01
3.211129829287528992e-02
1.159523367881774902e+00
1.528578162193298340e+00
1.447547525167465210e-01
1.219972729682922363e+00
5.128184705972671509e-02
4.972864389419555664e-01
6.238226965069770813e-02
3.746182471513748169e-02
2.028404921293258667e-01
3.433591499924659729e-02
3.018230199813842773e-01
5.042438954114913940e-02
3.678879141807556152e-02
8.310005068778991699e-01
3.008875846862792969e-01
1.389499157667160034e-01
3.450573980808258057e-01
1.207668259739875793e-01
1.044348835945129395e+00
3.757053613662719727e-02
5.444210767745971680e-01
9.175293445587158203e-01
7.778359055519104004e-01
1.054875969886779785e+00
4.246677756309509277e-01
1.549513936042785645e-01
9.603267312049865723e-01
2.875236988067626953e+00
5.835035443305969238e-01
3.762678802013397217e-01
8.559127449989318848e-01
3.538633882999420166e-02
3.957562446594238281e-01
3.683583810925483704e-02
9.417483806610107422e-01
3.240588009357452393e-01
4.797882586717605591e-02
0.000000000000000000e+00
6.756775379180908203e-01
1.055108666419982910e+00
0.000000000000000000e+00
4.836368560791015625e-01
8.881681561470031738e-01
0.000000000000000000e+00
9.572486393153667450e-03
3.813027637079358101e-03
9.861587285995483398e-01
0.000000000000000000e+00
7.055280804634094238e-01
3.272329866886138916e-01
0.000000000000000000e+00
1.064750671386718750e+00
1.739039719104766846e-01
4.177361428737640381e-01
4.382878914475440979e-02
1.341741561889648438e+00
6.251779198646545410e-02
2.101599425077438354e-02
2.305397540330886841e-01
5.273372679948806763e-02
2.331687510013580322e-01
3.291464745998382568e-01
8.587756156921386719e-01
9.856598377227783203e-01
2.662060260772705078e-01
2.799075283110141754e-02
2.188660353422164917e-01
3.561461567878723145e-01
4.946860373020172119e-01
9.996245503425598145e-01
7.315719127655029297e-02
2.129638046026229858e-01
1.203716993331909180e-01
2.372937500476837158e-01
7.150973081588745117e-01
4.207963049411773682e-01
1.981031149625778198e-02
3.454985022544860840e-01
3.805260062217712402e-01
1.488179922103881836e+00
9.931698441505432129e-01
1.421069502830505371e-01
0.000000000000000000e+00
6.247665882110595703e-01
1.924688339233398438e+00
2.975662648677825928e-01
1.980145648121833801e-02
1.323713660240173340e+00
1.798540949821472168e-01
4.158993065357208252e-01
7.254152297973632812e-01
2.419755309820175171e-01
1.977784872055053711e+00
1.699933528900146484e+00
7.795993089675903320e-01
0.000000000000000000e+00
2.912723226472735405e-03
8.015227317810058594e-02
1.928539723157882690e-01
2.326977252960205078e-01
7.095651626586914062e-01
3.438074588775634766e+00
9.414690136909484863e-01
7.869155406951904297e-01
5.624043941497802734e-01
6.391830444335937500e-01
7.936111837625503540e-02
5.972661823034286499e-02
1.766466051340103149e-01
6.941426992416381836e-01
1.907369792461395264e-01
3.729047477245330811e-01
3.410564363002777100e-01
5.967979431152343750e-01
8.986867615021765232e-04
5.427786111831665039e-01
4.538466036319732666e-01
1.923085302114486694e-01
6.423162221908569336e-01
4.603960737586021423e-02
3.776845335960388184e-01
4.064829349517822266e-01
6.005106568336486816e-01
0.000000000000000000e+00
1.278766751289367676e+00
5.521864891052246094e-01
1.509987831115722656e+00
7.669708728790283203e-01
1.740783005952835083e-01
1.950306743383407593e-01
1.524361371994018555e-01
3.685596883296966553e-01
5.049035549163818359e-01
2.327670007944107056e-01
2.697253525257110596e-01
1.874724745750427246e+00
5.505996942520141602e-01
0.000000000000000000e+00
8.299982547760009766e-02
7.853731513023376465e-02
5.578038692474365234e-01
1.708751320838928223e+00
0.000000000000000000e+00
0.000000000000000000e+00
7.945877313613891602e-01
6.026127338409423828e-01
6.477473676204681396e-02
1.408384084701538086e+00
0.000000000000000000e+00
4.514185786247253418e-01
9.508237242698669434e-01
2.838566899299621582e-02
6.140923500061035156e-01
2.393926143646240234e+00
3.223037004470825195e+00
2.720749238505959511e-03
7.107562571763992310e-02
9.544079899787902832e-01
1.952719390392303467e-01
6.579566597938537598e-01
2.434878051280975342e-01
1.126902326941490173e-01
8.742015361785888672e-01
7.906998395919799805e-01
1.072853684425354004e+00
8.140257000923156738e-01
8.226609230041503906e-01
4.058740139007568359e-01
1.164567112922668457e+00
2.275986433029174805e+00
2.464999556541442871e-01
1.310878545045852661e-01
2.317923754453659058e-01
4.567886590957641602e-01
1.547501683235168457e-01
6.348362565040588379e-02
7.760240435600280762e-01
7.796096801757812500e-01
1.335707187652587891e+00
8.405716419219970703e-01
3.567891597747802734e+00
5.745398402214050293e-01
2.453460693359375000e+00
4.888905957341194153e-02
1.197715401649475098e+00
1.132827177643775940e-01
1.371102213859558105e+00
1.409273594617843628e-01
2.649623453617095947e-01
6.178658008575439453e-01
8.640282601118087769e-02
0.000000000000000000e+00
3.120805978775024414e+00
9.432817995548248291e-02
1.944676935672760010e-01
5.959936231374740601e-02
9.154255390167236328e-01
1.681146621704101562e+00
1.372084617614746094e-01
1.586749911308288574e+00
5.155230760574340820e-01
1.436318755149841309e-01
2.419262677431106567e-01
1.238144874572753906e+00
2.774169743061065674e-01
5.256686732172966003e-02
4.979184269905090332e-01
4.516044557094573975e-01
4.213626496493816376e-03
1.342794179916381836e+00
1.807412028312683105e+00
3.027876019477844238e-01
1.033390760421752930e+00
8.573983907699584961e-01
1.173179388046264648e+00
2.070400863885879517e-01
6.215143483132123947e-03
2.214459776878356934e-01
1.312302052974700928e-01
2.714228332042694092e-01
2.538637816905975342e-01
6.151031851768493652e-01
1.492878235876560211e-02
1.379508227109909058e-01
2.185861468315124512e-01
1.339867711067199707e+00
1.685274541378021240e-01
3.398300334811210632e-02
7.131673097610473633e-01
1.824573427438735962e-01
9.551835060119628906e-01
2.436093091964721680e-01
1.721729934215545654e-01
8.797153830528259277e-01
1.915972493588924408e-02
3.828018531203269958e-02
2.028560191392898560e-01
3.401601687073707581e-02
1.039018630981445312e+00
3.700229898095130920e-02
1.805519104003906250e+00
6.875729560852050781e-01
9.003936052322387695e-01
4.393142089247703552e-02
0.000000000000000000e+00
5.163847655057907104e-02
1.321837902069091797e-01
1.125795468688011169e-01
1.259829521179199219e+00
5.134928971529006958e-02
2.242116071283817291e-02
3.651215434074401855e-01
2.509892731904983521e-02
6.209116429090499878e-02
0.000000000000000000e+00
0.000000000000000000e+00
2.614408731460571289e-01
1.419774256646633148e-03
2.868848562240600586e+00
5.150334537029266357e-02
7.934392094612121582e-01
8.559694513678550720e-03
1.009998202323913574e+00
5.874421000480651855e-01
9.909199476242065430e-01
1.668959408998489380e-01
4.998162761330604553e-02
2.016244977712631226e-01
4.525329545140266418e-02
5.128931999206542969e-01
3.214624151587486267e-02
5.626852512359619141e-01
1.514053791761398315e-01
7.688163518905639648e-01
1.771517276763916016e+00
4.154399037361145020e-01
1.211966872215270996e+00
3.008451163768768311e-01
5.485849082469940186e-02
6.116620898246765137e-01
2.038447707891464233e-01
2.184366434812545776e-01
4.358236789703369141e-01
1.196912527084350586e+00
3.431608378887176514e-01
0.000000000000000000e+00
2.102705687284469604e-01
8.488559126853942871e-01
1.679585576057434082e-01
1.708594411611557007e-01
1.289717435836791992e+00
5.472711324691772461e-01
6.317529082298278809e-01
2.287804894149303436e-02
1.156460762023925781e+00
