1.472555249929428101e-01
2.889249324798583984e-01
1.514020282775163651e-02
2.442361116409301758e+00
1.774250119924545288e-01
3.403136506676673889e-02
3.812624812126159668e-01
4.243221580982208252e-01
3.391659498214721680e+00
1.381873011589050293e+00
4.309026151895523071e-02
3.502190113067626953e-01
2.042444944381713867e-01
0.000000000000000000e+00
3.964798152446746826e-01
9.280588030815124512e-01
1.667407453060150146e-01
7.857436537742614746e-01
1.482152789831161499e-01
1.689683198928833008e+00
0.000000000000000000e+00
0.000000000000000000e+00
1.367138773202896118e-01
3.134160116314888000e-02
2.143098115921020508e-01
3.316115140914916992e-01
9.807733446359634399e-02
1.470254808664321899e-01
5.250393748283386230e-01
6.290196906775236130e-03
3.847577795386314392e-02
3.981272131204605103e-02
8.285545110702514648e-01
1.159255132079124451e-01
1.438939809799194336e+00
1.154683947563171387e+00
4.609834030270576477e-02
6.640413403511047363e-01
3.890563547611236572e-02
3.513680994510650635e-01
9.951613843441009521e-03
1.099860742688179016e-01
1.479954868555068970e-01
7.145050168037414551e-01
6.305751856416463852e-03
0.000000000000000000e+00
8.038156628608703613e-01
5.033020377159118652e-01
8.240489363670349121e-01
1.122188210487365723e+00
1.018686033785343170e-02
1.752760887145996094e+00
8.444331288337707520e-01
2.437528520822525024e-01
9.188397526741027832e-01
9.053046703338623047e-01
5.552943795919418335e-02
0.000000000000000000e+00
2.355895489454269409e-01
3.165579140186309814e-01
3.628036737442016602e+00
4.769890755414962769e-02
7.408184409141540527e-01
7.948725670576095581e-02
2.969212830066680908e-02
1.122598648071289062e-01
5.016259551048278809e-01
9.807676821947097778e-02
8.150058984756469727e-02
1.727328076958656311e-02
4.815480411052703857e-01
2.423564195632934570e+00
3.103203177452087402e-01
0.000000000000000000e+00
8.890665769577026367e-01
2.214694954454898834e-02
3.911581635475158691e-01
2.939986884593963623e-01
3.774568066000938416e-02
0.000000000000000000e+00
7.335265278816223145e-01
3.718109428882598877e-02
2.099741064012050629e-02
2.028539478778839111e-01
1.002316945232450962e-03
4.302385821938514709e-02
9.900518506765365601e-02
7.174213230609893799e-02
1.994213610887527466e-01
7.982223033905029297e-01
5.098603963851928711e-01
1.238070055842399597e-01
5.169270560145378113e-02
0.000000000000000000e+00
9.382133930921554565e-02
0.000000000000000000e+00
2.510169520974159241e-02
1.120894849300384521e-01
6.617171764373779297e-01
8.963454365730285645e-01
8.734159171581268311e-02
6.223292946815490723e-01
4.021963477134704590e-01
4.344606995582580566e-01
0.000000000000000000e+00
9.504492878913879395e-01
1.237737312912940979e-01
2.965902686119079590e-01
4.481499642133712769e-02
1.996704339981079102e-01
4.126202464103698730e-01
2.935353815555572510e-01
1.659007370471954346e-01
4.702549278736114502e-01
1.934073492884635925e-02
0.000000000000000000e+00
3.518573343753814697e-01
1.304202824831008911e-01
2.804006449878215790e-02
9.681289196014404297e-01
6.681616604328155518e-02
2.242055833339691162e-01
3.816184103488922119e-01
1.108311340212821960e-01
2.355222940444946289e+00
6.852835416793823242e-02
1.506564140319824219e+00
5.514826625585556030e-02
2.931858762167394161e-04
1.625542528927326202e-02
5.564136803150177002e-02
1.347222447395324707e+00
1.225475221872329712e-02
3.161800205707550049e-01
2.180307358503341675e-01
2.509258314967155457e-02
1.498399674892425537e-01
5.677651986479759216e-02
6.119933724403381348e-01
2.024175822734832764e-01
1.020180702209472656e+00
0.000000000000000000e+00
2.340744733810424805e+00
1.590586185455322266e+00
1.752499580383300781e+00
7.808417826890945435e-02
2.073825299739837646e-01
6.484325230121612549e-02
9.015362858772277832e-01
1.170433163642883301e-01
2.367062419652938843e-01
2.857841253280639648e-01
2.893989905714988708e-03
8.585644885897636414e-03
4.316147863864898682e-01
2.368782879784703255e-03
1.191438660025596619e-01
2.274442613124847412e-01
0.000000000000000000e+00
6.603488326072692871e-02
5.294023752212524414e-01
1.371096253395080566e+00
2.493830770254135132e-02
5.512615665793418884e-02
1.053811013698577881e-01
7.799667119979858398e-01
4.763503000140190125e-02
0.000000000000000000e+00
1.465393066406250000e+00
4.196429252624511719e-01
6.231855154037475586e-01
7.949494123458862305e-01
1.858911991119384766e+00
6.003934144973754883e-01
3.007494509220123291e-01
0.000000000000000000e+00
4.055329039692878723e-02
7.564800325781106949e-03
0.000000000000000000e+00
1.239256002008914948e-02
9.202908724546432495e-02
5.092715024948120117e-01
2.096995525062084198e-02
5.690599679946899414e-01
2.108989804983139038e-01
1.911219120025634766e+00
4.927907586097717285e-01
6.202189624309539795e-02
2.584514915943145752e-01
2.737991511821746826e-01
8.108592592179775238e-03
2.549225389957427979e-01
9.351942688226699829e-02
4.822877347469329834e-01
1.396278589963912964e-01
9.720813035964965820e-01
4.680122714489698410e-03
1.361914038658142090e+00
4.259992241859436035e-01
4.799826815724372864e-02
8.039168715476989746e-01
2.829314768314361572e-01
3.972225189208984375e-01
1.709470897912979126e-01
7.434868067502975464e-02
1.101970076560974121e+00
0.000000000000000000e+00
1.015651002526283264e-01
0.000000000000000000e+00
0.000000000000000000e+00
1.444376111030578613e-01
1.958168745040893555e-01
6.543249636888504028e-02
2.176866680383682251e-01
4.216674342751502991e-02
5.084404349327087402e-01
3.230805695056915283e-02
5.437158048152923584e-02
0.000000000000000000e+00
2.194899559020996094e+00
7.613965868949890137e-01
6.957225501537322998e-03
1.961098551750183105e+00
2.370265960693359375e+00
2.081861644983291626e-01
5.063055083155632019e-02
6.782826781272888184e-01
2.353398650884628296e-01
0.000000000000000000e+00
4.700216650962829590e-02
0.000000000000000000e+00
7.814577817916870117e-01
2.128933817148208618e-01
3.217616677284240723e-02
1.466927528381347656e-01
2.346618026494979858e-01
3.149002790451049805e-01
1.265593022108078003e-01
8.395438641309738159e-02
2.667395956814289093e-02
3.533603847026824951e-01
1.025368422269821167e-01
3.725403686985373497e-03
2.721520662307739258e+00
1.730186305940151215e-02
8.660384267568588257e-02
1.449930816888809204e-01
6.543645262718200684e-01
8.484927238896489143e-04
2.431804873049259186e-02
1.157950609922409058e-02
4.015186056494712830e-02
1.409332305192947388e-01
5.331555753946304321e-02
3.434279700741171837e-03
3.732256591320037842e-02
1.064572930335998535e+00
7.670462876558303833e-02
5.106357932090759277e-01
2.488289400935173035e-02
4.451094269752502441e-01
0.000000000000000000e+00
1.031575277447700500e-01
3.554309904575347900e-01
1.672647237777709961e+00
4.856185913085937500e-01
1.207214444875717163e-01
1.163112521171569824e+00
5.543226599693298340e-01
1.027438759803771973e+00
2.414736896753311157e-02
5.134661793708801270e-01
2.752272486686706543e-01
1.319958448410034180e+00
2.474517077207565308e-01
1.724480390548706055e-01
0.000000000000000000e+00
1.538940519094467163e-01
1.396996974945068359e+00
1.749878525733947754e-01
1.283300518989562988e-01
3.401649300940334797e-04
6.793928891420364380e-02
5.121711492538452148e-01
0.000000000000000000e+00
3.609323203563690186e-01
2.248537689447402954e-01
2.128778994083404541e-01
1.752263605594635010e-01
3.465141057968139648e-01
6.619438529014587402e-01
4.202840849757194519e-02
1.159151673316955566e+00
3.391717374324798584e-02
0.000000000000000000e+00
1.471416354179382324e-01
3.980451226234436035e-01
2.517883777618408203e-01
9.876839071512222290e-02
3.247397541999816895e-01
3.098592460155487061e-01
8.978101611137390137e-01
1.414558850228786469e-02
1.130895223468542099e-02
0.000000000000000000e+00
2.150678448379039764e-02
1.956562101840972900e-01
1.970942854881286621e+00
2.941837906837463379e-01
1.434331685304641724e-01
1.074408963322639465e-01
8.230593800544738770e-01
3.811628324910998344e-03
4.670248890761286020e-04
2.207784056663513184e-01
1.501739472150802612e-01
1.759688377380371094e+00
5.054238438606262207e-01
1.195427961647510529e-02
2.985091209411621094e-01
0.000000000000000000e+00
0.000000000000000000e+00
3.321378529071807861e-01
1.526992321014404297e-01
1.013068780303001404e-01
9.821703433990478516e-01
8.282809257507324219e-01
8.140043914318084717e-02
8.061914145946502686e-02
1.134150266647338867e+00
4.439777880907058716e-02
2.061104536056518555e+00
2.401196062564849854e-01
2.825766503810882568e-01
8.303642868995666504e-01
2.914211153984069824e-01
5.230777263641357422e-01
9.799604117870330811e-02
7.244700938463211060e-02
1.738344788551330566e+00
3.447286784648895264e-01
2.706704661250114441e-02
2.503747045993804932e-01
4.044677615165710449e-01
3.310958445072174072e-01
4.763419926166534424e-01
0.000000000000000000e+00
3.757805109024047852e+00
1.757327318191528320e-01
6.566069275140762329e-02
1.901723742485046387e-01
4.345436114817857742e-03
2.213767319917678833e-01
0.000000000000000000e+00
1.885551400482654572e-02
9.387636557221412659e-03
1.149330511689186096e-01
0.000000000000000000e+00
7.096681743860244751e-02
1.004051566123962402e-01
0.000000000000000000e+00
1.448834221810102463e-02
5.099478960037231445e-01
0.000000000000000000e+00
0.000000000000000000e+00
1.035531684756278992e-01
1.148048400878906250e+00
2.280831634998321533e-01
1.221235319972038269e-01
1.355980150401592255e-02
1.170883536338806152e+00
2.347822338342666626e-01
0.000000000000000000e+00
9.203598499298095703e-01
4.689362645149230957e-01
1.274620652198791504e+00
7.295513898134231567e-02
4.539866931736469269e-03
2.374057292938232422e+00
1.439612150192260742e+00
7.905888557434082031e-01
2.459271550178527832e-01
1.094748497009277344e+00
8.212150931358337402e-01
2.474838942289352417e-01
5.544357895851135254e-01
0.000000000000000000e+00
1.296306550502777100e-01
1.569623351097106934e-01
2.265983633697032928e-02
2.311814308166503906e+00
1.286652833223342896e-01
0.000000000000000000e+00
1.518958359956741333e-01
1.551120728254318237e-01
1.353816747665405273e+00
1.868222951889038086e+00
2.208406448364257812e+00
2.516084350645542145e-02
3.447111696004867554e-02
2.829116582870483398e-01
4.695462882518768311e-01
8.462068624794483185e-03
1.566362500190734863e+00
1.078132838010787964e-01
4.511939883232116699e-01
2.214208543300628662e-01
1.157522439956665039e+00
3.265732824802398682e-01
1.968647092580795288e-01
5.318058729171752930e-01
1.410377621650695801e-01
5.889465566724538803e-03
0.000000000000000000e+00
3.122026622295379639e-01
5.339433550834655762e-01
4.122571349143981934e-01
1.315942108631134033e-01
0.000000000000000000e+00
1.543466448783874512e-01
1.539358794689178467e-01
1.086357235908508301e+00
2.777685411274433136e-02
0.000000000000000000e+00
1.785922795534133911e-01
3.149247169494628906e-01
1.634062290191650391e+00
4.621340427547693253e-03
1.305438131093978882e-01
5.956166386604309082e-01
6.013705730438232422e-01
4.012375324964523315e-02
1.123387292027473450e-01
3.689351081848144531e-01
2.090426236391067505e-01
1.357841491699218750e-01
6.982805579900741577e-02
0.000000000000000000e+00
6.569777149707078934e-03
4.823104478418827057e-03
1.428905576467514038e-01
1.269098818302154541e-01
0.000000000000000000e+00
1.160966604948043823e-01
2.585380971431732178e-01
1.530158877372741699e+00
3.639035522937774658e-01
0.000000000000000000e+00
4.406921565532684326e-03
8.102338761091232300e-03
0.000000000000000000e+00
7.009383440017700195e-01
3.373492360115051270e-01
1.799510836601257324e+00
8.507554233074188232e-02
4.034892916679382324e-01
0.000000000000000000e+00
0.000000000000000000e+00
7.148832082748413086e-01
1.129984855651855469e-03
3.618417978286743164e-01
3.659718632698059082e-01
0.000000000000000000e+00
1.297100186347961426e-01
7.992800474166870117e-01
1.390403151512145996e+00
4.157127812504768372e-02
8.942332267761230469e-01
0.000000000000000000e+00
6.684264540672302246e-02
1.881541013717651367e-01
3.607408761978149414e+00
0.000000000000000000e+00
3.264983296394348145e-01
6.111410856246948242e-01
2.910349667072296143e-01
1.457302719354629517e-01
1.187887392006814480e-03
7.078089714050292969e-01
3.037362098693847656e-01
1.388297136873006821e-02
1.892046183347702026e-01
1.816317677497863770e+00
1.324475049972534180e+00
2.027445316314697266e+00
0.000000000000000000e+00
0.000000000000000000e+00
6.296982765197753906e-01
1.027811691164970398e-01
1.426496952772140503e-01
7.743698079138994217e-03
1.311983019113540649e-01
1.571931391954421997e-01
1.131485104560852051e-01
2.404906153678894043e-01
9.605373740196228027e-01
4.469552338123321533e-01
2.227239012718200684e-01
1.424471735954284668e-01
4.334574192762374878e-02
2.263053506612777710e-02
1.009523794054985046e-01
3.979552909731864929e-02
0.000000000000000000e+00
5.787512063980102539e-01
8.997577428817749023e-02
3.099005222320556641e-01
4.302582889795303345e-02
7.421900331974029541e-02
5.864682197570800781e-01
8.692444562911987305e-01
9.138000011444091797e-02
2.187539450824260712e-02
1.771832227706909180e+00
1.334988474845886230e+00
1.019038781523704529e-01
1.045647621154785156e+00
1.119668006896972656e+00
5.017706751823425293e-01
3.849353268742561340e-02
1.657468965277075768e-03
6.728236079216003418e-01
9.717554450035095215e-01
2.623488664627075195e+00
5.869835149496793747e-03
2.232188463211059570e+00
1.728390157222747803e-02
9.816172719001770020e-01
2.314805388450622559e-01
5.594226121902465820e-01
1.262287020683288574e+00
1.789457678794860840e+00
8.940333873033523560e-02
2.618415653705596924e-01
6.406629681587219238e-01
0.000000000000000000e+00
3.337762132287025452e-02
2.897966802120208740e-01
3.616018891334533691e-01
1.115502417087554932e-02
0.000000000000000000e+00
7.429557442665100098e-01
0.000000000000000000e+00
4.557502567768096924e-01
8.557841181755065918e-02
3.093207068741321564e-02
4.606328487396240234e+00
4.643373191356658936e-01
2.789962589740753174e-01
2.404040247201919556e-01
0.000000000000000000e+00
3.619888052344322205e-02
6.120857596397399902e-02
2.820798894390463829e-03
5.842560529708862305e-01
4.096891582012176514e-01
2.788219228386878967e-02
1.696902327239513397e-02
4.848579168319702148e-01
2.246783673763275146e-01
1.073882937431335449e+00
8.297707885503768921e-02
8.227387070655822754e-01
1.895651966333389282e-01
3.552192449569702148e-01
3.453235924243927002e-01
6.183462589979171753e-02
0.000000000000000000e+00
0.000000000000000000e+00
5.669505000114440918e-01
4.689002931118011475e-01
1.002112030982971191e-01
3.610698580741882324e-01
6.633957624435424805e-01
6.996365785598754883e-01
4.115813970565795898e-01
0.000000000000000000e+00
2.854385673999786377e-01
2.858198992908000946e-02
0.000000000000000000e+00
2.429732354357838631e-03
4.870796110481023788e-03
1.124300900846719742e-02
3.399809598922729492e-01
0.000000000000000000e+00
1.325510442256927490e-01
0.000000000000000000e+00
4.157547056674957275e-01
3.763145208358764648e-01
7.023175954818725586e-01
3.359519541263580322e-01
4.923267066478729248e-01
3.257725387811660767e-02
8.957518637180328369e-02
2.384520024061203003e-01
1.224364936351776123e-01
7.424578070640563965e-02
3.436684608459472656e-01
3.205251097679138184e-01
6.865102052688598633e-02
1.236221432685852051e+00
1.328854709863662720e-01
1.910334639251232147e-02
2.972472429275512695e+00
1.023866653442382812e+00
1.687174104154109955e-02
7.111662533134222031e-03
0.000000000000000000e+00
8.656548708677291870e-02
2.147903591394424438e-01
4.306414425373077393e-01
2.913596928119659424e-01
1.851473003625869751e-01
1.166730403900146484e+00
4.354420006275177002e-01
6.974993348121643066e-01
7.329080998897552490e-02
0.000000000000000000e+00
2.748959541320800781e+00
2.968636453151702881e-01
7.642979174852371216e-02
2.887519598007202148e-01
1.340451687574386597e-01
9.694079309701919556e-02
1.443133056163787842e-01
1.817711740732192993e-01
1.371117774397134781e-02
4.934778809547424316e-01
3.796485066413879395e-01
9.932682514190673828e-01
3.431561589241027832e-01
1.779994368553161621e+00
2.501505136489868164e+00
2.013083845376968384e-01
1.040305197238922119e-01
1.308659184724092484e-02
1.225150972604751587e-01
4.134283363819122314e-01
7.710512280464172363e-01
5.191172286868095398e-02
3.463863730430603027e-01
6.277247667312622070e-01
4.161972045898437500e+00
0.000000000000000000e+00
1.575010657310485840e+00
1.060513686388731003e-02
6.460276842117309570e-01
0.000000000000000000e+00
2.809696435928344727e+00
6.353028863668441772e-02
5.516235828399658203e-01
0.000000000000000000e+00
6.269772052764892578e-01
1.838785290718078613e+00
3.120342269539833069e-02
3.777759894728660583e-02
1.025714755058288574e+00
1.660226285457611084e-01
0.000000000000000000e+00
3.107143342494964600e-01
3.475561141967773438e+00
2.637324333190917969e-01
6.743061542510986328e-01
9.055089950561523438e-01
5.799756050109863281e-01
5.049081891775131226e-02
8.002062439918518066e-01
6.379405967891216278e-03
6.031358838081359863e-01
6.873347610235214233e-02
6.781284464523196220e-04
4.516346156597137451e-01
0.000000000000000000e+00
2.360156536102294922e+00
1.807563304901123047e-01
5.928605794906616211e-01
4.582085907459259033e-01
6.408038735389709473e-02
3.074695169925689697e-01
3.729401528835296631e-01
0.000000000000000000e+00
2.687998581677675247e-03
6.166649237275123596e-02
3.172557950019836426e-01
1.434755086898803711e+00
5.030284523963928223e-01
3.883454203605651855e-01
2.080879919230937958e-02
0.000000000000000000e+00
1.117662489414215088e-01
5.776777267456054688e-01
1.450120806694030762e-01
2.056807465851306915e-02
5.085308849811553955e-02
0.000000000000000000e+00
0.000000000000000000e+00
4.393848478794097900e-01
1.962902694940567017e-01
6.820892542600631714e-02
0.000000000000000000e+00
6.549995541572570801e-01
2.042950987815856934e-01
2.954735755920410156e-01
0.000000000000000000e+00
2.232882194221019745e-02
0.000000000000000000e+00
0.000000000000000000e+00
5.571969668380916119e-04
8.393514752388000488e-01
4.570545256137847900e-01
5.427751317620277405e-02
7.627411931753158569e-02
1.465559005737304688e-01
3.276074826717376709e-01
3.217567205429077148e-01
5.992064997553825378e-02
0.000000000000000000e+00
8.744217753410339355e-01
1.589090377092361450e-01
4.316671192646026611e-01
2.640654565766453743e-03
9.200581349432468414e-03
9.322620183229446411e-02
3.002997040748596191e-01
1.592613101005554199e+00
3.237241208553314209e-01
8.748219162225723267e-02
2.821467816829681396e-01
1.076686978340148926e+00
2.961567230522632599e-02
4.425067901611328125e-01
5.166203379631042480e-01
2.378639727830886841e-01
2.542680203914642334e-01
0.000000000000000000e+00
2.200388908386230469e-02
3.359899157658219337e-03
3.673851460916921496e-05
1.038924306631088257e-01
0.000000000000000000e+00
3.873000860214233398e+00
1.417720317840576172e-01
7.676739245653152466e-02
8.480742573738098145e-02
1.111773133277893066e+00
0.000000000000000000e+00
9.437440335750579834e-02
2.759249687194824219e+00
1.047217994928359985e-01
7.103276252746582031e-01
1.900367811322212219e-02
1.512422114610671997e-01
3.730026483535766602e-01
5.308047533035278320e-01
1.906169392168521881e-02
7.885843515396118164e-01
0.000000000000000000e+00
0.000000000000000000e+00
4.380186498165130615e-01
3.663389682769775391e-01
3.140417858958244324e-02
6.781961917877197266e-01
1.887351870536804199e-01
1.356188654899597168e-01
6.792815923690795898e-01
5.665764212608337402e-01
2.548809908330440521e-02
8.128927648067474365e-02
6.456499695777893066e-01
9.542915970087051392e-02
4.061231762170791626e-02
3.777188658714294434e-01
1.498503565788269043e+00
1.582951426506042480e+00
2.496917009353637695e+00
4.850186705589294434e-01
1.746738672256469727e+00
5.021439194679260254e-01
4.817380309104919434e-01
0.000000000000000000e+00
0.000000000000000000e+00
1.149585962295532227e+00
2.350690308958292007e-03
4.592888802289962769e-02
3.100023865699768066e-01
2.588525786995887756e-02
1.792040109634399414e+00
1.022174715995788574e+00
7.562795877456665039e-01
2.441221475601196289e-01
2.605220317840576172e+00
0.000000000000000000e+00
1.380590915679931641e+00
4.512210786342620850e-01
3.080332826357334852e-04
5.333580374717712402e-01
7.377216964960098267e-02
0.000000000000000000e+00
1.101889967918395996e+00
3.699394464492797852e-01
4.353421926498413086e-01
5.874648094177246094e-01
4.991001486778259277e-01
8.594483369961380959e-05
1.429071873426437378e-01
1.018565054982900620e-02
0.000000000000000000e+00
6.961860060691833496e-01
1.326659321784973145e+00
1.626745909452438354e-01
5.515415668487548828e-01
0.000000000000000000e+00
1.434599980711936951e-02
1.675652116537094116e-01
0.000000000000000000e+00
6.197350621223449707e-01
3.037510439753532410e-02
1.451883763074874878e-01
4.509852826595306396e-02
3.906799945980310440e-03
1.270439662039279938e-02
3.671611100435256958e-02
0.000000000000000000e+00
0.000000000000000000e+00
2.552748918533325195e-01
1.793148815631866455e-01
9.718278795480728149e-02
2.713322639465332031e-02
6.785458885133266449e-03
9.899721145629882812e-01
0.000000000000000000e+00
4.800164327025413513e-02
3.480222225189208984e-01
1.983546614646911621e+00
4.146169424057006836e-01
1.886521130800247192e-01
1.180924177169799805e+00
9.057106971740722656e-01
2.632630616426467896e-02
2.051827907562255859e-01
1.669157266616821289e+00
3.157865285873413086e+00
3.353982269763946533e-01
3.994444385170936584e-02
9.701294451951980591e-02
3.461685180664062500e-01
1.447297483682632446e-01
4.201897680759429932e-01
3.618916869163513184e-01
4.326480925083160400e-01
2.302553970366716385e-03
0.000000000000000000e+00
4.002639651298522949e-01
5.656294059008359909e-03
0.000000000000000000e+00
2.821547389030456543e-01
6.859196424484252930e-01
0.000000000000000000e+00
6.155798435211181641e-01
0.000000000000000000e+00
0.000000000000000000e+00
2.047821730375289917e-01
2.444437593221664429e-01
3.174581527709960938e-01
5.996090769767761230e-01
4.371417164802551270e-01
2.333299256861209869e-02
5.158751606941223145e-01
1.126242280006408691e-01
1.134817004203796387e+00
4.589592665433883667e-02
2.064998745918273926e-01
2.617798745632171631e-01
3.263102173805236816e-01
7.431445270776748657e-02
0.000000000000000000e+00
4.597288668155670166e-01
5.097900032997131348e-01
5.229804515838623047e-01
6.215349435806274414e-01
0.000000000000000000e+00
3.889281302690505981e-02
0.000000000000000000e+00
8.063913136720657349e-02
5.198186039924621582e-01
8.723683357238769531e-01
1.138640522956848145e+00
1.319694668054580688e-01
4.228806495666503906e-01
2.049960941076278687e-02
9.621354937553405762e-01
1.381148695945739746e-01
5.199022293090820312e-01
1.861886978149414062e-01
9.462185949087142944e-02
3.912595510482788086e-01
1.303951621055603027e+00
2.406653314828872681e-01
2.588879317045211792e-03
6.123433113098144531e-01
4.026549160480499268e-01
2.008799761533737183e-01
0.000000000000000000e+00
1.283282693475484848e-02
1.392165757715702057e-02
2.091182708740234375e+00
7.091059684753417969e-01
3.537100553512573242e-01
0.000000000000000000e+00
9.620379656553268433e-02
8.208178915083408356e-03
5.212466418743133545e-02
7.468778640031814575e-02
4.823965728282928467e-01
3.105041086673736572e-01
0.000000000000000000e+00
6.344452500343322754e-01
0.000000000000000000e+00
0.000000000000000000e+00
9.651681035757064819e-02
1.214699633419513702e-02
1.612716466188430786e-01
8.406276814639568329e-03
4.427507221698760986e-01
6.703776717185974121e-01
9.703019857406616211e-01
7.148532867431640625e+00
6.865810751914978027e-01
1.405623555183410645e-01
2.158974669873714447e-02
8.715905994176864624e-02
3.650160878896713257e-02
2.203353941440582275e-01
6.338077783584594727e-02
2.885732173919677734e+00
2.066120877861976624e-02
0.000000000000000000e+00
0.000000000000000000e+00
4.827903117984533310e-03
3.418862447142601013e-02
2.715712226927280426e-02
8.626489639282226562e-01
1.220825910568237305e-01
2.326581999659538269e-02
3.792853057384490967e-01
3.578916192054748535e-01
1.505288362503051758e+00
0.000000000000000000e+00
3.771295025944709778e-02
2.027689218521118164e-01
5.452325940132141113e-01
9.702206850051879883e-01
1.446372568607330322e-01
9.139100909233093262e-01
4.019504785537719727e-02
5.825519934296607971e-02
7.220413535833358765e-02
6.957061886787414551e-01
7.324319798499345779e-03
9.018569588661193848e-01
4.655086621642112732e-02
1.882483839988708496e+00
4.777435362339019775e-01
0.000000000000000000e+00
6.631578505039215088e-02
1.555633425712585449e+00
4.474940709769725800e-03
7.450181841850280762e-01
1.741368532180786133e+00
1.307152360677719116e-01
6.979594826698303223e-01
4.029305577278137207e-01
1.404067128896713257e-01
2.657771408557891846e-01
2.025850117206573486e-02
6.210120320320129395e-01
1.399583578109741211e+00
8.013384938240051270e-01
1.496307668276131153e-04
8.043482154607772827e-02
1.529101282358169556e-01
1.336208283901214600e-01
7.146985083818435669e-02
2.464483082294464111e-01
2.961039543151855469e-01
5.305330157279968262e-01
0.000000000000000000e+00
2.034220546483993530e-01
0.000000000000000000e+00
0.000000000000000000e+00
2.004715442657470703e+00
6.495967507362365723e-01
6.168812140822410583e-02
3.962978720664978027e-02
2.973995208740234375e-01
3.366415388882160187e-03
3.841775059700012207e-01
2.367608249187469482e-02
1.094937026500701904e-01
1.005681276321411133e+00
1.126845777034759521e-01
0.000000000000000000e+00
0.000000000000000000e+00
0.000000000000000000e+00
6.913312077522277832e-01
2.702389061450958252e-01
0.000000000000000000e+00
2.437116652727127075e-01
8.316791057586669922e-02
2.448056459426879883e+00
1.539674550294876099e-01
8.860711008310317993e-02
3.496033847332000732e-01
1.883348450064659119e-02
4.717248439788818359e+00
1.902410537004470825e-01
1.849612951278686523e+00
7.312360405921936035e-02
3.697021901607513428e-01
3.311957418918609619e-01
2.165023386478424072e-01
9.486285448074340820e-01
0.000000000000000000e+00
2.342972993850708008e+00
6.733821332454681396e-02
7.273064255714416504e-01
4.128818213939666748e-02
5.612401962280273438e-01
2.885273844003677368e-02
4.175512790679931641e-01
5.831552147865295410e-01
2.623772323131561279e-01
2.392097376286983490e-03
1.981167346239089966e-01
0.000000000000000000e+00
4.337986111640930176e-01
0.000000000000000000e+00
9.163609147071838379e-01
0.000000000000000000e+00
1.196567341685295105e-02
0.000000000000000000e+00
1.136684045195579529e-01
0.000000000000000000e+00
3.126912117004394531e-01
5.058768987655639648e-01
3.286578655242919922e+00
9.738435596227645874e-02
5.778741240501403809e-01
4.255824983119964600e-01
0.000000000000000000e+00
1.489514708518981934e-01
9.135824441909790039e-02
5.580715537071228027e-01
6.539582014083862305e-01
1.300844430923461914e+00
1.149078309535980225e-01
8.040754199028015137e-01
1.628075540065765381e-01
8.813610672950744629e-02
9.493873268365859985e-02
9.946943819522857666e-02
1.171925216913223267e-01
2.388685643672943115e-01
4.179228246212005615e-01
9.348821640014648438e-01
1.127806901931762695e-01
4.390884637832641602e-01
7.304432336241006851e-03
0.000000000000000000e+00
8.804481476545333862e-03
3.959066569805145264e-01
0.000000000000000000e+00
3.541294336318969727e+00
3.426418602466583252e-01
4.647543728351593018e-01
1.990356296300888062e-02
3.903541266918182373e-01
0.000000000000000000e+00
2.926152706146240234e+00
1.232618764042854309e-01
1.747889280319213867e+00
2.739716507494449615e-02
1.005723699927330017e-01
2.159404568374156952e-02
1.084819901734590530e-02
3.265578150749206543e-01
0.000000000000000000e+00
2.334334701299667358e-02
4.838516190648078918e-02
4.314749035984277725e-03
4.131300747394561768e-02
9.611771106719970703e-01
2.186141908168792725e-01
3.998731076717376709e-01
2.251418828964233398e-01
2.939716577529907227e-01
1.034512221813201904e-01
1.229395985603332520e+00
6.996603012084960938e-01
7.107373476028442383e-01
1.675001904368400574e-02
0.000000000000000000e+00
1.731432676315307617e-01
1.010981202125549316e-01
0.000000000000000000e+00
3.917871788144111633e-02
0.000000000000000000e+00
5.332934483885765076e-02
8.313497900962829590e-02
3.828117251396179199e-02
2.214554309844970703e+00
0.000000000000000000e+00
7.347001135349273682e-02
2.609782814979553223e-01
6.137806892395019531e+00
1.232137307524681091e-01
8.240620046854019165e-02
1.376510977745056152e+00
1.679977923631668091e-01
2.668324299156665802e-02
2.880961894989013672e-01
9.369028732180595398e-03
4.021245539188385010e-01
3.340231180191040039e-01
1.475699543952941895e+00
1.687165051698684692e-01
1.122754812240600586e+00
1.391878165304660797e-02
3.591556549072265625e-01
2.246089428663253784e-01
8.233302086591720581e-02
4.584717098623514175e-03
4.220092594623565674e-01
1.185116171836853027e-01
8.214209675788879395e-01
4.060155451297760010e-01
1.247578263282775879e+00
2.290737628936767578e+00
2.264514863491058350e-01
2.366187810897827148e+00
2.711233869194984436e-02
9.616729617118835449e-01
1.562808305025100708e-01
7.835568487644195557e-02
1.078033328056335449e+00
0.000000000000000000e+00
2.761744260787963867e-01
0.000000000000000000e+00
4.421632289886474609e+00
1.252931803464889526e-01
2.089203000068664551e-01
1.870813220739364624e-01
0.000000000000000000e+00
3.049041926860809326e-01
1.116280443966388702e-02
1.180466916412115097e-02
3.200951218605041504e-02
3.267963528633117676e-01
2.781997323036193848e-01
0.000000000000000000e+00
3.842023015022277832e-02
2.280095219612121582e-01
4.881561398506164551e-01
1.433277577161788940e-01
9.914587140083312988e-01
8.834666013717651367e-02
3.787938654422760010e-01
3.790230751037597656e-01
1.255027055740356445e-01
8.932259865105152130e-03
2.106934599578380585e-02
3.487399220466613770e-02
2.127746045589447021e-01
2.379861846566200256e-02
4.663940370082855225e-01
2.430927753448486328e-02
1.470831751823425293e+00
3.709217905998229980e-01
1.175255700945854187e-01
5.196949839591979980e-01
8.692858368158340454e-02
4.029900729656219482e-01
4.499598965048789978e-02
5.282585620880126953e-01
8.885833024978637695e-01
0.000000000000000000e+00
5.836936179548501968e-03
1.546380948275327682e-02
4.117218852043151855e-01
1.031079795211553574e-02
7.277503609657287598e-02
6.355926990509033203e-01
2.078581452369689941e-01
2.073834091424942017e-01
7.896347045898437500e-01
4.175173640251159668e-01
2.724077738821506500e-02
8.464192152023315430e-01
2.163864113390445709e-02
1.503597497940063477e-01
2.548406422138214111e-01
4.257537890225648880e-03
1.051120385527610779e-01
2.090079069137573242e+00
3.035332560539245605e-01
2.174507826566696167e-01
0.000000000000000000e+00
1.267710886895656586e-02
2.929911389946937561e-02
5.973773542791604996e-03
1.932317018508911133e-01
4.341012611985206604e-02
3.065203130245208740e-02
9.515431523323059082e-02
1.147567272186279297e+00
1.317710429430007935e-01
0.000000000000000000e+00
8.707357943058013916e-02
1.231825798749923706e-01
2.334304571151733398e+00
6.377972960472106934e-01
0.000000000000000000e+00
2.501602843403816223e-02
1.520155929028987885e-02
2.023525387048721313e-01
1.360781192779541016e-01
2.537925913929939270e-02
2.726564556360244751e-02
3.455913662910461426e-01
1.193273440003395081e-02
4.039136469364166260e-01
1.408745646476745605e-01
3.872453421354293823e-02
6.192830577492713928e-02
2.268195867538452148e+00
1.786494255065917969e-02
3.063191473484039307e-02
2.622539997100830078e-01
7.915110588073730469e-01
9.742245674133300781e-01
1.051696576178073883e-02
3.674046397209167480e-01
2.407110631465911865e-01
1.238549590110778809e+00
7.838516235351562500e-01
2.133159786462783813e-01
3.726024925708770752e-02
6.310274451971054077e-02
8.982585370540618896e-02
1.468666791915893555e-01
2.726058661937713623e-01
5.755731835961341858e-02
1.663689166307449341e-01
6.581280231475830078e-01
5.229030251502990723e-01
2.800080552697181702e-02
0.000000000000000000e+00
2.809568166732788086e+00
1.432671397924423218e-01
9.015192389488220215e-01
4.167948067188262939e-01
1.268027901649475098e+00
3.713107109069824219e-01
0.000000000000000000e+00
1.665184199810028076e-01
0.000000000000000000e+00
3.592101484537124634e-02
8.130290359258651733e-02
7.460367400199174881e-03
5.076511204242706299e-02
3.179394081234931946e-02
2.628036737442016602e-01
9.932827353477478027e-01
3.906548023223876953e-01
6.476618051528930664e-01
5.528622269630432129e-01
4.880582913756370544e-02
2.005940973758697510e-01
1.236542940139770508e+00
3.598329126834869385e-01
3.886504471302032471e-02
1.652076542377471924e-01
7.253257930278778076e-02
1.104030489921569824e+00
1.882553100585937500e-03
1.263177096843719482e-01
4.700881615281105042e-02
1.248036861419677734e+00
9.604031443595886230e-01
5.437679216265678406e-02
1.376315206289291382e-01
3.430611640214920044e-02
1.580510139465332031e+00
4.378584325313568115e-01
8.496321737766265869e-02
0.000000000000000000e+00
0.000000000000000000e+00
2.504600763320922852e+00
2.406395822763442993e-01
3.489197418093681335e-02
0.000000000000000000e+00
1.489346325397491455e-01
1.912646889686584473e+00
3.693086653947830200e-02
9.188566356897354126e-02
6.784523129463195801e-01
2.831799983978271484e-01
3.655736148357391357e-01
5.269902944564819336e-01
1.138869859278202057e-02
0.000000000000000000e+00
9.147588610649108887e-01
1.088208317756652832e+00
0.000000000000000000e+00
9.989552199840545654e-03
1.407458186149597168e-01
1.448996067047119141e+00
3.497236669063568115e-01
1.115556657314300537e-01
4.371364414691925049e-01
6.147306561470031738e-01
1.059078574180603027e+00
6.391581613570451736e-03
4.139507710933685303e-01
2.941496968269348145e-01
3.347110450267791748e-01
1.143038630485534668e+00
9.952658414840698242e-02
4.008563235402107239e-02
2.198468893766403198e-03
5.179663896560668945e-01
2.832889556884765625e-01
1.208468228578567505e-01
3.972515463829040527e-03
2.617438882589340210e-02
1.346448779106140137e+00
1.560628064908087254e-03
3.245319426059722900e-01
5.723580718040466309e-02
4.594339728355407715e-01
1.720709260553121567e-04
1.790243387222290039e+00
1.292519569396972656e+00
4.446695744991302490e-01
6.175746675580739975e-03
3.507757186889648438e+00
7.054486870765686035e-02
3.798682689666748047e-01
7.945719957351684570e-01
1.271712034940719604e-02
1.192212224006652832e+00
1.834225207567214966e-01
7.120584696531295776e-02
2.338079661130905151e-01
2.527490258216857910e-01
1.256829947233200073e-01
0.000000000000000000e+00
3.899040222167968750e-01
6.657956242561340332e-01
1.283125430345535278e-01
0.000000000000000000e+00
1.988622546195983887e-02
2.364592626690864563e-02
2.619259059429168701e-02
2.222471088171005249e-01
2.146833539009094238e-01
5.475202798843383789e-01
1.542154312133789062e+00
5.526938915252685547e+00
5.689923763275146484e-01
2.908861935138702393e-01
3.482696413993835449e-01
6.907404661178588867e-01
2.427047491073608398e+00
0.000000000000000000e+00
5.094602704048156738e-01
1.246775835752487183e-01
3.001747429370880127e-01
2.288144230842590332e-01
1.628927469253540039e+00
3.408149257302284241e-02
1.301600784063339233e-01
3.615607023239135742e-01
1.598172068595886230e+00
0.000000000000000000e+00
4.619073271751403809e-01
3.943538293242454529e-02
1.914728283882141113e-01
2.172083966434001923e-02
2.574777789413928986e-02
2.270938754081726074e-01
5.860634446144104004e-01
2.420240454375743866e-02
0.000000000000000000e+00
8.909985423088073730e-01
1.097606960684061050e-02
1.637025177478790283e-01
1.305193901062011719e+00
4.844969511032104492e-01
3.130077943205833435e-02
4.601171612739562988e-02
0.000000000000000000e+00
3.093844354152679443e-01
0.000000000000000000e+00
6.374022960662841797e-01
1.290838867425918579e-01
2.714929282665252686e-01
2.926399186253547668e-02
6.873436272144317627e-02
1.110727712512016296e-01
8.337748050689697266e-02
4.085737839341163635e-02
1.667485117912292480e+00
1.158534586429595947e-01
5.154342651367187500e-01
2.124767936766147614e-02
2.622823789715766907e-02
0.000000000000000000e+00
1.506490588188171387e+00
8.571894466876983643e-02
7.546341419219970703e-01
0.000000000000000000e+00
2.727217376232147217e-01
0.000000000000000000e+00
5.415875315666198730e-01
6.134878396987915039e-01
1.827884279191493988e-02
2.673823237419128418e-01
1.457408219575881958e-01
9.150497615337371826e-02
0.000000000000000000e+00
1.077767014503479004e-01
1.835771560668945312e+00
0.000000000000000000e+00
2.420631349086761475e-01
2.383557409048080444e-01
1.302511692047119141e-01
1.743644773960113525e-01
1.016266345977783203e+00
1.786404609680175781e+00
1.793096959590911865e-01
2.377908080816268921e-01
4.494804143905639648e-01
4.457897692918777466e-02
6.087872982025146484e-01
1.997685991227626801e-02
1.439004689455032349e-01
5.648457258939743042e-02
1.849465668201446533e-01
5.528779029846191406e-01
2.568882107734680176e-01
9.259201288223266602e-01
0.000000000000000000e+00
8.695467375218868256e-03
4.427281022071838379e-02
7.118074595928192139e-02
4.330245852470397949e-01
7.433038204908370972e-02
2.389868944883346558e-01
2.096832357347011566e-02
1.001976728439331055e-01
0.000000000000000000e+00
3.871694579720497131e-02
1.487010419368743896e-01
0.000000000000000000e+00
1.160416081547737122e-01
6.280482411384582520e-01
2.049465179443359375e-01
8.911314606666564941e-02
0.000000000000000000e+00
3.384375274181365967e-01
2.291595697402954102e+00
0.000000000000000000e+00
1.716696619987487793e-01
1.739783398807048798e-02
1.694638967514038086e+00
7.124506235122680664e-01
1.026451513171195984e-01
2.374994754791259766e-02
1.674768328666687012e-01
0.000000000000000000e+00
1.517698913812637329e-02
3.841930329799652100e-01
1.210949540138244629e+00
4.937817528843879700e-02
2.857501268386840820e+00
4.045505225658416748e-01
2.986787259578704834e-02
1.444442383944988251e-02
1.360477507114410400e-02
4.706112742424011230e-01
0.000000000000000000e+00
4.907601326704025269e-02
6.917597353458404541e-02
1.844918727874755859e-01
5.296126604080200195e-01
2.788101434707641602e+00
3.048683106899261475e-01
0.000000000000000000e+00
2.721031010150909424e-01
4.395365715026855469e+00
1.336301565170288086e+00
1.655981540679931641e-01
9.661375544965267181e-03
1.327819772996008396e-03
2.301093339920043945e-01
5.474673584103584290e-02
1.981960892677307129e+00
8.983218669891357422e-02
2.396373078227043152e-03
7.548910100013017654e-03
3.433293402194976807e-01
4.582227021455764771e-02
2.878461480140686035e-01
3.017684519290924072e-01
0.000000000000000000e+00
1.272303938865661621e+00
5.525403469800949097e-02
5.443636327981948853e-02
1.456186532974243164e+00
1.287716776132583618e-01
1.158276438713073730e+00
3.512414544820785522e-02
1.364521861076354980e+00
0.000000000000000000e+00
2.110403299331665039e+00
2.424219846725463867e+00
3.970167338848114014e-01
4.857697710394859314e-02
1.336491107940673828e-01
9.054979681968688965e-01
9.316642284393310547e-01
0.000000000000000000e+00
3.557720184326171875e+00
6.315845996141433716e-02
1.100544810295104980e+00
2.669733464717864990e-01
6.155052781105041504e-01
5.909371376037597656e-01
3.647520840167999268e-01
5.206507444381713867e-02
2.932222187519073486e-01
4.038043320178985596e-02
2.187278866767883301e-01
4.762644469738006592e-01
1.917414814233779907e-01
9.200209379196166992e-02
2.377523109316825867e-03
5.043912306427955627e-02
6.639282107353210449e-01
2.400693744421005249e-01
3.030138649046421051e-02
3.933706581592559814e-01
8.288433402776718140e-02
1.763388216495513916e-01
1.539902538061141968e-01
4.703401923179626465e-01
1.807984352111816406e+00
2.117172628641128540e-02
3.414751887321472168e-01
1.145459339022636414e-02
1.009133458137512207e+00
6.065254807472229004e-01
8.316985964775085449e-01
4.813678860664367676e-01
5.992244482040405273e-01
1.037060022354125977e+00
3.904039621353149414e+00
3.192200884222984314e-02
9.004800021648406982e-02
1.764738112688064575e-01
2.831156551837921143e-02
1.072200417518615723e+00
4.338089227676391602e-01
5.474692583084106445e-02
7.202394604682922363e-01
3.255054712295532227e+00
1.436916142702102661e-01
2.816244587302207947e-02
6.395252346992492676e-01
1.041259288787841797e+00
9.179924011230468750e+00
1.584816813468933105e+00
3.658477962017059326e-02
8.319856524467468262e-01
0.000000000000000000e+00
1.144804731011390686e-01
6.773107051849365234e-01
4.299752116203308105e-01
7.727290391921997070e-01
2.425118535757064819e-01
1.615476012229919434e-01
0.000000000000000000e+00
1.079000592231750488e+00
1.063821554183959961e+00
0.000000000000000000e+00
1.366659253835678101e-01
2.291130125522613525e-01
5.255965143442153931e-02
0.000000000000000000e+00
5.716891884803771973e-01
2.580262422561645508e-01
4.497593641281127930e-02
2.317325472831726074e-01
0.000000000000000000e+00
2.323460876941680908e-01
6.861616671085357666e-02
6.852253675460815430e-01
8.054474592208862305e-01
8.311616778373718262e-01
0.000000000000000000e+00
2.782755531370639801e-02
7.665952201932668686e-03
1.080404371023178101e-01
1.247758790850639343e-01
2.982749640941619873e-01
8.256207802332937717e-04
0.000000000000000000e+00
1.143762990832328796e-01
7.971722483634948730e-01
8.460629731416702271e-03
6.086438521742820740e-02
1.434294104576110840e+00
1.135330200195312500e-01
3.811291754245758057e-01
1.655102521181106567e-02
3.406692743301391602e-01
3.621804118156433105e-01
1.454666733741760254e+00
5.192939192056655884e-02
0.000000000000000000e+00
2.699167013168334961e+00
7.726347446441650391e-02
1.004298329353332520e+00
1.391304135322570801e+00
2.511029504239559174e-02
0.000000000000000000e+00
7.150449156761169434e-01
0.000000000000000000e+00
9.658651542849838734e-04
2.177997529506683350e-01
4.120866581797599792e-02
1.712560802698135376e-01
3.761849999427795410e-01
5.341942310333251953e-01
1.795708388090133667e-01
0.000000000000000000e+00
5.035693049430847168e-01
1.026577115058898926e+00
1.643902957439422607e-01
5.367550998926162720e-02
9.297668933868408203e-01
0.000000000000000000e+00
4.317957535386085510e-02
5.021736621856689453e-01
5.256273746490478516e-01
0.000000000000000000e+00
1.915927678346633911e-01
3.800762593746185303e-01
1.856180787086486816e+00
2.204586863517761230e-01
1.387891471385955811e-01
6.798664480447769165e-02
4.722193256020545959e-02
1.024359390139579773e-01
2.930278480052947998e-01
8.188158869743347168e-01
2.918072417378425598e-02
9.021600335836410522e-02
1.288598179817199707e+00
2.295128107070922852e-01
9.315617382526397705e-02
7.898449548520147800e-04
2.290578186511993408e-01
8.112965822219848633e-01
2.875336110591888428e-01
0.000000000000000000e+00
7.276621181517839432e-03
7.885050773620605469e-01
5.892179608345031738e-01
3.291511237621307373e-01
8.383113145828247070e-01
1.094528794288635254e+00
1.142638206481933594e+00
1.819968372583389282e-01
1.920977607369422913e-02
0.000000000000000000e+00
9.308438897132873535e-01
1.075630784034729004e-01
5.305834114551544189e-02
0.000000000000000000e+00
1.270611524581909180e+00
1.414045877754688263e-02
6.836906075477600098e-01
0.000000000000000000e+00
0.000000000000000000e+00
1.043007150292396545e-01
0.000000000000000000e+00
2.965497374534606934e-01
0.000000000000000000e+00
8.871657848358154297e-01
0.000000000000000000e+00
5.267235636711120605e-01
3.289425745606422424e-02
8.925977349281311035e-02
1.904023289680480957e-01
4.042503982782363892e-02
8.289876580238342285e-02
6.071459650993347168e-01
2.629079669713973999e-02
2.236709594726562500e-01
2.340650558471679688e+00
1.144403934478759766e+00
0.000000000000000000e+00
4.558817148208618164e-01
0.000000000000000000e+00
1.402284264564514160e+00
5.275938510894775391e-01
2.559444606304168701e-01
6.976738572120666504e-02
7.265690714120864868e-02
4.303447306156158447e-01
0.000000000000000000e+00
0.000000000000000000e+00
7.000225782394409180e-01
7.011399269104003906e-01
2.100420743227005005e-01
2.119724750518798828e-01
6.658349931240081787e-02
1.689582318067550659e-01
4.540939033031463623e-01
5.857005249708890915e-03
2.636532858014106750e-02
3.689937889575958252e-01
1.062048077583312988e+00
2.543089389801025391e-01
1.164579629898071289e+00
8.870522379875183105e-01
0.000000000000000000e+00
8.331785351037979126e-02
2.972657047212123871e-02
2.799384891986846924e-01
6.457223556935787201e-03
1.209661483764648438e+00
0.000000000000000000e+00
1.757248789072036743e-01
1.581073738634586334e-02
3.614599257707595825e-02
0.000000000000000000e+00
6.270740926265716553e-02
0.000000000000000000e+00
6.294780969619750977e-01
3.169466257095336914e-01
7.167370617389678955e-02
0.000000000000000000e+00
0.000000000000000000e+00
9.618151664733886719e+00
7.951171696186065674e-02
8.197257295250892639e-03
1.535512134432792664e-02
3.057424910366535187e-02
0.000000000000000000e+00
1.489286273717880249e-01
0.000000000000000000e+00
1.485289484262466431e-01
1.592725329101085663e-02
1.036379575729370117e+00
3.586152568459510803e-02
5.434516668319702148e-01
3.072575330734252930e-01
1.088661253452301025e-01
3.405497670173645020e-01
1.007459871470928192e-02
3.168560862541198730e-01
8.198943734169006348e-02
5.656712055206298828e-01
0.000000000000000000e+00
0.000000000000000000e+00
4.523932561278343201e-02
2.020514249801635742e+00
1.130455613136291504e+00
9.967679530382156372e-02
9.976727515459060669e-02
0.000000000000000000e+00
2.965195290744304657e-02
8.644378781318664551e-01
2.189465016126632690e-01
6.607978790998458862e-02
1.698016971349716187e-01
3.319525122642517090e-01
7.341872155666351318e-02
3.413206636905670166e-01
1.302253305912017822e-01
5.043117702007293701e-02
0.000000000000000000e+00
0.000000000000000000e+00
5.988513678312301636e-02
1.591409206390380859e+00
3.083047270774841309e-01
7.620829939842224121e-01
0.000000000000000000e+00
4.286235570907592773e-01
1.198025584220886230e+00
8.062662482261657715e-01
2.912316471338272095e-02
0.000000000000000000e+00
0.000000000000000000e+00
0.000000000000000000e+00
4.123501130379736423e-04
6.893719434738159180e-01
3.558197319507598877e-01
3.290174901485443115e-01
1.495213359594345093e-01
1.392376273870468140e-01
0.000000000000000000e+00
6.664426922798156738e-01
2.384292036294937134e-01
1.117527857422828674e-01
2.120848447084426880e-01
0.000000000000000000e+00
1.754829883575439453e-01
1.699580699205398560e-01
2.227092027664184570e+00
1.085862040519714355e+00
5.064340829849243164e-01
4.164294004440307617e-01
8.955110609531402588e-02
4.199143350124359131e-01
0.000000000000000000e+00
1.913952678442001343e-01
6.477039456367492676e-01
2.990275621414184570e-01
0.000000000000000000e+00
9.954774975776672363e-01
8.991993963718414307e-02
1.476810895837843418e-03
5.318875312805175781e-01
3.475449085235595703e-01
6.141414642333984375e-01
3.051999956369400024e-02
6.068901419639587402e-01
1.004158377647399902e+00
8.312653303146362305e-01
6.202626824378967285e-01
9.520141780376434326e-02
3.201339840888977051e-01
2.143968820571899414e+00
7.777707278728485107e-02
5.064658820629119873e-02
7.981687039136886597e-02
1.125041022896766663e-01
2.574128806591033936e-01
0.000000000000000000e+00
3.794147670269012451e-01
7.307413220405578613e-01
1.731639169156551361e-02
1.314614526927471161e-02
4.457154572010040283e-01
1.413933932781219482e-01
1.292209513485431671e-02
3.258606195449829102e-01
8.977605700492858887e-01
1.870236694812774658e-01
0.000000000000000000e+00
3.695848882198333740e-01
1.443465709686279297e+00
1.654144525527954102e-01
2.089561196044087410e-03
1.687006801366806030e-01
1.408662438392639160e+00
3.569364920258522034e-02
6.322220712900161743e-02
9.676925837993621826e-02
2.810013592243194580e-01
3.378486931324005127e-01
2.828507721424102783e-01
0.000000000000000000e+00
1.319169521331787109e+00
3.142642080783843994e-01
6.337622553110122681e-02
6.158175468444824219e-01
1.671943068504333496e+00
2.399545013904571533e-01
2.101786062121391296e-02
3.359259068965911865e-01
6.411632150411605835e-02
3.235417306423187256e-01
9.665613770484924316e-01
3.814658895134925842e-02
3.138564229011535645e-01
0.000000000000000000e+00
1.532218158245086670e-01
2.937105000019073486e-01
6.138110160827636719e-02
9.494988620281219482e-02
6.065099965780973434e-03
1.169967353343963623e-01
1.581926941871643066e-01
4.471679925918579102e-01
6.540965288877487183e-02
3.517570197582244873e-01
1.391641646623611450e-01
2.760886847972869873e-01
1.278911381959915161e-01
2.132413387298583984e-01
4.107427299022674561e-01
1.192897439002990723e+00
4.312287807464599609e+00
1.144899427890777588e-02
1.272300034761428833e-01
6.443052738904953003e-02
6.253237370401620865e-04
3.704700767993927002e-01
5.593901872634887695e-02
5.042775273323059082e-01
5.830428600311279297e-01
1.808718293905258179e-01
8.226179331541061401e-02
3.083527833223342896e-02
2.359520912170410156e+00
5.770598724484443665e-02
5.903488770127296448e-02
9.402621537446975708e-02
1.671113520860671997e-01
0.000000000000000000e+00
1.913741827011108398e-01
8.751725405454635620e-02
1.650828719139099121e-01
5.455363541841506958e-02
1.080067873001098633e+00
2.265112660825252533e-02
4.315985143184661865e-01
1.311481581069529057e-03
7.757306843996047974e-02
5.104689598083496094e-01
7.048583030700683594e-01
1.625537425279617310e-01
1.863146759569644928e-02
4.998962208628654480e-02
3.513649106025695801e-01
2.068288326263427734e-01
2.954444587230682373e-01
4.558300077915191650e-01
8.761699497699737549e-02
0.000000000000000000e+00
1.544570922851562500e+00
5.286939144134521484e-01
2.430987060070037842e-01
2.546356618404388428e-01
0.000000000000000000e+00
7.775012254714965820e-01
0.000000000000000000e+00
7.578039541840553284e-03
7.904557138681411743e-02
0.000000000000000000e+00
9.058095216751098633e-01
7.335349917411804199e-01
3.991644680500030518e-01
9.751259535551071167e-02
1.478064060211181641e-01
1.235711351037025452e-01
0.000000000000000000e+00
7.022051811218261719e-01
0.000000000000000000e+00
4.080646857619285583e-02
6.866422295570373535e-01
6.789288520812988281e-01
9.883338809013366699e-01
2.921569161117076874e-02
3.725859224796295166e-01
4.886090010404586792e-02
0.000000000000000000e+00
3.049972951412200928e-01
4.607561975717544556e-02
2.807694487273693085e-02
3.401154875755310059e-01
1.673624515533447266e-01
1.023866653442382812e+00
2.768767178058624268e-01
4.083761572837829590e-01
6.765747666358947754e-01
1.369533687829971313e-02
5.289797857403755188e-02
1.011196374893188477e-01
2.838286161422729492e-01
1.400936990976333618e-01
3.961630463600158691e-01
1.125946044921875000e-01
1.396376043558120728e-01
2.743968963623046875e-01
5.680583715438842773e-01
0.000000000000000000e+00
7.686029672622680664e-01
1.980474829673767090e+00
0.000000000000000000e+00
0.000000000000000000e+00
2.661541402339935303e-01
3.624733388423919678e-01
1.361205428838729858e-01
0.000000000000000000e+00
8.043170571327209473e-01
2.345163188874721527e-02
3.558311238884925842e-02
1.702203880995512009e-03
7.028983533382415771e-02
3.870411217212677002e-02
2.769182808697223663e-02
3.754257783293724060e-02
4.926556646823883057e-01
1.293385028839111328e-01
4.012105613946914673e-02
7.918160408735275269e-02
3.904683887958526611e-02
4.458992183208465576e-01
5.088805919513106346e-04
4.332935437560081482e-02
1.618459463119506836e+00
4.424274861812591553e-01
7.058106362819671631e-02
0.000000000000000000e+00
6.063186526298522949e-01
1.517486125230789185e-01
2.499230504035949707e-01
2.879842929542064667e-02
1.343190073966979980e-01
2.212118804454803467e-01
2.264432050287723541e-02
3.165152668952941895e-01
1.283980756998062134e-01
6.811543107032775879e-01
3.455156087875366211e-01
5.637162178754806519e-02
1.460678100585937500e+00
0.000000000000000000e+00
7.908243536949157715e-01
3.102529346942901611e-01
9.053298830986022949e-01
1.388699769973754883e+00
3.906610980629920959e-02
1.049126267433166504e+00
1.371619105339050293e+00
2.412995323538780212e-02
3.316757678985595703e-01
1.488927006721496582e-01
1.820577144622802734e+00
1.365267932415008545e-01
0.000000000000000000e+00
9.235498905181884766e-01
