1.037275716662406921e-01
2.425079345703125000e-01
3.742272555828094482e-01
1.467454075813293457e+00
1.368932127952575684e-01
3.343232154846191406e+00
2.432137876749038696e-01
0.000000000000000000e+00
8.383513689041137695e-01
5.512884616851806641e+00
4.996104240417480469e-01
4.580334126949310303e-01
1.980063691735267639e-02
4.575777649879455566e-01
3.481708094477653503e-02
7.157468795776367188e-01
1.197325438261032104e-02
7.005325704813003540e-02
4.001177549362182617e-01
3.373751342296600342e-01
5.228904485702514648e-01
0.000000000000000000e+00
0.000000000000000000e+00
3.228437621146440506e-03
4.081919491291046143e-01
9.380095601081848145e-01
8.415794372558593750e-02
9.492441415786743164e-01
2.101954817771911621e-01
0.000000000000000000e+00
2.130341827869415283e-01
1.245104055851697922e-02
1.353105902671813965e-01
6.106201559305191040e-02
1.276510357856750488e-01
1.491973400115966797e-01
7.176988758146762848e-03
1.787267476320266724e-01
1.524986773729324341e-01
1.686624996364116669e-02
1.487241238355636597e-01
5.185188651084899902e-01
5.142426863312721252e-02
1.361004710197448730e-01
3.799710795283317566e-02
3.966724127531051636e-02
1.733251265250146389e-03
3.053323030471801758e-01
3.297100067138671875e-01
2.052248418331146240e-01
1.485579013824462891e-01
2.030774205923080444e-01
0.000000000000000000e+00
1.765121459960937500e+00
2.932534813880920410e-01
5.621097087860107422e-01
3.740123808383941650e-01
1.087808310985565186e-01
2.652839422225952148e-01
5.131230950355529785e-01
1.954869508743286133e+00
3.338634967803955078e-01
4.093532264232635498e-01
2.396375872194766998e-02
5.494254231452941895e-01
2.269455194473266602e+00
5.899260938167572021e-02
3.934815898537635803e-02
7.542499154806137085e-02
1.773100048303604126e-01
7.369120121002197266e-01
5.796069502830505371e-01
9.228063225746154785e-01
6.605478525161743164e-01
2.008239030838012695e-01
7.662867307662963867e-01
6.953186392784118652e-01
5.723588168621063232e-02
1.355115771293640137e-01
0.000000000000000000e+00
2.400578022003173828e+00
7.428339123725891113e-01
3.163129389286041260e-01
3.204851448535919189e-01
2.645239830017089844e-01
3.305618092417716980e-02
1.318523101508617401e-02
4.147761315107345581e-02
5.751962661743164062e-01
1.915387868881225586e+00
2.433038204908370972e-01
4.867190837860107422e+00
1.614378690719604492e-01
0.000000000000000000e+00
1.791586756706237793e+00
0.000000000000000000e+00
4.427150636911392212e-02
2.599441111087799072e-01
3.144024312496185303e-01
1.868925929069519043e+00
1.000645995140075684e+00
6.040003299713134766e-01
6.804318428039550781e-01
1.491685152053833008e+00
8.486924171447753906e-01
5.929285660386085510e-02
0.000000000000000000e+00
2.194966226816177368e-01
0.000000000000000000e+00
3.565771341323852539e+00
1.918011456727981567e-01
1.677917361259460449e+00
1.401139236986637115e-02
1.003365635871887207e+00
7.517567873001098633e-01
0.000000000000000000e+00
2.100994586944580078e-01
4.865493252873420715e-02
6.595224142074584961e-01
1.789920181035995483e-01
3.493141531944274902e-01
2.126102924346923828e+00
1.022203788161277771e-01
1.426670253276824951e-01
1.872384399175643921e-01
1.926414966583251953e-01
1.302725076675415039e+00
3.688205778598785400e-01
1.802516728639602661e-02
1.616491675376892090e-01
9.613283276557922363e-01
2.708157598972320557e-01
5.247415229678153992e-02
1.260699510574340820e+00
2.736982405185699463e-01
1.076592803001403809e-01
0.000000000000000000e+00
2.947856485843658447e-01
7.823807001113891602e-01
3.269754722714424133e-02
2.732152305543422699e-02
1.309238791465759277e+00
2.634540796279907227e-01
2.418109476566314697e-01
2.178091108798980713e-01
1.055666357278823853e-01
2.127102762460708618e-01
0.000000000000000000e+00
2.284725308418273926e-01
1.241034746170043945e+00
5.138988792896270752e-02
4.740134775638580322e-01
2.139462083578109741e-01
3.767687380313873291e-01
1.593264639377593994e-01
4.175135120749473572e-02
1.600755378603935242e-03
3.097404837608337402e-01
7.744886726140975952e-02
2.611932158470153809e-01
5.086405873298645020e-01
1.370633393526077271e-01
8.361175423488020897e-04
0.000000000000000000e+00
1.775842785835266113e+00
1.347751975059509277e+00
9.098507463932037354e-03
0.000000000000000000e+00
9.443334341049194336e-01
2.109858840703964233e-01
3.166729211807250977e-01
1.443901006132364273e-02
3.641825675964355469e+00
0.000000000000000000e+00
4.208725988864898682e-01
4.489254355430603027e-01
2.689981162548065186e-01
0.000000000000000000e+00
6.504492759704589844e-01
3.274325430393218994e-01
7.131282091140747070e-01
0.000000000000000000e+00
1.409082859754562378e-01
4.728350639343261719e-01
1.224617883563041687e-01
1.155184507369995117e+00
3.370594084262847900e-01
7.462840676307678223e-01
5.989083647727966309e-02
3.271493613719940186e-01
8.707470446825027466e-02
1.833490282297134399e-01
3.167765736579895020e-01
1.235599219799041748e-01
0.000000000000000000e+00
4.223826527595520020e-01
2.514647543430328369e-01
3.725107610225677490e-01
9.757355451583862305e-01
1.448325663805007935e-01
3.103496134281158447e-01
2.077153474092483521e-01
9.988504648208618164e-01
4.774919748306274414e-01
2.177725546061992645e-02
7.840697765350341797e-01
3.552196621894836426e-01
1.966244935989379883e+00
0.000000000000000000e+00
5.005961060523986816e-01
3.468184545636177063e-02
7.248642295598983765e-02
1.713077902793884277e+00
3.264915645122528076e-01
1.452570080757141113e+00
2.220445498824119568e-02
4.913627207279205322e-01
1.355185389518737793e+00
2.493141889572143555e-01
6.704040765762329102e-01
1.093369498848915100e-01
9.640954434871673584e-02
2.505803346633911133e+00
1.376388072967529297e-01
9.847205877304077148e-02
1.295635938644409180e+00
4.540707468986511230e-01
1.600749790668487549e-01
1.072942733764648438e+00
5.899310708045959473e-01
2.084324508905410767e-01
4.826385155320167542e-02
2.113958835601806641e+00
9.289611130952835083e-03
4.607283324003219604e-02
1.034588292241096497e-01
8.954066038131713867e-02
3.374261558055877686e-01
0.000000000000000000e+00
0.000000000000000000e+00
1.744294464588165283e-01
0.000000000000000000e+00
1.375889172777533531e-03
7.983083277940750122e-02
2.087572813034057617e-01
1.068855524063110352e-01
1.939575076103210449e-01
8.322641998529434204e-02
0.000000000000000000e+00
2.342798709869384766e+00
1.457818895578384399e-01
1.746446043252944946e-01
2.858943045139312744e-01
3.240392506122589111e-01
7.140241563320159912e-02
3.616718351840972900e-01
7.009027153253555298e-02
1.427528858184814453e-01
7.683637738227844238e-01
4.528148472309112549e-01
6.235607862472534180e-01
2.100363492965698242e+00
1.350895047187805176e+00
0.000000000000000000e+00
8.388797938823699951e-02
3.545088768005371094e-01
9.846320748329162598e-02
0.000000000000000000e+00
1.903297007083892822e-02
8.195290565490722656e-01
5.163310468196868896e-02
1.434192210435867310e-01
3.531821817159652710e-02
1.324406117200851440e-01
7.012921571731567383e-01
1.547927498817443848e+00
5.716516375541687012e-01
1.306839138269424438e-01
5.572047233581542969e-01
6.349608767777681351e-03
8.309037983417510986e-02
1.571227669715881348e+00
4.263628274202346802e-02
2.362695038318634033e-01
3.868958353996276855e-01
3.943504691123962402e-01
0.000000000000000000e+00
7.444287091493606567e-02
1.327845335006713867e+00
1.286126375198364258e-01
1.933256089687347412e-01
6.778661012649536133e-01
0.000000000000000000e+00
5.403586626052856445e-01
1.621610075235366821e-01
0.000000000000000000e+00
3.383801579475402832e-01
1.989353299140930176e-01
1.959428042173385620e-01
2.452086359262466431e-01
1.674406826496124268e-01
1.072789549827575684e+00
5.080094933509826660e-01
0.000000000000000000e+00
2.685285359621047974e-02
2.024089694023132324e-01
1.126182198524475098e+00
2.115079909563064575e-01
7.102122902870178223e-02
6.985484361648559570e-01
9.949696063995361328e-02
4.822327196598052979e-02
0.000000000000000000e+00
4.343441501259803772e-02
9.860969781875610352e-01
1.973326206207275391e-01
1.697221100330352783e-01
8.197961747646331787e-02
0.000000000000000000e+00
1.460296213626861572e-01
6.350851617753505707e-03
0.000000000000000000e+00
6.703670024871826172e-01
3.744074106216430664e-01
1.798048019409179688e-01
1.007511690258979797e-01
1.441645473241806030e-01
8.913671970367431641e-02
2.570840716361999512e-02
1.056310057640075684e+00
4.070433378219604492e-01
1.004072189331054688e+00
0.000000000000000000e+00
3.723391294479370117e-01
1.805693984031677246e+00
9.909141063690185547e-02
5.082781892269849777e-03
6.713569164276123047e-01
2.248948998749256134e-02
2.356931716203689575e-01
2.909584343433380127e-01
2.465180493891239166e-02
5.807697027921676636e-02
1.251059621572494507e-01
5.683138966560363770e-02
0.000000000000000000e+00
0.000000000000000000e+00
1.607726931571960449e+00
5.723140239715576172e-01
1.238400116562843323e-02
1.087404370307922363e+00
2.465333193540573120e-01
5.830211043357849121e-01
2.340647578239440918e-01
3.138555958867073059e-02
1.033731549978256226e-01
0.000000000000000000e+00
1.733489148318767548e-02
0.000000000000000000e+00
5.348778367042541504e-01
6.206320226192474365e-02
3.821646273136138916e-01
6.776966452598571777e-01
2.519987523555755615e-01
0.000000000000000000e+00
3.058047220110893250e-02
1.047050118446350098e+00
6.132642626762390137e-01
3.439725637435913086e-01
1.466142833232879639e-01
5.210523605346679688e-01
1.729040294885635376e-01
3.428761381655931473e-03
1.118992567062377930e-01
1.916459202766418457e-01
2.143863141536712646e-01
3.697816655039787292e-02
6.818411406129598618e-03
2.983301579952239990e-01
6.863794922828674316e-01
7.953677773475646973e-01
2.391913890838623047e+00
0.000000000000000000e+00
6.188914552330970764e-02
4.717519283294677734e-01
2.057327516376972198e-02
0.000000000000000000e+00
2.643593028187751770e-02
1.350944042205810547e-01
4.312353208661079407e-02
2.081603765487670898e+00
5.799998044967651367e-01
1.816378720104694366e-02
4.752691984176635742e-01
2.833841443061828613e-01
1.342107200622558594e+01
2.658101543784141541e-02
2.264178730547428131e-02
5.809983238577842712e-03
1.826073974370956421e-02
8.752550184726715088e-02
3.695965111255645752e-01
5.313220620155334473e-02
1.895304918289184570e-01
5.794351547956466675e-02
6.006129384040832520e-01
8.670219033956527710e-02
1.747289896011352539e+00
2.252205610275268555e-01
3.353116512298583984e-01
7.936617732048034668e-01
1.296312808990478516e-01
5.953994393348693848e-02
0.000000000000000000e+00
1.590640246868133545e-01
0.000000000000000000e+00
2.226265370845794678e-01
6.904348731040954590e-02
0.000000000000000000e+00
1.847960233688354492e+00
0.000000000000000000e+00
2.450075149536132812e+00
2.977014780044555664e-01
4.633201751857995987e-03
1.069638580083847046e-01
2.273675799369812012e-02
1.871065258979797363e+00
5.615705847740173340e-01
2.048854589462280273e+00
6.553559303283691406e-01
1.249136686325073242e+00
7.687152028083801270e-01
4.405879974365234375e-01
7.225533127784729004e-01
7.968003046698868275e-04
9.109214693307876587e-02
6.000743508338928223e-01
1.861941516399383545e-01
1.750734746456146240e-01
3.370447456836700439e-01
4.414987564086914062e-02
3.489167392253875732e-01
0.000000000000000000e+00
2.849393486976623535e-01
4.794901609420776367e-01
3.779531642794609070e-02
4.262512624263763428e-01
1.099503785371780396e-01
1.683871746063232422e-01
1.130800470709800720e-01
1.096656322479248047e+00
1.608050167560577393e-01
1.296233981847763062e-01
1.652472853660583496e+00
4.649663567543029785e-01
1.993428230285644531e+00
1.621942780911922455e-02
2.549181282520294189e-01
4.845088720321655273e-01
0.000000000000000000e+00
2.129355818033218384e-02
3.420637175440788269e-02
8.608945459127426147e-02
2.567690312862396240e-01
9.104556590318679810e-02
4.095542430877685547e-01
1.117253005504608154e-01
0.000000000000000000e+00
1.042541861534118652e-01
2.006333112716674805e+00
1.161046743392944336e+00
1.534543991088867188e+00
1.603196859359741211e+00
1.701644659042358398e-01
2.043804675340652466e-01
2.653081893920898438e+00
4.129665493965148926e-01
1.816190630197525024e-01
1.125200033187866211e+00
1.621666550636291504e-02
2.618833780288696289e-01
2.020069658756256104e-01
2.195905894041061401e-01
6.810082197189331055e-01
1.615106582641601562e+00
7.524068653583526611e-02
1.457746177911758423e-01
1.157963201403617859e-01
6.569216847419738770e-01
3.518857806921005249e-02
3.495666169328615069e-05
0.000000000000000000e+00
4.992609620094299316e-01
4.938714206218719482e-01
5.066271126270294189e-02
7.483049631118774414e-01
5.981182456016540527e-01
3.714867830276489258e+00
4.771494269371032715e-01
6.069557070732116699e-01
5.418074727058410645e-01
2.537396922707557678e-02
3.433077335357666016e-01
0.000000000000000000e+00
3.096464574337005615e-01
1.812590360641479492e-01
8.182775974273681641e-02
1.041809991002082825e-01
2.983309328556060791e-01
8.767262101173400879e-02
6.761996150016784668e-01
4.340641200542449951e-02
5.108072161674499512e-01
1.455107182264328003e-01
4.233433604240417480e-01
4.822608456015586853e-02
2.488901853561401367e+00
9.690462946891784668e-01
1.529262900352478027e+00
2.749544382095336914e-01
3.157881498336791992e-01
2.834367565810680389e-02
2.263318598270416260e-01
1.772354125976562500e+00
5.731965973973274231e-02
1.331241726875305176e+00
7.879522442817687988e-02
3.388183116912841797e-01
2.973497100174427032e-02
1.637123711407184601e-02
3.120908141136169434e-01
8.884180784225463867e-01
2.315315157175064087e-01
0.000000000000000000e+00
1.170640513300895691e-01
5.259506404399871826e-02
4.230804145336151123e-01
1.826472580432891846e-02
0.000000000000000000e+00
8.275210261344909668e-01
3.576280176639556885e-01
3.371657431125640869e-01
0.000000000000000000e+00
6.514661014080047607e-02
7.314495444297790527e-01
1.404905766248703003e-01
6.649699211120605469e-01
0.000000000000000000e+00
7.747639715671539307e-02
7.380025088787078857e-02
0.000000000000000000e+00
9.853393770754337311e-03
2.704257667064666748e-01
0.000000000000000000e+00
2.364047765731811523e-01
9.860045909881591797e-01
1.098464846611022949e+00
3.136617597192525864e-03
5.042811036109924316e-01
4.958728849887847900e-01
6.798906922340393066e-01
1.115571334958076477e-01
7.071483135223388672e-01
5.009507536888122559e-01
1.995099186897277832e-01
1.744491234421730042e-02
3.397756814956665039e-02
0.000000000000000000e+00
2.048694901168346405e-02
5.498555675148963928e-02
4.790854156017303467e-01
1.014372229576110840e+00
4.188257828354835510e-02
1.134511590003967285e+00
1.977660179138183594e+00
2.051555067300796509e-01
3.637130558490753174e-01
8.148778975009918213e-02
1.835299283266067505e-02
5.622988194227218628e-02
7.007453441619873047e-01
1.190828979015350342e-01
3.773131594061851501e-02
3.914037346839904785e-01
0.000000000000000000e+00
1.690139412879943848e+00
3.235651925206184387e-02
8.679543137550354004e-01
9.118652343750000000e-01
9.272341616451740265e-03
3.822448849678039551e-01
6.480520367622375488e-01
5.268346518278121948e-03
5.858069658279418945e-01
9.912661314010620117e-01
2.781465053558349609e-01
3.779497742652893066e-01
1.729520797729492188e+00
5.639766454696655273e-01
5.890794992446899414e-01
1.518897265195846558e-01
4.597959294915199280e-02
1.216067001223564148e-01
2.192149639129638672e+00
3.002553619444370270e-02
1.285094022750854492e-01
0.000000000000000000e+00
1.432165224105119705e-02
3.982580080628395081e-02
1.071920394897460938e+00
5.951762199401855469e-01
1.789527088403701782e-01
1.010504007339477539e+00
1.807163119316101074e+00
1.371662259101867676e+00
2.972093820571899414e-01
1.853441476821899414e+00
1.209260076284408569e-01
2.686010301113128662e-01
1.329274415969848633e+00
1.476659655570983887e+00
1.224504038691520691e-01
1.746801473200321198e-02
6.979147195816040039e-01
2.997052669525146484e-01
3.113472163677215576e-01
8.720985800027847290e-02
6.007446050643920898e-01
3.752711415290832520e-01
1.598848253488540649e-01
1.154692053794860840e+00
2.991705238819122314e-01
2.585527181625366211e+00
0.000000000000000000e+00
3.511691093444824219e-01
1.073943916708230972e-02
3.102359920740127563e-02
7.355222105979919434e-01
1.143515348434448242e+00
0.000000000000000000e+00
3.314167261123657227e-02
5.383893847465515137e-02
2.682234048843383789e+00
3.284047842025756836e-01
1.696886658668518066e+00
1.874913573265075684e-01
3.653609380125999451e-02
3.495934605598449707e-02
1.514999747276306152e+00
4.895881414413452148e-01
4.261569082736968994e-01
0.000000000000000000e+00
1.588124513626098633e+00
1.204510211944580078e+00
1.533362716436386108e-01
8.903252482414245605e-01
6.398605704307556152e-01
8.859441429376602173e-02
2.564888894557952881e-01
8.451102972030639648e-01
1.534616112709045410e+00
4.173076525330543518e-02
2.881182670593261719e+00
2.617300748825073242e+00
4.174127429723739624e-02
2.944163978099822998e-02
2.723652720451354980e-01
1.365351825952529907e-01
2.037757933139801025e-01
3.770173788070678711e-01
1.599479466676712036e-01
7.137664556503295898e-01
2.266074270009994507e-01
1.574606448411941528e-01
7.366601824760437012e-01
1.966235339641571045e-01
1.558254957199096680e+00
3.154888376593589783e-02
0.000000000000000000e+00
3.018256723880767822e-01
2.143004909157752991e-02
9.489637613296508789e-02
1.008927449584007263e-02
2.430662810802459717e-01
4.865757375955581665e-02
1.446432918310165405e-01
1.133895158767700195e+00
0.000000000000000000e+00
7.348542660474777222e-02
4.993293806910514832e-02
7.665407061576843262e-01
2.235978469252586365e-02
1.004302594810724258e-02
4.852072298526763916e-01
1.737049072980880737e-01
8.603741973638534546e-02
1.311088446527719498e-02
1.157089546322822571e-01
4.270770847797393799e-01
1.444319635629653931e-01
7.829558849334716797e-01
4.499178528785705566e-01
5.781211704015731812e-02
5.362471565604209900e-04
6.050514802336692810e-02
1.463674455881118774e-01
6.949930638074874878e-02
0.000000000000000000e+00
1.951588541269302368e-01
8.441012501716613770e-01
0.000000000000000000e+00
5.391167011111974716e-03
0.000000000000000000e+00
1.032145857810974121e+00
7.723750472068786621e-01
6.367682665586471558e-02
1.534841656684875488e-01
6.952756047248840332e-01
1.230420097708702087e-01
2.227280288934707642e-03
7.999702543020248413e-02
3.531789779663085938e-02
1.043321192264556885e-01
1.371026784181594849e-01
1.428442955017089844e+00
1.900858730077743530e-01
9.184928983449935913e-02
5.935996174812316895e-01
1.481846272945404053e-01
4.374593496322631836e-02
5.740426108241081238e-02
2.684064507484436035e-01
3.676445484161376953e-01
5.045747384428977966e-02
4.005678743124008179e-02
6.775813549757003784e-02
2.070755809545516968e-01
2.910106815397739410e-02
0.000000000000000000e+00
2.905252277851104736e-01
2.284863591194152832e-01
1.833017766475677490e-01
3.193514794111251831e-02
2.002385258674621582e-01
5.841683745384216309e-01
9.211415797472000122e-02
5.868065054528415203e-04
2.195111751556396484e+00
0.000000000000000000e+00
7.812868952751159668e-01
9.980011582374572754e-01
3.300819918513298035e-02
2.907015979290008545e-01
3.436863422393798828e-01
4.652310311794281006e-01
2.015998065471649170e-01
4.260266199707984924e-02
6.719709932804107666e-02
5.602276325225830078e-01
2.377825260162353516e+00
1.332104112952947617e-02
1.812133789062500000e-01
8.388090133666992188e-02
1.751856058835983276e-01
7.261587381362915039e-01
1.450583636760711670e-01
2.278294041752815247e-02
1.703260391950607300e-01
2.661291658878326416e-01
1.552382946014404297e+00
1.797635257244110107e-01
5.132816731929779053e-02
4.838093221187591553e-01
1.805796325206756592e-01
1.842943727970123291e-01
3.516716361045837402e-01
7.182986736297607422e-01
7.579484954476356506e-03
2.531197071075439453e+00
5.223105661571025848e-03
6.802883744239807129e-02
4.034069832414388657e-03
0.000000000000000000e+00
1.250048995018005371e+00
6.527512073516845703e-01
4.251840412616729736e-01
5.158443935215473175e-03
0.000000000000000000e+00
1.286472797393798828e+00
1.060941934585571289e+00
1.162968724966049194e-01
0.000000000000000000e+00
2.979509830474853516e-01
1.400258839130401611e-01
0.000000000000000000e+00
4.803690910339355469e-01
1.857360452413558960e-02
0.000000000000000000e+00
1.077064752578735352e+00
6.650283336639404297e-01
1.267538428306579590e+00
5.536707639694213867e-01
7.016547322273254395e-01
2.435487695038318634e-02
4.838090538978576660e-01
4.958211630582809448e-02
7.896632701158523560e-02
4.528229713439941406e+00
3.853130638599395752e-01
0.000000000000000000e+00
1.128859639167785645e+00
1.473865658044815063e-01
1.796230077743530273e-01
1.684932261705398560e-01
2.221120893955230713e-02
1.878731608390808105e+00
4.622332155704498291e-01
1.490766648203134537e-02
1.242282763123512268e-01
1.250193268060684204e-01
1.047496557235717773e+00
4.801857285201549530e-03
2.446140944957733154e-01
1.403675824403762817e-01
2.479106485843658447e-01
1.025871708989143372e-01
5.282578617334365845e-02
0.000000000000000000e+00
4.663391411304473877e-02
4.356324970722198486e-01
1.139628961682319641e-01
0.000000000000000000e+00
8.146646432578563690e-03
4.868903383612632751e-02
2.933491170406341553e-01
0.000000000000000000e+00
2.535301685333251953e+00
0.000000000000000000e+00
2.015296220779418945e-01
6.340090930461883545e-02
1.359357357025146484e+00
2.641620337963104248e-01
1.400649696588516235e-01
0.000000000000000000e+00
4.749625176191329956e-02
1.228781700134277344e+00
2.741509377956390381e-01
6.429124474525451660e-01
1.353837400674819946e-01
5.517067313194274902e-01
4.948484003543853760e-01
0.000000000000000000e+00
3.206820785999298096e-01
1.285759925842285156e+00
4.206891357898712158e-01
3.909814655780792236e-01
1.857714354991912842e-01
1.139064505696296692e-01
1.434459537267684937e-01
2.008471637964248657e-02
3.559895092621445656e-03
2.185238301753997803e-01
1.669218242168426514e-01
9.882990717887878418e-01
2.612235769629478455e-02
6.011604070663452148e-01
2.900167554616928101e-02
1.988058239221572876e-01
0.000000000000000000e+00
3.335794210433959961e+00
3.336410224437713623e-01
8.398680686950683594e-01
5.655828714370727539e-01
1.321649830788373947e-02
1.820758730173110962e-01
1.012567132711410522e-01
3.199006617069244385e-01
0.000000000000000000e+00
5.085175037384033203e-01
6.436939835548400879e-01
9.501361250877380371e-01
0.000000000000000000e+00
4.973511695861816406e-01
1.400851458311080933e-01
1.938277333974838257e-01
2.176575660705566406e+00
5.875736474990844727e-02
1.738034486770629883e-01
9.497624635696411133e-01
1.795355677604675293e-01
1.130213022232055664e+00
1.783530041575431824e-02
1.723123073577880859e+00
7.856967858970165253e-03
8.737121820449829102e-01
7.593253850936889648e-01
3.631517887115478516e-01
3.200324773788452148e+00
3.954254388809204102e-01
1.402446180582046509e-01
1.293340027332305908e-01
4.596619680523872375e-02
5.164946988224983215e-02
3.959264159202575684e-01
4.923053383827209473e-01
7.396652698516845703e-01
1.532579183578491211e+00
1.068681955337524414e+00
4.488229751586914062e-02
9.591937996447086334e-03
1.743511855602264404e-02
7.769357562065124512e-01
1.024676579982042313e-02
9.929015301167964935e-03
4.426980018615722656e-01
1.954238163307309151e-03
2.135794162750244141e-01
1.062970235943794250e-02
0.000000000000000000e+00
5.051182508468627930e-01
1.565479338169097900e-01
3.233340382575988770e-01
3.148641288280487061e-01
3.853915929794311523e-01
4.617610871791839600e-01
8.213649392127990723e-01
4.633627235889434814e-01
0.000000000000000000e+00
4.485846683382987976e-02
2.540026418864727020e-02
8.975239843130111694e-02
0.000000000000000000e+00
9.626014828681945801e-01
1.061510562896728516e+00
6.510684490203857422e-01
1.484526842832565308e-01
5.245032310485839844e-01
2.730805054306983948e-02
3.852959573268890381e-01
7.847478389739990234e-01
1.484154760837554932e-01
5.568249225616455078e-01
1.042562484741210938e+00
1.051509454846382141e-01
4.815821647644042969e-01
0.000000000000000000e+00
4.187269136309623718e-03
4.420496225357055664e-01
2.272004261612892151e-03
6.310591101646423340e-02
1.558705717325210571e-01
1.424185752868652344e+00
3.738811314105987549e-01
4.072565436363220215e-01
9.932512044906616211e-02
8.079944252967834473e-01
1.423577904701232910e+00
1.444744020700454712e-01
1.682558506727218628e-01
0.000000000000000000e+00
4.107069671154022217e-01
3.717949390411376953e-01
1.084887515753507614e-02
2.024709582328796387e-01
1.452624499797821045e-01
4.081394374370574951e-01
3.691790699958801270e-01
3.369212150573730469e-01
2.140316963195800781e+00
0.000000000000000000e+00
1.116046786308288574e+00
0.000000000000000000e+00
1.735857725143432617e-01
9.113889336585998535e-01
0.000000000000000000e+00
2.445917874574661255e-01
2.315747737884521484e+00
1.147261857986450195e-01
6.954917311668395996e-01
4.277106374502182007e-02
2.945594489574432373e-01
1.446010708808898926e+00
1.900464855134487152e-02
1.790451049804687500e+00
8.288227953016757965e-03
5.176309347152709961e-01
3.649659454822540283e-01
1.002099037170410156e+00
5.458719097077846527e-03
0.000000000000000000e+00
3.621049165725708008e+00
1.052506151609122753e-03
0.000000000000000000e+00
3.490990996360778809e-01
3.926892876625061035e-01
8.819242119789123535e-01
1.105272024869918823e-01
3.250232636928558350e-01
7.085935771465301514e-02
6.148560643196105957e-01
2.734054028987884521e-01
0.000000000000000000e+00
9.419320821762084961e-01
1.606964766979217529e-01
0.000000000000000000e+00
3.372811675071716309e-01
1.172417044639587402e+00
1.703289449214935303e-01
1.931652426719665527e-02
2.852382659912109375e-01
9.146211296319961548e-02
1.914924025535583496e+00
9.548830240964889526e-02
3.210080787539482117e-02
1.277897953987121582e+00
2.479809522628784180e-01
0.000000000000000000e+00
3.539905846118927002e-01
0.000000000000000000e+00
7.350999861955642700e-02
0.000000000000000000e+00
7.328261435031890869e-02
7.916079759597778320e-01
7.287337779998779297e-01
9.674609452486038208e-02
7.791475057601928711e-01
1.265350133180618286e-01
4.034289121627807617e-01
1.939610719680786133e+00
5.370851755142211914e-01
6.000624038279056549e-03
2.813808917999267578e-01
1.955199122428894043e+00
1.745581179857254028e-01
6.466999650001525879e-02
7.424383889883756638e-03
1.781342625617980957e-01
7.390868663787841797e-02
0.000000000000000000e+00
0.000000000000000000e+00
6.887694448232650757e-02
8.667784929275512695e-01
7.167287915945053101e-02
9.410787820816040039e-01
3.413864970207214355e-01
7.686818838119506836e-01
1.685667186975479126e-01
1.209650337696075439e-01
6.070286631584167480e-01
1.385604262351989746e+00
1.516792654991149902e+00
5.235347151756286621e-01
5.192093923687934875e-02
1.454115062952041626e-01
2.480191737413406372e-01
1.665403542574495077e-04
2.112580835819244385e-01
2.385880798101425171e-01
5.388451740145683289e-02
1.152039389126002789e-03
0.000000000000000000e+00
3.776739120483398438e+00
2.258586324751377106e-02
6.003777384757995605e-01
1.518807280808687210e-02
6.798361986875534058e-02
8.221828937530517578e-02
1.518366276286542416e-03
2.826400659978389740e-02
5.254838466644287109e-01
3.930068612098693848e-01
3.216009438037872314e-01
1.735574841499328613e+00
1.767106801271438599e-01
2.958746671676635742e+00
2.158656567335128784e-01
8.079340457916259766e-01
3.289923071861267090e-01
8.703206181526184082e-01
6.729625910520553589e-02
6.044865250587463379e-01
7.530688643455505371e-01
8.360302448272705078e-02
1.282337214797735214e-02
1.099634915590286255e-01
4.892142415046691895e-01
0.000000000000000000e+00
1.019605807960033417e-02
2.904918491840362549e-01
1.095368266105651855e-01
2.262013852596282959e-01
2.596207618713378906e+00
1.333111673593521118e-01
1.519881933927536011e-01
7.460815310478210449e-01
3.279589116573333740e-02
6.651072949171066284e-02
4.060036838054656982e-01
7.362055592238903046e-03
4.995830059051513672e-01
3.260455608367919922e+00
2.028771042823791504e-01
0.000000000000000000e+00
1.000884622335433960e-01
2.741413712501525879e-01
4.976217448711395264e-02
1.412411034107208252e-02
0.000000000000000000e+00
6.497494876384735107e-02
2.871343791484832764e-01
9.163964986801147461e-01
6.405324488878250122e-02
8.496563136577606201e-02
1.698410868644714355e+00
3.120054244995117188e+00
1.296009868383407593e-01
0.000000000000000000e+00
9.924042224884033203e-01
1.367079913616180420e-01
1.644777297973632812e+00
2.014987170696258545e-02
5.079944133758544922e-01
3.660069704055786133e-01
2.856117486953735352e-01
4.738299846649169922e-01
0.000000000000000000e+00
3.837490081787109375e-01
6.128737926483154297e-01
7.458781823515892029e-03
5.970170721411705017e-03
7.445584535598754883e-01
5.253441333770751953e-01
4.554315805435180664e-01
7.587724179029464722e-02
1.497028589248657227e+00
5.539437383413314819e-02
1.487786471843719482e-01
1.576080322265625000e+00
2.366610988974571228e-02
7.661704905331134796e-03
1.155325055122375488e+00
8.463324904441833496e-01
0.000000000000000000e+00
7.418730854988098145e-01
1.700370430946350098e+00
1.129999384284019470e-01
1.132623791694641113e+00
4.434347525238990784e-02
1.777212172746658325e-01
7.755622863769531250e-01
6.987943053245544434e-01
8.399508893489837646e-02
2.893693558871746063e-02
3.452244028449058533e-02
2.251581475138664246e-02
1.051867287606000900e-02
8.090462088584899902e-01
2.603641338646411896e-02
3.290922164916992188e+00
4.832341894507408142e-02
6.290441155433654785e-01
2.230244874954223633e-01
2.808252334594726562e+00
1.276721119880676270e+00
1.172972992062568665e-01
3.721453547477722168e-01
6.830796003341674805e-01
2.028401136398315430e+00
1.384394764900207520e-01
8.503369241952896118e-02
6.521704792976379395e-02
3.883427381515502930e-02
1.372624784708023071e-01
8.377245664596557617e-01
5.052755475044250488e-01
1.977925598621368408e-01
2.495714426040649414e-01
8.099795579910278320e-01
8.310111761093139648e-01
4.799024388194084167e-02
1.771227121353149414e-01
0.000000000000000000e+00
1.111723303794860840e+00
6.179356947541236877e-03
1.133996620774269104e-01
5.222922936081886292e-02
2.818699739873409271e-02
1.751037091016769409e-01
1.298202425241470337e-01
2.858754806220531464e-02
6.745506078004837036e-03
1.037066817283630371e+00
5.473816767334938049e-02
5.467999577522277832e-01
8.705203235149383545e-02
6.727614998817443848e-02
1.594063267111778259e-02
1.698803067207336426e+00
3.222547054290771484e+00
3.230573832988739014e-01
1.369207352399826050e-01
1.401278018951416016e+00
3.452095761895179749e-02
7.555242180824279785e-01
1.907401531934738159e-01
2.488740086555480957e-01
8.035819232463836670e-02
7.481141090393066406e-01
1.441209912300109863e-01
1.816765516996383667e-01
4.307339712977409363e-02
2.230279147624969482e-01
4.511146247386932373e-01
7.577448487281799316e-01
7.851845771074295044e-02
4.427452385425567627e-01
9.114143997430801392e-02
4.730391502380371094e-01
8.366568684577941895e-01
3.225431740283966064e-01
5.830928087234497070e-01
6.492909789085388184e-01
1.012445688247680664e+00
2.019276376813650131e-03
0.000000000000000000e+00
1.176969856023788452e-01
0.000000000000000000e+00
7.795720100402832031e-01
3.573487699031829834e-02
1.120104789733886719e+00
2.056446820497512817e-01
2.788927033543586731e-02
1.102183818817138672e+00
0.000000000000000000e+00
1.360831141471862793e+00
3.066824376583099365e-01
1.229708343744277954e-01
6.870122551918029785e-01
1.476251125335693359e+00
1.632307887077331543e+00
3.143062815070152283e-02
3.306171596050262451e-01
0.000000000000000000e+00
7.610232103615999222e-03
8.624214529991149902e-01
1.294578015804290771e-01
8.212956190109252930e-01
1.347445994615554810e-01
1.112273573875427246e+00
0.000000000000000000e+00
2.641340255737304688e+00
7.580421119928359985e-02
0.000000000000000000e+00
8.049446940422058105e-01
7.286471128463745117e-02
7.456387579441070557e-02
4.529036208987236023e-02
2.137969970703125000e+00
0.000000000000000000e+00
4.209505319595336914e-01
0.000000000000000000e+00
3.236441850662231445e+00
0.000000000000000000e+00
2.966176718473434448e-02
1.599505245685577393e-01
0.000000000000000000e+00
1.462035924196243286e-01
1.156224980950355530e-01
1.845270954072475433e-02
1.568961590528488159e-01
1.023887276649475098e+00
0.000000000000000000e+00
1.499046325683593750e+00
1.863149851560592651e-01
1.167890071868896484e+00
1.588080525398254395e+00
9.502939134836196899e-02
2.534444071352481842e-02
7.939355969429016113e-01
0.000000000000000000e+00
3.716126382350921631e-01
1.856167102232575417e-03
0.000000000000000000e+00
7.673705220222473145e-01
1.582331418991088867e+00
7.802087068557739258e-02
1.432682275772094727e-01
3.367491364479064941e-01
1.059720888733863831e-01
4.690944030880928040e-02
2.495063841342926025e-01
1.687767654657363892e-01
4.693112373352050781e-01
2.595627307891845703e-01
5.520722270011901855e-01
9.110215902328491211e-01
4.059174954891204834e-01
3.451355993747711182e-01
7.087655067443847656e+00
1.178680300712585449e+00
4.079440236091613770e-01
5.688932538032531738e-01
3.169179558753967285e-01
1.239716168493032455e-02
0.000000000000000000e+00
1.147296577692031860e-01
2.248173393309116364e-02
1.060059480369091034e-02
3.067246824502944946e-02
0.000000000000000000e+00
4.943932890892028809e-01
2.232472598552703857e-01
8.077133893966674805e-01
5.792098641395568848e-01
0.000000000000000000e+00
1.536834239959716797e-01
6.040675640106201172e-01
2.172839164733886719e+00
3.364011878147721291e-03
8.644802570343017578e-01
6.216719746589660645e-01
1.622704982757568359e+00
1.148157715797424316e+00
2.067045420408248901e-01
7.211176156997680664e-01
2.327369153499603271e-02
7.486745119094848633e-01
1.724794134497642517e-02
8.867690339684486389e-03
4.787651002407073975e-01
3.376379609107971191e-01
9.520655125379562378e-02
6.259071640670299530e-03
2.976589836180210114e-02
0.000000000000000000e+00
6.080816388130187988e-01
7.176962494850158691e-02
5.982199683785438538e-03
1.591295376420021057e-02
1.156943216919898987e-01
0.000000000000000000e+00
1.502191066741943359e+00
4.518347680568695068e-01
2.449555635452270508e+00
1.251147687435150146e-01
1.763450801372528076e-01
0.000000000000000000e+00
7.609824538230895996e-01
1.797911971807479858e-01
1.624387502670288086e-01
3.900616765022277832e-01
3.534541651606559753e-02
3.370721265673637390e-02
9.268286824226379395e-02
9.566196240484714508e-03
8.512163767591118813e-04
0.000000000000000000e+00
4.612648189067840576e-01
3.867356339469552040e-03
3.459963798522949219e+00
4.124206304550170898e-01
8.080103397369384766e-01
2.069661915302276611e-01
2.706068158149719238e-01
9.164201617240905762e-01
1.060845702886581421e-01
1.177945375442504883e+00
9.729407429695129395e-01
7.990290522575378418e-01
7.448374032974243164e-01
3.056810796260833740e-01
1.391376554965972900e-02
3.492025375366210938e+00
1.747493863105773926e+00
1.715800017118453979e-01
0.000000000000000000e+00
1.767987728118896484e+00
1.172300279140472412e-01
4.970928281545639038e-02
2.434106776490807533e-03
3.305224180221557617e-01
7.232765201479196548e-03
3.704995870590209961e+00
1.127751827239990234e+00
1.533822268247604370e-01
7.093796133995056152e-01
0.000000000000000000e+00
3.548547923564910889e-01
0.000000000000000000e+00
0.000000000000000000e+00
9.364004433155059814e-02
3.510402739048004150e-01
6.769915223121643066e-01
3.533311486244201660e-01
1.899500846862792969e+00
0.000000000000000000e+00
1.577538013458251953e+00
1.190471127629280090e-01
1.356932997703552246e+00
1.543125981697812676e-04
8.067003637552261353e-02
0.000000000000000000e+00
7.922797203063964844e-01
6.311476975679397583e-02
7.329302430152893066e-01
1.450437307357788086e-01
9.413220286369323730e-01
0.000000000000000000e+00
2.704538702964782715e-01
2.604008674621582031e+00
1.420012023299932480e-02
1.880744285881519318e-02
1.534562826156616211e+00
5.127912759780883789e-01
3.912049531936645508e-01
3.103879466652870178e-02
8.237324953079223633e-01
4.386634973343461752e-04
1.525682955980300903e-01
1.614416122436523438e+00
3.477926552295684814e-01
7.533219177275896072e-03
2.979136228561401367e+00
6.211487948894500732e-02
4.170631766319274902e-01
8.674718141555786133e-01
0.000000000000000000e+00
3.045564293861389160e-01
1.215547919273376465e+00
7.857725769281387329e-02
2.576918527483940125e-02
2.422202192246913910e-02
2.160778492689132690e-01
1.200541108846664429e-01
3.147671818733215332e-01
1.778658866882324219e+00
3.600134551525115967e-01
2.227879047393798828e+00
4.522621333599090576e-01
2.959223687648773193e-01
1.245733201503753662e-01
5.914542675018310547e-01
1.104375813156366348e-02
1.204921603202819824e-01
1.378149271011352539e+00
2.036790251731872559e-01
1.148393601179122925e-01
2.180651664733886719e+00
2.805354073643684387e-02
2.431417703628540039e-01
0.000000000000000000e+00
9.162534475326538086e-01
2.170155644416809082e-01
9.059361219406127930e-01
4.907081127166748047e+00
2.742861211299896240e-02
2.053506225347518921e-01
3.493627011775970459e-01
4.003546386957168579e-02
2.670142948627471924e-01
2.662599682807922363e-01
4.185032248497009277e-01
1.217426657676696777e+00
5.764101147651672363e-01
0.000000000000000000e+00
7.845180034637451172e-01
2.277956604957580566e-01
3.835735619068145752e-01
1.190702617168426514e-02
5.147131532430648804e-02
0.000000000000000000e+00
3.313754200935363770e-01
1.597603112459182739e-01
0.000000000000000000e+00
1.082263067364692688e-01
1.554273962974548340e+00
6.233574748039245605e-01
1.424218416213989258e-01
5.283527970314025879e-01
1.041320323944091797e+00
0.000000000000000000e+00
0.000000000000000000e+00
0.000000000000000000e+00
8.148580044507980347e-02
0.000000000000000000e+00
1.617474555969238281e+00
5.426918268203735352e-01
2.142331004142761230e-01
1.020809412002563477e-01
9.039913862943649292e-02
3.066056668758392334e-01
1.343818008899688721e-02
1.012927666306495667e-01
0.000000000000000000e+00
1.768745183944702148e-01
1.991498321294784546e-01
4.843094944953918457e-01
3.215737938880920410e-01
2.839049994945526123e-01
7.847043275833129883e-01
4.118956625461578369e-01
0.000000000000000000e+00
6.846871376037597656e-01
1.744127720594406128e-01
7.943499833345413208e-03
2.989841699600219727e-01
0.000000000000000000e+00
1.155199766159057617e+00
3.326548337936401367e-01
4.267421662807464600e-01
1.158188879489898682e-01
1.605457544326782227e+00
8.785764873027801514e-02
1.657017469406127930e+00
0.000000000000000000e+00
4.669956266880035400e-01
4.070281088352203369e-01
6.691980957984924316e-01
3.049676418304443359e-01
6.417048573493957520e-01
1.009306907653808594e+00
2.532350420951843262e-01
1.410546779632568359e+00
3.025081455707550049e-01
1.255936082452535629e-02
1.769894242286682129e+00
7.922192811965942383e-01
8.110729046165943146e-03
6.892160773277282715e-01
5.291295051574707031e-01
3.445668816566467285e-01
1.374570429325103760e-01
2.380357086658477783e-01
4.630507946014404297e+00
6.514593362808227539e-01
1.818672865629196167e-01
1.296407282352447510e-01
2.102863550186157227e+00
8.579483032226562500e-01
3.149411082267761230e-01
0.000000000000000000e+00
1.247249357402324677e-02
1.062190175056457520e+00
5.109126679599285126e-03
1.080192327499389648e+00
2.227430492639541626e-01
2.784391343593597412e-01
3.361838161945343018e-01
1.435240209102630615e-01
4.989028573036193848e-01
5.675727035850286484e-03
2.168680727481842041e-01
9.357720017433166504e-01
1.336042769253253937e-02
2.123195648193359375e+00
6.700825691223144531e-01
6.788578629493713379e-02
2.598710060119628906e-01
5.256027579307556152e-01
1.116420149803161621e+00
2.378441989421844482e-01
4.731622934341430664e-01
1.247890889644622803e-01
2.295273989439010620e-01
1.934289097785949707e+00
6.622365117073059082e-01
1.188425049185752869e-01
5.976890087127685547e+00
5.021479446440935135e-03
3.752226531505584717e-01
6.068801879882812500e-01
1.401147525757551193e-02
3.846229314804077148e-01
2.450147420167922974e-01
9.695041179656982422e-02
3.177449703216552734e-01
7.203204184770584106e-02
5.643112119287252426e-03
9.878423996269702911e-03
1.859999299049377441e-01
0.000000000000000000e+00
1.780704379081726074e+00
1.353916972875595093e-01
3.231804817914962769e-02
4.014382660388946533e-01
4.184353351593017578e-01
2.590355277061462402e-01
6.448163092136383057e-02
4.177822172641754150e-01
1.500131487846374512e-01
2.745864629745483398e+00
5.015294551849365234e-01
5.704074352979660034e-02
5.322632566094398499e-02
1.172466039657592773e+00
8.788035064935684204e-02
0.000000000000000000e+00
3.882051229476928711e+00
1.059907004237174988e-01
2.575946152210235596e-01
6.310397386550903320e-02
5.409431084990501404e-02
0.000000000000000000e+00
2.681071162223815918e-01
4.960424602031707764e-01
6.531362980604171753e-02
2.748602032661437988e-01
6.643816828727722168e-01
3.748964071273803711e-01
2.525464057922363281e+00
2.096758969128131866e-02
2.608330845832824707e-01
2.109080366790294647e-02
1.952094286680221558e-01
4.082758724689483643e-02
2.916119098663330078e+00
1.227218955755233765e-01
9.458125233650207520e-01
3.881152272224426270e-01
5.672222971916198730e-01
8.823281526565551758e-02
3.463302254676818848e-01
9.629741311073303223e-03
4.018963128328323364e-02
3.774823546409606934e-01
6.336943805217742920e-02
2.403867691755294800e-01
1.284717321395874023e-01
4.072958946228027344e+00
3.216561675071716309e-01
3.758625388145446777e-01
0.000000000000000000e+00
3.753842711448669434e-01
7.770693898200988770e-01
3.109494149684906006e-01
1.045818999409675598e-02
1.724993437528610229e-01
3.884558677673339844e-01
2.182384952902793884e-02
0.000000000000000000e+00
2.409743517637252808e-01
3.608143031597137451e-01
6.196925640106201172e-01
6.733841300010681152e-01
2.569025158882141113e-01
1.095006346702575684e+00
5.266002193093299866e-02
1.015627663582563400e-02
2.075621485710144043e-01
3.701156675815582275e-01
1.602962613105773926e-01
1.100469231605529785e+00
1.883403956890106201e-02
5.926684737205505371e-01
5.709336996078491211e-01
1.480391342192888260e-02
0.000000000000000000e+00
5.239943861961364746e-01
2.896746098995208740e-01
4.881467223167419434e-01
1.251113135367631912e-02
3.693800568580627441e-01
5.621749907732009888e-03
1.018024563789367676e+00
0.000000000000000000e+00
1.598199084401130676e-02
1.403521895408630371e-01
1.447516530752182007e-01
2.783637642860412598e-01
0.000000000000000000e+00
3.235885858535766602e+00
3.073798306286334991e-02
0.000000000000000000e+00
2.861456573009490967e-02
8.672940731048583984e-01
0.000000000000000000e+00
0.000000000000000000e+00
1.778846979141235352e-01
5.928590893745422363e-01
9.087864309549331665e-03
5.630331039428710938e-01
4.619766175746917725e-01
2.155063867568969727e+00
6.422041058540344238e-01
1.430718749761581421e-01
1.726983189582824707e-01
1.844055950641632080e-02
9.059978127479553223e-01
1.710086315870285034e-01
3.118498921394348145e-01
2.109928280115127563e-01
6.146677583456039429e-02
0.000000000000000000e+00
7.356824874877929688e-01
2.607454955577850342e-01
0.000000000000000000e+00
2.330811619758605957e-01
1.006840467453002930e+00
7.635202258825302124e-02
8.238016813993453979e-02
1.094455942511558533e-01
1.955458521842956543e-01
7.880742549896240234e-01
0.000000000000000000e+00
9.917392581701278687e-02
1.641403324902057648e-02
1.113759875297546387e-01
1.507105976343154907e-01
1.949389725923538208e-01
7.756365835666656494e-02
3.895187675952911377e-01
2.326398193836212158e-01
3.500634431838989258e-02
4.844105616211891174e-02
6.202321648597717285e-01
7.760152220726013184e-02
6.605831980705261230e-01
5.142583847045898438e-01
8.340212106704711914e-01
3.094671070575714111e-01
2.553437948226928711e-01
7.294868230819702148e-01
0.000000000000000000e+00
0.000000000000000000e+00
8.929417133331298828e-01
1.717741489410400391e+00
1.036625131964683533e-01
3.536526560783386230e-01
3.470188975334167480e-01
8.144637346267700195e-01
1.489187240600585938e+00
0.000000000000000000e+00
0.000000000000000000e+00
6.810954958200454712e-02
6.417602300643920898e-02
2.230875790119171143e-01
1.416130065917968750e+00
0.000000000000000000e+00
6.603268533945083618e-02
3.923696279525756836e-01
1.806464046239852905e-01
1.144533883780241013e-02
0.000000000000000000e+00
1.765552163124084473e+00
1.219413399696350098e+00
2.936429679393768311e-01
0.000000000000000000e+00
9.416214227676391602e-01
4.003993421792984009e-02
2.326716929674148560e-01
2.105688154697418213e-01
3.662321269512176514e-01
5.059589818120002747e-02
6.210690140724182129e-01
1.516706049442291260e-01
0.000000000000000000e+00
4.085780084133148193e-01
8.095106482505798340e-02
1.971998661756515503e-01
1.088754907250404358e-01
1.863657683134078979e-01
2.357715845108032227e+00
6.377416253089904785e-01
4.482429847121238708e-02
7.096272110939025879e-01
6.875105947256088257e-02
7.380300760269165039e-01
6.021832227706909180e-01
6.391071081161499023e-01
1.014547348022460938e-01
1.249486953020095825e-01
5.729750990867614746e-01
0.000000000000000000e+00
5.346361547708511353e-03
1.539372682571411133e+00
8.796187490224838257e-02
5.074362158775329590e-01
1.093638420104980469e+00
8.511782437562942505e-02
2.248293459415435791e-01
1.591933608055114746e+00
6.286793947219848633e-01
1.722781419754028320e+00
6.500143557786941528e-02
4.212979674339294434e-01
5.779716372489929199e-01
3.408984243869781494e-01
9.678426384925842285e-01
2.381518632173538208e-01
1.982937380671501160e-02
2.418378144502639771e-01
4.031128287315368652e-01
5.261953473091125488e-01
9.961114823818206787e-02
5.546864867210388184e-01
1.603574991226196289e+00
1.247290223836898804e-01
1.915478110313415527e+00
6.666342020034790039e-01
2.691487073898315430e-01
2.848191857337951660e-01
2.358275055885314941e-01
5.787742733955383301e-01
6.099355816841125488e-01
8.360763788223266602e-01
4.706237912178039551e-01
4.010798335075378418e-01
3.810177743434906006e-01
1.045858338475227356e-01
4.399491250514984131e-01
3.343929536640644073e-03
0.000000000000000000e+00
1.048968672752380371e+00
4.728103280067443848e-01
1.854556947946548462e-01
1.896739125251770020e+00
5.765253901481628418e-01
3.669817447662353516e-01
0.000000000000000000e+00
6.875230371952056885e-02
7.487188577651977539e-01
7.799180224537849426e-03
1.993702888488769531e+00
2.064114250242710114e-02
2.156621962785720825e-01
8.717392086982727051e-01
1.430600509047508240e-02
2.859915792942047119e-01
2.288600802421569824e-02
8.856060355901718140e-02
7.235807180404663086e-02
5.702792406082153320e-01
2.410604357719421387e-01
7.090439796447753906e-01
0.000000000000000000e+00
8.578639477491378784e-02
8.720478415489196777e-01
5.461883265525102615e-03
1.494351923465728760e-01
2.850485742092132568e-01
1.980800628662109375e-01
0.000000000000000000e+00
2.177722930908203125e+00
4.930773004889488220e-02
0.000000000000000000e+00
3.351187944412231445e+00
3.995542764663696289e+00
3.516076803207397461e-01
0.000000000000000000e+00
0.000000000000000000e+00
7.354191541671752930e-01
4.745427891612052917e-02
2.601396560668945312e+00
3.642064630985260010e-01
2.298353910446166992e+00
4.903651773929595947e-01
9.801564812660217285e-01
3.867928683757781982e-01
4.200843870639801025e-01
5.154181718826293945e-01
8.580655790865421295e-03
3.214605331420898438e+00
6.146897003054618835e-02
8.157819975167512894e-04
4.676381051540374756e-01
1.097910329699516296e-01
4.020796120166778564e-01
1.245707925409078598e-02
1.026832938194274902e+00
4.120162725448608398e-01
5.601737499237060547e-01
3.480191230773925781e-01
4.867189824581146240e-01
7.194268107414245605e-01
6.452224254608154297e-01
2.570304647088050842e-02
7.186377644538879395e-01
1.813727170228958130e-01
3.857711553573608398e-01
5.362723350524902344e+00
2.507209591567516327e-02
1.230340242385864258e+00
3.071095347404479980e-01
4.642139077186584473e-01
8.418267220258712769e-02
1.130397558212280273e+00
1.171721816062927246e+00
5.094308257102966309e-01
5.435364842414855957e-01
2.724192440509796143e-01
2.678030543029308319e-02
2.122995909303426743e-03
8.600709587335586548e-02
1.674530059099197388e-01
3.963517490774393082e-03
9.958238154649734497e-02
1.201603338122367859e-01
1.086316257715225220e-02
7.216278929263353348e-03
5.782842263579368591e-02
9.476115927100181580e-03
3.046857565641403198e-02
2.206548601388931274e-01
1.083369776606559753e-01
6.089872866868972778e-02
0.000000000000000000e+00
3.084662556648254395e-01
2.363810062408447266e+00
1.127836555242538452e-01
1.921320676803588867e+00
0.000000000000000000e+00
0.000000000000000000e+00
3.273968696594238281e+00
3.857343196868896484e+00
2.015532925724983215e-02
9.624501466751098633e-01
5.271211862564086914e-01
8.403154611587524414e-01
2.957848906517028809e-01
3.853287994861602783e-01
3.530041128396987915e-02
5.299174040555953979e-02
7.209604382514953613e-01
2.081974893808364868e-01
1.274691820144653320e-01
2.189679890871047974e-01
6.485984660685062408e-03
0.000000000000000000e+00
1.324783563613891602e-01
5.538532733917236328e-01
1.669856160879135132e-01
6.288582086563110352e-01
7.649014592170715332e-01
7.166042923927307129e-01
1.518894791603088379e+00
5.577792525291442871e-01
5.456045269966125488e-01
3.531963527202606201e-01
9.237614274024963379e-02
1.702947020530700684e-01
2.434033304452896118e-01
4.301389455795288086e-01
1.999776363372802734e+00
5.642171502113342285e-01
1.115077584981918335e-01
2.576912641525268555e+00
0.000000000000000000e+00
1.149994432926177979e-01
2.697722315788269043e-01
3.571495786309242249e-02
8.795827031135559082e-01
9.040539711713790894e-02
0.000000000000000000e+00
4.877902939915657043e-02
2.062904648482799530e-02
5.083228647708892822e-02
7.571722269058227539e-01
3.858676552772521973e-02
2.798777520656585693e-01
5.313687771558761597e-02
2.197909504175186157e-01
3.649662435054779053e-01
5.580350756645202637e-01
1.205784201622009277e+00
5.250861868262290955e-02
1.107652559876441956e-01
2.337832897901535034e-01
1.395319700241088867e+00
4.457893371582031250e-01
1.542099595069885254e+00
5.678626894950866699e-01
2.537156641483306885e-01
7.579355835914611816e-01
0.000000000000000000e+00
6.609349846839904785e-01
1.515613496303558350e-01
5.762195587158203125e-02
7.723095417022705078e-01
8.229834958910942078e-03
2.512925863265991211e-01
2.150834202766418457e-01
4.887535274028778076e-01
4.970943182706832886e-02
3.501346707344055176e-02
3.189317183569073677e-03
1.914328485727310181e-01
9.239377975463867188e-01
8.710820674896240234e-01
1.592989444732666016e+00
0.000000000000000000e+00
1.909449100494384766e-01
8.489974588155746460e-02
1.897426098585128784e-01
7.530592083930969238e-01
1.554028363898396492e-03
6.297211647033691406e-01
3.374228253960609436e-02
2.238084748387336731e-02
2.788742482662200928e-01
0.000000000000000000e+00
1.571272850036621094e+00
2.137138843536376953e+00
1.987470835447311401e-01
5.561897754669189453e-01
1.728662550449371338e-01
1.843886524438858032e-01
4.335009306669235229e-02
3.162403702735900879e-01
7.710176706314086914e-02
1.654990464448928833e-01
4.159541428089141846e-02
2.041490375995635986e-01
1.380039844661951065e-02
1.905584149062633514e-02
3.866451084613800049e-01
4.303962588310241699e-01
1.726432330906391144e-02
1.161995902657508850e-01
3.329394459724426270e-01
7.654726505279541016e-02
2.929641604423522949e-01
2.764284908771514893e-01
1.396729588508605957e+00
3.710574284195899963e-02
6.205787509679794312e-02
4.830428585410118103e-02
1.790347397327423096e-01
2.605799734592437744e-01
1.290924668312072754e+00
5.996713298372924328e-05
9.475843310356140137e-01
0.000000000000000000e+00
6.516522169113159180e-02
1.324957311153411865e-01
0.000000000000000000e+00
1.513129472732543945e-01
0.000000000000000000e+00
1.504754066467285156e+00
3.210196197032928467e-01
3.933721687644720078e-03
1.128983616828918457e+00
0.000000000000000000e+00
6.596315652132034302e-02
3.123321533203125000e-01
1.123015761375427246e+00
3.511221110820770264e-01
5.326718091964721680e-01
2.398900240659713745e-01
