0.000000000000000000e+00
1.395343244075775146e-01
5.921052023768424988e-02
2.205548435449600220e-01
1.250254660844802856e-01
2.104770541191101074e-01
4.548257291316986084e-01
2.838297784328460693e-01
1.163659334182739258e+00
4.792413711547851562e+00
5.837006866931915283e-02
2.955444455146789551e-01
3.019140288233757019e-02
2.959024161100387573e-02
1.905027031898498535e-02
1.732985615730285645e+00
1.297147989273071289e+00
2.816037461161613464e-02
2.041440308094024658e-01
8.559847474098205566e-01
1.271081864833831787e-01
1.223764345049858093e-01
3.462846577167510986e-01
0.000000000000000000e+00
5.671485513448715210e-02
6.150637269020080566e-01
3.836805820465087891e-01
2.754771411418914795e-01
1.612653583288192749e-01
1.286912262439727783e-01
3.542587518692016602e+00
1.855889409780502319e-01
3.964759707450866699e-01
1.784997805953025818e-02
6.007288116961717606e-03
2.964833974838256836e-01
5.263902712613344193e-03
3.358986377716064453e-01
0.000000000000000000e+00
2.983471453189849854e-01
5.918824076652526855e-01
2.496891468763351440e-01
2.993687056005001068e-02
1.773146986961364746e+00
0.000000000000000000e+00
1.139325276017189026e-02
7.549772504717111588e-03
1.606748402118682861e-01
2.189679592847824097e-01
6.243881583213806152e-02
2.933698594570159912e-01
8.439104557037353516e-01
6.446415185928344727e-02
1.345526278018951416e-01
2.703605592250823975e-02
7.320264121517539024e-04
6.757166236639022827e-02
2.872394770383834839e-02
2.732589542865753174e-01
4.006082117557525635e-01
1.988177537918090820e+00
4.486338794231414795e-02
2.352839469909667969e+00
1.313022058457136154e-02
4.996903538703918457e-01
4.312760233879089355e-01
3.927142918109893799e-01
2.785967826843261719e+00
1.725681871175765991e-02
8.038409352302551270e-01
1.106301426887512207e+00
2.560644865036010742e+00
0.000000000000000000e+00
2.232745289802551270e-02
8.790683932602405548e-03
1.027252793312072754e+00
3.334281444549560547e-01
2.291297912597656250e-02
1.301103949546813965e+00
9.923938661813735962e-02
1.940070271492004395e+00
3.466461002826690674e-01
7.998835295438766479e-02
8.919602632522583008e-02
1.094749331474304199e+00
4.382329583168029785e-01
8.270879834890365601e-02
4.752815514802932739e-02
2.389425039291381836e-01
2.452304661273956299e-01
6.881081461906433105e-01
3.197075724601745605e-01
8.877521008253097534e-02
3.675272464752197266e-01
2.493221759796142578e-01
3.054362237453460693e-01
1.760179996490478516e+00
3.445720374584197998e-01
1.780191898345947266e+00
6.608241200447082520e-01
2.149245887994766235e-02
3.751292228698730469e-01
5.435070395469665527e-01
4.559090360999107361e-02
0.000000000000000000e+00
6.707372069358825684e-01
8.511435985565185547e-02
0.000000000000000000e+00
7.938276394270360470e-04
5.169574260711669922e+00
9.611032158136367798e-02
4.873844981193542480e-02
1.717571020126342773e-01
1.400054454803466797e+00
2.507779002189636230e-01
1.477548573166131973e-02
5.491834282875061035e-01
2.408645600080490112e-01
6.424159277230501175e-03
4.313991963863372803e-01
3.433151245117187500e-01
1.147003054618835449e+00
5.838075280189514160e-01
6.913855671882629395e-02
3.244317770004272461e-01
1.178031638264656067e-01
3.546237945556640625e-01
8.617126382887363434e-03
1.360236257314682007e-01
6.738371849060058594e-01
1.909506740048527718e-03
4.166205227375030518e-01
5.644350894726812840e-04
0.000000000000000000e+00
6.538289785385131836e-01
7.872836291790008545e-02
1.122096180915832520e+00
6.693919301033020020e-01
2.716037273406982422e+00
6.733148694038391113e-01
4.570621848106384277e-01
4.889984130859375000e-01
4.774338006973266602e-01
9.331303834915161133e-01
5.776306986808776855e-01
1.355293393135070801e-01
1.845286637544631958e-01
1.998029276728630066e-02
1.729171127080917358e-01
2.178778685629367828e-02
5.135754346847534180e-01
9.093338996171951294e-02
2.570053935050964355e-01
1.255529373884201050e-01
3.172882795333862305e-01
0.000000000000000000e+00
0.000000000000000000e+00
4.188535213470458984e-01
3.333838656544685364e-02
8.594623208045959473e-01
1.899509318172931671e-02
2.202637195587158203e-01
1.443002462387084961e+00
2.063133120536804199e-01
7.329791188240051270e-01
5.042124748229980469e+00
1.512929201126098633e-01
7.277715485543012619e-04
7.020121812820434570e-01
6.987304091453552246e-01
4.719802439212799072e-01
1.917883008718490601e-01
1.603280901908874512e-01
0.000000000000000000e+00
0.000000000000000000e+00
1.989118605852127075e-01
9.209933876991271973e-02
0.000000000000000000e+00
0.000000000000000000e+00
0.000000000000000000e+00
7.722129821777343750e-01
7.783161997795104980e-01
8.519650697708129883e-01
6.871854662895202637e-01
2.134939283132553101e-01
1.555476635694503784e-01
1.077986001968383789e+00
1.536969095468521118e-01
3.275901824235916138e-02
5.742213726043701172e-01
2.515895664691925049e-01
4.068737328052520752e-01
3.772263601422309875e-02
3.210017979145050049e-01
2.848501317203044891e-02
1.032851114869117737e-01
5.044066905975341797e-01
1.066294126212596893e-02
4.174132049083709717e-01
7.989138364791870117e-02
1.152306348085403442e-01
7.996039390563964844e-01
2.548163235187530518e-01
4.931530356407165527e-02
1.173208802938461304e-01
2.487019747495651245e-01
2.547003030776977539e-01
4.185184538364410400e-01
4.049855750054121017e-03
1.875902265310287476e-01
6.899434328079223633e-02
2.236546277999877930e-01
2.847310006618499756e-01
3.304732441902160645e-01
1.319723278284072876e-01
4.904755949974060059e-02
1.213253140449523926e-01
5.485913157463073730e-01
5.097591280937194824e-01
3.108808994293212891e-01
2.076179683208465576e-01
2.700476646423339844e-01
2.769550323486328125e+00
8.767870813608169556e-02
1.032716184854507446e-01
1.046216115355491638e-01
2.636366486549377441e-01
7.020680904388427734e-01
9.576492011547088623e-03
2.146073728799819946e-01
2.653800649568438530e-03
1.884655714035034180e+00
1.052560091018676758e+00
2.208566069602966309e-01
1.804460436105728149e-01
4.338204562664031982e-01
3.732260316610336304e-02
1.236366927623748779e-01
0.000000000000000000e+00
4.798482358455657959e-02
4.110745787620544434e-01
0.000000000000000000e+00
2.019909322261810303e-01
7.147343158721923828e-01
1.860401779413223267e-01
5.126010999083518982e-02
0.000000000000000000e+00
2.259499877691268921e-01
0.000000000000000000e+00
3.080113045871257782e-02
3.494783043861389160e-01
4.852723777294158936e-01
1.848635971546173096e-01
2.857518196105957031e-02
9.375105053186416626e-02
0.000000000000000000e+00
7.877532243728637695e-01
5.724852532148361206e-02
6.982795894145965576e-02
2.344972044229507446e-01
2.142516225576400757e-01
8.200400471687316895e-01
2.592232704162597656e+00
2.025742642581462860e-02
4.569955468177795410e-01
6.905617564916610718e-02
3.033664263784885406e-02
1.589737296104431152e+00
1.856057763099670410e+00
1.341525673866271973e+00
6.378220319747924805e-01
2.249627262353897095e-01
3.056013882160186768e-01
6.121736764907836914e-01
3.522803783416748047e-01
1.642141819000244141e+00
1.041146665811538696e-01
3.917438089847564697e-01
1.930596351623535156e+00
3.286756277084350586e-01
6.331048905849456787e-02
3.026993386447429657e-02
0.000000000000000000e+00
2.763160467147827148e-01
4.508608281612396240e-01
4.369469583034515381e-01
0.000000000000000000e+00
4.027031958103179932e-01
8.937779068946838379e-01
4.214847087860107422e-01
2.048774659633636475e-01
3.559179902076721191e-01
8.717823773622512817e-02
2.726720869541168213e-01
7.692138850688934326e-02
6.138623356819152832e-01
4.097959771752357483e-02
1.269452571868896484e-01
7.516416162252426147e-02
2.018597908318042755e-02
2.977737784385681152e-01
2.723091840744018555e+00
4.003210961818695068e-01
2.150592766702175140e-02
1.917641758918762207e-01
1.555748432874679565e-01
1.026207953691482544e-01
5.917263627052307129e-01
2.569988369941711426e-01
6.519760936498641968e-02
3.619775548577308655e-02
9.581790566444396973e-01
4.980056583881378174e-01
1.471255719661712646e-02
1.056777119636535645e+00
5.973048210144042969e-01
1.769524455070495605e+00
1.339326947927474976e-01
5.549286007881164551e-01
3.502998054027557373e-01
2.354217320680618286e-01
4.521771892905235291e-02
3.088449835777282715e-01
5.161639302968978882e-02
7.261098623275756836e-01
6.434884071350097656e-01
5.785481333732604980e-01
4.954218268394470215e-01
0.000000000000000000e+00
1.858714967966079712e-02
1.921443492174148560e-01
4.009020924568176270e-01
7.865679264068603516e-01
5.416256785392761230e-01
6.676797866821289062e-01
0.000000000000000000e+00
7.739189267158508301e-02
1.226720213890075684e-01
1.378144789487123489e-02
6.199993491172790527e-01
2.051963061094284058e-01
6.558222770690917969e-01
1.683791428804397583e-01
2.936714291572570801e-01
8.427051454782485962e-02
0.000000000000000000e+00
0.000000000000000000e+00
4.483815729618072510e-01
6.366398930549621582e-02
0.000000000000000000e+00
7.165802717208862305e-01
1.341954469680786133e-01
6.385332345962524414e-02
5.281398072838783264e-03
2.446988224983215332e-01
0.000000000000000000e+00
2.287460565567016602e-01
5.063719302415847778e-02
2.625817358493804932e-01
3.138192594051361084e-01
5.957263335585594177e-02
4.917692840099334717e-01
0.000000000000000000e+00
0.000000000000000000e+00
4.767664149403572083e-02
1.059833541512489319e-01
1.385987162590026855e+00
8.915441036224365234e-01
1.490071266889572144e-01
2.165028899908065796e-01
3.207833468914031982e-01
9.848956465721130371e-01
4.190016072243452072e-03
1.478351838886737823e-02
1.242623627185821533e-01
1.345401853322982788e-01
7.577947378158569336e-01
6.096153985708951950e-03
2.725130319595336914e+00
1.969944238662719727e-01
8.825862407684326172e-01
6.365378379821777344e+00
3.506937762722373009e-03
7.813535928726196289e-01
7.702544331550598145e-01
9.935223311185836792e-02
0.000000000000000000e+00
8.339747786521911621e-02
1.024309754371643066e+00
0.000000000000000000e+00
1.937912821769714355e+00
1.322224140167236328e-01
0.000000000000000000e+00
0.000000000000000000e+00
3.593607246875762939e-01
1.243095755577087402e+00
2.404380142688751221e-01
3.314272314310073853e-02
7.471058517694473267e-02
7.728070765733718872e-02
8.041280508041381836e-01
4.874700307846069336e-02
1.425547003746032715e-01
1.136661767959594727e+00
2.894090116024017334e-02
1.135849580168724060e-02
4.557944238185882568e-01
2.523634910583496094e+00
8.320707082748413086e-01
4.010097682476043701e-02
1.225438833236694336e+00
1.728335767984390259e-01
1.185579299926757812e+00
0.000000000000000000e+00
2.157067060470581055e+00
1.149913370609283447e-01
3.846747279167175293e-01
5.285267829895019531e-01
1.930227130651473999e-01
1.136089414358139038e-01
9.525222703814506531e-03
1.042748451232910156e+00
3.492434620857238770e-01
9.495148658752441406e-01
1.146355941891670227e-01
1.230162233114242554e-01
4.745787143707275391e+00
9.562613070011138916e-02
2.247906178236007690e-01
1.248105093836784363e-01
4.445173740386962891e+00
3.606890141963958740e-01
3.656265258789062500e+00
1.232838869094848633e+00
0.000000000000000000e+00
1.878614187240600586e+00
1.499566078186035156e+00
0.000000000000000000e+00
2.122020274400711060e-01
1.842970103025436401e-01
8.402760624885559082e-01
0.000000000000000000e+00
2.093668729066848755e-01
0.000000000000000000e+00
8.326031565666198730e-01
1.938428163528442383e+00
2.597456574440002441e-01
5.127199888229370117e-01
4.147805646061897278e-02
3.227142095565795898e-01
5.179447531700134277e-01
4.751757532358169556e-02
3.118202686309814453e-01
5.358633399009704590e-01
2.285168915987014771e-01
9.985080361366271973e-01
2.951736450195312500e-01
2.698409855365753174e-01
5.348010063171386719e-01
3.615038841962814331e-02
0.000000000000000000e+00
2.624874114990234375e-01
3.400432765483856201e-01
4.607384800910949707e-01
1.355616301298141479e-01
3.655697405338287354e-02
1.400991678237915039e-01
8.781552910804748535e-01
8.420501649379730225e-02
9.242673516273498535e-01
1.341982036828994751e-01
3.636450052261352539e+00
2.239139080047607422e-01
5.893986225128173828e-01
1.509038209915161133e+00
6.643406748771667480e-01
2.373667359352111816e-01
1.562559843063354492e+00
7.090851068496704102e-01
3.206451535224914551e-01
9.635505825281143188e-02
1.570510715246200562e-01
1.471893340349197388e-01
5.203307271003723145e-01
7.275377511978149414e-01
0.000000000000000000e+00
0.000000000000000000e+00
0.000000000000000000e+00
8.446052074432373047e-01
3.811402618885040283e-01
1.152005568146705627e-01
4.368112087249755859e-01
2.969564199447631836e-01
9.030212163925170898e-01
2.705602049827575684e-01
9.064856171607971191e-02
4.535185396671295166e-01
1.431054592132568359e+00
2.595755457878112793e-01
5.916829109191894531e-01
0.000000000000000000e+00
9.956141561269760132e-02
1.324514597654342651e-01
0.000000000000000000e+00
8.091579079627990723e-01
5.420992970466613770e-01
4.386108776088804007e-04
0.000000000000000000e+00
1.080091118812561035e+00
1.840868592262268066e-01
3.467963039875030518e-01
2.598153660073876381e-03
1.096184372901916504e+00
1.188014864921569824e+00
2.738917469978332520e-01
1.346951629966497421e-02
1.159414052963256836e+00
8.969874382019042969e-01
1.222036257386207581e-01
6.039044260978698730e-02
1.161748170852661133e+00
4.464084804058074951e-01
8.994975686073303223e-01
0.000000000000000000e+00
0.000000000000000000e+00
4.221584796905517578e+00
1.025138050317764282e-02
2.233136445283889771e-01
2.795861661434173584e-02
1.062972471117973328e-02
8.423691987991333008e-02
5.985534787178039551e-01
2.070493698120117188e+00
6.073055416345596313e-02
5.323688387870788574e-01
5.436598062515258789e-01
3.678505122661590576e-01
3.000514805316925049e-01
0.000000000000000000e+00
2.437495708465576172e+00
0.000000000000000000e+00
3.583255037665367126e-02
1.107807993888854980e+00
8.624414801597595215e-01
6.379165500402450562e-02
2.103963851928710938e+00
2.817144393920898438e+00
4.035995304584503174e-01
1.110748574137687683e-01
5.117390155792236328e-01
3.829440334811806679e-03
0.000000000000000000e+00
3.122535645961761475e-01
4.565175250172615051e-02
1.306559890508651733e-01
1.464462131261825562e-01
6.724378466606140137e-01
0.000000000000000000e+00
3.783668875694274902e-01
1.947411000728607178e-01
6.718413829803466797e-01
0.000000000000000000e+00
1.894128322601318359e-01
1.346823871135711670e-01
2.054949551820755005e-01
8.686848729848861694e-02
1.707454174757003784e-01
2.124270945787429810e-01
2.095861360430717468e-02
4.043344259262084961e-01
2.922237813472747803e-01
6.289783120155334473e-01
0.000000000000000000e+00
6.672827899456024170e-02
3.626722991466522217e-01
3.881038725376129150e-01
1.976540982723236084e-01
3.322384953498840332e-01
1.488328725099563599e-01
7.839329242706298828e-01
1.157138571143150330e-01
8.249104619026184082e-01
5.117974709719419479e-03
1.415036320686340332e-01
1.056710854172706604e-01
3.994866609573364258e-01
5.075840950012207031e-01
8.099033683538436890e-02
2.025255203247070312e+00
9.202969670295715332e-01
2.470741271972656250e-01
1.095924153923988342e-01
3.747442737221717834e-02
5.040400624275207520e-01
5.397325754165649414e-02
1.043231263756752014e-01
2.797708809375762939e-01
6.076655983924865723e-01
6.402382254600524902e-01
4.089514911174774170e-02
0.000000000000000000e+00
3.266016244888305664e-01
1.031953748315572739e-02
1.878033399581909180e+00
1.220774412155151367e+00
1.246924474835395813e-01
1.413253135979175568e-02
0.000000000000000000e+00
1.585871279239654541e-01
1.469187289476394653e-01
3.220276236534118652e-01
7.687295973300933838e-02
2.120937854051589966e-01
3.840032219886779785e-01
7.162448167800903320e-01
3.526594936847686768e-01
1.749173551797866821e-02
1.146051734685897827e-01
1.717801839113235474e-01
1.173978453152813017e-04
3.521275818347930908e-01
2.993729114532470703e-01
1.176355704665184021e-01
9.931990504264831543e-02
9.783576428890228271e-02
1.772973179817199707e+00
3.306505084037780762e-02
5.323415994644165039e-01
4.407399892807006836e-02
0.000000000000000000e+00
4.467911124229431152e-01
1.241706311702728271e-01
4.227167367935180664e-01
1.618853956460952759e-02
2.575838863849639893e-01
2.839373350143432617e-01
4.116414189338684082e-01
2.105499982833862305e+00
2.190143108367919922e+00
1.533514261245727539e-01
5.270763039588928223e-01
2.074775695800781250e+00
7.089144736528396606e-02
7.505141547881066799e-04
1.824521780014038086e+00
2.462554275989532471e-01
3.398263826966285706e-02
2.540366649627685547e-01
9.169538021087646484e-01
7.378597855567932129e-01
1.267064064741134644e-01
1.500416398048400879e-01
1.041360795497894287e-01
1.044192075729370117e+00
7.047116756439208984e-01
1.901177287101745605e+00
6.650814414024353027e-01
7.161778956651687622e-02
8.750527352094650269e-02
2.697335004806518555e+00
2.915078401565551758e+00
4.981604870408773422e-03
2.406445264816284180e+00
7.735490053892135620e-02
2.026344835758209229e-01
2.950268089771270752e-01
1.352938175201416016e+00
1.336917630396783352e-03
2.434828579425811768e-01
6.821891069412231445e-01
1.375298798084259033e-01
6.840606778860092163e-02
1.079648360610008240e-02
2.513143718242645264e-01
1.743731945753097534e-01
4.286516830325126648e-02
9.485921263694763184e-01
0.000000000000000000e+00
2.274885177612304688e+00
6.954188346862792969e-01
0.000000000000000000e+00
2.469872832298278809e-01
1.088573038578033447e-02
0.000000000000000000e+00
1.252982616424560547e-01
2.685722708702087402e-01
2.716087579727172852e+00
2.564857900142669678e-02
2.943695522844791412e-03
0.000000000000000000e+00
1.806584835052490234e+00
4.544529691338539124e-02
2.576495520770549774e-02
9.626359492540359497e-02
1.484323642216622829e-03
4.961673170328140259e-02
3.695804625749588013e-02
4.260705113410949707e-01
1.301867365837097168e-01
7.252276539802551270e-01
1.506298780441284180e+00
1.970920115709304810e-01
7.613581418991088867e-02
1.787807233631610870e-02
2.562611699104309082e-01
1.544591188430786133e-01
1.990551501512527466e-01
8.453004993498325348e-03
6.393829584121704102e-01
1.431347250938415527e+00
2.463863492012023926e-01
3.818709850311279297e-01
1.738343536853790283e-01
6.311748176813125610e-02
3.598545212298631668e-03
4.367361962795257568e-01
1.000469177961349487e-02
3.833909034729003906e-01
2.198148250579833984e+00
4.434181842952966690e-03
6.746815145015716553e-02
4.120472818613052368e-02
2.644259668886661530e-02
2.040937542915344238e-02
1.998439550399780273e+00
0.000000000000000000e+00
4.636966884136199951e-01
1.554815173149108887e+00
3.087810613214969635e-02
0.000000000000000000e+00
2.861921787261962891e-01
3.846442103385925293e-01
4.175482392311096191e-01
5.472707748413085938e-01
0.000000000000000000e+00
6.907224059104919434e-01
0.000000000000000000e+00
5.111802816390991211e-01
0.000000000000000000e+00
2.876741578802466393e-03
7.932143211364746094e-01
7.159782052040100098e-01
0.000000000000000000e+00
5.003344416618347168e-01
1.046571254730224609e+00
6.834876537322998047e-02
1.842328310012817383e+00
1.605102539062500000e+00
4.874856770038604736e-01
6.467338800430297852e-01
1.489065289497375488e-01
1.216390490531921387e+00
7.428351789712905884e-03
2.501191496849060059e-01
2.114071696996688843e-01
1.649763137102127075e-01
8.119498938322067261e-02
3.291580677032470703e-01
1.431325316429138184e+00
1.621451973915100098e+00
9.186689555644989014e-02
1.183837056159973145e+00
2.003788650035858154e-01
8.467709273099899292e-02
1.734389662742614746e+00
2.166439294815063477e-01
6.244509667158126831e-02
1.839295029640197754e-03
8.115500211715698242e-02
2.532960176467895508e+00
3.508896231651306152e-01
2.419346421957015991e-01
1.374919176101684570e+00
1.617585420608520508e+00
4.805826842784881592e-01
4.454591572284698486e-01
4.382162988185882568e-01
5.307136774063110352e-01
2.695844471454620361e-01
2.042973637580871582e-01
3.629258871078491211e-01
4.153160452842712402e-01
1.334449648857116699e-01
6.616269052028656006e-02
1.628935933113098145e+00
0.000000000000000000e+00
1.976603865623474121e+00
1.745672896504402161e-02
7.823732495307922363e-01
1.912019550800323486e-01
1.618048548698425293e+00
2.001847513020038605e-02
5.820493213832378387e-03
4.685643315315246582e-02
2.147270441055297852e-01
2.200801610946655273e+00
9.932560846209526062e-03
1.638326561078429222e-03
4.786341190338134766e-01
1.587890386581420898e-01
1.631085872650146484e-01
7.567809820175170898e-01
7.811475396156311035e-01
3.059616871178150177e-02
1.057612746953964233e-01
1.010355830192565918e+00
7.624650001525878906e-02
5.771779417991638184e-01
1.031127572059631348e+00
6.864023208618164062e-01
8.375822007656097412e-02
9.206482023000717163e-02
0.000000000000000000e+00
6.494161486625671387e-01
1.524412333965301514e-01
9.898152947425842285e-02
5.944892168045043945e-01
4.641769528388977051e-01
9.998914599418640137e-01
0.000000000000000000e+00
1.811572909355163574e-01
2.516700327396392822e-01
6.565044168382883072e-03
1.324949413537979126e-01
2.740852117538452148e+00
3.264141380786895752e-01
4.422440826892852783e-01
5.625318288803100586e-01
3.266721367835998535e-01
5.731803178787231445e-01
2.986404672265052795e-02
1.893386393785476685e-01
6.733203306794166565e-03
3.458403050899505615e-01
1.312234997749328613e-01
1.128194481134414673e-01
3.320476412773132324e-01
0.000000000000000000e+00
2.952212467789649963e-02
1.304333925247192383e+00
4.322857130318880081e-03
3.756825923919677734e+00
1.862358152866363525e-01
0.000000000000000000e+00
5.948849320411682129e-01
3.260922431945800781e-01
7.783647626638412476e-02
9.598218835890293121e-03
2.348007202148437500e+00
2.841345500200986862e-03
4.010059535503387451e-01
1.098771989345550537e-01
4.793033003807067871e-02
1.513993144035339355e-01
8.384606987237930298e-02
2.868037819862365723e-01
1.427614986896514893e-01
1.112085357308387756e-01
1.509857177734375000e-01
0.000000000000000000e+00
7.093143463134765625e-02
5.587682127952575684e-01
1.319842576980590820e+00
1.211082577705383301e+00
6.896468400955200195e-01
2.756871096789836884e-02
0.000000000000000000e+00
5.207061767578125000e-01
3.315145075321197510e-01
1.223233103752136230e+00
6.806082278490066528e-02
5.686303973197937012e-01
1.114775180816650391e+00
2.460326552391052246e-01
1.142781320959329605e-02
3.092791885137557983e-02
1.552707888185977936e-02
6.149596571922302246e-01
3.461295273154973984e-03
6.972749829292297363e-01
4.546407610177993774e-02
1.231514364480972290e-01
1.773908585309982300e-01
1.872488856315612793e-01
3.189386799931526184e-02
1.461087446659803391e-02
1.989569216966629028e-01
5.768108963966369629e-01
7.439969480037689209e-02
4.186479747295379639e-01
1.184050321578979492e+00
3.453894257545471191e-01
1.530287973582744598e-02
1.791097410023212433e-02
1.126563191413879395e+00
4.627235606312751770e-02
2.488553524017333984e+00
5.302993059158325195e-01
4.621030390262603760e-01
4.984035789966583252e-01
4.794954061508178711e-01
3.128940761089324951e-01
9.030798450112342834e-03
0.000000000000000000e+00
0.000000000000000000e+00
1.181375741958618164e+00
1.223027586936950684e+00
2.828363418579101562e+00
3.247085958719253540e-02
1.023404225707054138e-01
7.496254146099090576e-02
4.999277591705322266e-01
0.000000000000000000e+00
2.422897577285766602e+00
8.775938153266906738e-01
4.888990893959999084e-02
6.087818741798400879e-01
0.000000000000000000e+00
6.888568866997957230e-03
9.337448328733444214e-02
3.207163810729980469e-01
2.502126991748809814e-01
1.787953078746795654e-01
8.142357468605041504e-01
7.957572340965270996e-01
6.965224742889404297e-01
3.445661783218383789e+00
8.893733620643615723e-01
0.000000000000000000e+00
2.582697942852973938e-02
4.949377104640007019e-02
2.673787176609039307e-01
1.168737411499023438e-01
6.685130596160888672e-01
4.213980674743652344e+00
4.515112936496734619e-01
1.758575588464736938e-01
6.786540895700454712e-02
2.169248461723327637e-02
7.603279948234558105e-01
5.041211247444152832e-01
1.157016873359680176e+00
6.295125186443328857e-02
2.601573243737220764e-03
2.126570940017700195e+00
0.000000000000000000e+00
1.130326390266418457e+00
2.890658676624298096e-01
5.294265151023864746e-01
1.618185520172119141e+00
3.024816513061523438e-01
2.676333067938685417e-03
1.420898884534835815e-01
7.447364926338195801e-01
0.000000000000000000e+00
1.754182338714599609e+00
8.154911398887634277e-01
1.251720935106277466e-01
1.934995204210281372e-01
1.366492360830307007e-01
2.068408012390136719e+00
8.097339272499084473e-01
2.059653103351593018e-01
1.779125258326530457e-02
3.062595427036285400e-01
1.597512960433959961e+00
3.919243440032005310e-02
6.705899834632873535e-01
6.440653204917907715e-01
1.595515608787536621e-01
7.020841240882873535e-01
7.533032298088073730e-01
1.596804857254028320e-01
3.647303283214569092e-01
0.000000000000000000e+00
2.021714448928833008e-01
1.452106833457946777e+00
5.458095297217369080e-02
1.142846494913101196e-01
9.184506488963961601e-04
7.985971122980117798e-02
2.427033334970474243e-01
5.890257656574249268e-02
2.483263052999973297e-02
0.000000000000000000e+00
1.453125625848770142e-01
1.888854354619979858e-01
9.471219182014465332e-01
1.262929886579513550e-01
3.478887304663658142e-02
2.636281490325927734e+00
2.592525184154510498e-01
1.766868531703948975e-01
4.888239800930023193e-01
3.436728194355964661e-02
1.839210689067840576e-01
1.946342885494232178e-01
1.403538696467876434e-02
2.440896071493625641e-02
1.397649288177490234e+00
7.416430711746215820e-01
0.000000000000000000e+00
0.000000000000000000e+00
3.160054795444011688e-03
1.151252865791320801e+00
2.688580751419067383e-01
2.719473838806152344e-02
9.563958048820495605e-01
7.030838727951049805e-02
3.773993551731109619e-01
0.000000000000000000e+00
5.444604754447937012e-01
7.914919257164001465e-01
4.248832818120718002e-03
4.437950134277343750e+00
2.278618067502975464e-01
0.000000000000000000e+00
9.140062928199768066e-01
4.778589010238647461e-01
8.801600933074951172e-01
0.000000000000000000e+00
1.941140770912170410e+00
1.337356567382812500e-01
6.722811460494995117e-01
1.363902837038040161e-01
3.926868736743927002e-02
6.920064687728881836e-01
5.479004699736833572e-03
5.111116170883178711e-01
5.161812901496887207e-02
8.259912580251693726e-02
8.055419921875000000e-01
6.560000181198120117e-01
1.671440899372100830e-01
1.164640486240386963e-02
6.467020511627197266e-02
7.774866223335266113e-01
1.367306220345199108e-03
0.000000000000000000e+00
3.306267037987709045e-02
5.231638904660940170e-03
4.401598572731018066e-01
1.319619417190551758e-01
7.475733757019042969e-01
2.296852618455886841e-01
7.525892257690429688e-01
1.551457047462463379e+00
2.113874912261962891e+00
1.733269914984703064e-02
6.834903359413146973e-01
8.469240367412567139e-02
1.009498476982116699e+00
6.120635941624641418e-02
2.751477956771850586e-01
1.818821132183074951e-01
4.386123269796371460e-02
1.029151439666748047e+00
5.201315283775329590e-01
0.000000000000000000e+00
3.575894609093666077e-02
8.955895900726318359e-02
2.796565592288970947e-01
3.484714403748512268e-02
2.136720903217792511e-02
1.255150288343429565e-01
2.747668325901031494e-01
1.636451035737991333e-01
3.562338650226593018e-01
4.170863032341003418e-01
2.203179448843002319e-01
2.251070141792297363e-01
0.000000000000000000e+00
4.428706645965576172e+00
8.103614449501037598e-01
1.381483435630798340e+00
2.082388997077941895e-01
1.728715002536773682e-02
5.536212325096130371e-01
2.877495527267456055e+00
4.140409231185913086e-01
4.896113872528076172e-01
8.387072011828422546e-03
2.910518087446689606e-02
8.298987746238708496e-01
0.000000000000000000e+00
1.761440783739089966e-01
0.000000000000000000e+00
5.596262589097023010e-02
8.893600106239318848e-02
9.208532422780990601e-02
1.324110776185989380e-01
1.237407326698303223e+00
0.000000000000000000e+00
4.318814352154731750e-02
2.001695781946182251e-01
4.941174993291497231e-04
2.816252112388610840e-01
7.523163557052612305e-01
1.907356262207031250e+00
2.192429900169372559e-01
4.440512359142303467e-01
4.962355270981788635e-02
1.617711335420608521e-01
3.800420835614204407e-02
1.100976467132568359e+00
2.796849310398101807e-01
1.628381609916687012e-01
1.581099443137645721e-02
7.853214442729949951e-02
3.255711793899536133e-01
1.578048244118690491e-02
3.042162954807281494e-01
0.000000000000000000e+00
2.500829473137855530e-02
2.249160289764404297e+00
6.189127452671527863e-04
0.000000000000000000e+00
1.152922630310058594e+00
0.000000000000000000e+00
9.527756571769714355e-01
4.170056432485580444e-02
5.879725795239210129e-03
0.000000000000000000e+00
4.104232788085937500e-01
1.157205700874328613e+00
2.259925603866577148e+00
7.629320621490478516e-01
6.625138223171234131e-02
1.400500386953353882e-01
5.318115949630737305e-01
2.220677584409713745e-01
2.747758030891418457e-01
0.000000000000000000e+00
0.000000000000000000e+00
8.769338726997375488e-01
2.020078152418136597e-01
1.214392930269241333e-01
2.134541749954223633e+00
2.300558805465698242e+00
4.317553341388702393e-02
0.000000000000000000e+00
2.289453506469726562e+00
3.164140582084655762e-01
3.354164063930511475e-01
5.900344997644424438e-02
1.227830871939659119e-01
7.709418982267379761e-02
1.191401015967130661e-02
8.780326247215270996e-01
1.401255249977111816e+00
1.494202256202697754e+00
1.647914201021194458e-01
2.064468571916222572e-03
3.326008841395378113e-02
1.030409112572669983e-01
7.130363583564758301e-02
4.838916361331939697e-01
1.405214071273803711e-01
1.387953013181686401e-01
1.161673218011856079e-01
1.392866112291812897e-02
0.000000000000000000e+00
3.709467649459838867e-01
4.272778928279876709e-01
5.920061841607093811e-02
1.146487221121788025e-01
1.254082679748535156e+00
8.846873044967651367e-01
1.758669614791870117e-01
6.535223685204982758e-03
6.756976991891860962e-02
1.279358416795730591e-01
5.867671966552734375e-01
3.756930232048034668e-01
6.027488410472869873e-02
2.761033130809664726e-03
7.957748323678970337e-02
5.537997484207153320e-01
3.085910379886627197e-01
3.832301497459411621e-02
7.356612384319305420e-02
4.585506618022918701e-01
2.544712424278259277e-01
4.570316374301910400e-01
7.346692085266113281e-01
4.900536313652992249e-02
9.153082966804504395e-01
4.743707552552223206e-02
1.501822948455810547e+00
1.215735748410224915e-01
3.536810353398323059e-02
2.040565460920333862e-01
3.087923824787139893e-01
9.066583961248397827e-02
3.012740910053253174e-01
2.194106876850128174e-01
6.899505853652954102e-02
6.481285095214843750e-01
3.183136284351348877e-01
2.352938801050186157e-01
2.382840029895305634e-03
0.000000000000000000e+00
1.995493173599243164e-01
3.778418004512786865e-01
3.889859318733215332e-01
9.562183171510696411e-02
4.740691781044006348e-01
9.302652478218078613e-01
2.195337265729904175e-01
7.479186635464429855e-03
3.257126808166503906e-01
3.589759021997451782e-02
0.000000000000000000e+00
1.732800155878067017e-01
1.366253614425659180e+00
3.338115513324737549e-01
5.251854062080383301e-01
7.547739893198013306e-03
2.768019437789916992e-01
1.409163951873779297e+00
2.372530400753021240e-01
1.280498862266540527e+00
2.597360610961914062e+00
1.738781183958053589e-01
0.000000000000000000e+00
1.856503784656524658e-01
4.232915118336677551e-02
2.043921686708927155e-02
1.088988501578569412e-02
0.000000000000000000e+00
1.000972151756286621e+00
8.373108506202697754e-02
1.055981159210205078e+00
7.372720539569854736e-02
8.714764714241027832e-01
7.829793095588684082e-01
7.176285237073898315e-02
2.162866741418838501e-01
1.549755811691284180e+00
1.546933054924011230e-01
3.853058442473411560e-02
8.174514174461364746e-01
8.668059855699539185e-02
1.324903666973114014e-01
4.068650305271148682e-01
4.037068411707878113e-02
4.029980897903442383e-01
1.702005267143249512e-01
2.928207516670227051e-01
3.701091706752777100e-01
3.843958079814910889e-01
1.728663146495819092e-01
2.342095673084259033e-01
3.341792151331901550e-02
4.952479302883148193e-01
9.730175733566284180e-01
4.181862771511077881e-01
5.534595847129821777e-01
1.220125630497932434e-01
7.221063375473022461e-01
3.353982567787170410e-01
1.051820755004882812e+00
2.789459526538848877e-01
1.851602494716644287e-01
8.951873779296875000e-01
0.000000000000000000e+00
0.000000000000000000e+00
1.857912354171276093e-02
1.667155474424362183e-01
1.045486330986022949e-01
3.244220912456512451e-01
1.611480563879013062e-01
0.000000000000000000e+00
1.484903693199157715e-01
4.261582624167203903e-03
2.548866748809814453e+00
1.311658918857574463e-01
6.767304986715316772e-02
1.460394978523254395e+00
1.199198663234710693e-01
8.534544110298156738e-01
4.072100669145584106e-02
0.000000000000000000e+00
2.695158720016479492e+00
5.980698466300964355e-01
1.078347936272621155e-01
1.846155822277069092e-01
5.286440849304199219e-01
2.562890052795410156e-01
3.119289129972457886e-02
1.836945861577987671e-01
3.640110045671463013e-02
0.000000000000000000e+00
9.840380400419235229e-02
3.717526495456695557e-01
9.425093233585357666e-02
2.432114183902740479e-01
5.976312607526779175e-02
3.193424642086029053e-01
4.565664529800415039e-01
7.028376311063766479e-02
1.268831789493560791e-01
4.921800196170806885e-01
2.059343308210372925e-01
1.361411213874816895e-01
0.000000000000000000e+00
0.000000000000000000e+00
9.200640022754669189e-02
5.959848165512084961e-01
8.992885798215866089e-02
1.519383192062377930e-01
2.876418456435203552e-02
3.908990621566772461e-01
1.094764396548271179e-01
0.000000000000000000e+00
5.101556777954101562e-01
2.352262973785400391e+00
3.203561305999755859e-01
0.000000000000000000e+00
4.801930394023656845e-03
5.491378530859947205e-02
1.954568028450012207e-01
8.098509907722473145e-01
0.000000000000000000e+00
1.833288073539733887e-01
6.754204034805297852e-01
1.373554468154907227e-01
0.000000000000000000e+00
1.674890369176864624e-01
1.448045969009399414e-01
4.278784617781639099e-03
6.615708023309707642e-02
4.067062735557556152e-01
7.657733280211687088e-03
2.712075412273406982e-01
1.574804663658142090e+00
5.959540139883756638e-03
1.216899871826171875e+00
8.417669683694839478e-02
3.089186847209930420e-01
1.259480267763137817e-01
4.838100373744964600e-01
2.588372945785522461e+00
1.878630042076110840e+00
4.143918156623840332e-01
2.019709497690200806e-01
1.433396190404891968e-01
4.676203131675720215e-01
2.751555740833282471e-01
3.190349042415618896e-02
7.823681235313415527e-01
1.731773838400840759e-02
0.000000000000000000e+00
1.346771597862243652e+00
3.014620840549468994e-01
0.000000000000000000e+00
8.226890563964843750e-01
2.085395812988281250e+00
0.000000000000000000e+00
1.011519551277160645e+00
1.154070019721984863e+00
1.669647216796875000e+00
1.227037191390991211e+00
4.358981177210807800e-02
5.586394667625427246e-01
3.543536961078643799e-01
2.372075468301773071e-01
1.626220703125000000e+00
8.553743362426757812e-01
2.554273307323455811e-01
8.397977352142333984e-01
4.411290958523750305e-02
6.583823561668395996e-01
5.633929371833801270e-01
1.131829526275396347e-02
2.513329684734344482e-01
1.603157162666320801e+00
1.603962779045104980e-01
1.037400484085083008e+00
9.596022963523864746e-01
9.748660959303379059e-03
0.000000000000000000e+00
1.013202905654907227e+00
2.966986298561096191e-01
9.331284463405609131e-02
1.950262039899826050e-01
8.583363890647888184e-02
1.190757453441619873e-01
2.595985233783721924e-01
0.000000000000000000e+00
5.072311311960220337e-02
1.637718975543975830e-01
2.263663709163665771e-01
5.941518396139144897e-02
9.800696372985839844e-01
4.737447574734687805e-02
6.496876478195190430e-02
7.110773026943206787e-02
2.910625338554382324e-01
1.451850030571222305e-02
2.234865725040435791e-01
0.000000000000000000e+00
2.205184400081634521e-01
6.332914531230926514e-02
7.307283282279968262e-01
8.111296892166137695e-01
1.627371311187744141e+00
2.307405322790145874e-02
9.875091165304183960e-02
1.375561118125915527e+00
3.935952484607696533e-02
0.000000000000000000e+00
1.443650841712951660e+00
1.850574463605880737e-01
1.082765832543373108e-01
1.803368031978607178e-01
3.995337709784507751e-02
1.051785051822662354e-01
9.499520820099860430e-05
3.274269342422485352e+00
2.489529699087142944e-01
7.298300042748451233e-03
4.249965250492095947e-01
2.465520948171615601e-01
1.171452045440673828e+00
3.201091289520263672e-01
1.292028427124023438e-01
4.639188051223754883e-01
1.090415418148040771e-01
0.000000000000000000e+00
1.578507944941520691e-02
0.000000000000000000e+00
2.317947447299957275e-01
2.428682520985603333e-03
5.622653961181640625e-01
6.602853775024414062e+00
2.729676961898803711e-01
2.775612115859985352e+00
7.908901572227478027e-01
0.000000000000000000e+00
4.290387332439422607e-01
1.954553425312042236e-01
8.932302147150039673e-02
0.000000000000000000e+00
0.000000000000000000e+00
8.023332804441452026e-02
1.531869411468505859e+00
1.659945994615554810e-01
3.742797300219535828e-03
1.114341020584106445e-01
1.433348003774881363e-02
3.327341973781585693e-01
3.766414225101470947e-01
2.019823640584945679e-01
3.191354274749755859e+00
1.972974181175231934e+00
2.863468974828720093e-02
2.011500447988510132e-01
4.005999267101287842e-01
3.141263723373413086e-01
1.658921539783477783e-01
2.656612172722816467e-02
4.536024928092956543e-01
2.545429952442646027e-02
3.173208236694335938e-01
2.293861657381057739e-02
1.958945751190185547e+00
7.056872844696044922e-01
1.546525657176971436e-01
9.682195782661437988e-01
5.712853074073791504e-01
3.015836477279663086e-01
7.995457202196121216e-02
1.345851570367813110e-01
6.303978711366653442e-02
3.744798898696899414e-01
1.745241135358810425e-01
3.810906782746315002e-02
9.818845987319946289e-02
8.163342475891113281e-01
2.337674498558044434e-01
5.524123460054397583e-02
3.068510591983795166e-01
1.985356658697128296e-01
1.729079638607800007e-03
1.899236083030700684e+00
1.297823041677474976e-01
0.000000000000000000e+00
0.000000000000000000e+00
8.416333794593811035e-01
5.587143450975418091e-02
2.290006428956985474e-01
3.536913171410560608e-02
8.997488021850585938e-01
7.509099245071411133e-01
2.433145046234130859e-01
5.693196435458958149e-04
0.000000000000000000e+00
3.853435218334197998e-01
1.059478446841239929e-01
3.449875116348266602e+00
1.685985475778579712e-01
3.823953121900558472e-02
1.689079165458679199e+00
2.287076972424983978e-02
4.547051489353179932e-01
1.118361592292785645e+00
7.035061717033386230e-01
4.385693371295928955e-02
1.400446742773056030e-01
5.076495409011840820e-01
9.196955710649490356e-02
5.914158225059509277e-01
7.163022458553314209e-02
1.657962612807750702e-02
4.690711796283721924e-01
5.502737164497375488e-01
1.716719508171081543e+00
6.324495673179626465e-01
8.500920534133911133e-01
7.775509953498840332e-01
8.334417343139648438e-01
1.971395313739776611e-01
4.857645835727453232e-03
7.755614072084426880e-02
1.831190466880798340e+00
2.961137771606445312e+00
2.970375716686248779e-01
7.372258305549621582e-01
8.432370424270629883e-02
4.438953101634979248e-01
1.631488651037216187e-02
5.210882797837257385e-02
2.848810195922851562e+00
0.000000000000000000e+00
2.361494861543178558e-02
0.000000000000000000e+00
2.262855768203735352e-01
4.937827587127685547e-01
3.705775737762451172e-02
4.161083400249481201e-01
1.962793320417404175e-01
3.124898299574851990e-02
1.343579730018973351e-03
2.427342414855957031e+00
4.126947745680809021e-02
3.934254497289657593e-02
5.991852656006813049e-02
1.649742126464843750e-01
1.649751663208007812e-01
3.034721612930297852e-01
2.185301110148429871e-02
0.000000000000000000e+00
2.173861265182495117e-01
2.484195530414581299e-01
5.469671487808227539e-01
2.782503068447113037e-01
2.177562117576599121e-01
0.000000000000000000e+00
1.587303727865219116e-01
6.488323807716369629e-01
1.936621367931365967e-01
1.554682254791259766e-01
1.260529309511184692e-01
9.969472140073776245e-02
8.132013082504272461e-01
8.967847377061843872e-02
3.675449848175048828e+00
1.064033210277557373e-01
1.658298611640930176e+00
7.821278572082519531e-01
3.429654240608215332e-02
2.268648892641067505e-01
1.945620328187942505e-01
4.280753731727600098e-01
1.389225959777832031e+00
1.370885133743286133e+00
4.739435911178588867e-01
6.807365268468856812e-02
2.201521635055541992e+00
8.283293806016445160e-03
2.181503057479858398e+00
9.646503627300262451e-02
5.967157706618309021e-02
3.491564691066741943e-01
6.481113284826278687e-02
5.775887966156005859e-01
5.143904313445091248e-02
2.557542920112609863e-01
2.142044603824615479e-01
4.832875728607177734e-01
5.981734022498130798e-02
4.272575676441192627e-02
9.759585261344909668e-01
8.235815167427062988e-01
2.888523340225219727e-01
2.175737917423248291e-02
3.731683194637298584e-01
4.960553348064422607e-01
2.293185889720916748e-02
1.707175612449645996e+00
9.726815670728683472e-02
2.249475196003913879e-02
1.145148649811744690e-02
1.322471648454666138e-01
6.406090408563613892e-02
2.159992158412933350e-01
3.114997409284114838e-02
6.048969458788633347e-03
1.404707580804824829e-01
8.311049640178680420e-02
1.367830485105514526e-01
3.237304389476776123e-01
3.946255147457122803e-01
1.279259771108627319e-01
2.449035882949829102e+00
3.811378479003906250e-01
1.096323490142822266e+00
5.136620998382568359e-01
1.938439160585403442e-01
7.307586073875427246e-01
9.370154738426208496e-01
1.238167166709899902e+00
6.701619029045104980e-01
1.126872897148132324e+00
1.934590786695480347e-01
3.779106140136718750e-01
5.629221443086862564e-03
6.874966621398925781e-01
4.927931129932403564e-01
8.048539608716964722e-02
1.341603755950927734e+00
1.246962785720825195e+00
7.816913537681102753e-03
2.095578193664550781e+00
1.297567319124937057e-02
1.135214231908321381e-02
2.264655232429504395e-01
3.321387171745300293e-01
0.000000000000000000e+00
4.646271765232086182e-01
2.704513967037200928e-01
4.597749561071395874e-02
1.294973134994506836e+00
3.923786580562591553e-01
5.285963416099548340e-01
2.639259696006774902e-01
8.431458473205566406e-01
0.000000000000000000e+00
8.416718244552612305e-01
1.317713260650634766e-01
6.711680442094802856e-02
1.013233214616775513e-01
0.000000000000000000e+00
4.733302816748619080e-02
3.215754926204681396e-01
3.692071735858917236e-01
1.970779061317443848e+00
0.000000000000000000e+00
7.619631886482238770e-01
2.081736028194427490e-01
1.714737415313720703e-01
5.147498846054077148e-02
7.337610423564910889e-02
3.801953792572021484e-01
1.136237621307373047e+00
5.314301252365112305e-01
2.623517811298370361e-01
1.330643892288208008e+00
7.411114573478698730e-01
3.538069128990173340e-02
0.000000000000000000e+00
1.404563486576080322e-01
3.087595105171203613e-02
1.930697441101074219e+00
3.138315975666046143e-01
4.727167636156082153e-02
1.091562584042549133e-02
1.654224395751953125e-01
5.165055021643638611e-02
9.868307411670684814e-02
0.000000000000000000e+00
1.219317078590393066e+00
1.766661740839481354e-02
2.289845198392868042e-01
2.347414642572402954e-01
4.069573432207107544e-02
1.163676008582115173e-01
4.713799357414245605e-01
2.554166913032531738e-01
1.072456613183021545e-01
4.391776919364929199e-01
5.733350515365600586e-01
5.919324699789285660e-03
3.447690010070800781e-01
2.822869718074798584e-01
1.122944280505180359e-01
4.354001283645629883e-01
6.234766840934753418e-01
0.000000000000000000e+00
8.810098767280578613e-01
2.636925317347049713e-03
2.656307518482208252e-01
8.167364448308944702e-02
6.389672309160232544e-02
1.474386453628540039e-01
1.270879954099655151e-01
4.289227724075317383e-01
3.204763829708099365e-01
6.661446392536163330e-02
8.449453115463256836e-01
5.908217430114746094e-01
1.013443589210510254e+00
1.184585131704807281e-02
1.011919021606445312e+00
1.704444885253906250e-01
1.323220491409301758e+00
7.495476007461547852e-01
2.917529940605163574e-01
2.592081204056739807e-03
6.291848421096801758e-02
2.129321336746215820e+00
0.000000000000000000e+00
0.000000000000000000e+00
4.554502293467521667e-02
6.121377944946289062e-01
4.687242209911346436e-01
4.919345974922180176e-01
6.440780707634985447e-04
1.400916934013366699e+00
1.978134512901306152e+00
5.260534211993217468e-02
2.146277129650115967e-01
3.178889155387878418e-01
0.000000000000000000e+00
2.392253875732421875e-01
1.789579749107360840e+00
1.227281689643859863e+00
3.846003487706184387e-02
1.379221677780151367e-01
2.116979658603668213e-02
4.134722352027893066e-01
1.941591352224349976e-01
1.871030591428279877e-02
1.798923909664154053e-01
1.025372892618179321e-01
2.418790571391582489e-02
6.552836298942565918e-01
1.698848307132720947e-01
5.291325449943542480e-01
0.000000000000000000e+00
6.936290264129638672e-01
3.686248958110809326e-01
8.236265182495117188e-02
3.744743466377258301e-01
1.291043870151042938e-02
2.827646732330322266e+00
1.165162324905395508e-01
8.876011520624160767e-02
1.449318528175354004e-01
0.000000000000000000e+00
1.662541478872299194e-01
1.362064599990844727e+00
1.048119179904460907e-02
5.520445704460144043e-01
2.781026363372802734e-01
2.890500128269195557e-01
2.397838830947875977e-01
2.192331105470657349e-01
1.613333225250244141e-01
1.033460736274719238e+00
1.661612689495086670e-01
4.875273406505584717e-01
5.409394502639770508e-01
0.000000000000000000e+00
3.752593994140625000e-01
0.000000000000000000e+00
1.902323216199874878e-01
4.069135189056396484e-01
3.222205400466918945e+00
1.315422654151916504e+00
1.355204731225967407e-01
8.269020915031433105e-02
6.950782984495162964e-02
1.427359730005264282e-01
2.276602238416671753e-01
5.538683012127876282e-02
5.663350820541381836e-01
0.000000000000000000e+00
1.210710182785987854e-01
4.041566550731658936e-01
1.539643406867980957e-01
9.451030939817428589e-02
1.375930034555494785e-03
2.282113879919052124e-01
3.057937920093536377e-01
1.545259952545166016e-01
6.719075441360473633e-01
2.430082261562347412e-01
3.736624419689178467e-01
1.039533615112304688e+00
4.015547747258096933e-04
3.779337108135223389e-01
1.028035998344421387e+00
5.704145133495330811e-02
0.000000000000000000e+00
1.656654328107833862e-01
9.700416028499603271e-02
1.603605449199676514e-01
5.635102987289428711e-01
5.661172866821289062e-01
5.231404304504394531e-01
1.626836694777011871e-02
4.089533910155296326e-02
0.000000000000000000e+00
3.333675265312194824e-01
3.318555057048797607e-01
4.266273602843284607e-02
9.008895158767700195e-01
2.491227686405181885e-01
1.021621301770210266e-01
9.583251178264617920e-02
3.052408397197723389e-01
5.763627886772155762e-01
0.000000000000000000e+00
3.850496932864189148e-02
0.000000000000000000e+00
1.742592081427574158e-02
9.722959995269775391e-02
0.000000000000000000e+00
1.715471863746643066e+00
3.686350882053375244e-01
3.954842686653137207e-02
3.188189268112182617e-01
2.197873778641223907e-02
1.712020603008568287e-03
1.473202556371688843e-02
4.289643466472625732e-01
0.000000000000000000e+00
2.555877566337585449e-01
9.013152122497558594e-01
0.000000000000000000e+00
2.467836141586303711e+00
2.094403505325317383e+00
3.139665350317955017e-02
4.336646199226379395e-01
1.645376443862915039e+00
6.124867871403694153e-02
0.000000000000000000e+00
8.694210648536682129e-02
3.040889501571655273e-01
3.227985696867108345e-03
1.902868747711181641e-01
2.962267398834228516e-01
2.837119251489639282e-02
1.924191974103450775e-02
1.497933566570281982e-01
1.221752762794494629e+00
4.843816533684730530e-02
1.080377697944641113e-01
2.658947184681892395e-02
2.471141666173934937e-01
2.927353978157043457e-01
2.794352471828460693e-01
5.599676370620727539e-01
1.570211648941040039e+00
2.411465793848037720e-01
0.000000000000000000e+00
3.283109664916992188e+00
4.276240170001983643e-01
0.000000000000000000e+00
2.994400858879089355e-01
3.106899857521057129e-01
2.972276210784912109e-01
2.606801688671112061e-01
2.596733272075653076e-01
5.487793311476707458e-02
3.267467260360717773e+00
4.450711607933044434e-01
5.299926996231079102e-01
1.567930579185485840e+00
1.982821673154830933e-01
8.603255450725555420e-02
6.754364073276519775e-02
2.519861049950122833e-02
2.116701900959014893e-01
3.717144429683685303e-01
6.817198991775512695e-01
6.403750777244567871e-01
1.502355813980102539e+00
1.421781629323959351e-01
3.123565576970577240e-03
1.247186772525310516e-02
7.042088508605957031e-01
4.469625651836395264e-01
7.925758510828018188e-02
4.094169139862060547e-01
8.079528808593750000e-02
1.165292501449584961e+00
0.000000000000000000e+00
1.368428766727447510e-02
3.108438253402709961e-01
6.400789618492126465e-01
6.536932289600372314e-02
2.072330415248870850e-01
6.693416088819503784e-02
3.495445251464843750e-01
4.250478267669677734e+00
9.804006665945053101e-02
0.000000000000000000e+00
6.716915220022201538e-02
4.046100974082946777e-01
2.868879556655883789e+00
1.177767366170883179e-01
6.487719416618347168e-01
4.154790639877319336e-01
2.220498800277709961e+00
4.819381237030029297e-01
5.706075206398963928e-02
7.954990863800048828e-01
1.684347726404666901e-02
4.588975757360458374e-02
6.003392934799194336e-01
0.000000000000000000e+00
1.752295970916748047e+00
0.000000000000000000e+00
8.614342659711837769e-02
3.425402566790580750e-02
7.467551529407501221e-02
6.976771354675292969e-01
7.880967855453491211e-01
3.082146883010864258e+00
3.875521421432495117e-01
1.457574009895324707e+00
1.201963797211647034e-01
2.588762283325195312e+00
9.937098622322082520e-01
1.492897987365722656e+00
1.653528958559036255e-01
6.021974086761474609e-01
1.784736514091491699e-01
1.854525133967399597e-02
5.215798616409301758e-01
3.289281576871871948e-02
8.415049314498901367e-02
2.340926170349121094e+00
2.290766872465610504e-02
1.245957762002944946e-01
0.000000000000000000e+00
1.011712243780493736e-03
4.520408511161804199e-01
1.952724158763885498e-02
0.000000000000000000e+00
4.001346528530120850e-01
3.164414644241333008e+00
7.396861910820007324e-02
8.346506953239440918e-01
1.230458021163940430e-01
4.901656508445739746e-02
1.286060661077499390e-01
9.008056521415710449e-01
6.086979061365127563e-02
7.482126951217651367e-01
2.504003047943115234e+00
4.503101110458374023e-01
1.872228831052780151e-01
0.000000000000000000e+00
3.080331981182098389e-01
1.362086236476898193e-01
5.143199563026428223e-01
2.403335571289062500e+00
6.020960584282875061e-02
4.097916483879089355e-01
4.627865254878997803e-01
1.277505159378051758e-01
9.844648838043212891e-02
2.330764532089233398e-01
5.218186378479003906e-01
2.852536439895629883e-01
1.568523496389389038e-01
8.608835339546203613e-01
7.406488293781876564e-04
1.635037511587142944e-01
5.238867998123168945e-01
4.253806546330451965e-03
3.862099722027778625e-02
1.009483456611633301e+00
1.105587854981422424e-01
1.011821985244750977e+00
3.902640342712402344e-01
3.331132233142852783e-02
1.772311516106128693e-02
0.000000000000000000e+00
2.142385482788085938e+00
1.740443706512451172e-01
1.867750644683837891e+00
1.015446066856384277e+00
1.036010980606079102e-01
1.334240317344665527e+00
3.504907013848423958e-03
3.184092640876770020e-01
1.008591651916503906e+00
0.000000000000000000e+00
7.941087335348129272e-02
0.000000000000000000e+00
3.690870106220245361e-02
3.629178702831268311e-01
2.869255607947707176e-03
0.000000000000000000e+00
3.172243535518646240e-01
2.128231525421142578e-02
1.273691952228546143e-01
8.719961345195770264e-02
2.331870794296264648e-01
5.318962335586547852e-01
6.614449024200439453e-01
1.424733251333236694e-01
2.076753079891204834e-01
9.048091173171997070e-01
2.439211755990982056e-01
3.181659281253814697e-01
2.564280852675437927e-02
2.027332484722137451e-01
6.430231034755706787e-02
3.583598136901855469e-01
3.749847114086151123e-01
7.404615283012390137e-01
4.700417816638946533e-01
3.493331000208854675e-02
2.092635035514831543e-01
2.195000410079956055e+00
7.579351216554641724e-02
1.306508928537368774e-01
4.467470645904541016e-01
3.119491972029209137e-02
0.000000000000000000e+00
5.266979932785034180e-01
2.846218347549438477e-01
2.063860446214675903e-01
1.833169221878051758e+00
3.356044292449951172e+00
0.000000000000000000e+00
3.208088502287864685e-02
1.508744806051254272e-01
5.250444412231445312e-01
3.118120692670345306e-02
0.000000000000000000e+00
7.936645746231079102e-01
