2.159620821475982666e-01
0.000000000000000000e+00
0.000000000000000000e+00
3.030506968498229980e-01
6.551429033279418945e-01
4.439338445663452148e-01
3.085647821426391602e-01
0.000000000000000000e+00
1.411172002553939819e-01
6.681083202362060547e+00
1.216347962617874146e-01
1.962662339210510254e-01
1.547234952449798584e-01
0.000000000000000000e+00
1.665988191962242126e-02
8.316752314567565918e-02
3.694224357604980469e-01
5.880793929100036621e-01
2.753257453441619873e-01
5.429123044013977051e-01
1.730256155133247375e-02
2.498096600174903870e-02
7.319152951240539551e-01
1.983113735914230347e-01
0.000000000000000000e+00
5.827190876007080078e-01
2.919840812683105469e-01
1.090023875236511230e+00
1.907229721546173096e-01
8.755290508270263672e-02
1.142608523368835449e+00
0.000000000000000000e+00
8.520582318305969238e-01
1.916918009519577026e-01
0.000000000000000000e+00
2.100918442010879517e-01
5.686356127262115479e-02
1.447050809860229492e+00
0.000000000000000000e+00
1.912143528461456299e-01
1.505673769861459732e-02
2.774763405323028564e-01
3.457867726683616638e-02
2.865209579467773438e+00
1.095228549093008041e-02
0.000000000000000000e+00
1.245469808578491211e+00
3.357878029346466064e-01
4.918183386325836182e-01
5.940190553665161133e-01
1.218169257044792175e-01
7.711344957351684570e-01
1.673859953880310059e-01
3.026356399059295654e-01
1.466066837310791016e-01
2.978921532630920410e-01
1.193820312619209290e-02
2.499586641788482666e-01
1.834862232208251953e-01
2.515715360641479492e-01
8.632994890213012695e-01
1.126399159431457520e+00
1.871576905250549316e+00
1.706946492195129395e-01
1.826421022415161133e+00
1.176925376057624817e-01
3.035627603530883789e-01
6.017364263534545898e-01
1.132947504520416260e-01
3.648408055305480957e-01
8.024386167526245117e-01
9.227469563484191895e-01
0.000000000000000000e+00
0.000000000000000000e+00
1.520810574293136597e-01
8.323915600776672363e-01
1.359314024448394775e-01
1.086092740297317505e-01
3.756452351808547974e-02
5.974965170025825500e-02
3.473032712936401367e+00
1.102047711610794067e-01
3.620475530624389648e-02
9.546069800853729248e-02
1.898111552000045776e-01
3.114511668682098389e-01
1.789991408586502075e-01
0.000000000000000000e+00
9.590134024620056152e-02
8.743574470281600952e-02
4.650593996047973633e-01
1.457795947790145874e-01
4.253715276718139648e-02
0.000000000000000000e+00
0.000000000000000000e+00
1.666484326124191284e-01
9.087925404310226440e-02
2.399250119924545288e-01
3.798698186874389648e-01
1.435534477233886719e+00
5.724888760596513748e-03
3.342180848121643066e-01
7.066475749015808105e-01
1.112766042351722717e-01
1.976268142461776733e-01
2.268555201590061188e-02
1.007578801363706589e-02
3.831524029374122620e-02
5.928749963641166687e-02
6.484070301055908203e+00
0.000000000000000000e+00
6.227419972419738770e-01
2.101170122623443604e-01
1.727099776268005371e+00
8.371777534484863281e-01
2.704800665378570557e-02
7.801465988159179688e-01
1.340945363044738770e-01
7.657089829444885254e-02
4.429004192352294922e-01
4.307377934455871582e-01
9.338884800672531128e-02
2.388812303543090820e-01
6.988490223884582520e-01
4.933844208717346191e-01
4.664400592446327209e-02
1.024449825286865234e+00
6.023277640342712402e-01
0.000000000000000000e+00
1.255510002374649048e-01
2.300809770822525024e-01
0.000000000000000000e+00
4.238005280494689941e-01
1.565218448638916016e+00
7.779554128646850586e-01
3.962028399109840393e-02
5.350890383124351501e-02
1.825085878372192383e-01
3.108140707015991211e+00
3.049279689788818359e+00
5.288255810737609863e-01
2.267126590013504028e-01
7.281684130430221558e-02
1.766263246536254883e-01
9.685571491718292236e-02
0.000000000000000000e+00
2.259350754320621490e-02
2.813656628131866455e-02
3.162935674190521240e-01
1.280206739902496338e-01
4.448001682758331299e-01
1.226745694875717163e-01
4.999184906482696533e-01
3.849928975105285645e-01
3.373136818408966064e-01
0.000000000000000000e+00
3.037528879940509796e-02
2.256418950855731964e-02
5.896504595875740051e-02
6.712192296981811523e-02
1.005931794643402100e-01
1.374734286218881607e-02
2.728005945682525635e-01
2.144788391888141632e-02
4.312525391578674316e-01
2.513301849365234375e+00
0.000000000000000000e+00
1.345037668943405151e-02
3.287211060523986816e-01
9.569620490074157715e-01
1.302142143249511719e-01
2.555545419454574585e-02
3.345816373825073242e+00
3.234705328941345215e-01
6.464131176471710205e-02
3.751208782196044922e-01
0.000000000000000000e+00
2.079427428543567657e-02
5.247753262519836426e-01
2.034693211317062378e-01
1.780219227075576782e-01
1.793177366256713867e+00
5.090499296784400940e-02
8.559397608041763306e-02
2.032134234905242920e-01
2.905407428741455078e+00
4.035384058952331543e-01
1.120884299278259277e+00
5.834740027785301208e-02
6.691309213638305664e-01
2.882066415622830391e-03
7.178825139999389648e-02
1.102902442216873169e-01
2.499054193496704102e+00
5.370448343455791473e-03
3.283778727054595947e-01
1.033022284507751465e+00
9.349775314331054688e-01
2.367333322763442993e-01
4.909330904483795166e-01
1.182849168777465820e+00
4.146916046738624573e-02
5.648989602923393250e-02
0.000000000000000000e+00
4.888823628425598145e-01
9.995683431625366211e-01
0.000000000000000000e+00
8.417404294013977051e-01
0.000000000000000000e+00
3.848392665386199951e-01
1.022327393293380737e-01
0.000000000000000000e+00
6.761734187602996826e-02
1.680913269519805908e-01
0.000000000000000000e+00
1.286641359329223633e-01
1.588098257780075073e-01
5.941416621208190918e-01
0.000000000000000000e+00
1.723812222480773926e+00
1.120920553803443909e-01
1.304527372121810913e-01
2.083889961242675781e+00
2.559605538845062256e-01
0.000000000000000000e+00
1.295073032379150391e+00
8.081408739089965820e-01
3.887306153774261475e-01
5.076958332210779190e-03
0.000000000000000000e+00
0.000000000000000000e+00
2.601408660411834717e-01
3.128173112869262695e+00
6.008723750710487366e-03
0.000000000000000000e+00
2.970154285430908203e-01
3.438152745366096497e-02
1.314733922481536865e-02
0.000000000000000000e+00
4.977480694651603699e-02
1.513577438890933990e-02
9.216272830963134766e-02
2.622849941253662109e-01
1.474447488784790039e+00
7.645509839057922363e-01
1.993734389543533325e-01
1.802750974893569946e-01
1.107383072376251221e-01
4.306327998638153076e-01
2.987098991870880127e-01
1.192108541727066040e-01
4.970559775829315186e-01
2.673764824867248535e-01
2.206133492290973663e-02
0.000000000000000000e+00
5.433401837944984436e-02
4.527389407157897949e-01
1.726906560361385345e-02
3.083968162536621094e-01
4.113891348242759705e-02
6.780070066452026367e-01
9.631395339965820312e-01
5.700986981391906738e-01
1.169803217053413391e-01
3.262337148189544678e-01
0.000000000000000000e+00
0.000000000000000000e+00
3.429641723632812500e-01
4.392067909240722656e+00
1.380905747413635254e+00
2.513482868671417236e-01
7.609344273805618286e-02
4.873981326818466187e-02
2.140740007162094116e-01
7.530961036682128906e-01
1.339286446571350098e+00
8.257960528135299683e-02
4.187374413013458252e-01
1.796624183654785156e+00
1.070908531546592712e-01
8.066994138062000275e-03
4.583876952528953552e-02
0.000000000000000000e+00
1.969626247882843018e-01
8.443639427423477173e-02
2.789697945117950439e-01
0.000000000000000000e+00
3.598321229219436646e-02
3.840095102787017822e-01
2.167337387800216675e-01
2.157770991325378418e-01
8.036033511161804199e-01
4.478740692138671875e-01
3.827790319919586182e-01
1.439071446657180786e-02
2.635022401809692383e-01
9.981372207403182983e-02
1.310396641492843628e-01
1.909825056791305542e-01
5.049514174461364746e-01
3.680897653102874756e-01
1.539384126663208008e-01
1.065885305404663086e+00
9.052993655204772949e-01
3.336213529109954834e-02
0.000000000000000000e+00
4.455074369907379150e-01
2.768723368644714355e-01
7.533250749111175537e-02
5.582038685679435730e-02
5.704782903194427490e-02
1.244686245918273926e-01
2.264852523803710938e-01
2.645065784454345703e-01
5.800824761390686035e-01
6.484445929527282715e-01
4.912964344024658203e+00
5.239406973123550415e-02
9.396415948867797852e-02
1.662162661552429199e+00
9.916041046380996704e-02
7.138250023126602173e-02
4.078599214553833008e-01
3.584060445427894592e-02
0.000000000000000000e+00
4.172150790691375732e-02
8.512543886899948120e-02
8.265392482280731201e-02
1.415298134088516235e-02
5.936927795410156250e-01
1.418130705133080482e-03
1.613134622573852539e+00
1.485179066658020020e-01
2.803426027297973633e+00
4.357548952102661133e-01
4.584139585494995117e-02
0.000000000000000000e+00
9.379167854785919189e-02
9.847904741764068604e-02
1.533152461051940918e-01
1.063911557197570801e+00
4.656001627445220947e-01
2.194055020809173584e-01
4.217748045921325684e-01
1.984945088624954224e-01
9.564939886331558228e-03
1.018116101622581482e-01
2.456464767456054688e+00
1.622143760323524475e-02
3.260274976491928101e-02
2.826986312866210938e-01
5.963921546936035156e-01
2.130252838134765625e+00
3.663238836452364922e-03
3.399811089038848877e-01
1.159040033817291260e-01
2.544587254524230957e-01
2.012305974960327148e+00
5.064317584037780762e-02
1.191890358924865723e+00
4.594906233251094818e-03
8.045260310173034668e-01
2.810817025601863861e-02
8.015884459018707275e-02
7.053512334823608398e-02
1.721132663078606129e-03
7.514449954032897949e-01
1.373236417770385742e+00
2.340159937739372253e-02
1.520438045263290405e-01
7.659522891044616699e-01
3.532974049448966980e-02
1.282376497983932495e-01
1.669524796307086945e-02
7.028859257698059082e-01
5.955675616860389709e-03
3.678924739360809326e-01
1.140210106968879700e-01
9.759747385978698730e-01
2.558984160423278809e-01
6.237705349922180176e-01
2.860069513320922852e+00
9.452194720506668091e-02
1.392268985509872437e-01
1.013424023985862732e-01
1.882291771471500397e-02
0.000000000000000000e+00
0.000000000000000000e+00
1.842642389237880707e-02
3.297732472419738770e-01
1.429604649543762207e+00
9.280364513397216797e-01
0.000000000000000000e+00
2.376433275640010834e-02
5.157254338264465332e-01
3.970926046371459961e+00
7.394621968269348145e-01
0.000000000000000000e+00
6.576217856490984559e-05
0.000000000000000000e+00
3.572681173682212830e-02
2.325553447008132935e-01
5.904483795166015625e-02
2.376182794570922852e+00
0.000000000000000000e+00
5.758745074272155762e-01
8.538067340850830078e-02
2.128760814666748047e-01
8.278762102127075195e-01
1.812516748905181885e-01
1.394606947898864746e+00
2.906714566051959991e-02
0.000000000000000000e+00
0.000000000000000000e+00
1.685668468475341797e+00
0.000000000000000000e+00
2.699800953269004822e-02
5.890582222491502762e-03
8.567138761281967163e-02
2.983225584030151367e-01
1.839036680757999420e-02
1.311520218849182129e+00
1.130273342132568359e+00
2.637953162193298340e-01
0.000000000000000000e+00
2.210016250610351562e-01
4.853526115417480469e+00
1.012028098106384277e+00
1.907026022672653198e-02
2.310429327189922333e-02
8.494967222213745117e-01
4.028782844543457031e-01
4.714966714382171631e-01
0.000000000000000000e+00
0.000000000000000000e+00
3.670482337474822998e-01
1.305771946907043457e+00
1.830765455961227417e-01
0.000000000000000000e+00
0.000000000000000000e+00
5.897438153624534607e-03
2.898982353508472443e-02
1.250845659524202347e-02
1.087881699204444885e-01
3.715240359306335449e-01
1.656417965888977051e+00
2.200016081333160400e-01
4.542190581560134888e-02
1.054214779287576675e-03
2.193549424409866333e-01
6.205724477767944336e-01
1.111477613449096680e-01
1.180583909153938293e-01
5.027858734130859375e+00
2.719781827181577682e-03
6.922730207443237305e-01
1.640975475311279297e-01
9.219517707824707031e-01
3.565233945846557617e-01
0.000000000000000000e+00
1.881008148193359375e-01
9.672200679779052734e-02
1.179293543100357056e-01
6.540413200855255127e-02
4.018320888280868530e-02
1.589136421680450439e-01
1.095434883609414101e-03
9.896900653839111328e-01
2.040619216859340668e-02
3.527243435382843018e-01
2.526663010939955711e-03
4.319380760192871094e+00
7.338147759437561035e-01
7.535195350646972656e-01
8.715405464172363281e-01
1.445299744606018066e+00
1.006996408104896545e-01
2.388853728771209717e-01
2.339280128479003906e+00
8.202175050973892212e-02
4.137330688536167145e-03
3.562372028827667236e-01
4.561956226825714111e-01
9.465421438217163086e-01
7.082564830780029297e-01
1.183458138257265091e-02
0.000000000000000000e+00
4.274547845125198364e-02
6.852613687515258789e-01
3.978951647877693176e-02
1.826370321214199066e-02
7.113198935985565186e-02
1.181169301271438599e-01
1.726714670658111572e-01
5.054799914360046387e-01
1.607530117034912109e-01
5.867769718170166016e-01
3.173079490661621094e+00
1.068460106849670410e+00
1.131126563996076584e-02
0.000000000000000000e+00
4.197505488991737366e-02
2.900521755218505859e-01
0.000000000000000000e+00
2.443501949310302734e+00
7.660125941038131714e-02
3.501072227954864502e-01
2.714658975601196289e-01
7.288642525672912598e-01
1.795367449522018433e-01
4.794701635837554932e-01
6.058801412582397461e-01
2.513452768325805664e-01
8.223807811737060547e-01
4.695634245872497559e-01
3.077622056007385254e-01
1.887442469596862793e+00
1.055173993110656738e+00
3.082344494760036469e-02
6.044311076402664185e-02
4.792875051498413086e-01
1.756896525621414185e-01
2.439907193183898926e-01
1.895280480384826660e+00
0.000000000000000000e+00
1.802614450454711914e+00
1.058358475565910339e-01
1.716515794396400452e-02
8.696984499692916870e-02
4.371970295906066895e-01
1.557551741600036621e+00
1.193126559257507324e+00
1.633123457431793213e-01
5.595628619194030762e-01
1.701665401458740234e+00
0.000000000000000000e+00
5.105025321245193481e-02
1.336574435234069824e+00
3.661622107028961182e-01
1.087887048721313477e+00
0.000000000000000000e+00
7.004768401384353638e-02
1.977884918451309204e-01
6.782842427492141724e-02
4.842033386230468750e-01
1.273125708103179932e-01
3.702946901321411133e+00
4.122983664274215698e-02
2.193881273269653320e-01
9.957364201545715332e-01
3.847879916429519653e-02
1.229638829827308655e-01
1.554171144962310791e-01
2.257893979549407959e-02
4.122008979320526123e-01
4.233146905899047852e-01
1.595125794410705566e+00
0.000000000000000000e+00
1.510321511887013912e-03
0.000000000000000000e+00
6.443381309509277344e-01
1.159899309277534485e-01
8.310499191284179688e-01
5.484718829393386841e-02
4.029518738389015198e-02
2.625751495361328125e-01
2.837927937507629395e-01
0.000000000000000000e+00
1.002671942114830017e-01
0.000000000000000000e+00
2.888841331005096436e-01
1.150092840194702148e+00
1.231776922941207886e-02
5.715478211641311646e-02
1.116001725196838379e+00
9.962065815925598145e-01
5.644526332616806030e-03
4.340367615222930908e-01
7.791598886251449585e-02
5.164926648139953613e-01
2.210692502558231354e-03
3.628080785274505615e-01
3.111469447612762451e-01
1.259642601013183594e+00
0.000000000000000000e+00
0.000000000000000000e+00
0.000000000000000000e+00
2.418434172868728638e-01
1.258834838867187500e+00
0.000000000000000000e+00
0.000000000000000000e+00
7.697553634643554688e-01
1.171796210110187531e-02
5.953284353017807007e-02
8.363720960915088654e-03
1.716918200254440308e-01
8.925982564687728882e-02
1.925642728805541992e+00
5.839058756828308105e-01
9.199079275131225586e-01
6.967268884181976318e-02
2.001516222953796387e-01
4.310461282730102539e-01
2.997598171234130859e+00
7.105468511581420898e-01
0.000000000000000000e+00
0.000000000000000000e+00
1.674022674560546875e-01
0.000000000000000000e+00
4.826647043228149414e-01
3.028410971164703369e-01
7.004954386502504349e-03
6.523863971233367920e-02
8.413073420524597168e-02
1.057751297950744629e+00
1.175055027008056641e+00
6.255271378904581070e-03
3.757875859737396240e-01
1.421167373657226562e+00
3.281217813491821289e-01
1.024899259209632874e-01
1.907411962747573853e-02
3.690692037343978882e-02
0.000000000000000000e+00
7.802687883377075195e-01
2.569268345832824707e-01
1.753430217504501343e-01
2.743268013000488281e+00
2.287131696939468384e-01
0.000000000000000000e+00
1.180066347122192383e+00
0.000000000000000000e+00
1.402610898017883301e+00
4.274722561240196228e-02
3.971371427178382874e-02
6.000541523098945618e-02
0.000000000000000000e+00
1.476933836936950684e+00
4.874459803104400635e-01
7.782298140227794647e-03
3.988678455352783203e-01
1.046301484107971191e+00
6.192026138305664062e-01
2.126880139112472534e-01
3.094152510166168213e-01
7.830254435539245605e-01
2.186566442251205444e-01
2.624212019145488739e-02
1.576431244611740112e-01
8.524461835622787476e-02
4.236477315425872803e-01
0.000000000000000000e+00
1.249393895268440247e-01
2.130994796752929688e+00
4.065367579460144043e-02
1.759357452392578125e-01
3.857655525207519531e-01
5.235565453767776489e-02
1.053745001554489136e-01
9.248975515365600586e-01
2.801814556121826172e+00
1.265536434948444366e-02
5.235269665718078613e-01
1.388252377510070801e-01
2.675161510705947876e-02
3.818897306919097900e-01
4.984433650970458984e-01
4.572147727012634277e-01
4.254229366779327393e-02
1.609033793210983276e-01
1.100302338600158691e-01
1.657552123069763184e+00
1.344559788703918457e-01
0.000000000000000000e+00
1.594056338071823120e-01
8.660469949245452881e-02
1.370968818664550781e+00
4.999243319034576416e-01
1.038149818778038025e-01
1.109629049897193909e-01
4.565621539950370789e-02
1.015577912330627441e-01
6.862552836537361145e-03
1.557852476835250854e-01
6.309205889701843262e-01
0.000000000000000000e+00
1.127692461013793945e+00
4.723640084266662598e-01
3.387780627235770226e-03
4.904227331280708313e-02
9.339506030082702637e-01
1.132990121841430664e-01
1.502708066254854202e-02
1.183296561241149902e+00
6.723292917013168335e-02
0.000000000000000000e+00
1.409716606140136719e-01
7.265019696205854416e-03
9.517023712396621704e-02
1.473523676395416260e-01
1.780682563781738281e+00
2.170875966548919678e-01
1.691312193870544434e-01
9.965077042579650879e-03
1.146400198340415955e-01
0.000000000000000000e+00
0.000000000000000000e+00
1.731141284108161926e-02
1.218399167060852051e+00
8.163800835609436035e-01
5.157167091965675354e-02
2.097696512937545776e-01
1.944132000207901001e-01
3.973205089569091797e-01
2.230428606271743774e-01
0.000000000000000000e+00
4.416283220052719116e-02
1.569724231958389282e-01
4.646902382373809814e-01
0.000000000000000000e+00
0.000000000000000000e+00
2.458903491497039795e-01
5.152495950460433960e-02
0.000000000000000000e+00
9.787471294403076172e-01
1.882544159889221191e-01
1.497832089662551880e-01
1.929531216621398926e+00
5.235022306442260742e-02
2.664449214935302734e-01
0.000000000000000000e+00
1.259285807609558105e-01
5.831169486045837402e-01
1.528502404689788818e-01
5.546607426367700100e-04
2.712356150150299072e-01
2.172213047742843628e-01
4.252729713916778564e-01
1.080079749226570129e-01
4.056769423186779022e-03
6.074450016021728516e-01
0.000000000000000000e+00
2.583547234535217285e-01
5.573255196213722229e-02
1.134172081947326660e-01
8.020336925983428955e-02
1.513884216547012329e-01
5.741893053054809570e-01
0.000000000000000000e+00
6.265518665313720703e-01
8.190327286720275879e-01
5.851301550865173340e-01
7.470462005585432053e-03
2.823830842971801758e-01
4.533448815345764160e-02
7.912961840629577637e-01
3.645630180835723877e-01
4.874159023165702820e-02
5.149261951446533203e-01
8.705770373344421387e-01
0.000000000000000000e+00
1.104340195655822754e+00
4.959124326705932617e-01
8.533164113759994507e-02
1.724394202232360840e+00
4.556196630001068115e-01
0.000000000000000000e+00
5.990668535232543945e-01
1.333469986915588379e+00
1.361223459243774414e+00
1.637517511844635010e-01
0.000000000000000000e+00
1.473407745361328125e-01
7.681951522827148438e-01
1.333860158920288086e-01
1.624610424041748047e+00
6.039705500006675720e-02
9.286563098430633545e-02
6.716055870056152344e-01
1.254900097846984863e-01
0.000000000000000000e+00
2.608806192874908447e-01
1.007708981633186340e-01
5.684822797775268555e-01
2.014935493469238281e+00
1.687054485082626343e-01
3.046857118606567383e-01
2.313627153635025024e-01
2.938023567199707031e+00
3.186025619506835938e-01
2.150163203477859497e-01
1.138482987880706787e-01
1.755245923995971680e-01
4.651802033185958862e-02
4.714651405811309814e-01
1.112694069743156433e-01
5.316701531410217285e-02
1.257221698760986328e-01
9.943158030509948730e-01
1.849376708269119263e-01
1.760291457176208496e+00
2.248550355434417725e-01
1.277086257934570312e+00
0.000000000000000000e+00
8.525359630584716797e-01
1.550269573926925659e-01
1.816578768193721771e-02
7.895120382308959961e-01
4.577072620391845703e+00
2.058916836977005005e-01
4.569196999073028564e-01
2.668060362339019775e-02
7.182880491018295288e-02
2.881938517093658447e-01
1.364577561616897583e-01
9.296275377273559570e-01
2.340695858001708984e-01
5.863826274871826172e-01
5.538802742958068848e-01
0.000000000000000000e+00
1.927291303873062134e-01
2.375589124858379364e-02
9.389505535364151001e-02
4.190230071544647217e-01
3.060874640941619873e-01
1.328466366976499557e-02
3.572249114513397217e-01
8.127276669256389141e-04
2.064889110624790192e-02
1.906477332115173340e+00
8.584893308579921722e-03
2.197214663028717041e-01
6.535132974386215210e-02
1.155619695782661438e-01
0.000000000000000000e+00
2.364021353423595428e-02
0.000000000000000000e+00
2.412177436053752899e-02
1.543114483356475830e-01
1.065653085708618164e+00
3.285425603389739990e-01
1.691298484802246094e+00
6.228974461555480957e-02
0.000000000000000000e+00
0.000000000000000000e+00
7.861654162406921387e-01
2.658380568027496338e-01
6.925652176141738892e-02
6.478311419486999512e-01
3.553535938262939453e-01
2.322989515960216522e-02
1.266410667449235916e-02
6.000031717121601105e-03
7.310173660516738892e-02
9.228296577930450439e-03
4.152188599109649658e-01
2.581176534295082092e-02
6.271844357252120972e-02
1.421724557876586914e-01
3.385093808174133301e-01
4.923261404037475586e-01
2.493973821401596069e-02
3.772839605808258057e-01
2.231866270303726196e-01
5.283923745155334473e-01
1.290953397750854492e+00
0.000000000000000000e+00
2.568004652857780457e-02
0.000000000000000000e+00
4.515275478363037109e+00
4.203864037990570068e-01
1.232463028281927109e-02
1.079571604728698730e+00
7.187772542238235474e-02
4.527759552001953125e-02
1.066873297095298767e-01
1.674812793731689453e+00
3.984167575836181641e-01
3.124635517597198486e-01
6.576544046401977539e-01
2.980303168296813965e-01
3.230966925621032715e-01
3.592625856399536133e-01
1.759368777275085449e-01
3.526376485824584961e-01
1.809495687484741211e-01
1.111093349754810333e-02
4.337433278560638428e-01
1.072075963020324707e-01
5.086731314659118652e-01
3.530578851699829102e+00
2.116289138793945312e-01
2.336258649826049805e+00
6.150305643677711487e-02
1.838065981864929199e-01
1.959989964962005615e-01
9.943051934242248535e-01
7.553766369819641113e-01
4.597118198871612549e-01
1.592609658837318420e-02
2.649784088134765625e-03
2.814403474330902100e-01
2.940647006034851074e-01
1.323103606700897217e-01
4.892701804637908936e-01
1.041211843490600586e+00
1.477512478828430176e+00
1.861075878143310547e+00
0.000000000000000000e+00
2.363832890987396240e-01
5.030372738838195801e-01
0.000000000000000000e+00
6.572759151458740234e-02
1.867588423192501068e-02
2.441195994615554810e-01
2.227858304977416992e-01
3.468025326728820801e-01
4.147159457206726074e-01
8.382476121187210083e-02
2.650017142295837402e-01
1.287998259067535400e-01
2.077813893556594849e-01
0.000000000000000000e+00
1.338477969169616699e+00
9.755388647317886353e-02
4.636826813220977783e-01
4.304530143737792969e+00
3.123764991760253906e-01
2.727552056312561035e-01
5.444352328777313232e-02
3.628543913364410400e-01
2.500727400183677673e-02
1.277732998132705688e-01
1.239205241203308105e+00
2.129089117050170898e+00
3.574766218662261963e-02
4.642078652977943420e-02
5.974079295992851257e-02
1.316284537315368652e+00
6.634588539600372314e-02
1.093427315354347229e-01
1.210981607437133789e+00
6.547114253044128418e-01
2.928439080715179443e-01
9.494724869728088379e-01
7.008348703384399414e-01
0.000000000000000000e+00
1.068401455879211426e+00
3.287663459777832031e-01
2.433535158634185791e-01
2.915298379957675934e-02
3.934175241738557816e-03
1.030344963073730469e-01
1.025256037712097168e+00
5.891246348619461060e-02
5.430480241775512695e-01
1.192091822624206543e+00
3.211201131343841553e-01
3.612579777836799622e-02
6.355298757553100586e-01
8.318125009536743164e-01
4.555047154426574707e-01
3.833165764808654785e-01
1.285771653056144714e-02
1.881820559501647949e-01
2.164724826812744141e+00
4.924506843090057373e-01
9.014711529016494751e-02
2.974237442016601562e+00
0.000000000000000000e+00
3.010495007038116455e-02
9.053838253021240234e-02
2.220427751541137695e+00
1.357054710388183594e-01
2.313520461320877075e-01
3.675145506858825684e-01
1.538718819618225098e+00
1.685150712728500366e-02
3.929635584354400635e-01
0.000000000000000000e+00
2.196259349584579468e-01
4.073388576507568359e-01
1.434621214866638184e-01
1.357866823673248291e-01
0.000000000000000000e+00
7.629655599594116211e-01
1.854097247123718262e-01
3.215888142585754395e-01
2.598366700112819672e-02
0.000000000000000000e+00
9.885348677635192871e-01
0.000000000000000000e+00
3.357555568218231201e-01
1.409630011767148972e-02
1.137754097580909729e-01
1.110000610351562500e-01
9.348435401916503906e-01
2.317527979612350464e-01
2.854356765747070312e-01
3.516332209110260010e-01
5.118193030357360840e-01
2.517571300268173218e-02
0.000000000000000000e+00
3.434157371520996094e-01
7.387229204177856445e-01
0.000000000000000000e+00
1.178936660289764404e-01
8.621175885200500488e-01
2.038982883095741272e-02
6.091858148574829102e-01
6.406895071268081665e-02
8.554779887199401855e-01
1.195105165243148804e-02
1.395758837461471558e-01
3.032807111740112305e+00
4.615170955657958984e-01
6.595011055469512939e-02
8.705915510654449463e-02
1.270433217287063599e-01
9.950273633003234863e-01
0.000000000000000000e+00
8.469029664993286133e-01
5.633250623941421509e-02
4.713206291198730469e-01
5.416175723075866699e-02
6.006732210516929626e-02
1.026710793375968933e-01
0.000000000000000000e+00
4.326217174530029297e-01
1.352121960371732712e-02
1.599953323602676392e-01
1.820056557655334473e+00
7.540016174316406250e-01
1.326390653848648071e-01
1.290181744843721390e-02
5.769451856613159180e-01
0.000000000000000000e+00
4.302093684673309326e-01
5.562446545809507370e-03
3.834337368607521057e-02
2.941587567329406738e-02
1.153988093137741089e-01
4.389940295368432999e-03
8.860493898391723633e-01
3.330339863896369934e-02
8.298152089118957520e-01
4.637784361839294434e-01
4.841125905513763428e-01
2.065075635910034180e-01
1.005457162857055664e+00
3.290584385395050049e-01
7.528640627861022949e-01
2.961542606353759766e-01
0.000000000000000000e+00
2.265759930014610291e-02
3.576312586665153503e-02
3.283275663852691650e-01
4.875003397464752197e-01
1.594327241182327271e-01
2.092330344021320343e-02
2.216134686022996902e-03
2.349962443113327026e-01
0.000000000000000000e+00
2.614665627479553223e-01
1.414143946021795273e-02
0.000000000000000000e+00
1.199017465114593506e-02
5.406791716814041138e-02
5.635149031877517700e-02
6.645190119743347168e-01
0.000000000000000000e+00
7.339719682931900024e-02
2.102941989898681641e+00
2.553903758525848389e-01
1.478950500488281250e+00
4.052846226841211319e-03
1.531210690736770630e-01
3.037083894014358521e-02
3.243188858032226562e+00
1.527083516120910645e+00
4.504524171352386475e-01
1.218345314264297485e-01
9.596855044364929199e-01
1.124667897820472717e-01
7.721151411533355713e-02
3.300083577632904053e-01
0.000000000000000000e+00
1.721696704626083374e-01
2.551735043525695801e-01
2.751217456534504890e-03
0.000000000000000000e+00
6.958058476448059082e-01
5.045739933848381042e-03
1.382410764694213867e+00
1.696914732456207275e-01
2.668963968753814697e-01
3.095530867576599121e-01
1.326418370008468628e-01
1.990866512060165405e-01
1.478411912918090820e+00
5.721783041954040527e-01
6.046444643288850784e-03
3.755920231342315674e-01
2.923448756337165833e-02
6.044572219252586365e-02
6.008954048156738281e-01
4.717241972684860229e-02
9.745740890502929688e-02
4.855577051639556885e-01
2.020519226789474487e-01
8.233649730682373047e-01
6.466042995452880859e-02
0.000000000000000000e+00
9.831355512142181396e-02
3.252344608306884766e+00
1.947033107280731201e-01
2.198036760091781616e-02
8.360882848501205444e-02
2.033964246511459351e-01
2.882813513278961182e-01
5.429514124989509583e-02
4.030350223183631897e-02
2.812622487545013428e-02
9.464675188064575195e-01
4.062035083770751953e-01
9.018246531486511230e-01
2.910126149654388428e-01
8.263752609491348267e-02
4.463857412338256836e-02
0.000000000000000000e+00
9.399599432945251465e-01
0.000000000000000000e+00
1.550885736942291260e-01
0.000000000000000000e+00
1.311385631561279297e+00
5.160761475563049316e-01
3.237802069634199142e-03
1.944505691528320312e+00
5.661400556564331055e-01
6.910688281059265137e-01
1.203633546829223633e-01
1.469112634658813477e-01
1.483887527137994766e-02
1.428776886314153671e-02
8.448655158281326294e-02
1.807835102081298828e-01
1.787413507699966431e-01
2.135398983955383301e-01
1.116396307945251465e+00
7.320475578308105469e-01
2.350308895111083984e+00
2.106428146362304688e-03
6.683416366577148438e-01
1.110153123736381531e-01
0.000000000000000000e+00
4.296021759510040283e-01
1.296993941068649292e-01
2.232315242290496826e-01
7.594911456108093262e-01
8.333989232778549194e-02
2.062086820602416992e+00
5.761110689491033554e-03
1.033200979232788086e+00
1.295544385910034180e+00
5.920874886214733124e-03
8.455898761749267578e-01
5.666092410683631897e-02
1.497593075037002563e-01
1.099797844886779785e+00
3.830739557743072510e-01
1.584319770336151123e-02
2.666555531322956085e-02
2.993841469287872314e-01
3.755615651607513428e-02
0.000000000000000000e+00
7.128842920064926147e-02
1.202439785003662109e+00
5.472421050071716309e-01
1.195341050624847412e-01
1.147165335714817047e-02
2.293915720656514168e-03
1.996246874332427979e-01
1.471587568521499634e-01
3.567368537187576294e-02
1.371608138084411621e+00
3.650385886430740356e-02
3.318000733852386475e-01
0.000000000000000000e+00
1.007367014884948730e+00
4.745955578982830048e-03
2.253938764333724976e-01
5.228099972009658813e-02
6.106793284416198730e-01
2.242954075336456299e-02
2.187605947256088257e-02
2.433889918029308319e-02
3.011328866705298424e-03
3.189266100525856018e-02
1.163532659411430359e-01
2.490234375000000000e-01
0.000000000000000000e+00
3.324084281921386719e-01
0.000000000000000000e+00
2.500731647014617920e-01
4.610049072653055191e-03
0.000000000000000000e+00
1.932541579008102417e-01
1.756795914843678474e-03
0.000000000000000000e+00
2.475518584251403809e-01
1.689182639122009277e+00
4.819420278072357178e-01
0.000000000000000000e+00
6.113712787628173828e-01
4.452310800552368164e-01
6.815434694290161133e-01
4.394223913550376892e-02
4.933632314205169678e-01
8.652702569961547852e-01
4.160208404064178467e-01
5.039581656455993652e-01
2.400544285774230957e-01
1.808055281639099121e+00
3.403115868568420410e-01
0.000000000000000000e+00
0.000000000000000000e+00
4.170108735561370850e-01
1.615866422653198242e-01
2.567311525344848633e-01
2.530464343726634979e-02
3.319415152072906494e-01
1.273462057113647461e+00
6.330866813659667969e-01
2.534003853797912598e-01
6.996315121650695801e-01
6.670232415199279785e-01
9.939410090446472168e-01
2.384847551584243774e-01
3.939917385578155518e-01
2.659708261489868164e-01
8.246678858995437622e-02
1.820158809423446655e-01
1.537080556154251099e-01
1.008469518274068832e-02
6.180119886994361877e-02
0.000000000000000000e+00
1.802118308842182159e-02
6.309022754430770874e-02
4.430006444454193115e-01
1.671046577394008636e-02
1.847950935363769531e+00
1.773531734943389893e-01
1.093669652938842773e+00
1.569199681282043457e+00
3.540917336940765381e-01
4.341419786214828491e-02
1.638025417923927307e-02
5.572985649108886719e+00
1.562985479831695557e-01
1.756132125854492188e+00
2.889654934406280518e-01
3.755544424057006836e-01
7.813878059387207031e-01
2.726597152650356293e-02
5.377654731273651123e-02
1.247801482677459717e-01
3.406666219234466553e-02
1.748512983322143555e-01
1.128138154745101929e-01
1.105835363268852234e-01
2.433704584836959839e-01
2.690967812668532133e-04
2.342138141393661499e-01
1.954592913389205933e-01
6.883511543273925781e-01
2.745153665542602539e+00
0.000000000000000000e+00
0.000000000000000000e+00
9.874630570411682129e-01
2.686476707458496094e-01
1.187293529510498047e+00
0.000000000000000000e+00
1.780176907777786255e-02
2.283916950225830078e+00
5.181981325149536133e-01
2.374314218759536743e-01
5.966188851743936539e-03
8.913359642028808594e-01
9.742434024810791016e-01
0.000000000000000000e+00
1.184465810656547546e-01
3.149648010730743408e-02
4.584537073969841003e-02
5.863769445568323135e-03
8.333337903022766113e-01
3.200320303440093994e-01
3.715732395648956299e-01
3.611508309841156006e-01
0.000000000000000000e+00
1.944565586745738983e-02
0.000000000000000000e+00
2.703014016151428223e-01
8.165759444236755371e-01
0.000000000000000000e+00
2.134806290268898010e-02
1.080497652292251587e-01
2.840239368379116058e-02
1.805793642997741699e-01
1.498813480138778687e-01
1.938396878540515900e-02
5.180058479309082031e-01
5.364771485328674316e-01
3.340011835098266602e-01
1.173470139503479004e+00
0.000000000000000000e+00
4.482558369636535645e-01
8.554916381835937500e-01
1.858535289764404297e+00
3.603919222950935364e-02
5.050290003418922424e-02
5.069187283515930176e-01
1.892085194587707520e+00
4.772827029228210449e-01
2.914207875728607178e-01
1.540202996693551540e-03
1.023504883050918579e-02
1.417212188243865967e-01
0.000000000000000000e+00
1.749511063098907471e-01
1.116675496101379395e+00
3.807471990585327148e-01
1.491116285324096680e-01
4.006468877196311951e-02
1.589970476925373077e-02
1.350182015448808670e-02
1.690745711326599121e+00
0.000000000000000000e+00
4.503827169537544250e-02
1.400906499475240707e-02
1.662186384201049805e-01
1.426958590745925903e-01
2.822749853134155273e+00
7.911770939826965332e-01
1.456193566322326660e+00
9.193586558103561401e-02
1.519654095172882080e-01
0.000000000000000000e+00
2.834542468190193176e-02
4.739962890744209290e-02
0.000000000000000000e+00
1.565719604492187500e+00
9.715864807367324829e-02
1.846917718648910522e-02
1.977358907461166382e-01
1.337600946426391602e-01
2.397426776587963104e-02
2.703024446964263916e-01
5.837879776954650879e-01
1.690875291824340820e-01
4.819536805152893066e-01
1.988874934613704681e-02
3.628496527671813965e-01
2.790459096431732178e-01
3.065239172428846359e-03
7.546940445899963379e-01
1.471158862113952637e-01
3.455198109149932861e-01
2.348634004592895508e+00
9.323476552963256836e-01
5.438774228096008301e-01
3.808681387454271317e-03
0.000000000000000000e+00
2.305540084838867188e+00
7.718766927719116211e-01
5.130763351917266846e-02
1.997779905796051025e-01
1.836594223976135254e+00
8.309037238359451294e-02
8.453379273414611816e-01
6.234116554260253906e-01
3.834700211882591248e-03
6.559089524671435356e-04
1.415089607238769531e+00
6.819707751274108887e-01
9.357339702546596527e-03
8.427543193101882935e-02
9.990491867065429688e-01
1.137354522943496704e-01
5.164187401533126831e-02
5.685717612504959106e-02
2.868176400661468506e-01
2.459459900856018066e-01
1.486698985099792480e-01
1.627569943666458130e-01
9.798634052276611328e-01
1.481924206018447876e-01
1.367910802364349365e-01
4.427141547203063965e-01
7.975149154663085938e-01
7.215531915426254272e-02
1.193288266658782959e-01
0.000000000000000000e+00
4.561165347695350647e-02
1.648824214935302734e-01
3.882560014724731445e+00
1.958133876323699951e-01
9.056381583213806152e-01
7.091839797794818878e-03
6.972504258155822754e-01
2.335173934698104858e-01
3.250324353575706482e-02
0.000000000000000000e+00
4.517998993396759033e-01
3.702750802040100098e-01
2.544261813163757324e-01
1.599357128143310547e-01
0.000000000000000000e+00
6.332929730415344238e-01
0.000000000000000000e+00
5.224080011248588562e-02
9.523703157901763916e-02
1.629657000303268433e-01
0.000000000000000000e+00
0.000000000000000000e+00
3.907285034656524658e-01
2.548528671264648438e+00
5.292874947190284729e-02
1.022853970527648926e+00
3.854542076587677002e-01
3.050270117819309235e-02
1.325311325490474701e-02
1.613181680440902710e-01
4.261802434921264648e-01
1.961122006177902222e-01
5.308647751808166504e-01
5.882831811904907227e-01
0.000000000000000000e+00
5.480649471282958984e+00
4.363049030303955078e+00
5.610681772232055664e-01
1.930095851421356201e-01
1.199586629867553711e+00
0.000000000000000000e+00
9.229362942278385162e-03
8.816990256309509277e-02
1.539826244115829468e-01
1.799582391977310181e-01
6.173081398010253906e-01
1.585404574871063232e-02
0.000000000000000000e+00
4.529449343681335449e-01
1.048807352781295776e-01
1.321012526750564575e-01
1.229162335395812988e+00
1.141921520233154297e+00
3.634065091609954834e-01
0.000000000000000000e+00
5.865095555782318115e-02
8.476281166076660156e-01
0.000000000000000000e+00
0.000000000000000000e+00
4.573495388031005859e-01
6.354370713233947754e-01
2.014960497617721558e-01
9.558767825365066528e-02
5.323941111564636230e-01
6.446471214294433594e-01
1.355867739766836166e-02
1.667398214340209961e-02
2.314416468143463135e-01
1.378600150346755981e-01
7.409524172544479370e-02
8.274841308593750000e-02
0.000000000000000000e+00
6.698530912399291992e-02
1.014111757278442383e+00
9.479390084743499756e-02
0.000000000000000000e+00
0.000000000000000000e+00
1.212531089782714844e+00
1.246682554483413696e-01
4.246121644973754883e-02
0.000000000000000000e+00
2.907298207283020020e-01
1.805063933134078979e-01
1.657351493835449219e+00
1.484926819801330566e+00
0.000000000000000000e+00
4.863101541996002197e-01
5.699771046638488770e-01
5.973629355430603027e-01
4.191255569458007812e-02
0.000000000000000000e+00
0.000000000000000000e+00
2.958074212074279785e-01
1.231478810310363770e+00
4.405067563056945801e-01
1.233685240149497986e-01
4.092970490455627441e-01
3.955231606960296631e-01
1.730400085449218750e+00
2.828440666198730469e-01
1.470877975225448608e-01
1.474308073520660400e-01
0.000000000000000000e+00
1.653601825237274170e-01
9.039328247308731079e-02
3.758921325206756592e-01
0.000000000000000000e+00
8.264692127704620361e-02
3.232889473438262939e-01
1.064741685986518860e-01
4.261305034160614014e-01
1.910271793603897095e-01
3.762587606906890869e-01
4.654385447502136230e-01
8.138889074325561523e-02
1.997010469436645508e+00
3.512499332427978516e-01
4.247562214732170105e-02
0.000000000000000000e+00
0.000000000000000000e+00
7.495818138122558594e-01
4.923475906252861023e-02
5.646937713027000427e-02
4.002235233783721924e-01
5.130239725112915039e-01
8.252419531345367432e-02
9.038881659507751465e-01
4.490936100482940674e-01
1.144229769706726074e-01
6.123141944408416748e-02
5.225704982876777649e-02
4.222494125366210938e+00
5.463391542434692383e-01
1.151529699563980103e-01
1.322777569293975830e-01
4.746456146240234375e-01
5.088911056518554688e-01
1.165706589818000793e-01
8.035593479871749878e-02
5.212645530700683594e-01
8.572922646999359131e-02
1.891143620014190674e-01
5.177289843559265137e-01
6.137364357709884644e-02
5.819901823997497559e-02
1.699792891740798950e-01
6.485029309988021851e-02
2.309207916259765625e-01
2.091181278228759766e-01
6.097914651036262512e-02
1.304795295000076294e-01
1.194249168038368225e-01
3.620778396725654602e-02
1.128685474395751953e+00
7.479763776063919067e-02
9.884375929832458496e-01
2.906549274921417236e-01
1.205814838409423828e+00
4.710800945758819580e-03
1.085850119590759277e+00
6.510785967111587524e-02
1.557538378983736038e-02
5.278656482696533203e-01
1.370314806699752808e-01
6.399890184402465820e-01
8.281805992126464844e+00
0.000000000000000000e+00
6.168091297149658203e-01
7.002835869789123535e-01
6.427718997001647949e-01
1.187416672706604004e+00
1.475361138582229614e-01
5.843916907906532288e-03
7.242859601974487305e-01
7.442554831504821777e-02
4.456719011068344116e-02
1.666871309280395508e+00
4.944807887077331543e-01
0.000000000000000000e+00
3.667540550231933594e+00
5.808499455451965332e-02
0.000000000000000000e+00
1.503645479679107666e-01
3.798822313547134399e-02
1.020931266248226166e-02
8.503514528274536133e-02
7.804408669471740723e-02
1.619663000106811523e+00
2.263865232467651367e+00
3.715302944183349609e-01
1.359456479549407959e-01
8.787581324577331543e-02
4.195524454116821289e-01
3.216126561164855957e-02
1.376729905605316162e-01
1.605803519487380981e-01
4.587429016828536987e-02
6.742177903652191162e-02
3.916812837123870850e-01
9.220276027917861938e-02
3.131591379642486572e-01
9.829463064670562744e-02
0.000000000000000000e+00
5.232130363583564758e-02
6.242729723453521729e-03
3.959329128265380859e-01
0.000000000000000000e+00
2.057330846786499023e+00
5.313882604241371155e-02
0.000000000000000000e+00
9.850697964429855347e-02
3.196782767772674561e-01
4.534809291362762451e-01
1.345130085945129395e+00
2.070102542638778687e-01
7.446555495262145996e-01
6.528013199567794800e-02
4.601427540183067322e-02
7.573373615741729736e-02
5.031926631927490234e-01
3.786824345588684082e-01
6.146301627159118652e-01
6.101669073104858398e-01
0.000000000000000000e+00
9.811899662017822266e-01
1.844587922096252441e-01
2.920680940151214600e-01
8.137785829603672028e-03
1.706239134073257446e-01
3.224771320819854736e-01
3.811023533344268799e-01
1.948378086090087891e-01
1.544613242149353027e+00
1.647021174430847168e-01
2.626453759148716927e-03
5.853750184178352356e-02
0.000000000000000000e+00
1.234687864780426025e-01
1.282306760549545288e-01
2.642659842967987061e-01
4.550028592348098755e-03
1.414055347442626953e+00
1.051161527633666992e+00
2.191343545913696289e+00
0.000000000000000000e+00
5.338047146797180176e-01
5.085349455475807190e-02
2.856606543064117432e-01
5.180046893656253815e-03
3.563020527362823486e-01
3.026327118277549744e-02
1.575430035591125488e-01
0.000000000000000000e+00
5.490794181823730469e-01
1.862273514270782471e-01
5.766196250915527344e-01
1.968956440687179565e-01
4.771757423877716064e-01
5.420575737953186035e-01
9.972579479217529297e-01
0.000000000000000000e+00
0.000000000000000000e+00
3.290756791830062866e-02
5.321749448776245117e-01
4.287807643413543701e-01
1.658748388290405273e-01
7.840541005134582520e-02
2.946584252640604973e-03
0.000000000000000000e+00
0.000000000000000000e+00
0.000000000000000000e+00
4.578671231865882874e-02
1.471988558769226074e+00
2.465139627456665039e-01
6.962421536445617676e-02
2.144149690866470337e-01
2.026153057813644409e-01
9.071060270071029663e-02
1.247195154428482056e-01
2.762418938800692558e-03
7.874005436897277832e-01
4.831465780735015869e-01
3.977794349193572998e-01
9.718394279479980469e-01
7.993403077125549316e-02
3.375643491744995117e-01
0.000000000000000000e+00
1.120435476303100586e+00
0.000000000000000000e+00
2.343200892210006714e-02
6.804710626602172852e-02
2.551733050495386124e-04
1.351157575845718384e-01
3.274170449003577232e-03
5.282809957861900330e-02
4.363082647323608398e-01
3.852111287415027618e-03
1.043145135045051575e-01
1.881279647350311279e-01
9.414922446012496948e-03
1.806163549423217773e+00
5.043386816978454590e-01
0.000000000000000000e+00
3.364380896091461182e-01
1.922790892422199249e-02
1.997196674346923828e-01
8.933409117162227631e-03
5.432407557964324951e-02
8.562228083610534668e-01
3.326300382614135742e-01
2.270623594522476196e-01
0.000000000000000000e+00
2.214307546615600586e+00
0.000000000000000000e+00
1.637546181678771973e+00
4.273543357849121094e-01
4.365845024585723877e-02
2.117100730538368225e-02
8.170463889837265015e-02
1.756301999092102051e+00
6.331841647624969482e-02
4.843175411224365234e-01
5.412724018096923828e-01
5.386852622032165527e-01
2.811407148838043213e-01
7.718282192945480347e-02
0.000000000000000000e+00
7.914720773696899414e-01
2.384424358606338501e-01
0.000000000000000000e+00
3.079733112826943398e-03
2.198447436094284058e-01
5.890581011772155762e-01
8.312183618545532227e-02
1.528966426849365234e+00
8.182477205991744995e-02
5.378524586558341980e-02
1.531164199113845825e-01
6.771051883697509766e-02
2.067311704158782959e-01
3.762718439102172852e-01
2.443036884069442749e-01
1.641879975795745850e-01
1.588482558727264404e-01
0.000000000000000000e+00
3.885152563452720642e-02
9.917014092206954956e-02
8.643577694892883301e-01
7.726302742958068848e-02
1.326682567596435547e+00
5.277293324470520020e-01
4.312457889318466187e-02
6.041119098663330078e-01
1.619087308645248413e-01
3.227100610733032227e+00
0.000000000000000000e+00
1.470977813005447388e-01
8.149800300598144531e-01
1.237523462623357773e-02
4.157573580741882324e-01
4.853174686431884766e-01
3.178366273641586304e-02
1.358511447906494141e-01
2.267399877309799194e-01
6.494453549385070801e-01
6.870583444833755493e-02
2.049134373664855957e-01
4.630083739757537842e-01
5.327760577201843262e-01
0.000000000000000000e+00
2.192957103252410889e-01
0.000000000000000000e+00
1.326471567153930664e+00
6.477047801017761230e-01
1.195808947086334229e-01
3.643881380558013916e-01
2.635449469089508057e-01
4.073322713375091553e-01
1.964873790740966797e+00
3.514013588428497314e-01
1.230763345956802368e-01
3.442238867282867432e-01
4.562088847160339355e-02
1.668171525001525879e+00
3.875103890895843506e-01
1.070953845977783203e+00
5.738957226276397705e-02
3.057266473770141602e-01
0.000000000000000000e+00
5.879565700888633728e-02
3.821762204170227051e-01
8.352521806955337524e-02
1.530010700225830078e-01
5.932531952857971191e-01
0.000000000000000000e+00
4.533608853816986084e-01
0.000000000000000000e+00
2.441713958978652954e-02
9.185072779655456543e-02
1.532176323235034943e-02
4.154436886310577393e-01
0.000000000000000000e+00
3.625621274113655090e-02
1.630670726299285889e-01
4.522109031677246094e-02
3.659529685974121094e-01
8.300018310546875000e-02
2.018972396850585938e+00
0.000000000000000000e+00
3.914456814527511597e-02
6.382704973220825195e-01
1.345416158437728882e-01
1.425727154128253460e-03
1.395134329795837402e-01
4.433026164770126343e-02
8.394017815589904785e-03
1.516162138432264328e-02
3.930896148085594177e-02
5.059326067566871643e-02
6.556658074259757996e-03
2.435132026672363281e+00
0.000000000000000000e+00
3.833938622847199440e-03
8.213848471641540527e-01
2.834324240684509277e-01
9.424353390932083130e-02
3.516955971717834473e-01
2.982037663459777832e-01
5.853421092033386230e-01
1.830514073371887207e-01
4.809395223855972290e-02
1.441092371940612793e+00
8.340099826455116272e-03
1.054877877235412598e+00
1.370760891586542130e-02
3.351100534200668335e-02
3.625174164772033691e-01
0.000000000000000000e+00
9.227529764175415039e-01
0.000000000000000000e+00
1.006311416625976562e+00
1.704529762268066406e+00
0.000000000000000000e+00
1.461996555328369141e+00
2.588482856750488281e+00
1.179778337478637695e+00
0.000000000000000000e+00
0.000000000000000000e+00
2.814239561557769775e-01
1.034145131707191467e-01
6.364817023277282715e-01
5.359295606613159180e-01
6.407878547906875610e-02
4.862383008003234863e-02
7.033992558717727661e-02
1.882794499397277832e-01
4.243057370185852051e-01
1.501991041004657745e-02
8.913619816303253174e-02
2.241065502166748047e+00
4.206582531332969666e-02
1.439460963010787964e-01
8.807196617126464844e-01
3.369079530239105225e-01
6.696758866310119629e-01
0.000000000000000000e+00
1.412180423736572266e+00
1.665624380111694336e+00
1.117328330874443054e-01
8.913975954055786133e-01
4.716882109642028809e-01
8.994494676589965820e-01
6.025090217590332031e-01
3.399175405502319336e-01
6.223938465118408203e-01
1.764476895332336426e+00
1.070944547653198242e+00
9.102392196655273438e-01
2.518813312053680420e-01
7.333531379699707031e-01
1.205243468284606934e-01
1.159276440739631653e-01
1.738770902156829834e-01
2.514348030090332031e-01
7.988822460174560547e-01
1.950533151626586914e+00
2.961252927780151367e+00
2.598500549793243408e-01
7.195364236831665039e-01
1.387205004692077637e+00
0.000000000000000000e+00
1.442055821418762207e+00
3.535238802433013916e-01
1.445839405059814453e-01
2.214656583964824677e-02
1.751563251018524170e-01
0.000000000000000000e+00
6.626287475228309631e-03
5.032083764672279358e-02
8.469244837760925293e-02
1.164719462394714355e+00
2.651536762714385986e-01
0.000000000000000000e+00
1.057623624801635742e-01
6.186865642666816711e-02
2.025481224060058594e+00
4.708871990442276001e-02
1.166051626205444336e+00
2.042420655488967896e-01
9.855870157480239868e-02
3.718243539333343506e-01
4.574085474014282227e-01
2.043094038963317871e-01
1.112594366073608398e+00
1.233620643615722656e+00
1.465232223272323608e-01
6.699142456054687500e-01
5.257837176322937012e-01
0.000000000000000000e+00
4.295040294528007507e-02
3.248383283615112305e+00
9.762988984584808350e-02
5.546792745590209961e-01
1.873610913753509521e-02
0.000000000000000000e+00
2.006604894995689392e-02
3.338458249345421791e-03
2.510694265365600586e-01
0.000000000000000000e+00
1.436527013778686523e+00
3.899004459381103516e-01
2.207614928483963013e-01
1.620949208736419678e-01
1.175732612609863281e+00
2.383253537118434906e-02
1.203442454338073730e+00
5.490446463227272034e-02
1.363948732614517212e-01
2.566488087177276611e-01
5.970723032951354980e-01
5.290642380714416504e-01
4.980218037962913513e-02
2.124268189072608948e-02
3.435584306716918945e+00
2.835476994514465332e-01
4.581392742693424225e-03
1.767012923955917358e-01
5.708959698677062988e-01
6.826395392417907715e-01
1.382348239421844482e-01
2.894392609596252441e-01
2.573228478431701660e-01
1.274733841419219971e-01
1.905398257076740265e-02
1.084035277366638184e+00
0.000000000000000000e+00
7.169313612394034863e-04
6.227476000785827637e-01
0.000000000000000000e+00
1.224179379642009735e-02
6.061347126960754395e-01
6.745145320892333984e-01
1.294980049133300781e-01
4.566706717014312744e-01
0.000000000000000000e+00
1.308853272348642349e-02
1.320843994617462158e-01
1.051478743553161621e+00
2.419421076774597168e-01
0.000000000000000000e+00
7.113947272300720215e-01
0.000000000000000000e+00
7.291221022605895996e-01
0.000000000000000000e+00
5.515530109405517578e-01
9.936485439538955688e-02
4.039161503314971924e-01
2.328157573938369751e-01
5.626402422785758972e-02
4.244547486305236816e-01
1.380103230476379395e-01
1.341906785964965820e-01
7.044715434312820435e-02
1.744557023048400879e-01
8.255307674407958984e-01
8.726373314857482910e-02
7.114295959472656250e-01
9.689512662589550018e-03
9.168537333607673645e-03
1.453020144253969193e-02
6.219303607940673828e-01
9.020192027091979980e-01
1.370142400264739990e-01
2.066803909838199615e-02
1.393771022558212280e-01
2.899478375911712646e-02
0.000000000000000000e+00
2.144818156957626343e-01
8.962647318840026855e-01
1.586106777191162109e+00
1.825591325759887695e-01
1.713498234748840332e-01
8.588464558124542236e-02
6.703204661607742310e-02
7.104417681694030762e-02
8.961976319551467896e-02
1.267741620540618896e-01
0.000000000000000000e+00
2.697822451591491699e-02
6.892506033182144165e-03
1.219951882958412170e-01
2.852464281022548676e-02
4.164963215589523315e-02
5.091052036732435226e-03
6.725226640701293945e-01
2.679416835308074951e-01
2.245555073022842407e-01
1.178794875741004944e-01
0.000000000000000000e+00
3.934014737606048584e-01
1.508185565471649170e-01
0.000000000000000000e+00
2.150852233171463013e-01
1.640233844518661499e-01
6.152643635869026184e-02
3.435154259204864502e-01
3.987361490726470947e-01
1.263453252613544464e-02
2.255082875490188599e-01
3.875368461012840271e-02
6.750922650098800659e-02
3.025593161582946777e-01
0.000000000000000000e+00
1.030407920479774475e-01
5.850806366652250290e-03
1.742593526840209961e+00
2.669449523091316223e-02
2.183718383312225342e-01
1.653131008148193359e+00
4.212785139679908752e-02
5.842714384198188782e-02
0.000000000000000000e+00
1.419595241546630859e+00
2.327750325202941895e-01
1.305462419986724854e-01
2.055440098047256470e-01
