3.343816846609115601e-02
1.888149380683898926e-01
7.333607673645019531e-01
4.065721333026885986e-01
3.169754743576049805e-01
3.752413392066955566e-01
8.744368553161621094e-01
1.908305436372756958e-01
5.521771311759948730e-01
7.150199890136718750e+00
0.000000000000000000e+00
0.000000000000000000e+00
0.000000000000000000e+00
1.118897181004285812e-02
1.721866130828857422e-01
4.683418273925781250e-01
2.442516386508941650e-01
2.087417524307966232e-03
4.758798331022262573e-02
9.973040223121643066e-01
6.251898407936096191e-01
1.853604614734649658e-01
3.871023282408714294e-02
1.626741439104080200e-01
0.000000000000000000e+00
2.629287168383598328e-02
8.471550345420837402e-01
7.734072953462600708e-02
0.000000000000000000e+00
1.195245504379272461e+00
1.056085973978042603e-01
3.964710235595703125e-02
3.296665549278259277e-01
5.960133075714111328e-01
7.678983211517333984e-01
2.167167901992797852e+00
6.816247701644897461e-01
8.023599386215209961e-01
0.000000000000000000e+00
2.234407901763916016e+00
2.526845455169677734e+00
4.577007591724395752e-01
3.861403465270996094e-01
3.143993377685546875e+00
8.485950529575347900e-02
2.468622326850891113e-01
2.663752734661102295e-01
1.573075532913208008e+00
2.598664164543151855e-01
3.234181702136993408e-01
0.000000000000000000e+00
2.043321132659912109e-01
1.674334287643432617e+00
1.642443835735321045e-01
0.000000000000000000e+00
3.960460424423217773e-02
1.090835481882095337e-01
1.925300717353820801e+00
1.669359326362609863e+00
9.413452744483947754e-01
7.590973377227783203e-01
6.424387916922569275e-03
1.638006269931793213e-01
3.540031015872955322e-01
0.000000000000000000e+00
7.364588379859924316e-01
7.023661613464355469e+00
3.096556901931762695e+00
6.316471695899963379e-01
2.007528245449066162e-01
2.329993724822998047e+00
9.627351760864257812e-01
7.185000181198120117e-02
1.102329850196838379e+00
2.113437175750732422e+00
8.747312240302562714e-03
2.100045919418334961e+00
2.383869513869285583e-02
1.030239939689636230e+00
1.066396683454513550e-01
1.837097853422164917e-01
6.695052385330200195e-01
3.260808065533638000e-02
3.246441781520843506e-01
1.591844201087951660e+00
5.391069650650024414e-01
5.266615003347396851e-02
0.000000000000000000e+00
4.075660705566406250e-01
5.498011782765388489e-02
5.099185109138488770e-01
2.006098031997680664e-01
2.870262414216995239e-02
6.696586012840270996e-01
3.301334753632545471e-02
0.000000000000000000e+00
4.415676370263099670e-02
5.388597846031188965e-01
2.022234797477722168e-01
1.139214158058166504e+00
2.948610670864582062e-02
1.906662344932556152e+00
1.223832368850708008e+00
8.137673139572143555e-01
2.696946859359741211e-01
9.602637887001037598e-01
4.373820424079895020e-01
6.972824782133102417e-02
7.195520401000976562e-02
5.925839900970458984e+00
1.169175520772114396e-04
1.263561487197875977e+00
1.115026354789733887e+00
2.625306129455566406e+00
9.180758893489837646e-02
5.308899283409118652e-01
7.893760502338409424e-02
1.624124869704246521e-02
9.732946753501892090e-02
6.347931027412414551e-01
3.052026748657226562e+00
1.161160945892333984e+00
1.051412820816040039e+00
2.685201726853847504e-02
2.211971394717693329e-02
4.176484420895576477e-02
1.258276462554931641e+00
2.025754898786544800e-01
0.000000000000000000e+00
3.959147334098815918e-01
4.322929680347442627e-02
2.022991627454757690e-01
5.475370213389396667e-02
2.742402255535125732e-01
1.529797554016113281e+00
3.997652232646942139e-02
5.226465463638305664e-01
0.000000000000000000e+00
3.664920806884765625e+00
2.716063857078552246e-01
3.270421624183654785e-01
1.655598402023315430e+00
1.792890310287475586e+00
1.906108111143112183e-01
2.232242077589035034e-01
4.602976739406585693e-01
5.625681579113006592e-02
1.218376994132995605e+00
8.659798651933670044e-02
0.000000000000000000e+00
3.319938182830810547e-01
2.495616078376770020e-01
1.781802996993064880e-02
0.000000000000000000e+00
1.652793399989604950e-02
0.000000000000000000e+00
2.065066248178482056e-02
2.794932365417480469e+00
3.101639449596405029e-01
3.608321249485015869e-01
7.893826365470886230e-01
3.818408846855163574e-01
3.160675615072250366e-02
8.601092696189880371e-01
3.196380138397216797e-01
1.152226552367210388e-01
6.992348469793796539e-03
1.746647176332771778e-03
9.344653487205505371e-01
7.141175270080566406e-01
5.492058992385864258e-01
4.364885091781616211e-01
2.830177783966064453e+00
5.059296265244483948e-02
4.092723876237869263e-02
2.479842007160186768e-01
2.773041091859340668e-02
1.259640157222747803e-01
6.230191588401794434e-01
1.057163238525390625e+00
5.304517149925231934e-01
1.877771317958831787e-01
1.160770773887634277e+00
1.116446335799992085e-03
2.127384208142757416e-02
1.589083433151245117e+00
1.039726734161376953e+00
1.568317264318466187e-01
4.764533415436744690e-02
1.197067856788635254e+00
1.702739357948303223e+00
2.567955255508422852e-01
6.152728572487831116e-02
3.199462592601776123e-01
6.990239955484867096e-03
3.049848079681396484e-01
1.884703757241368294e-03
1.192037947475910187e-02
3.511438071727752686e-01
4.196964204311370850e-01
7.754847407341003418e-02
2.649088621139526367e+00
3.390698432922363281e-01
7.383000850677490234e-01
1.314414888620376587e-01
5.370555520057678223e-01
0.000000000000000000e+00
1.407155036926269531e+00
5.170611143112182617e-01
3.116270601749420166e-01
1.104036092758178711e+00
8.610815554857254028e-02
8.078891038894653320e-01
0.000000000000000000e+00
8.994336239993572235e-03
8.508736640214920044e-02
6.447843462228775024e-02
1.071743726730346680e+00
8.408240675926208496e-01
7.314047217369079590e-02
3.249346613883972168e-01
2.703713178634643555e-01
2.262134552001953125e+00
7.682280987501144409e-02
3.910002708435058594e-01
1.063844114542007446e-01
3.036016039550304413e-02
1.391366273164749146e-01
3.359391391277313232e-01
4.726355522871017456e-02
4.310341179370880127e-02
0.000000000000000000e+00
3.074996769428253174e-01
1.410418748855590820e+00
3.592016175389289856e-02
2.140668630599975586e+00
2.683241665363311768e-02
6.536610722541809082e-01
0.000000000000000000e+00
4.396559596061706543e-01
8.139795064926147461e-01
1.430855393409729004e-01
2.830839715898036957e-02
4.920526407659053802e-03
2.892185747623443604e-01
4.289953410625457764e-01
4.504476189613342285e-01
1.669719466008245945e-03
1.943879276514053345e-01
1.734128147363662720e-01
1.024271249771118164e+00
1.661159545183181763e-01
1.502141952514648438e-01
1.821568608283996582e-02
7.722134701907634735e-03
0.000000000000000000e+00
8.079719543457031250e-01
4.239212721586227417e-02
8.828167319297790527e-01
1.364694088697433472e-01
4.113584160804748535e-01
1.442185878753662109e+00
6.876958608627319336e-01
4.047878086566925049e-02
2.825678884983062744e-01
6.689326465129852295e-02
0.000000000000000000e+00
2.248432785272598267e-01
1.704923510551452637e+00
2.408508956432342529e-01
1.184900522232055664e+00
3.654240667819976807e-01
4.378521144390106201e-01
1.244410753250122070e+00
1.109810918569564819e-02
1.148865699768066406e+00
2.340394735336303711e+00
5.877082794904708862e-02
1.345036387443542480e+00
1.155668497085571289e+00
0.000000000000000000e+00
2.722596526145935059e-01
7.193225622177124023e-02
3.900718986988067627e-01
4.001213014125823975e-01
1.433574318885803223e+00
3.353458642959594727e-02
1.883667349815368652e+00
2.130537271499633789e+00
1.278480291366577148e+00
1.556242227554321289e+00
4.560672119259834290e-02
0.000000000000000000e+00
4.314591176807880402e-03
1.002694487571716309e+00
4.501935243606567383e-01
1.069473009556531906e-02
7.757440209388732910e-02
1.109781742095947266e+00
0.000000000000000000e+00
5.482745543122291565e-02
0.000000000000000000e+00
9.522861987352371216e-02
2.521004527807235718e-02
2.089928090572357178e-01
4.415547251701354980e-01
2.275281101465225220e-01
3.275024294853210449e-01
1.608108520507812500e+00
8.665943145751953125e-02
1.647521257400512695e-01
8.393472433090209961e-01
7.174178361892700195e-01
7.843293994665145874e-02
1.254383176565170288e-01
8.797072768211364746e-01
7.132078409194946289e-01
5.826494470238685608e-02
1.252430025488138199e-02
2.668502628803253174e-01
0.000000000000000000e+00
4.397166147828102112e-02
1.297790884971618652e+00
0.000000000000000000e+00
6.274357438087463379e-02
9.060369133949279785e-01
2.088039927184581757e-02
3.560253232717514038e-02
0.000000000000000000e+00
3.471127033233642578e+00
3.497051298618316650e-01
1.051922202110290527e+00
6.931754946708679199e-01
3.746080636978149414e+00
2.501003265380859375e+00
0.000000000000000000e+00
2.101844549179077148e-01
5.863553378731012344e-03
6.003675460815429688e-01
3.736338615417480469e-01
7.819432616233825684e-01
1.949523091316223145e-01
4.234879612922668457e-01
2.631833791732788086e+00
2.286201715469360352e-01
0.000000000000000000e+00
1.886571943759918213e-01
3.889329731464385986e-01
3.507575392723083496e-02
0.000000000000000000e+00
1.211697578430175781e+00
3.541774451732635498e-01
1.594769835472106934e+00
0.000000000000000000e+00
6.731029134243726730e-03
4.326576292514801025e-01
2.455427646636962891e-01
3.391013741493225098e-01
1.436024308204650879e+00
2.883266843855381012e-02
4.606268182396888733e-02
7.089279294013977051e-01
8.788276463747024536e-02
0.000000000000000000e+00
0.000000000000000000e+00
1.101363226771354675e-01
2.317649602890014648e+00
1.223820596933364868e-01
0.000000000000000000e+00
7.464103102684020996e-01
3.985928595066070557e-01
4.580022096633911133e-01
3.609341084957122803e-01
5.221756696701049805e-01
2.263589948415756226e-01
5.531965494155883789e-01
8.518008589744567871e-01
3.107162415981292725e-01
5.301769733428955078e+00
0.000000000000000000e+00
2.181602716445922852e+00
5.111211538314819336e-01
1.167953610420227051e+00
6.155611038208007812e+00
1.518968939781188965e-01
5.231511592864990234e-01
1.991640627384185791e-01
0.000000000000000000e+00
1.462547779083251953e+00
8.419913649559020996e-01
4.427524656057357788e-02
9.096584916114807129e-01
0.000000000000000000e+00
6.549505516886711121e-03
1.248464658856391907e-01
1.602304100990295410e+00
4.993206858634948730e-01
1.285670995712280273e-01
2.517563998699188232e-01
7.652806583791971207e-03
6.809944659471511841e-02
5.887875333428382874e-02
1.037650480866432190e-01
9.895984828472137451e-02
6.209472417831420898e-01
5.943557024002075195e-01
5.770663172006607056e-02
4.088383674621582031e+00
3.412043452262878418e-01
1.039316058158874512e+00
5.988519787788391113e-01
4.000922292470932007e-02
7.773371040821075439e-02
2.944764792919158936e-01
9.854797720909118652e-01
3.276011347770690918e-01
1.224876716732978821e-01
7.214689254760742188e-01
8.180595189332962036e-02
1.172395110130310059e+00
0.000000000000000000e+00
1.688967347145080566e-01
1.076176524162292480e+00
3.224301934242248535e-01
8.484451770782470703e-01
5.938438415527343750e+00
6.038722038269042969e+00
5.537332892417907715e-01
1.416587829589843750e+00
2.207907140254974365e-01
1.592741250991821289e+00
3.436459898948669434e-01
1.112722754478454590e+00
1.225380301475524902e+00
0.000000000000000000e+00
3.104774951934814453e+00
6.743450641632080078e+00
1.833826862275600433e-02
6.760028004646301270e-01
7.618644088506698608e-02
3.931463509798049927e-02
0.000000000000000000e+00
4.760465770959854126e-02
5.644888281822204590e-01
2.481141835451126099e-01
2.313192933797836304e-02
2.383763715624809265e-02
5.452526733279228210e-02
1.399089209735393524e-02
4.250416532158851624e-02
1.595780611038208008e+00
2.909459769725799561e-01
1.563089638948440552e-01
5.406697392463684082e-01
1.328925639390945435e-01
3.959867656230926514e-01
7.764281630516052246e-01
1.711721299216151237e-03
7.724088430404663086e-01
1.675814837217330933e-01
0.000000000000000000e+00
2.024213671684265137e-01
5.666932463645935059e-02
9.504712186753749847e-03
1.583889313042163849e-02
4.863004982471466064e-01
1.494754552841186523e-01
7.272341102361679077e-02
2.271971404552459717e-01
1.002348423004150391e+00
1.005742669105529785e+00
1.151855111122131348e+00
0.000000000000000000e+00
2.120022296905517578e+00
2.746263980865478516e+00
3.816301524639129639e-01
3.815319389104843140e-02
1.674950867891311646e-01
5.548123121261596680e-01
2.460706233978271484e-01
0.000000000000000000e+00
1.198265049606561661e-02
1.167807698249816895e+00
2.158791303634643555e+00
1.241877794265747070e+00
1.867316514253616333e-01
1.032650354318320751e-03
9.271575808525085449e-01
1.330911755561828613e+00
1.578800797462463379e+00
7.011139392852783203e-01
1.059346079826354980e+00
1.149758920073509216e-01
1.670235246419906616e-01
1.182744503021240234e+00
6.624950468540191650e-02
6.924753189086914062e-01
3.546904325485229492e+00
2.530173361301422119e-01
1.782145202159881592e-01
0.000000000000000000e+00
1.360999196767807007e-01
2.527989149093627930e-01
4.813310131430625916e-02
1.428154468536376953e+00
1.788229227066040039e+00
3.486440181732177734e+00
2.343197725713253021e-02
2.013594508171081543e-01
1.825976073741912842e-01
2.614219300448894501e-02
3.563484176993370056e-03
3.641717433929443359e+00
1.138640165328979492e+00
3.929449915885925293e-01
0.000000000000000000e+00
9.237607717514038086e-01
8.905020356178283691e-02
7.970147579908370972e-02
7.572682946920394897e-02
9.889044761657714844e-01
1.898209571838378906e+00
1.442129135131835938e+00
9.702481031417846680e-01
6.351940333843231201e-02
1.771633774042129517e-01
3.533556163311004639e-01
6.893315315246582031e-01
4.641268029808998108e-02
5.159014463424682617e-01
7.060205936431884766e-02
1.191647887229919434e+00
4.532291591167449951e-01
2.377102673053741455e-01
9.888230264186859131e-02
2.599534690380096436e-01
2.589292228221893311e-01
9.745525717735290527e-01
0.000000000000000000e+00
4.722389578819274902e-01
0.000000000000000000e+00
3.139893412590026855e-01
0.000000000000000000e+00
4.170740768313407898e-02
5.717985332012176514e-02
7.616759091615676880e-02
9.992638230323791504e-01
2.280909866094589233e-01
7.529707625508308411e-03
1.733152151107788086e+00
0.000000000000000000e+00
2.196492394432425499e-03
8.185328543186187744e-02
4.726983979344367981e-02
1.008989959955215454e-01
8.245357871055603027e-02
2.981511056423187256e-01
3.177977725863456726e-02
4.708573594689369202e-02
5.276637673377990723e-01
4.950311481952667236e-01
0.000000000000000000e+00
5.100355744361877441e-01
2.312549829483032227e+00
1.401726738549768925e-03
5.889824628829956055e-01
0.000000000000000000e+00
4.937909841537475586e-01
0.000000000000000000e+00
2.884136699140071869e-02
1.761685609817504883e+00
1.584473013877868652e+00
1.198763493448495865e-03
6.016858294606208801e-02
8.109960556030273438e-01
6.758463382720947266e-01
0.000000000000000000e+00
6.729401648044586182e-02
9.791179560124874115e-03
9.221448898315429688e-01
2.881867587566375732e-01
1.080223202705383301e+00
1.812408268451690674e-01
5.330958962440490723e-01
3.315241932868957520e-01
8.248668313026428223e-01
0.000000000000000000e+00
1.456021517515182495e-01
3.453829288482666016e-01
3.984650224447250366e-02
0.000000000000000000e+00
1.786380633711814880e-02
5.108586698770523071e-02
6.057069897651672363e-01
0.000000000000000000e+00
2.624366283416748047e-01
5.509996786713600159e-02
1.730847597122192383e+00
7.658762931823730469e-01
4.858703911304473877e-01
2.890709936618804932e-01
3.207036256790161133e-01
3.884334564208984375e-01
3.914815187454223633e+00
4.445876598358154297e+00
7.511155009269714355e-01
2.101197540760040283e-01
2.363124042749404907e-01
1.465597003698348999e-01
4.858787357807159424e-02
1.492072343826293945e-01
5.610117912292480469e-01
1.539895832538604736e-01
5.892823934555053711e-01
7.745239883661270142e-02
6.870742440223693848e-01
4.187357723712921143e-01
1.708703190088272095e-01
2.696701449167449027e-05
1.393417567014694214e-01
2.258346676826477051e-01
3.751201555132865906e-03
9.656844139099121094e-01
6.617391705513000488e-01
6.695243120193481445e-01
1.078305602073669434e+00
2.840552628040313721e-01
1.545909047126770020e+00
2.801028788089752197e-01
5.868349224328994751e-02
5.492238998413085938e-01
2.290898412466049194e-01
6.735647320747375488e-01
2.558028511703014374e-02
4.948068857192993164e-01
8.306290209293365479e-02
2.049583010375499725e-02
1.116308212280273438e+00
1.388998389244079590e+00
1.272850483655929565e-01
6.598478555679321289e-02
2.382544279098510742e+00
4.964855015277862549e-01
6.847150325775146484e-01
0.000000000000000000e+00
1.490918397903442383e-01
5.761619210243225098e-01
3.238189592957496643e-02
6.780016422271728516e-01
2.305835723876953125e+00
1.820889115333557129e-02
3.799103572964668274e-02
3.126011192798614502e-01
3.923873901367187500e-01
5.586971044540405273e-01
2.191253185272216797e+00
3.887503445148468018e-01
7.619465589523315430e-01
1.430557668209075928e-02
9.767565727233886719e-01
3.631038218736648560e-02
3.853516876697540283e-01
6.881536245346069336e-01
5.441511422395706177e-02
2.070187181234359741e-01
5.426425337791442871e-01
6.088421344757080078e-01
1.277020424604415894e-01
2.169537544250488281e+00
0.000000000000000000e+00
1.614917874336242676e+00
1.667667627334594727e-01
6.472473144531250000e-01
0.000000000000000000e+00
9.241128712892532349e-02
5.124105215072631836e-01
1.572688937187194824e+00
1.733904704451560974e-02
5.892660841345787048e-02
0.000000000000000000e+00
0.000000000000000000e+00
6.058020591735839844e-01
3.393945395946502686e-01
2.347158432006835938e+00
0.000000000000000000e+00
8.277044296264648438e-01
6.137839555740356445e-01
1.351179361343383789e+00
7.968296110630035400e-02
8.437888324260711670e-02
3.295690536499023438e+00
1.533834934234619141e+00
9.140862524509429932e-02
5.556176602840423584e-02
7.783319056034088135e-02
2.129485368728637695e+00
1.466632485389709473e-01
4.006915539503097534e-02
3.638538345694541931e-02
2.559809207916259766e+00
1.182357907295227051e+00
3.073534667491912842e-01
1.134907826781272888e-01
1.175682902336120605e+00
1.321875333786010742e+00
1.346683949232101440e-01
3.354507684707641602e-02
5.628066062927246094e-01
5.894401073455810547e-01
9.180595278739929199e-01
3.170014321804046631e-01
1.593271970748901367e+00
2.698616981506347656e-01
1.701258420944213867e-01
3.003271520137786865e-01
1.357426792383193970e-01
2.047235146164894104e-02
7.087040692567825317e-02
2.141252011060714722e-01
3.112627565860748291e-02
0.000000000000000000e+00
5.698391199111938477e-01
3.236095607280731201e-01
4.794942140579223633e-01
1.170583367347717285e+00
1.225658357143402100e-01
2.649694681167602539e-01
1.853476643562316895e+00
2.504974305629730225e-01
1.588311791419982910e+00
3.758572936058044434e-01
1.613219678401947021e-01
7.877828925848007202e-02
2.690955400466918945e-01
4.533671140670776367e-01
1.330068558454513550e-01
0.000000000000000000e+00
4.844653904438018799e-01
9.288056194782257080e-02
8.123072981834411621e-02
3.126364052295684814e-01
1.327058225870132446e-01
5.470204353332519531e-01
7.226004600524902344e-01
2.985725104808807373e-01
1.413084715604782104e-01
6.460309773683547974e-02
1.083840653300285339e-01
3.183329403400421143e-01
1.754358768463134766e+00
2.935338318347930908e-01
1.024626493453979492e+00
9.584017992019653320e-01
0.000000000000000000e+00
6.136829853057861328e-01
0.000000000000000000e+00
4.998118877410888672e-01
1.332745701074600220e-01
1.186352729797363281e+00
1.975413084030151367e+00
1.845411770045757294e-02
1.241945743560791016e+00
1.141904890537261963e-01
3.962701261043548584e-01
1.070484519004821777e+00
1.152244582772254944e-01
3.811437785625457764e-01
1.292755484580993652e+00
2.711289189755916595e-02
2.142102241516113281e+00
2.712908089160919189e-01
0.000000000000000000e+00
1.769115030765533447e-01
1.442943513393402100e-01
1.628004789352416992e+00
1.327759385108947754e+00
1.276132345199584961e+00
9.735800027847290039e-01
3.704836368560791016e-01
2.644471824169158936e-01
5.540766716003417969e-01
1.362341046333312988e-01
2.527585811913013458e-02
0.000000000000000000e+00
1.838024854660034180e+00
0.000000000000000000e+00
7.432269304990768433e-02
6.391405463218688965e-01
9.334742426872253418e-01
9.892174005508422852e-01
3.688651919364929199e-01
6.676924824714660645e-01
0.000000000000000000e+00
1.758518069982528687e-01
4.493664205074310303e-02
1.831594258546829224e-01
1.047739028930664062e+00
0.000000000000000000e+00
5.404851436614990234e-01
1.824159383773803711e+00
2.945141315460205078e+00
1.145379170775413513e-01
1.327869176864624023e+00
1.201004683971405029e-01
5.117422714829444885e-02
9.287168383598327637e-01
1.105854474008083344e-02
1.638575643301010132e-01
4.028236865997314453e-01
1.489741325378417969e+00
8.141965270042419434e-01
9.266042150557041168e-03
6.378948688507080078e-02
5.145428180694580078e-01
4.824329633265733719e-03
1.306835934519767761e-02
2.081394195556640625e-01
1.629856675863265991e-01
1.067027375102043152e-01
2.335031032562255859e-01
4.420000910758972168e-01
2.786354422569274902e-01
2.364686876535415649e-01
1.728583693504333496e+00
9.720555543899536133e-01
1.505159884691238403e-01
3.072642348706722260e-02
5.529560446739196777e-01
1.171340867877006531e-01
2.208208322525024414e+00
0.000000000000000000e+00
9.680311083793640137e-01
7.481152415275573730e-01
4.636385664343833923e-02
5.675727501511573792e-02
1.602343022823333740e-01
8.099004626274108887e-02
6.351396441459655762e-01
1.978184580802917480e-01
9.078938364982604980e-01
1.797568202018737793e+00
3.912284374237060547e-01
1.974384903907775879e+00
1.905783414840698242e-01
0.000000000000000000e+00
4.773659110069274902e-01
1.017930746078491211e+00
1.306346535682678223e+00
1.536550402641296387e+00
5.444616079330444336e-02
2.741568088531494141e-01
1.139911822974681854e-02
8.095660805702209473e-01
1.085230186581611633e-01
1.500927507877349854e-01
5.730592086911201477e-02
0.000000000000000000e+00
1.139555200934410095e-01
9.980244040489196777e-01
0.000000000000000000e+00
7.463576793670654297e-01
5.130462348461151123e-02
2.706491231918334961e+00
1.149222373962402344e+00
4.141134023666381836e-01
6.026426553726196289e-01
4.993344843387603760e-02
5.670262873172760010e-02
1.737155951559543610e-02
2.121925115585327148e+00
7.402300238609313965e-01
1.740774035453796387e+00
2.382401227951049805e+00
2.058365046977996826e-01
2.993560731410980225e-01
0.000000000000000000e+00
7.284237742424011230e-01
6.636176109313964844e-01
0.000000000000000000e+00
1.936916857957839966e-01
2.064793258905410767e-01
3.801826760172843933e-02
9.675124287605285645e-01
3.066807687282562256e-01
7.334467172622680664e-01
1.223763346672058105e+00
4.608297049999237061e-01
7.997368574142456055e-01
2.045857161283493042e-01
2.099955320358276367e+00
1.173518538475036621e+00
4.869344532489776611e-01
1.024096250534057617e+00
1.392081975936889648e-01
3.315148651599884033e-01
1.079644425772130489e-03
1.417624205350875854e-01
1.703529208898544312e-01
2.517624795436859131e-01
2.975643277168273926e-01
2.002246618270874023e+00
1.155998587608337402e+00
8.525388836860656738e-01
0.000000000000000000e+00
3.195537924766540527e-01
5.750293284654617310e-02
1.824314355850219727e+00
5.842937946319580078e+00
7.228322029113769531e-01
8.772619999945163727e-03
5.237134099006652832e-01
0.000000000000000000e+00
8.832831382751464844e-01
8.396090865135192871e-01
2.111056804656982422e+00
2.569550752639770508e+00
4.454229399561882019e-02
1.331409066915512085e-01
5.389107465744018555e-01
0.000000000000000000e+00
1.702508330345153809e-01
6.610548496246337891e+00
8.577893376350402832e-01
3.394811600446701050e-02
2.373585253953933716e-01
2.030108928680419922e+00
6.436433196067810059e-01
2.981388568878173828e-01
0.000000000000000000e+00
2.589020133018493652e-01
0.000000000000000000e+00
7.638211362063884735e-03
4.237333312630653381e-03
1.798232436180114746e+00
5.686888694763183594e-01
4.783459603786468506e-01
1.575856953859329224e-01
1.448839455842971802e-01
4.038723185658454895e-02
4.406656622886657715e-01
3.020232319831848145e-01
2.902670621871948242e+00
5.284122377634048462e-02
3.340562582015991211e-01
2.462006658315658569e-01
2.138719521462917328e-02
2.015471607446670532e-01
1.903436891734600067e-02
5.531790852546691895e-02
9.657217562198638916e-02
1.596731320023536682e-02
4.536543488502502441e-01
3.302069008350372314e-01
1.771181583404541016e+00
6.086653098464012146e-02
3.492995262145996094e+00
4.106055200099945068e-01
3.657152131199836731e-02
1.715993732213973999e-01
3.103874027729034424e-01
1.662053823471069336e+00
3.637878224253654480e-02
1.957991421222686768e-01
7.141841948032379150e-02
7.084553241729736328e-01
4.182239174842834473e-01
8.283253908157348633e-01
8.596634864807128906e-01
3.156174719333648682e-01
1.239432096481323242e-01
2.607073169201612473e-03
4.113770425319671631e-01
5.685945749282836914e-01
2.287621259689331055e+00
0.000000000000000000e+00
6.804309785366058350e-02
1.412501573562622070e+00
6.631780415773391724e-03
1.837093532085418701e-01
9.696172177791595459e-02
1.620994091033935547e+00
1.410480402410030365e-02
5.924428105354309082e-01
4.594936221837997437e-02
1.726360172033309937e-01
6.541094183921813965e-01
1.959723830223083496e+00
4.047096669673919678e-01
1.208091080188751221e-01
6.981219053268432617e-01
1.186979532241821289e+00
9.144354611635208130e-02
4.017049795947968960e-04
0.000000000000000000e+00
5.772135853767395020e-01
1.235317349433898926e+00
5.602339282631874084e-02
3.151370212435722351e-03
2.587556540966033936e-01
1.205847501754760742e+00
6.224396228790283203e-01
9.972109692171216011e-04
2.715867012739181519e-03
5.830585211515426636e-02
3.100318275392055511e-02
1.290223449468612671e-01
0.000000000000000000e+00
6.540402173995971680e-01
2.236525863409042358e-01
1.227665424346923828e+00
7.425749301910400391e-02
5.311899185180664062e-01
7.824883460998535156e-01
0.000000000000000000e+00
3.577221393585205078e+00
2.772282622754573822e-02
0.000000000000000000e+00
1.994705200195312500e-01
5.686803460121154785e-01
5.421435236930847168e-01
3.939755558967590332e-01
5.353591442108154297e-01
1.351694762706756592e-01
2.091624587774276733e-01
2.538798376917839050e-02
3.133650720119476318e-01
1.331900507211685181e-01
9.820969402790069580e-02
7.513622194528579712e-02
2.582369089126586914e+00
8.988254070281982422e-01
1.151472330093383789e+00
1.002366781234741211e+00
5.197703242301940918e-01
2.710029125213623047e+00
4.902463406324386597e-02
2.141892671585083008e+00
0.000000000000000000e+00
4.099275171756744385e-01
2.950414316728711128e-03
0.000000000000000000e+00
3.950594663619995117e-01
8.412050008773803711e-01
8.085263371467590332e-01
1.275326460599899292e-01
3.168182671070098877e-01
8.795550465583801270e-01
5.928513407707214355e-02
2.971138805150985718e-02
4.413436651229858398e-01
5.722768306732177734e+00
1.166680216789245605e+00
2.189173130318522453e-03
1.642635464668273926e-01
0.000000000000000000e+00
4.069291055202484131e-03
1.012614011764526367e+00
1.378306150436401367e+00
8.054454624652862549e-02
2.136149108409881592e-01
8.418884128332138062e-02
4.485463201999664307e-01
8.463460206985473633e-01
3.837736546993255615e-01
0.000000000000000000e+00
2.094576358795166016e-01
5.703529715538024902e-01
1.540298610925674438e-01
4.050120115280151367e-01
1.144450996071100235e-02
1.334741711616516113e-01
7.309344410896301270e-02
3.071166276931762695e+00
5.211940407752990723e-01
2.954134941101074219e+00
3.208817839622497559e-01
3.247962236404418945e+00
9.403249248862266541e-03
1.513536214828491211e+00
5.128556251525878906e+00
5.997744798660278320e-01
2.241968177258968353e-02
3.973152339458465576e-01
5.397977232933044434e-01
0.000000000000000000e+00
2.270217835903167725e-01
9.334380924701690674e-02
5.138683915138244629e-01
2.144761085510253906e+00
7.148998323827981949e-03
7.375678420066833496e-01
7.922164797782897949e-01
0.000000000000000000e+00
1.284946948289871216e-01
1.503201842308044434e+00
6.640891432762145996e-01
1.389052867889404297e-01
6.227399706840515137e-01
7.243739366531372070e-01
8.460072278976440430e-01
1.214258819818496704e-01
1.128483191132545471e-01
6.939046829938888550e-02
5.025679618120193481e-02
3.907774016261100769e-02
3.272013068199157715e-01
5.420048832893371582e-01
5.196006894111633301e-01
3.452357053756713867e-01
5.731701254844665527e-01
1.786051392555236816e-01
1.684494614601135254e+00
4.699299111962318420e-02
1.807917058467864990e-01
1.804297208786010742e+00
2.351182401180267334e-01
9.625042676925659180e-01
0.000000000000000000e+00
4.263984560966491699e-01
1.163078427314758301e+00
3.138943612575531006e-01
2.011067233979701996e-02
1.795316785573959351e-01
3.370028436183929443e-01
9.094607234001159668e-01
3.891857862472534180e+00
2.279147654771804810e-01
3.702139854431152344e-01
1.118189394474029541e-01
3.326810151338577271e-02
2.637569010257720947e-01
0.000000000000000000e+00
2.733429968357086182e-01
1.436098758131265640e-02
6.055462956428527832e-01
4.674227237701416016e-01
1.443725973367691040e-01
3.569142222404479980e-01
9.852762222290039062e-01
1.684302836656570435e-01
9.757297113537788391e-03
8.983434438705444336e-01
0.000000000000000000e+00
3.354173898696899414e-01
3.852700948715209961e+00
1.527586132287979126e-01
3.538356348872184753e-02
1.975764274597167969e+00
4.464879631996154785e-01
5.916483879089355469e+00
3.710115253925323486e-01
1.661704540252685547e+00
7.945352792739868164e-02
5.179909616708755493e-02
1.930227875709533691e-01
3.163082003593444824e-01
8.270716667175292969e-01
5.272195935249328613e-01
8.482129126787185669e-02
2.765960618853569031e-02
5.527646541595458984e-01
1.245638966560363770e+00
1.327166054397821426e-02
8.797914385795593262e-01
2.824509441852569580e-01
2.083124399185180664e+00
1.562485545873641968e-01
1.267298124730587006e-02
1.149144247174263000e-01
0.000000000000000000e+00
4.026817083358764648e-01
1.277900785207748413e-01
8.626578375697135925e-03
1.514205932617187500e+00
1.242428421974182129e-01
2.487663924694061279e-02
1.004074931144714355e+00
2.331415176391601562e+00
1.278073191642761230e-01
6.813058257102966309e-02
2.513981759548187256e-01
2.988087534904479980e-01
9.150667488574981689e-02
1.967192530632019043e+00
7.227314710617065430e-01
4.621990592568181455e-05
2.296181321144104004e-01
2.125013321638107300e-01
2.582190275192260742e+00
0.000000000000000000e+00
2.614944875240325928e-01
1.242994964122772217e-01
0.000000000000000000e+00
1.942784488201141357e-01
7.731592059135437012e-01
9.645898938179016113e-01
1.029732108116149902e+00
0.000000000000000000e+00
1.438903212547302246e-01
2.978492341935634613e-02
3.470498621463775635e-01
6.318017840385437012e-01
1.017339751124382019e-01
5.394181981682777405e-02
2.835661768913269043e-01
2.800603508949279785e-01
7.347655296325683594e-01
3.075778782367706299e-01
7.583315372467041016e-01
2.279131673276424408e-03
5.932683944702148438e-01
8.497256040573120117e-02
6.291879415512084961e-01
1.005231887102127075e-01
1.036045402288436890e-01
1.670710444450378418e-01
0.000000000000000000e+00
2.767598927021026611e-01
1.037408113479614258e+00
6.829381585121154785e-01
6.665163636207580566e-01
2.049820184707641602e+00
8.157116919755935669e-02
1.915272623300552368e-01
0.000000000000000000e+00
3.101967573165893555e-01
0.000000000000000000e+00
7.002060413360595703e-01
1.544333547353744507e-01
1.885588914155960083e-01
6.349903941154479980e-01
1.412419602274894714e-02
4.295916080474853516e+00
5.213757976889610291e-02
3.112120389938354492e+00
3.036987066268920898e+00
3.982180058956146240e-01
3.867850899696350098e-01
9.018634259700775146e-02
1.811806201934814453e+00
9.026934206485748291e-02
0.000000000000000000e+00
2.251718565821647644e-02
3.716534674167633057e-01
0.000000000000000000e+00
4.395266622304916382e-02
6.900238990783691406e-01
1.059355307370424271e-02
3.533923253417015076e-02
0.000000000000000000e+00
3.566342353820800781e+00
9.036497212946414948e-03
2.373172640800476074e-01
2.399602085351943970e-01
1.011173725128173828e+00
6.880525946617126465e-01
6.436631083488464355e-01
2.704723119735717773e+00
0.000000000000000000e+00
1.104663908481597900e-01
2.279513143002986908e-02
3.227596729993820190e-02
2.771762132644653320e+00
5.942184925079345703e-01
1.258674502372741699e+00
3.148523159325122833e-03
1.574023440480232239e-02
3.560550883412361145e-02
9.435443282127380371e-01
3.370357677340507507e-03
0.000000000000000000e+00
1.561394780874252319e-01
3.366620540618896484e-01
1.250972039997577667e-02
1.062017027288675308e-02
7.198071002960205078e+00
0.000000000000000000e+00
3.102520108222961426e-01
3.362824022769927979e-02
1.835971951484680176e+00
3.175551444292068481e-02
0.000000000000000000e+00
1.968128681182861328e-01
1.719894886016845703e+00
8.943204283714294434e-01
1.454082224518060684e-02
3.095065243542194366e-02
6.923314332962036133e-01
2.059238255023956299e-01
4.838642850518226624e-02
4.097976163029670715e-02
1.168793320655822754e+00
4.794175624847412109e-01
9.912183880805969238e-01
2.192881107330322266e+00
7.318862080574035645e-01
2.670767903327941895e-01
1.149131059646606445e+00
5.982010364532470703e-01
2.900393679738044739e-02
3.556140139698982239e-02
0.000000000000000000e+00
2.356806516647338867e+00
5.907855033874511719e-01
7.702120393514633179e-02
5.159783735871315002e-02
7.159176468849182129e-02
7.969766855239868164e-01
1.196330189704895020e+00
1.692471653223037720e-01
4.126487970352172852e-01
4.638386964797973633e-01
8.755783438682556152e-01
1.134492903947830200e-01
2.687611617147922516e-02
6.097927093505859375e-01
1.318443775177001953e+00
8.368255496025085449e-01
2.903544604778289795e-01
3.138946890830993652e-01
6.735191941261291504e-01
1.757229089736938477e+00
1.202142357826232910e+00
3.951526880264282227e-01
0.000000000000000000e+00
1.752743482589721680e+00
1.315073251724243164e+00
0.000000000000000000e+00
1.970830410718917847e-01
1.375747680664062500e+00
0.000000000000000000e+00
3.004567921161651611e-01
2.637248039245605469e-01
0.000000000000000000e+00
2.315034121274948120e-01
3.544707298278808594e-01
4.334523901343345642e-02
1.083868026733398438e+00
0.000000000000000000e+00
1.579191237688064575e-01
0.000000000000000000e+00
6.705546379089355469e-01
1.220400452613830566e+00
1.272468566894531250e+00
4.334051907062530518e-01
1.373905092477798462e-01
6.826797127723693848e-01
5.279272079467773438e+00
1.177277684211730957e+00
1.550328917801380157e-03
3.228252172470092773e+00
1.569780260324478149e-01
1.819019764661788940e-01
1.252334713935852051e-01
2.006373852491378784e-01
7.855094224214553833e-02
2.945357561111450195e-01
1.830074667930603027e+00
7.253609299659729004e-01
6.032512784004211426e-01
5.022584199905395508e-01
1.693746000528335571e-01
9.942248463630676270e-01
8.794396370649337769e-02
2.030189990997314453e+00
1.133214384317398071e-01
1.122635006904602051e-01
3.010647535324096680e+00
2.140733957290649414e+00
8.516995310783386230e-01
8.955291509628295898e-01
1.515314280986785889e-01
3.195174217224121094e+00
1.435092210769653320e+00
3.030716776847839355e-01
5.636188983917236328e-01
0.000000000000000000e+00
1.219452619552612305e-01
1.261444330215454102e+00
3.756350576877593994e-01
2.179810702800750732e-01
2.335124164819717407e-01
8.806261420249938965e-01
1.556172370910644531e+00
6.962486356496810913e-02
7.657361030578613281e-01
6.015896201133728027e-01
2.190567731857299805e+00
0.000000000000000000e+00
8.129303157329559326e-02
5.047297850251197815e-02
5.606204643845558167e-02
4.155695140361785889e-01
3.804921507835388184e-01
2.842875719070434570e-01
0.000000000000000000e+00
5.458400025963783264e-02
6.231197714805603027e-01
7.205744385719299316e-01
2.730369567871093750e-01
1.263650786131620407e-02
2.964932620525360107e-01
3.482072055339813232e-02
3.267227411270141602e-01
2.695601701736450195e+00
4.082983970642089844e+00
7.616127014160156250e+00
4.498085752129554749e-02
7.429395914077758789e-01
2.019175440073013306e-01
1.714152842760086060e-01
0.000000000000000000e+00
3.057814359664916992e+00
9.102817177772521973e-01
1.056099981069564819e-01
8.807488083839416504e-01
9.583977609872817993e-02
3.186125308275222778e-02
2.984835207462310791e-01
4.832602143287658691e-01
4.323741421103477478e-02
5.570109002292156219e-03
4.285331070423126221e-02
8.408534526824951172e-01
1.124074697494506836e+00
8.702619075775146484e-01
5.345076322555541992e-01
4.515146613121032715e-01
2.239174209535121918e-02
2.054110355675220490e-02
0.000000000000000000e+00
2.266053296625614166e-02
1.284402966499328613e+00
1.457104086875915527e-01
1.871280670166015625e-01
3.310897588729858398e+00
0.000000000000000000e+00
9.248704910278320312e-01
0.000000000000000000e+00
4.348061084747314453e-01
6.741767525672912598e-01
2.465756416320800781e+00
1.467065699398517609e-02
2.499472200870513916e-01
3.376936614513397217e-01
2.388175278902053833e-01
7.634486556053161621e-01
7.284601926803588867e-01
4.280368983745574951e-02
6.809478402137756348e-01
3.696969449520111084e-01
0.000000000000000000e+00
5.341950058937072754e-01
9.407596290111541748e-02
1.654000163078308105e+00
1.032566070556640625e+00
9.156789630651473999e-02
3.422914743423461914e-01
2.405350804328918457e-01
0.000000000000000000e+00
6.001169234514236450e-02
4.800496622920036316e-02
3.902053833007812500e-01
2.017320871353149414e+00
2.984227180480957031e+00
3.977102637290954590e-01
4.625281393527984619e-01
4.901092499494552612e-02
0.000000000000000000e+00
1.271315813064575195e+00
3.363105654716491699e-01
4.660703241825103760e-01
4.410272091627120972e-02
0.000000000000000000e+00
4.895001947879791260e-01
2.412065029144287109e+00
1.046904772520065308e-01
0.000000000000000000e+00
7.154019922018051147e-02
3.182396411895751953e+00
3.997124731540679932e-01
4.555599391460418701e-02
3.349454402923583984e+00
7.748984731733798981e-03
0.000000000000000000e+00
2.022316455841064453e-01
5.776454508304595947e-02
7.141456007957458496e-02
3.107361029833555222e-03
9.268598556518554688e-01
3.516791164875030518e-01
1.782515086233615875e-02
2.859664201736450195e+00
1.962777376174926758e-01
1.737350672483444214e-01
2.437997758388519287e-01
1.148334816098213196e-01
1.974826119840145111e-02
1.358113996684551239e-02
3.558208048343658447e-01
4.005425795912742615e-02
0.000000000000000000e+00
5.034754797816276550e-02
1.717870533466339111e-01
5.930184125900268555e-01
2.435942441225051880e-01
1.048105955123901367e+00
2.965523004531860352e-01
3.085177540779113770e-01
1.389896512031555176e+00
1.325464099645614624e-01
2.279649972915649414e-01
1.667419791221618652e+00
2.565407454967498779e-01
1.692366153001785278e-01
3.844355046749114990e-01
1.269000470638275146e-01
2.077651321887969971e-01
6.757443398237228394e-02
6.049470305442810059e-01
3.795631229877471924e-01
1.041133403778076172e+00
1.244090031832456589e-03
1.001647021621465683e-02
2.763854265213012695e-01
1.034496188163757324e+00
3.400951147079467773e+00
4.297269508242607117e-02
6.579289436340332031e-01
1.587719082832336426e+00
4.954518005251884460e-02
2.180592536926269531e+00
0.000000000000000000e+00
1.551471590995788574e+00
1.140926107764244080e-01
2.853927910327911377e-01
7.792884707450866699e-01
9.645960927009582520e-01
1.250715970993041992e+00
2.659423351287841797e-01
3.950514793395996094e-01
1.964943110942840576e-01
0.000000000000000000e+00
1.713136434555053711e-01
3.301689028739929199e-01
2.089764326810836792e-01
7.612192630767822266e-02
1.776161938905715942e-01
0.000000000000000000e+00
9.185314923524856567e-02
9.135910868644714355e-01
2.323957979679107666e-01
3.191251680254936218e-02
5.603709816932678223e-02
2.523251473903656006e-01
2.033763676881790161e-01
1.320108622312545776e-01
9.484437853097915649e-02
3.631096780300140381e-01
8.016489744186401367e-01
2.371652573347091675e-01
3.824645996093750000e+00
5.701692104339599609e-01
5.877827405929565430e-01
5.209114030003547668e-02
1.326604604721069336e+00
4.467254281044006348e-01
1.584221363067626953e+00
2.343703235965222120e-04
3.931245207786560059e-01
9.812011718750000000e-01
1.936059147119522095e-01
3.639422729611396790e-02
8.110710382461547852e-01
0.000000000000000000e+00
9.760025739669799805e-01
1.944353878498077393e-01
2.311992575414478779e-04
1.502065539360046387e+00
3.525568842887878418e-01
1.571463704109191895e+00
3.048383235931396484e+00
2.083095073699951172e+00
4.443183839321136475e-01
7.450181525200605392e-03
3.216291079297661781e-04
8.409716933965682983e-02
0.000000000000000000e+00
5.746400952339172363e-01
1.357807040214538574e+00
8.666485548019409180e-01
1.994820311665534973e-02
1.962835341691970825e-01
0.000000000000000000e+00
1.419890999794006348e+00
7.743708044290542603e-02
2.691724523901939392e-02
9.903058409690856934e-01
0.000000000000000000e+00
0.000000000000000000e+00
4.452821314334869385e-01
6.437878012657165527e-01
1.709080785512924194e-01
7.358308881521224976e-02
2.173689939081668854e-02
0.000000000000000000e+00
2.324708038941025734e-03
2.208563089370727539e-01
1.887029781937599182e-02
1.520355582237243652e+00
2.567782998085021973e-01
5.366150140762329102e-01
2.373490631580352783e-01
2.153502464294433594e+00
1.240617856383323669e-01
2.371506690979003906e+00
1.417141795158386230e+00
2.456914484500885010e-01
1.569480448961257935e-01
5.335957407951354980e-01
6.893288809806108475e-04
9.678656607866287231e-02
1.438595056533813477e-01
1.175702571868896484e+00
2.596366703510284424e-01
1.926378905773162842e-02
6.259541511535644531e-01
1.380487978458404541e-01
2.225346088409423828e+00
2.812822535634040833e-02
1.932945102453231812e-01
2.289697647094726562e+00
0.000000000000000000e+00
2.507048472762107849e-02
5.237962245941162109e+00
3.204833567142486572e-01
8.928963541984558105e-02
3.450587093830108643e-01
5.598501302301883698e-03
7.420947402715682983e-02
4.210495389997959137e-04
3.506362438201904297e-01
1.279953718185424805e-01
1.703611388802528381e-02
3.196267783641815186e-01
2.269044876098632812e+00
2.304021641612052917e-02
7.336205989122390747e-02
0.000000000000000000e+00
1.248258829116821289e+00
2.021967172622680664e-01
4.890248179435729980e-02
3.633123822510242462e-03
6.957994401454925537e-02
0.000000000000000000e+00
1.213466882705688477e+00
6.265000104904174805e-01
0.000000000000000000e+00
9.258920550346374512e-01
3.743405818939208984e+00
7.060289978981018066e-01
2.915728092193603516e-01
1.349579095840454102e-01
0.000000000000000000e+00
0.000000000000000000e+00
2.220910310745239258e+00
1.343476295471191406e+00
1.679284381680190563e-03
5.858624577522277832e-01
1.272327899932861328e-01
9.031582623720169067e-02
0.000000000000000000e+00
1.382217854261398315e-01
8.135437220335006714e-02
2.426232248544692993e-01
5.293431282043457031e-01
9.399548172950744629e-02
3.847381472587585449e-01
5.417372286319732666e-02
6.583842635154724121e-02
1.002041250467300415e-02
5.059086084365844727e-01
6.890344142913818359e+00
6.170846894383430481e-02
2.345822453498840332e-01
7.547935247421264648e-01
2.161556482315063477e-01
0.000000000000000000e+00
1.496980637311935425e-01
0.000000000000000000e+00
0.000000000000000000e+00
2.009578704833984375e+00
6.491021066904067993e-02
1.420513540506362915e-01
6.353694200515747070e-01
0.000000000000000000e+00
1.745015233755111694e-01
5.919820070266723633e-02
1.185306100524030626e-04
0.000000000000000000e+00
2.198296040296554565e-01
5.204316973686218262e-02
1.235560655593872070e+00
2.320293933153152466e-01
1.001150608062744141e+00
3.698829968925565481e-04
5.794792622327804565e-02
1.715259104967117310e-01
1.393636409193277359e-02
0.000000000000000000e+00
7.462841868400573730e-01
4.976557791233062744e-01
1.939169406890869141e+00
1.390109777450561523e+00
1.209419686347246170e-02
3.776298165321350098e-01
1.625102639198303223e+00
2.338589191436767578e+00
3.519995510578155518e-01
1.337127089500427246e-01
4.537053033709526062e-02
5.282668471336364746e-01
3.165674582123756409e-02
0.000000000000000000e+00
8.504183590412139893e-02
1.059207171201705933e-01
1.571492075920104980e+00
1.559805124998092651e-01
4.504053387790918350e-03
1.654750466346740723e+00
1.287234574556350708e-01
5.387253686785697937e-02
2.082314938306808472e-01
0.000000000000000000e+00
2.773550339043140411e-03
6.060204505920410156e-01
3.408143281936645508e+00
5.633524656295776367e-01
0.000000000000000000e+00
1.724826216697692871e+00
2.069196850061416626e-01
3.190449625253677368e-02
1.415947526693344116e-01
6.515847635455429554e-04
2.334403276443481445e+00
7.265973091125488281e-01
2.636222243309020996e-01
5.591023713350296021e-02
9.205137938261032104e-02
1.979691147804260254e+00
1.819789409637451172e-02
1.682425737380981445e-01
1.635733366012573242e+00
5.374363064765930176e-01
1.292179524898529053e-01
1.428357213735580444e-01
4.348591864109039307e-01
3.323154896497726440e-02
5.366534590721130371e-01
3.668391332030296326e-02
4.925988614559173584e-03
4.579280912876129150e-01
9.355284273624420166e-02
4.809155464172363281e-01
7.527087330818176270e-01
2.185390889644622803e-01
3.718548119068145752e-01
1.748632490634918213e-01
2.391735315322875977e-01
1.926730386912822723e-02
3.331060647964477539e+00
3.408237397670745850e-01
4.616199433803558350e-01
1.466784626245498657e-02
1.065134048461914062e+00
9.895663708448410034e-02
5.693160742521286011e-02
2.761139273643493652e-01
9.251797199249267578e-01
6.420012712478637695e-01
1.872400492429733276e-01
4.454543590545654297e-01
5.899186134338378906e-01
1.690545827150344849e-01
8.690263144671916962e-03
8.331555873155593872e-02
3.122130334377288818e-01
1.312875032424926758e+00
0.000000000000000000e+00
1.635679006576538086e-01
1.000800430774688721e-01
2.244442850351333618e-01
1.231924533843994141e+00
0.000000000000000000e+00
4.067656770348548889e-02
3.340985476970672607e-01
6.909502148628234863e-01
3.147232294082641602e+00
2.349315434694290161e-01
7.376369476318359375e+00
5.371097102761268616e-02
4.160761460661888123e-02
7.083783745765686035e-01
0.000000000000000000e+00
1.269873738288879395e+00
0.000000000000000000e+00
0.000000000000000000e+00
7.589073181152343750e-01
1.628420352935791016e-01
1.426074206829071045e-01
1.659147143363952637e+00
4.213815033435821533e-01
4.366702958941459656e-02
2.235927730798721313e-01
2.717880532145500183e-02
4.055931270122528076e-01
0.000000000000000000e+00
0.000000000000000000e+00
2.388112805783748627e-02
2.342290729284286499e-01
0.000000000000000000e+00
9.734111279249191284e-02
4.060146212577819824e-01
1.140035986900329590e-01
7.821343839168548584e-02
7.357707977294921875e+00
5.641694068908691406e-01
1.480024218559265137e+00
3.033458590507507324e-01
1.967071056365966797e+00
1.018261075019836426e+00
1.767851829528808594e+00
7.378602400422096252e-03
2.874011918902397156e-02
0.000000000000000000e+00
4.402821063995361328e-01
1.900930255651473999e-01
1.679608076810836792e-01
1.995568722486495972e-01
3.238960169255733490e-03
1.224213391542434692e-01
2.177326678065583110e-04
2.183926582336425781e+00
2.399793148040771484e+00
5.842574834823608398e-01
3.512386679649353027e-01
1.464517354965209961e+00
9.483659267425537109e-02
1.142826676368713379e+00
0.000000000000000000e+00
1.669647842645645142e-01
9.566312283277511597e-02
8.889310359954833984e-01
7.449150681495666504e-01
1.862472593784332275e-01
6.152154803276062012e-01
2.546851933002471924e-01
1.538736931979656219e-02
5.175397396087646484e-01
3.969599679112434387e-02
0.000000000000000000e+00
1.120963022112846375e-01
1.753652095794677734e+00
5.216273665428161621e-01
1.995542496442794800e-01
6.698481440544128418e-01
3.042006492614746094e-01
5.919792130589485168e-02
2.837748229503631592e-01
8.555928468704223633e-01
1.670390486717224121e+00
6.809186935424804688e-01
1.394535005092620850e-01
6.352789402008056641e-01
2.205399870872497559e-01
1.977712064981460571e-01
1.120584085583686829e-02
2.052051544189453125e+00
6.467341184616088867e-01
2.136298656463623047e+00
8.747379779815673828e-01
1.511335849761962891e+00
6.038643121719360352e-01
9.624325484037399292e-02
3.597391769289970398e-02
3.494496345520019531e-01
1.631634496152400970e-02
3.093784153461456299e-01
3.640586733818054199e-01
4.321322217583656311e-02
0.000000000000000000e+00
3.243291284888982773e-03
7.617358118295669556e-02
8.677154779434204102e-02
8.516839742660522461e-01
3.308342099189758301e-01
1.181145086884498596e-01
2.658067345619201660e-01
8.506961911916732788e-02
0.000000000000000000e+00
9.649354033172130585e-03
7.420878410339355469e-01
1.595739275217056274e-01
6.085631251335144043e-02
6.047636270523071289e-02
2.934538014233112335e-02
0.000000000000000000e+00
5.529532432556152344e-01
2.579210698604583740e-01
3.633163869380950928e-01
1.804988831281661987e-01
5.944865345954895020e-01
1.714955717325210571e-01
1.265154242515563965e+00
1.443918704986572266e+00
2.784118950366973877e-01
1.584058523178100586e+00
3.223767038434743881e-03
0.000000000000000000e+00
5.250083923339843750e+00
0.000000000000000000e+00
1.885763406753540039e-01
5.293555259704589844e-01
2.138149738311767578e-01
6.142913829535245895e-03
1.514061093330383301e-01
2.526490576565265656e-02
1.752421259880065918e-01
4.757308959960937500e-02
4.506293833255767822e-01
4.516798555850982666e-01
1.470739126205444336e+00
3.918543159961700439e-01
1.730273365974426270e+00
3.015394508838653564e-02
2.938409805297851562e+00
0.000000000000000000e+00
2.204958498477935791e-01
2.640105038881301880e-02
6.746170520782470703e-01
0.000000000000000000e+00
2.372498810291290283e-01
1.714932799339294434e+00
0.000000000000000000e+00
2.268247008323669434e-01
1.281146556138992310e-01
9.733593463897705078e-02
0.000000000000000000e+00
1.132804751396179199e-01
4.766748845577239990e-01
2.370627522468566895e-01
2.286100201308727264e-02
5.997086167335510254e-01
1.043234586715698242e+00
1.066652417182922363e+00
1.544588506221771240e-01
4.976455569267272949e-01
0.000000000000000000e+00
0.000000000000000000e+00
1.153545379638671875e+00
1.014516830444335938e+00
1.106895565986633301e+00
1.044816970825195312e+00
8.412532210350036621e-01
3.378851115703582764e-01
3.485279977321624756e-01
0.000000000000000000e+00
7.286964654922485352e-01
1.201807409524917603e-01
1.586604714393615723e+00
2.227486521005630493e-01
3.334477171301841736e-02
5.579013824462890625e-01
1.607581824064254761e-01
6.459926068782806396e-02
5.923206806182861328e-01
3.687383234500885010e-02
3.185430765151977539e-01
1.173984929919242859e-01
2.050441801548004150e-01
1.446458161808550358e-03
0.000000000000000000e+00
0.000000000000000000e+00
1.523112297058105469e+00
6.206455174833536148e-03
2.101379632949829102e-01
3.425692617893218994e-01
3.417726159095764160e-01
1.921898312866687775e-02
2.884688377380371094e-01
2.412280440330505371e-01
4.155147373676300049e-01
7.962968945503234863e-01
2.195047378540039062e+00
2.781783938407897949e-01
2.480996847152709961e+00
1.083505630493164062e+00
3.617803752422332764e-02
2.811540961265563965e-01
0.000000000000000000e+00
2.874685823917388916e-01
5.657752752304077148e-01
2.461027819663286209e-03
2.715376764535903931e-02
8.195594698190689087e-02
1.682666987180709839e-01
6.723507642745971680e-01
1.324632465839385986e-01
8.604711294174194336e-01
2.065071344375610352e+00
2.434190958738327026e-01
3.155970945954322815e-02
6.701698303222656250e-01
2.085677981376647949e-01
2.061916440725326538e-01
6.649027764797210693e-02
1.337773323059082031e+00
9.263930916786193848e-01
1.292910099029541016e+00
2.013923078775405884e-01
1.752640306949615479e-01
3.013510070741176605e-02
6.076558679342269897e-02
0.000000000000000000e+00
5.184704437851905823e-02
3.524251747876405716e-03
2.876062154769897461e+00
1.189078111201524734e-02
3.258246779441833496e-01
0.000000000000000000e+00
3.805227279663085938e+00
4.567350745201110840e-01
9.826263412833213806e-04
1.518766582012176514e-01
5.514991879463195801e-01
4.330237209796905518e-01
6.808715462684631348e-01
1.858730196952819824e+00
5.787936970591545105e-02
2.279379069805145264e-01
3.150695860385894775e-01
0.000000000000000000e+00
3.265699744224548340e-01
1.327457427978515625e-01
4.609787940979003906e+00
1.149917840957641602e-01
5.037742853164672852e-01
1.546828150749206543e+00
